1448354 1391670
10501974 26779
10497722 10497734
30249046 30249047
10655453 10655458
10474437 530267
3482174 3850646
2948067 3478202
30249048 20786548
10591850 10591856
30249049 2655714
10440839 10440843
223742 218346
159406 340343
650725 85829
30249051 26674115
5270733 5270831
13421909 3951771
904414 1716018
30249052 5136166
6344395 1301540
4105056 4254455
8470929 8471002
8470930 8471024
6419838 6419863
10574299 10574304
10574295 10574300
5270726 726293
13352233 13352238
3656296 3963100
1320884 2191770
4884254 4884270
13404902 3383583
5246348 5246473
995317 449480
14683991 2308860
10600178 10272391
1709625 2540454
30249053 30249054
30249055 30249056
10575379 10575382
30249058 20485280
24387261 20628322
10484010 10484094
10484192 10484335
10484011 10484106
30249060 2815605
10484353 10484410
10484382 2904055
10484018 2118207
10483997 8963142
10483785 10483803
10484113 9774258
10484343 10484398
1320847 2191496
10484090 10484240
30249063 19586423
10484140 10484311
10484306 10484375
10483995 1953611
22005893 19798157
10484214 893384
10484076 2711032
10484064 10450409
10483980 5247944
30249061 1010204
30249062 2213606
10483924 10483953
10484049 10484183
10484034 10484168
10555830 10555835
10483923 845211
21972111 21972113
10483963 10484002
10484162 10484324
10484008 10484082
10483939 10483967
10483994 10484041
10484075 5196780
10454405 10454415
10483948 10483986
10484318 10484387
10484012 10484119
10484204 1271665
10484099 10484251
10483782 10483788
10454397 10454408
21994131 20638431
10554263 10554268
1320853 2191575
10454395 10454400
30249064 20622250
10483784 10483796
10483921 10483930
10484033 10484156
6177017 6177140
30249065 30249066
10504781 10504784
223735 694055
30249049 30249050
658061 122644
10463789 10463792
10615857 10615861
10504818 10504824
10504629 1621
10567325 10567330
10494742 10494748
10574307 10574311
2269972 2988228
30249067 30249068
30249069 30249070
30249076 651164
10504785 10504789
4884267 4884285
604470 307295
10574303 10574308
30249077 30249078
10487412 536466
13966833 3060958
10484126 10484295
10592739 10592745
10439727 10439731
15179183 948129
3701209 3990747
10572334 10572340
10592698 10592702
10465734 10465749
10465753 10465758
10465732 10465738
14095034 14095036
10452850 10452854
10507035 10507039
30249079 30249080
10572325 10572337
10611690 10611695
15262414 3140952
30249081 30249082
10559106 10559113
10559108 10559126
10559188 10559193
30249083 30249084
10497731 10497742
605716 53235
30249091 30249092
22020007 21054126
13949590 13949608
605721 1343099
30249093 30249094
14051401 139351
695011 1450009
13285177 4401878
2289514 3009810
30249096 30249097
30249098 30249099
605720 99992
12228589 12228591
30249071 30249072
12956202 12956223
221857 684568
1663874 313190
695209 1450306
4883865 4883929
30249100 30249101
30249102 30249103
12228444 4428865
10504795 10504805
30249105 30249106
15253273 11823930
5695274 5695387
5457768 5457821
14200868 1490177
12228606 5973901
10508054 104605
10575383 10575387
370185 807202
30249108 30249109
225023 304606
14045358 14045361
10440670 10440673
4253533 824469
30249110 30249111
28810482 20540477
55074 227431
8493430 8493537
10480058 10480060
227288 105228
5762290 5315345
4884106 4884196
5762301 5762329
604412 1341588
30249112 30249113
30249114 30249115
30249116 6938709
30249117 2533876
30249118 30249119
650879 1393448
30249088 30249090
10584586 654
10574275 10574288
10578312 10578316
3902463 4118691
30249085 30249089
3902463 4118692
10473802 10473837
30249121 30249122
3397363 3397365
2836580 3397365
13276508 6383987
30249124 30249125
10535178 563144
1320869 1635073
13262618 13262624
30249126 30249127
10529656 10529663
10474078 10474085
1320840 2191401
3533581 3884475
5270730 5270806
30249128 30249129
1341597 2214742
30249130 30249131
30249143 30249144
5246340 5246390
6129597 6129638
30249145 26877920
30249146 30249147
10535284 10535288
2576873 3216334
769661 1552340
30249148 108227
10530521 10530525
10620521 10620527
1760937 2580642
54934 50514
10504638 327529
10473867 1031314
10501976 109825
6482565 534084
603405 1340597
30249149 30249150
30249073 30249075
1320845 2191470
4925451 4925642
50928 215449
10489285 5226335
13276584 9533451
30249151 30249152
10463539 10463545
10504644 58039
30249153 30249154
30249155 30249156
30249157 21339524
30249158 30249159
8482603 8482658
10529227 10529232
30249160 30249161
8482604 246160
10504433 2220545
10591857 10591862
30249163 687455
30249165 30249166
8493427 8493500
24425988 1395681
30249168 30249169
30249170 30249171
30249174 30249175
3234518 2588181
30249176 30249177
6306426 6306469
30249179 30249180
30249181 30249182
30249183 30249184
30249185 30249186
30249187 30249188
10465739 220351
30249189 30249190
10552763 4631322
30249191 30249192
30249194 1249232
30249195 810213
10464109 4257930
50481 214052
30249196 2459542
10463570 100677
8707923 8708001
10467293 10467296
30249197 21762863
12956202 12956224
30249132 30249135
28715258 28715266
55014 227419
888841 1703417
10473805 60164
30249198 30249199
30249201 30249202
12228608 234444
30249203 30249204
50484 214126
290211 808380
30249205 30249206
10474097 10474105
10528559 10528565
10475449 10475458
30249207 30249208
425109 1067969
21991548 1276444
30249210 8957830
10504806 10504810
13248758 2550625
1715744 2550625
30249211 30249212
5578462 5578527
10476446 1438951
30249213 30249214
10461662 10461665
30249215 30249216
30249217 30249218
30249219 30249220
30249222 30249223
30249224 30249225
10654283 10654285
30249226 30249227
5807561 5807652
10558431 10558437
10529230 10529237
1458830 1612208
13288950 1216619
5071071 5030724
30249229 30249230
30249231 3709024
10621792 10621796
113500 333037
30249232 30249233
30249235 30249236
4883886 4883944
4883858 4883889
4883943 4884108
30249237 30249238
14071716 14071719
4883859 4883894
30249242 30249243
30249245 30249246
14033924 14033926
227425 702300
30249247 30249248
9650291 9650301
30249249 30249250
10635972 10635976
13432974 13432978
3689396 432714
12210118 12210120
30249252 1577714
30249253 30249254
30249136 30249137
30249255 30249256
2316626 3024140
10577846 10577854
2317312 3024299
46967 202301
226972 701563
10531679 10531683
333737 525618
685244 94588
2540451 3195255
10476442 394934
10476448 529482
28735190 28735211
14042794 8395037
30249258 30249259
30249261 30249262
30249263 30249264
30249268 30249269
10439242 10439247
227426 702306
1413422 2285092
10528606 10528610
4381758 4439443
10484017 10484138
10568362 10568366
9547727 9547746
30249271 30249272
1445208 984043
12324021 427356
3884442 500555
30249273 30249274
8493431 8493549
30249276 30249277
12292202 12292204
10591863 10591865
694097 360876
1606860 615745
30249279 30249280
686550 64999
684953 1437920
10440953 10440958
5807560 2793345
4439444 4481343
5246341 1303459
30249138 30249139
5616159 5616180
10574480 3751471
30249281 30249282
5246343 4421147
5246350 3526037
30249283 30249284
14187704 14187706
30249239 30249241
30249286 30249287
5397752 5397793
30249288 30249289
30249290 30249291
684333 1437092
6344395 6344422
14073312 14073314
30249292 30249293
3701201 3842279
10462423 2804520
10474095 10474099
13430556 2499600
30249294 5217656
51410 216467
51406 216389
30249295 395839
51411 216475
4884195 4884218
10442900 5110159
12989051 12989053
14069769 14069771
30249297 30249298
10591866 10591868
14194341 14194343
10653281 10653285
14194341 14194344
10497675 10497690
10590393 10590396
30249299 30249300
30249301 3097336
1438656 2307890
30249302 6293608
4481344 4513612
10474990 10474995
30249303 30249304
10471670 10471680
14434366 14434371
6344395 6344423
10643436 10643441
3028271 3535087
4157960 1658040
904357 1715750
30249265 30249266
10504708 10504712
10441609 10441613
1320841 2191412
9661330 9661346
30249305 30249306
13979369 13979373
30249307 30249308
30249310 30249311
10642894 10642900
30249313 30249314
30249315 16362070
3902458 4118680
30249317 30249318
4883927 4884094
10650352 10650357
10650429 10650434
10650237 10650244
10650439 10650444
14090813 14090818
10650454 10650459
24345818 24345821
10494588 1072693
30249320 30249321
30249323 30249324
10529417 10529428
10501516 333297
10635974 10635982
10566125 10566132
30249331 1974367
30249332 16231216
5246339 5246375
10447556 5515814
5807561 5807653
4884238 4884257
10439244 3791554
30249334 2525278
30249336 30249337
30249338 30249339
30249340 30249341
30249342 30249343
10624916 929772
685080 1437952
1437093 2306564
30249345 30249346
10657782 10657788
10531707 10531711
30249325 30249326
5246348 5246474
5246348 5246475
10577866 10577879
24406347 24406349
30249348 328350
7033769 333014
10334971 10335007
13276497 3644529
10613625 953736
1755340 2576875
30249349 30249350
5703485 705281
5246342 5246416
694756 324744
224039 694757
10480152 564766
30249351 27295360
6892753 6892881
30249352 1974032
10473800 3275215
10440482 5632054
10527696 2367390
10599678 967989
10592797 10592801
10653283 10653291
30249353 30249354
10473806 1286129
1320856 2191596
8820001 8820031
30249355 30249356
4513613 4539053
30249140 30249141
13276415 1513803
13984660 405181
10474100 10474109
10498286 528891
30249357 30249358
10611878 3724746
30249360 30249361
10474472 10474500
30249364 30249365
10446262 2197611
24338918 100319
10599670 341136
39799 163227
10451389 1848727
30249367 20883850
30249368 28320027
14082837 1309421
30249369 21658243
9533792 9533814
10504418 1229892
221437 682348
10489116 1305760
10545093 871197
30249370 1154189
10657345 10657394
10489218 895625
24382929 24382931
10473801 830532
30249371 30249372
10458496 1713328
10583363 10583368
30249373 101825
30249374 30249375
5817230 5817238
10480121 1409458
5246340 5246391
30249378 30249379
30249383 30249384
10444914 10444917
227427 702310
10464944 10464953
30249385 30249386
10639566 1339353
13881540 5907200
30249388 11136149
13369856 5043894
1320841 2191413
1766739 2583031
30249389 16662079
10465012 5615469
30249327 30249329
13522643 13522646
905501 1717161
4429118 4473280
5301159 1557250
30249390 20021422
30249391 30249392
10654293 10654295
13875320 13875323
10573383 218795
12489930 12489932
30249393 30249394
10529429 10529431
30249395 25524921
10550697 6880649
15245201 15245204
28892446 8427422
30249400 30249401
30249402 8369686
10646589 10646591
10529410 7806827
30249403 4862506
10529396 5039100
30249404 12929522
13284305 13284308
15220673 15220710
9665190 9665217
30249405 30249406
30249408 30249409
30249362 30249363
30249410 30249411
13977872 712922
13977874 2081263
30249413 30249414
10504628 502168
10568461 10568469
10616120 1481019
1320854 2191588
13969045 352243
13394479 10931637
30249415 1336508
603670 1340800
10535376 10535379
30249416 30249417
51436 216494
30249418 10054871
21756662 10655870
10655867 10655870
603813 1340848
10441955 665358
30249420 30249421
5246345 5246452
30249422 1674877
10443180 78274
30249423 1085248
30249424 431841
10603076 1039111
28915271 28915276
10535935 10535950
10440527 10440532
14118643 14118645
13344603 13344605
3886158 4109150
30249425 30249426
30249427 30249428
30249429 30249430
6978790 6978819
226701 701216
2458525 3136798
10531772 10531776
30249431 30249432
2550715 3198817
685244 1439804
2948831 3478691
10602918 10602932
30249433 30249434
10448142 10448149
30249435 30249436
226252 700683
30249437 30249438
10501778 10501781
30249442 30249443
30249442 30249444
602806 1339873
1454754 2324386
30249445 30249446
686680 1440922
686680 1440923
3173196 3638931
10496542 10496554
30249447 30249448
4157960 4289746
10478576 10478580
943502 1774401
30249449 30249450
723280 1484738
10440694 10440696
30249452 30249453
10446098 10446114
10602362 10602370
30249454 30249455
30249456 30249457
10593936 10593940
30249458 30249459
30249458 30249460
30249462 30249463
30249464 30249465
10458385 10458401
10536561 10536565
226256 700760
30249466 30249467
3172289 3638019
10517460 10517464
5860837 5860913
995610 1843419
222978 689073
1419524 2294310
226250 700622
910455 336222
10448565 1061070
8785221 8785252
30249468 30249469
904090 340923
8493429 8493524
10470302 10470307
1620445 2468984
1448355 2317298
10569959 10569964
226701 35682
30249470 30249471
10640698 10640701
1320846 2191484
9223119 9223177
28892412 28882209
30249472 30249473
5375471 673151
10559162 10559176
1793118 991340
694767 875804
10620172 5562028
9848075 9848095
2159961 2348795
10510652 1214253
8470928 1501114
24426347 3780940
603409 1340650
221858 684579
685077 1437943
5246339 2875601
5246342 3862955
2320232 631382
30249474 1263604
10459821 290919
10517604 10517608
1320844 1328113
10494363 2726806
30249475 2127977
10494361 1340967
10591833 849874
30249476 30249477
57986 237419
650878 1393435
10473849 10473868
30249478 607824
13349816 961435
10596573 100231
30249481 1414547
670201 1306640
10500969 93522
10621981 10621985
24338876 4210886
13356909 13356914
10473803 10473843
1320870 2191737
8707907 2020459
30249482 30249483
929669 1749137
10440205 353531
5417820 5417860
1436338 48930
30249484 30249485
9134787 53976
6892748 6892830
30249486 30249487
2305729 999890
14099560 14099562
24425529 24425532
8493425 8493471
10484115 10484274
587203 1318689
207453 618642
1446098 2315060
13276630 6530741
2163829 1599647
2163827 2904854
4171479 4299205
10499956 2626561
1320873 1964200
905502 1701013
10569608 3444849
30249488 3609107
30249489 11212663
30249490 30249491
1761147 238997
24391939 6733297
30249492 19273349
30249493 20259020
10454620 10454624
10440457 10440466
685081 1437962
5428556 1582297
30249494 3255274
10497618 1033711
10497603 2854620
10504626 10504633
10497628 1776423
10497605 910140
30249495 2991746
54603 224050
15375390 2666223
1456974 1335504
47011 202621
10445734 1340031
9197613 9197640
30249496 25993162
30249497 26152432
605719 1343056
30249498 30249499
995327 1842856
30249500 30249501
30249502 1511201
10535394 3035714
24344886 8603046
603572 1340771
30249503 1121067
10479079 2403279
10497663 5667278
30249504 2895196
888417 1703167
24340971 24340973
13380551 3646372
13284104 13284107
10479922 10479927
10564902 10564912
6926029 6926097
1320861 2191648
1320865 2191693
1320849 2191518
6172051 5769585
10535650 3175083
10612344 10612347
1909026 2687292
5914191 2925680
888836 1703402
30249507 30249508
10618160 10618165
10504750 10504753
10540276 2876705
2648085 329361
6065992 338949
25465853 18328846
5270731 5270815
10626115 65895
10457300 1672366
10494714 10494720
30249511 755522
10550049 1885652
30249512 30249513
4527968 4549855
8482600 8482651
10449674 106802
30249514 30249515
28735155 28735172
6926027 1529315
6926028 3884799
685080 101385
904362 89893
215163 654440
24426406 24426408
10591835 10591845
28892769 9732363
10443078 10443084
30249516 1741414
623 5575
624 5600
905497 1717137
697991 1454466
904372 754577
10529513 10529518
2534045 3190351
10559160 8339652
10529386 10529391
3522729 3878022
1400200 2274674
1320850 276008
2315975 3023925
904381 1715988
10503091 2034036
10503099 2034374
10598821 10598826
30249517 8857160
30249518 3540778
5270727 5270788
10497686 10497700
10500362 10500370
50468 213729
650141 1392119
650148 1392153
650149 1392159
8493432 8493561
684956 1437929
4925443 4925632
10509141 2812448
10509143 98383
46992 202547
5693761 58407
10485546 118656
30249519 30249520
10504670 10504674
10504716 10504719
10458131 10458139
3522730 3878024
30249521 12841538
2636325 296280
24418569 17897250
51403 9026
50825 214951
290212 808392
5270729 5270794
622 5544
28859592 3181961
30249523 30249524
24419482 1329565
54156 12344
5471597 60600
625 5620
14104565 11331
24397994 24397996
10559687 10559689
10439921 3438500
10552838 4512635
30249525 11364786
30249526 12673182
30249527 8365863
822625 1630129
2163830 2904889
28877301 28877311
10442752 10442755
1413427 113362
691632 1446463
10494656 10494661
14100068 14100071
603406 1340611
10469422 103065
605715 1342905
10503075 1952682
10503073 341742
30249529 30249530
955913 47639
13338444 332345
10537016 1627328
3675958 204541
1449264 93757
10621518 10621521
30249532 30249533
10456498 10456522
13918549 13918551
30249534 30249535
10646667 10646670
225946 699507
5479142 570021
30249537 30249538
1705885 2536858
13337211 13337218
9307729 9307741
8542319 3074725
14074320 11409007
13276525 13276527
30249539 1267355
28788859 28788891
687738 1442760
1398300 915038
30249540 30249541
24350817 3955191
1320872 852976
30249542 30249543
13943454 13943456
10602855 339826
30249544 30249545
822614 1630081
13282577 13282579
11799826 8811239
30249546 21196450
10461866 10461871
13989770 552397
904375 1715957
10615129 6418607
3916306 4127870
10494738 10494743
10459814 828977
10484088 10484230
604469 1341604
1445207 2314535
904365 1715872
1283161 2160750
5523368 83794
30249547 30249548
30249549 30249550
10503084 10503094
30249551 9169251
10440818 10440823
603407 998841
30249552 30249553
10526666 10526671
1320843 331535
10473804 10473850
4884283 4884305
4884217 4884240
30249554 9604901
30249555 30249556
10469643 863848
10620345 10620350
14012818 229750
9698643 765010
4884093 4884173
50823 214917
10497606 10497631
4884306 4884320
7243286 651165
9533792 9533815
1482089 2349813
3025558 3533662
10485545 10485572
24425468 24425470
10442594 10442596
30249557 101899
30249559 836704
22020889 2017334
30249560 24149039
30249561 22419159
9238419 9238444
603404 1340585
13287231 7116169
10497635 1655104
10497650 1420239
5674721 5674741
30249562 30249563
2263682 2983419
904355 143631
10559122 10559153
10481571 10481573
30249564 542924
30249567 30249568
10472214 676479
15248635 15248640
904369 1715910
30249506 1291853
30249505 1164911
1340640 2212615
30249419 495926
10486599 1303392
24339248 24339250
24343456 24343458
8493433 8493575
13976609 13976611
30249569 15010694
10655455 10655466
22022314 22022316
30249572 30014877
6172045 1687483
10546554 475947
24347511 24347513
10449374 10449384
10449376 10449387
10449372 10449378
30249574 30249575
30249576 1439027
30249577 3974821
30249573 603056
14071454 14071458
30249578 2181797
1449269 345652
695210 1450313
10535259 1748067
6926033 6926108
30249579 2802590
10463557 21891
10598727 3182451
10478960 689452
3784152 4039000
30249580 2405515
30249565 898491
10471428 3031432
14054806 2883693
5475061 244204
904364 1715858
904371 1715924
6892748 6892831
30249566 3146090
10646629 10646636
10642672 10642680
24345626 24345628
14081236 864336
30249581 2285850
30249583 2378017
9225612 9225634
30249584 2467312
4270360 2808106
657650 1400204
602915 1339888
30249585 1266413
10474453 218682
10517882 2143358
30249586 622555
10502228 1287020
30249587 4472368
10643143 82739
217511 572071
14059544 3109231
30249588 3919149
10463543 2485659
14050018 8392579
690269 179491
1445166 158658
10570647 10570650
10529379 10529382
15367904 15367906
13885334 9744678
690263 223089
5674722 5674745
10451947 10451953
13340565 13340569
10604734 3476621
10462422 2308799
10573088 10573093
4162522 195397
1320857 2191613
1320858 1087201
10603993 10603997
687735 1442751
10620335 10620340
5236949 5236974
30249589 2996451
605602 1342476
30249590 30249591
8493428 7683750
632 5850
10621430 10621435
10572335 10572342
10492291 10492295
13373597 13373603
30249593 30249594
605717 1342994
685442 1440009
605881 1343198
445254 363837
30249595 30249596
1755341 2576878
1523949 2381107
10529390 10529407
904370 1715918
1320866 2191700
1320851 2191540
6892756 6892893
13495709 8392882
3654347 3962852
8493426 8493488
8707908 8707991
14032280 5296150
30249597 469626
30249598 5224565
995316 630297
10595363 641120
603817 1340863
10572318 10572326
30249599 30092338
30249600 10190572
30249601 30249602
10480112 1618192
10642689 10642698
30249603 842872
24391958 63521
24343863 22255180
904363 289289
30249611 2458088
603408 196791
10626390 84663
3302195 3728225
15258429 15258432
6172052 1635285
690261 479482
10492052 295602
24397110 24397112
695006 961983
690262 360991
225306 400829
5178666 3571734
904377 1715974
679456 577151
13387059 13387061
904373 1715940
904359 1715783
3234523 3683605
904376 1715969
54713 21819
10497696 10497709
10502596 10502599
4884319 4884336
695177 617368
10470112 2554636
14028292 73323
10615137 10615149
6172053 6172092
13994915 13994917
10450899 35231
4337868 817519
5427138 1733020
10574264 10574276
30249396 686579
3930394 4137423
28789292 16485140
3120284 3598995
904368 1715902
8128369 8128436
10494716 10494728
10591846 10591851
10529408 10529418
685246 1439837
30249612 30249613
4883838 4883860
24339237 19498231
15244858 15244861
30249614 20674771
10438754 177267
135671 425686
3234522 3683595
30249615 30249616
30249617 30249618
888834 1703381
10602504 10602519
904415 1716019
30249619 30249620
10449823 10449836
30249621 30249622
30249624 30249625
3025539 3533584
28888361 28888371
13388438 924080
1748390 1389116
222053 685555
10474497 10474514
10595507 10595512
10570722 889925
10440001 2206387
30249399 859246
5762287 1882881
14104056 14104058
10480116 221772
605718 1343037
10471662 354419
10471664 122870
10578303 10578307
3025540 718193
4788631 4789023
904356 1715735
6071823 5728277
10462403 5504298
10504679 10504682
695211 1450320
222053 685556
888842 1703422
13276515 2755799
695007 104830
5270732 5270824
3120222 330209
2163828 2904865
445256 1096280
10451382 83429
10574262 10574267
30249626 30249627
686551 250648
11964446 360807
13997409 36537
30249628 30249629
7216409 3271376
1448460 2317362
14052780 14052786
1320864 2191681
10580261 4398107
30249630 203591
10529671 10529678
10586316 1954284
223738 325536
10516921 1399010
222049 664871
222053 685554
10502008 247643
10579939 10579943
30249631 30249632
3988424 2462604
10529106 333690
10463541 10463552
1320863 2191670
224912 697168
441643 1090186
2163826 2904846
30249633 30249634
30249635 30249636
10512450 344795
30249637 30249638
1931133 2707117
1320868 2191715
30249639 25600482
15181491 15181495
227563 339915
10550892 215892
9197611 9197634
10558722 170470
4299202 4381759
10553850 3480437
10473504 10473514
10552761 2883062
672013 1415077
10476161 10476166
10574287 10574292
10489532 10489536
10489414 2027920
10483504 10483510
214942 653681
50824 214930
13988924 2254982
7320404 7320422
6926033 6926109
30249641 4653124
10635321 10635326
3478952 3848411
10484124 10484286
10529388 10529401
10439154 6359467
50928 39080
13966824 1779799
4925453 1977979
13966826 901222
10485538 10485557
46890 202230
54712 226050
904358 735647
14194012 14194016
10560134 10560138
5246348 5246476
5325526 132494
24388838 1222127
12956202 12956225
4105056 4254456
10504768 10504774
30249643 30249644
10474585 10474589
691371 527469
10656554 10656559
7593888 7593901
10021193 326803
30249645 30249646
1398237 403376
10441742 10441747
30249647 30249648
10571100 10571104
10595913 5024750
10497706 10497725
2274670 2995221
30249649 30249650
4883864 4883921
1618231 2467672
10574291 10574296
30249651 30249652
30249653 30249654
30249655 5864491
51171 216128
5690904 5690921
30249656 30249657
51404 156941
13995136 482023
30249397 3811608
6129596 6129625
42103 120910
13375595 3634677
24426335 1614651
30249658 1107332
5246347 251523
10474436 330882
905511 246161
1320839 2191389
1620438 2468960
222050 685545
14062817 9438993
5246349 1405735
10450846 10450850
10522868 10522870
1320862 388048
1320871 509671
10612288 10612292
223737 150832
10529251 10529256
1620439 1074289
30249659 30249660
28986763 122842
30249661 30249662
15655234 52001
10529567 10529572
30249663 30249664
30249665 30249666
15443600 940785
13344917 1659599
24342904 7300081
10502884 10502895
30249667 30249668
10581269 10581281
14050040 4209049
1448463 159721
30249669 30249670
1320848 683285
10507302 10507305
8707906 8707969
30249671 2533798
955928 324798
3533512 3884444
28859608 4480699
10484013 10484130
12228449 190198
10482586 1776668
8493434 8493590
1663657 2381122
30249672 30249673
226702 453762
5503329 898043
30249674 30249675
30249676 30249677
10504793 10504798
7771644 7771701
4788627 2500900
955920 334619
30249679 30249680
7849650 7849672
10503869 10503873
10598228 350262
10473502 10473507
12228457 3902210
5755756 5755793
2328301 2577823
30249682 25137420
10593945 1756052
30249684 109140
684957 1437934
30249685 30249686
1320852 2191557
1320867 2191707
30249687 30249688
30249689 30249690
24345269 5286356
30249691 30249692
5671762 5671833
28892780 19552097
10473789 10473794
1449729 2319988
10640725 1660119
30249693 30249694
222686 222336
13518384 13518386
9464339 9464367
