30593041 30593042
29597397 29597398
30593044 6711586
10519024 6711586
6711589 6711586
9636440 1417137
2458517 214162
2458524 214162
2458525 214162
2458529 214162
2458515 214162
50486 214162
650149 214162
650134 214162
13492909 214162
2458516 214162
1392108 214162
1342606 214162
807513 214162
50522 214162
10488489 214162
10459652 214162
10477278 1341933
10447068 6563353
10457077 1444850
10457075 1444850
2313688 1444850
1400478 650210
14079847 650210
350627 650210
10446987 650210
213768 650210
650153 650210
650152 650210
13898254 650210
10645561 140963
10646326 140963
30593045 140963
30593046 9648134
30593081 9648134
30593082 9648134
30593083 9648134
30593084 9648134
30593085 9648134
30593086 9648134
30593088 9648134
30593089 9648134
30593090 9648134
30593091 9648134
10656723 10656726
30593092 14695487
30593093 7182309
30593094 30593095
30593096 7342027
30593097 30593098
1059192 1920862
10632152 10632154
10650661 202306
15304732 3436994
689055 689053
222976 689053
30593099 7256283
15593613 3073767
15593611 3073767
30593100 3073767
30593101 3073767
30593102 3073767
30593103 3073767
15593619 3073767
30593104 3073767
30593105 3073767
30593106 3073767
30593107 3073767
30593108 3073767
30593109 3073767
30593110 3073767
30593111 3073767
30593112 3073767
30593113 3073767
30593114 3073767
30593115 3073767
30593116 3073767
30593117 3073767
30593118 3073767
30593119 3073767
30593120 3073767
30593121 3073767
30593122 3073767
30593123 3073767
30593124 3073767
30593125 3073767
30593126 3073767
30593127 3073767
30593128 3073767
30593129 3073767
30593130 3073767
30593131 3073767
30593132 3073767
30593133 3073767
30593134 3073767
30593135 3073767
30593136 3073767
30593137 3073767
30593138 3073767
30593139 3073767
30593140 3073767
30593141 3073767
30593142 3073767
30593143 3073767
30593144 3073767
30593145 3073767
30593146 3073767
30593147 3073767
30593148 3073767
30593149 3073767
30593150 3073767
30593151 3073767
30593152 3073767
30593153 3073767
30593154 3073767
30593155 3073767
30593156 3073767
30593157 3073767
30593158 3073767
30593159 3073767
30593160 3073767
30593161 3073767
30593162 3073767
30593163 3073767
30593164 3073767
30593165 3073767
30593166 3073767
30593167 3073767
30593168 3073767
30593169 3073767
13876868 9770918
30593170 15756044
30590949 9096174
30593172 6528249
1458645 1458699
700836 1458699
1458701 1458699
30593173 5820645
30593174 5820645
30593175 6927630
15319980 6927630
24414371 8125591
30593176 8125591
30593177 8125591
13962444 8125591
24414373 8125591
30593178 8125591
30593179 8125591
14026212 8125591
30593180 6763748
10618199 7531438
30593182 11575291
10629215 10629217
30593183 11571655
10535432 5065309
10630592 10630537
10630535 10630537
10623096 10623099
30593184 10478581
10478576 10478581
30593185 6129141
30544402 14827215
30593186 14827215
30593187 15872533
30563997 9438094
10630497 10630501
30593193 15770259
10628419 10628422
30593196 15899802
10631969 10631971
25467709 25467711
10629341 10629344
30593197 15877640
3196642 3653103
30593198 15776668
30593199 14611462
10536211 10536213
9466539 9466531
30593203 5750928
30593204 5750928
30593205 5750928
30593206 5750928
30593207 5750928
30593208 5750928
30593209 5750928
30593210 5750928
30593211 5750928
30593212 5750928
30593213 5750928
30593214 5750928
30593215 5750928
30593216 5750928
30593217 5750928
30593218 5750928
30593219 5750928
30593220 5750928
30593221 5750928
30593222 5750928
30593223 5750928
30593224 5750928
30593225 5750928
30593226 5750928
30593227 5750928
30593228 5750928
30593229 10631012
30593230 10631012
10631010 10631012
30593231 10631012
30593232 10631012
30593233 3842007
30593234 3842007
10626139 10626141
10632242 10626141
10629758 10629760
5509290 5509303
2285979 1413575
10629491 10622748
10631120 10622748
30593235 10622748
10623413 10622748
10622745 10622748
30593236 729430
30593237 30593238
30593240 14528471
30593241 9468265
10628235 10628238
10630588 10628238
30593242 15888605
5641355 5641422
30553020 21916191
3119037 3598090
30551711 1445164
10623824 1445164
10630408 1445164
10630070 1445164
10624120 1445164
690269 1445164
1445166 1445164
2314439 1445164
1445165 1445164
10626767 1445164
30593243 11001064
14099542 11001064
30550085 11738175
30562300 11738175
10631658 10631660
10597334 4514411
10627545 10627547
30593245 6390616
936826 1767130
10629421 1767130
10628809 10628811
10630419 10630421
10623348 10623350
4960676 4960742
10631604 10631608
10631620 10631608
30593247 14454334
226470 580707
10629421 10629424
10623069 10623071
30593249 30593250
10625368 10625370
10632224 9818916
10623318 10623320
10447983 10448003
10533530 10533550
10569517 10533550
10533476 10533490
10629452 10629455
10624929 10624931
30593251 9332360
10597334 5641359
10626011 10626013
30556500 9482552
690367 1445379
10626151 10626153
10624855 10624856
10624853 10624856
10623910 10623912
10623918 10623912
30570106 10623912
30593252 10623912
30560080 15738526
10625670 10625672
10629924 10624257
10624252 10624257
4482144 4440195
10473541 1413560
2285636 1413560
4278496 1413560
10457196 1413560
10626772 9599880
30557713 9599880
30593267 12074211
30593270 12074211
30593273 30593274
30593276 15741609
663243 1405831
10623324 10623327
10631683 10631685
14663752 14663756
10622666 10622668
10493094 223233
10624732 10624736
10624734 10624736
10623570 10623572
30593277 9419249
30562266 9419249
10625908 9419249
30593278 9419249
30593279 30593280
30593281 30593280
30569338 15750833
30569266 9468144
30588128 15770552
30593287 14760515
30569351 11003704
30593288 15578517
10502615 2989154
10630497 4987924
30593293 30593294
4481755 4514036
10623671 10623673
10623674 10623673
25467562 25467564
6482565 6482707
30564826 10993051
10622458 10622460
10625907 10625909
1458529 1458698
2329264 1458698
700836 1458698
1458701 1458698
10459821 6571554
30546418 11634126
14099503 6484458
10631070 10630104
10630102 10630104
10624026 10624031
30593295 15864416
10625851 10625853
30593300 10625853
10630497 10630502
30593311 10630502
10623642 10623645
6473468 6473507
30593312 15881234
30593313 15881234
30593314 15881234
12176243 9485479
10623260 10622729
10623318 10622729
10622727 10622729
10628532 10622729
10622974 10622729
10624280 10622729
25467342 10622729
10631588 10631591
10627467 10627469
30593317 9423409
10640628 10638062
10640630 10638062
8752073 8752065
5593030 5593082
10625851 1445065
30593330 6589902
14030956 8848530
30536649 14857700
30593331 30593332
14110125 1340692
9299737 9299729
30593333 3987226
30593334 9378418
30593335 9378418
30593336 11811371
10635180 10635193
30532668 167382
10635522 10635524
8125621 8125596
13943521 8125596
10562573 9641430
30593341 6132112
30593342 6132112
6132099 6132112
10440857 10440859
30593343 5769266
30593344 5769266
30593345 5769266
30593346 5769266
30593347 5769266
30593348 5769266
30593349 5769266
30593350 5769266
30593351 5769266
30593352 5769266
30593353 5769266
30593354 5769266
30593355 5769266
30593356 5769266
30593357 5769266
30593358 5769266
30593359 5769266
30593363 5769266
30593364 5769266
30593365 5769266
30593366 5769266
30593367 5769266
30593368 5769266
30593369 5769266
30593370 5769266
30593371 5769266
30593372 5769266
30593373 5769266
30593374 5769266
30593375 5769266
30593376 5769266
30593377 5769266
30593378 5769266
30593379 5769266
30593380 5769266
30593381 5769266
30593382 5769266
30593383 5769266
30593384 5769266
30593385 5769266
30593386 5769266
30593387 5769266
30593388 5769266
30593389 5769266
30593390 5769266
30593391 5769266
30593392 5769266
30593393 5769266
30593394 5769266
30593395 5769266
30593396 5769266
30593397 5769266
30593398 5769266
30593399 5769266
30593400 5769266
30593401 5769266
30593402 5769266
30593403 5769266
30593404 5769266
30593405 5769266
30593406 5769266
30593410 5769266
30593411 5769266
30593412 5769266
30593413 5769266
30593414 5769266
30593415 5769266
30593416 5769266
30593417 5769266
30593418 5769266
30593419 5769266
30593420 5769266
30593421 5769266
30593422 5769266
30593423 5769266
30593424 5769266
30593425 5769266
30593426 5769266
30593427 5769266
30593428 5769266
30593429 5769266
30593430 5769266
30593431 5769266
30593432 5769266
30593433 5769266
30593434 5769266
30593435 5769266
30593436 5769266
30593437 5769266
30593438 5769266
30593439 5769266
30593440 5769266
30593441 5769266
30593442 5769266
30593443 5769266
30593444 5769266
30593445 5769266
30593446 5769266
30593447 5769266
30593448 5769266
30593449 5769266
30593450 5769266
30593451 5769266
30593452 5769266
30593453 5769266
30593454 5769266
30593455 5769266
30593456 5769266
30593457 5769266
30593458 5769266
30593459 5769266
30593460 5769266
30593461 5769266
30593462 5769266
30593463 5769266
30593464 5769266
30593465 5769266
30593466 5769266
30593467 5769266
30593468 5769266
30593469 5769266
30593470 5769266
30593471 5769266
30593472 5769266
30593473 5769266
30593474 5769266
30593475 5769266
30593476 5769266
30593477 5769266
30593478 5769266
30593479 5769266
30593480 5769266
30593481 5769266
30593482 5769266
30593483 5769266
30593484 5769266
30593485 5769266
30593486 5769266
30593487 5769266
30593488 5769266
30593489 5769266
30593490 5769266
30593491 5769266
30593492 5769266
30593493 5769266
30593494 5769266
30593495 5769266
30593496 5769266
30593497 5769266
30593498 5769266
30593499 5769266
30593500 5769266
30593501 5769266
30593502 5769266
30593503 5769266
30593504 5769266
15587168 10440634
10440626 10440634
7552679 7552700
25468779 25428342
30588474 25411096
25468345 25411096
25468351 25411096
25468360 25411096
25468366 25411096
30593505 15564793
30593507 14667713
30593508 14667713
5104428 1413562
30536910 1413562
30593509 1413562
30593510 1413562
10488208 1413562
30593511 7850581
30593512 10006179
1393445 747255
10646326 10646328
30593513 6108484
30593515 6108484
814359 1104590
8078189 8040645
29603990 6411794
30593517 30593518
30593526 2914079
30593527 2914079
10640579 2914079
30593528 2271002
10626659 10626662
30593529 7534180
30593532 12206072
10627572 8715170
1099888 1467018
10509758 1413570
30593534 13079500
1098445 1965278
30593536 1965278
30593538 1965278
30593540 6853488
1407597 223532
30593541 11092435
30565500 11092435
30593544 2990667
10571450 7962578
2286336 1413594
6411924 6411801
30593546 1549578
30593549 9091673
10450171 6013
30593552 2934848
10442408 6400671
10588351 8306001
10588340 8306001
10588332 8306001
10588343 8306001
10588324 8306001
10588321 8306001
10588334 8306001
10588344 8306001
30593553 5186811
30593554 6592111
4817508 4817583
30593556 1413571
30593557 1413571
13998087 1413571
5891375 5891385
30593558 3636579
10580291 9266831
2636327 3260009
3701362 3260009
2636325 3260009
2636341 3260009
30593559 3260009
25467385 25467387
10570171 10471996
30593560 5675593
30593561 6145912
3010199 3523343
30593562 3523343
13977886 3523343
30593563 3523343
30593564 2198306
30593565 8530143
10443100 213482
30559962 700835
700842 700835
10670285 700835
1458645 700835
700836 700835
226262 700835
1458701 700835
30593566 3678273
30593552 2989563
30593287 3987030
5287965 5287940
15597131 8367374
30593568 7371811
30593572 7371811
30593578 7371811
30593573 7371811
30593574 7371811
30593575 7371811
10571617 6368817
6882082 6882071
15299945 110278
15594686 110278
15594725 110278
10491142 7819283
30593584 5742362
13878073 7110005
30593585 8298431
10486379 5530606
30593591 679307
10650895 5530841
10500061 9929878
10535611 10535613
30593593 9650157
405423 1034776
10440184 8116150
30593594 3024860
10439154 3024860
10439159 3024860
10439155 3024860
24416754 3024860
2318782 3024860
1577427 2436606
14036357 2436606
3118471 2436606
3118474 2436606
10534732 2436606
10478838 5861659
14123663 7078815
10439723 10416246
10622649 9318069
30593595 15646390
2175431 2914454
30593598 2914454
10481874 7191575
30593172 14385302
10517779 1413600
30593601 10528737
10528735 10528737
10528733 10528737
213128 497488
649583 497488
157877 497488
497498 497488
649527 497488
30593602 6544559
218766 672080
14286195 14286199
10583872 10583873
10583868 10583873
30593605 28765718
24425493 4469449
24425495 4469449
10535650 170619
10439126 6762556
30593606 213038
30593607 7071213
14198986 3755044
30593608 3755044
13878905 6626988
30593610 9261584
30593611 5672490
30542109 11931934
30593616 2055465
30593617 2055465
30571189 30571190
15594463 928899
30593618 8224075
219760 676966
10490301 10490305
10490304 10490305
30593619 1413584
10518308 8658935
30593620 10368220
30593621 699053
30593625 699053
30593626 699053
30593627 14405503
30593628 583780
13943491 376055
8072606 8072612
4628116 4636754
30593631 30593632
30582629 2692180
30548269 2692180
30548270 2692180
30548273 2692180
30593636 2692180
30593639 928959
30593640 928959
10458134 10423497
10485674 8233622
3886938 4109538
24344386 4109538
10440176 649927
10441238 649927
10441236 649927
15593459 5963561
30593566 14486263
5509303 5509341
30593641 5509341
30593642 7820697
30593643 15302896
30593644 30593645
30593649 30593645
30593652 30593645
30593655 30593645
29706526 29706533
13943521 1489377
30593658 6273205
6273203 6273205
30593660 6273205
30593662 6273205
30593663 6273205
30593659 6273205
30593664 6273205
30593667 6273205
30593670 6273205
30593672 6273205
30593668 6273205
30593661 6273205
30593673 12019247
7500716 7500703
3529939 3882056
6897444 6897467
6897445 6897467
6897468 6897467
649585 649581
213130 649581
8822952 8822948
3531550 3883143
14088288 1450598
30593675 1450598
24425958 1450598
29704224 14434792
6638622 6638620
807938 1610132
4084705 2214453
1341380 2214453
3848281 2214453
2948809 2214453
3478686 2214453
30593676 6556853
10485061 10485071
30546223 9587630
30546224 9587630
30593677 30593678
30593679 14656553
10475383 10475387
30593680 15450465
10622711 10622714
10626462 10626464
10474260 10474271
30593682 8286520
30593683 8286520
10502184 8286520
10551660 8286520
215437 654651
30593685 6641847
10571208 9487552
13706014 13706017
30593686 13087153
30593687 11953467
5726678 2289424
9430581 9430595
10473419 8757420
30593689 9439474
30593690 9439474
30593691 9439474
30593692 3612732
30593693 30593694
1393981 2267713
10586600 10586607
30593696 14791011
30593701 10482844
10533818 10482844
10562573 10562577
9782972 9782945
2926163 3463254
3902463 930787
13553387 13553390
3198818 1715788
10535306 1715788
30593702 6545079
30565631 928978
29714390 7901396
5003620 5003639
10602283 5003639
10490106 6609588
10458053 10458069
30593703 4774704
6477857 2947823
2947824 2947823
2213016 2947823
6477834 2947823
10459652 2947823
4433904 4476860
30593704 23765233
30593705 23765233
30593707 23765233
30593708 23765233
30593709 23765233
30593710 23765233
30593711 23765233
30593712 4923284
30593716 6730668
10502615 8232961
12387393 12387384
2650359 3269782
30593718 10367506
3463166 3835405
2214040 1340717
10623864 3322278
4817508 4817582
30593719 11970312
30593720 11970312
10628348 10628350
5622385 5622451
29704224 8870408
10631073 10631079
10623878 10623880
30593721 15551497
30593722 15551497
55134 227631
30571189 30571191
10624817 10624819
10629379 10629381
10626126 9828829
30593723 9081229
30593724 5557656
30593725 2990995
10654331 9762670
30593726 6458229
30593727 8891903
30593728 6318452
30593729 30593730
13845649 12303034
25406098 12303034
25405876 2390601
14529774 14529770
14529775 14529770
14529776 14529770
14529777 14529770
14529778 14529770
24344307 24344312
25405876 2390606
30593731 28280677
30593731 30593732
30593736 6746846
340160 930397
14130666 1340452
10570786 10570790
30593737 764157
30593742 6499418
24383962 2510901
29704224 3468591
10555887 3468591
30593744 3329189
30593745 3329189
30593749 3329189
30593750 3329189
30593748 3329189
30593751 3329189
25406098 25406100
25405876 2390605
30593752 10634831
30593753 10634831
10634829 10634831
10634840 10634831
30593783 1344078
30593784 11962446
15596886 7312419
4254445 4105056
4254446 4105056
10619590 4105056
14628625 14628636
13478682 6852239
30593786 72822
30593787 7500676
10439993 50456
5856264 50456
892802 329337
30593789 5788829
10631124 10631130
30582906 5974006
30593790 14522996
30593791 6775430
701905 1459965
2947956 3478185
30551712 15649753
10443110 5219030
24402834 5219030
10443112 1494090
10443126 1494090
30593792 30593793
30593794 10424696
10527811 10527815
689143 1444082
2312417 1444082
2312410 1444082
10634058 8615021
30593797 30593798
14014436 6997935
8529088 652445
15594537 6447076
30593801 6447076
30593804 6447076
15594535 6447076
30593805 6447076
30593802 6447076
30593807 3472538
30593808 3472538
10439936 988845
10438817 988845
10441607 988845
10580291 9213842
697776 1454140
3531551 3883153
14100765 10432744
14115023 5304774
30593603 7750603
14198960 12633501
30593810 5211623
6491682 6491680
6491683 6491680
30593812 8193671
30593813 5699378
30593822 5699378
30593826 5699378
30593814 5699378
30593816 5699378
30593820 5699378
30593815 5699378
30593818 5699378
30593824 5699378
30593828 5699378
14068794 12021265
6070446 5973839
10608792 10608796
10650661 534661
30593834 534661
30593834 534663
10620006 9946612
7939400 7939416
30593835 30593836
25406055 14203517
10544355 10544357
15558720 15558717
15558713 15558717
30593837 30593838
13959926 13959928
30593839 9605949
5905400 5905361
9431445 9412180
9431492 9412180
10451746 9412180
10440684 10414817
10442676 10414817
30593511 11219825
11418088 10419017
10439289 10439291
30593840 9284951
30593842 10605444
30593845 10605444
30593849 10605444
30593851 10605444
30593853 10605444
30593855 10605444
30593857 10605444
30593859 10605444
30593861 10605444
30593863 10605444
30593865 10605444
30593867 10605444
30593869 10605444
30593871 10605444
30593873 10605444
30593875 10605444
30593877 10605444
30593879 10605444
30593881 10605444
30593883 10605444
30593885 10605444
30593887 10605444
30593889 10605444
30593891 10605444
30593893 10605444
30593895 10605444
10628729 10628731
10625608 10625610
10587793 5824866
10587785 5824866
7876161 7876167
30593897 30593898
30550169 30550170
30593900 4438637
15315526 649629
30593901 649629
14029760 649629
10572668 649629
30593902 649629
10572666 649629
30593903 649629
10438781 649629
30593904 649629
30593905 649629
1391156 649629
213172 649629
30593906 649629
30593907 649629
13887357 649629
10572680 649629
30593908 649629
10438905 649629
10572703 649629
30593911 649629
10537302 649629
10440330 649629
10572695 649629
15631449 14847793
30593912 5609464
936820 1767119
30593913 689556
30593915 30593916
218767 672091
15359291 672091
15367228 672091
2287886 672091
30593917 672091
15307720 672091
213135 649664
30593918 8373854
30593920 9075856
30593921 9075856
30593922 9075856
2467395 1617912
30593923 11658416
10651188 10324487
30593924 10324487
6473468 697062
3268088 697062
4547964 1398695
3510230 1398695
3864785 1398695
4525389 1398695
10490170 1413587
24417298 10435298
30593925 8816818
30593926 8816818
30593927 8816818
14044933 14044935
14044933 14044936
14255103 14255101
14058648 2191665
10501212 223231
10501217 223231
54380 223231
10482111 223231
30593928 7278558
30586191 358920
30593929 5728080
9626086 9626084
25405876 25405881
25405876 12188781
25405876 25405880
30593930 7082352
14080236 14080238
30593931 702589
30593932 702589
30593933 9202790
10481046 216129
13899853 216129
10534153 216129
13881712 216129
51171 216129
10534237 216129
9636440 999882
30593934 1789833
30593935 9720417
14129155 10437117
28735065 2531721
1700627 2531721
28839967 2531721
3463166 3835406
2947824 3478059
2217044 1342589
2950186 1342589
2950152 1342589
2217030 1342589
2217046 1342589
2217034 1342589
2217042 1342589
2217036 1342589
2217040 1342589
2217038 1342589
2217039 1342589
2217037 1342589
2217066 1342589
2217047 1342589
2217061 1342589
2217035 1342589
2217043 1342589
2217067 1342589
2217068 1342589
2217048 1342589
2217041 1342589
2217059 1342589
30593937 4085518
3565653 3904007
8567765 6379110
10510111 1341759
30593938 6289402
14711025 14711034
24416754 10425516
30593939 10425516
30593941 10425516
30593943 6037327
10439421 5599047
12953177 12953175
10638861 10638863
3463186 2925841
9205251 9205249
3463186 3835413
30593944 7548629
5856264 50460
213252 50460
30593947 50460
10441551 50460
15594297 14820089
30593948 5699854
30593949 5699854
30593951 5699854
30593953 5699854
30593955 5699854
30593956 5699854
30593957 5699854
30593958 5699854
30593959 5699854
30593960 5699854
5695274 5695366
10640361 10640363
5030067 5030071
1580674 221599
10502505 221599
54783 221599
30593961 30593962
10628909 10628911
10574130 10574133
30593963 10574133
30561253 30497388
30593964 5030072
5030067 5030072
10462082 5622421
5622370 5622421
10462180 5622421
10462101 5622421
10462098 5622421
13291760 13291763
30593965 30593966
30593359 30593360
30593975 10650639
10650636 10650639
7047937 7047932
30593978 7047932
30593979 7047932
30593980 7047932
30593981 7047932
30593982 7047932
30593983 7047932
30593984 7047932
30593988 7047932
30593989 7047932
30593990 7047932
30593991 7047932
30593992 7047932
30593993 7047932
30593996 7047932
30593997 7047932
30593998 7047932
30594000 7047932
30594001 7047932
10635246 10635249
10635246 10635250
11482050 11482047
10555545 2993076
4496776 2993076
4345281 2993076
30594002 10761351
30594003 30594004
10443701 10443728
30594006 10443728
25435590 10443728
30594007 10443728
10591246 9660435
30594008 12905899
30594011 12593936
13899853 6829507
10462884 6829507
30594012 6829507
30594013 6829507
10462852 6829507
25468363 25420534
30594014 11957245
10452407 4377638
10452360 4377638
10452382 4377638
10452366 4377638
10452352 4377638
10452345 4377638
4293597 4377638
10452398 4377638
10452346 4377638
10452343 4377638
10452376 4377638
10452394 4377638
10449753 4377638
10452418 4377638
30594015 4377638
10492855 4377638
30594016 4377638
10492847 4377638
10452406 4377638
12387393 3986700
30594017 10374768
4344881 2385856
689049 1443894
2213267 2947898
15594785 14513149
15594785 15474057
5003620 5003574
15596295 5003574
5003891 5003574
15597415 5003574
30594021 30594022
9636440 4987254
13868357 13868359
30594023 30594024
30594025 5506738
30594026 6727313
30552985 6727313
10532566 10532570
10643395 10643397
10638022 10638024
10641111 10638024
25468802 10638024
30594027 30594028
10443697 10443726
10443702 10443726
30594029 10642222
10642220 10642222
3534183 2321315
3025939 2321315
3885081 2321315
22023804 2321315
3533963 2321315
3884962 2321315
21990049 2321315
21987314 2321315
3025940 2321315
2321877 2321315
3025943 2321315
3026210 2321315
3026186 2321315
3534197 2321315
3533964 2321315
3025937 2321315
11305509 2321315
3884949 2321315
3533953 2321315
3885091 2321315
21992384 2321315
21995719 2321315
22017239 2321315
4108440 2321315
3025936 2321315
3533958 2321315
2350518 2321315
1450862 2321315
4108494 2321315
22015603 2321315
10440771 2321315
22029077 2321315
2321875 2321315
3026185 2321315
2321834 2321315
3025941 2321315
4108495 2321315
4256839 2321315
22018655 2321315
21992303 2321315
22015238 2321315
21994848 2321315
2321708 2321315
22006428 2321315
3025942 2321315
21992449 2321315
10440784 2321315
22020438 2321315
3025935 2321315
4256864 2321315
3025938 2321315
3025848 2321315
1450902 2321315
3026139 2321315
10440789 2321315
3025934 2321315
21990503 2321315
3026208 2321315
4108541 2321315
30594030 6399449
10622988 10622990
25467390 14617599
30594031 15470859
30594033 15318877
10639507 1208038
30594035 4823847
10594417 10592786
10592782 10592786
24425973 10592786
10635219 10635221
10450157 959288
4968424 4968476
3463186 770355
24416754 770355
4094774 4242052
9636440 9636446
9636440 9636447
9636440 9636445
9636440 1416830
9636440 1416980
9636440 9636448
9636440 1001183
30594036 8344213
10533684 10533690
15299945 1954730
13407999 1954730
30594037 1954730
15447708 1954730
15594686 1954730
15594725 1954730
1090176 1954730
30558875 15632446
10570407 8825297
10609895 8825297
13898741 10429318
14115023 5067311
6012654 6012691
30593900 3687119
30594038 30594039
10489181 10482828
30594046 9632685
30594047 9632685
30594048 9632685
30594049 9632685
30594050 5935322
30594051 5935322
10452941 9275286
22269636 9275286
10452934 9275286
10452932 9275286
10421827 10421832
10563566 6863065
10474177 6863065
10528774 6863065
10474170 6863065
10474163 6863065
10570344 6863065
10528631 6863065
3365385 3365379
2786580 3365379
15596579 2578732
30593931 4716824
30593932 4716824
10492408 8294721
10492405 8294721
10492411 8294721
10492457 8294721
10492466 8294721
10492407 8294721
10492459 8294721
10492434 8294721
10501387 8294721
14115023 1753767
30594052 142949
30594053 1416808
14082362 7586376
30594054 11636280
15593611 3382455
30594056 3382455
30594057 3382455
30594058 3382455
30594059 3382455
12527825 12527821
30594060 3214441
14108704 6910240
2420584 3106595
10644152 7333235
30594061 1591816
10567157 45683
30594062 30594063
10552078 10552083
30593687 10862481
603406 224372
25405876 25405878
30594064 803146
30594065 30594066
13874336 13874338
14102740 13874338
4105054 3879470
6494312 1257239
10611903 10611906
30594068 30594069
15595198 928830
30594072 5040436
10439691 5040436
30594011 14502364
13899853 13899855
30594073 7762858
30594074 7762858
10518051 332873
30594077 14578078
10443703 9217158
30594078 9217158
30594079 9217158
30594080 9217158
30594082 9217158
30594083 9217158
30594084 9217158
30594085 9217158
30594086 30594087
5905361 5905400
30594090 30593087
30594091 30593087
30594092 30593087
30594093 30593087
30594094 30593087
30594096 30593087
30594097 30593087
30593086 30593087
30594098 30593087
30594099 30593087
30594100 30594101
30594102 30594101
30594103 30594104
30594105 30594106
30594107 30594108
30594107 30594109
30594110 30594111
30594112 30594113
30594114 30594115
30594116 30594115
30594117 30594118
14053270 8750188
30594120 30594121
30594122 30594123
30594124 30594125
30594127 30594125
30594128 30594129
30594130 30594131
30594130 30594132
30594134 30594132
30594135 30594136
30594138 30594139
30594144 30594145
29541966 11479194
15593611 7754919
30594146 7754919
30594147 7754919
30594148 7754919
30594149 7754919
30594150 7754919
30594151 7754919
30594152 10884038
30594153 11534602
30594154 28388059
14044403 236744
14044395 236744
30594156 236744
30594168 5105886
30594169 5105886
30594172 5105886
15143977 5105886
15143975 5105886
30594173 5105886
30594175 5105886
30594170 5105886
30594174 5105886
30594171 5105886
30594178 5105886
3463166 2925577
30594179 700614
30594180 700614
30594181 700614
226257 700614
10442816 700614
10442815 700614
1458529 700614
226256 700614
2329264 700614
226253 700614
10440178 700614
226255 700614
13995028 700614
700669 700614
226250 700614
700780 700614
30594182 8689533
30594183 1413556
30594184 1413556
30594185 1413556
5665933 5665937
10465416 2329005
649583 172707
41874 172707
30594186 172707
13356971 172707
3389586 172707
3389587 172707
10439239 172707
30594187 6631807
10453361 6631807
30594188 2989432
30542300 30542302
14082035 14082037
9430581 9430596
30594191 9430596
30594192 9430596
30594193 3479335
2950091 3479335
10448905 7802810
10518627 10518631
10518627 8212938
9499085 9499077
10563688 10563691
700684 1458558
30567913 30567914
10328445 10328447
30594196 30594197
10528800 1413597
30594201 1413597
30594202 4201095
1772489 1772441
1090187 1954751
3702011 3261372
25467403 9125411
9125418 9125411
9125419 9125411
10565600 9125411
10565605 9125411
10565610 9125411
30594203 9043540
10462311 10462148
10462312 10462148
10462309 10462148
10462292 10462148
10462218 10462148
10462310 10462148
10462304 10462148
30594205 10462148
30594206 10462148
10462293 10462148
10462288 10462148
10462284 10462148
10462279 10462148
10462164 10462148
10462225 10462148
10462239 10462148
10462182 10462148
10462199 10462148
10462201 10462148
10462195 10462148
10462178 10462148
10462267 10462148
10462138 10462148
10462202 10462148
10462271 10462148
10462184 10462148
10462185 10462148
10462283 10462148
10462179 10462148
10462144 10462148
10462197 10462148
10462173 10462148
10462263 10462148
10462181 10462148
10462177 10462148
10462246 10462148
10462194 10462148
10462190 10462148
10462232 10462148
10462183 10462148
10462200 10462148
10462157 10462148
10462275 10462148
10462186 10462148
10462294 10462148
10440066 10440076
30594208 10440076
30594209 10440076
30594211 10440076
15594176 7579642
30594212 9475401
30594213 7252422
15588689 7252422
30594216 30594217
7480792 7480794
5242 47157
4255572 4255573
30593912 5838656
30594218 8224977
30594219 30594220
10600987 6594657
30594222 9322604
30594223 6481196
6887007 6886995
6887008 6886995
10609862 10609865
10609862 10609866
30594224 6191959
30594225 6646129
30594229 5423042
9239467 9239460
9239446 9239460
22002994 10657334
15298664 8655577
30594230 8843727
30594231 8843727
25468366 8843727
10643392 8843727
8843733 8843727
30594232 8627164
6625782 6625775
30594237 30594238
5003620 5003640
15596295 5003640
5003804 5003640
14072079 1743470
6526568 6526565
30594242 6526565
30571189 9409069
7430787 7430781
25405835 14688017
15338090 11080726
30571189 30571192
30594243 30594244
10467305 6700443
55135 107575
10656235 107575
30594246 5064888
30594247 5064888
25469390 7805789
12387393 10808182
30594248 15888667
30594255 15888667
30594261 15888667
13972195 8596408
30594262 8596408
13972126 8596408
30594273 8596408
10588849 8715530
30594279 8715530
13962444 7681840
10594296 10594298
30594281 10711912
30594283 10711912
30594285 10711912
30594286 10711912
30594287 10711912
30594289 10711912
22283030 10711912
30594291 10711912
30594292 10711912
30594293 10711912
30594294 6576068
10463048 6576068
30594295 5501463
10602226 5507636
13435839 5507636
30593566 5757551
25406313 5972347
2734910 2734924
5703055 1748930
30593566 1776367
12810319 1776367
15593684 7486041
14010601 8786848
10440064 10440067
15599399 10440067
2650358 3269779
13706034 10595806
30594222 8566428
14028283 11576957
6439391 6439406
30594301 10435480
10570171 10551868
30594303 8664730
30594304 8664730
10516547 2326951
10604007 701884
30594305 701884
10449064 701884
10563555 10563558
10528722 10528725
10579998 10528725
30594306 4786874
13421903 4786874
30594308 30594309
30594313 10462118
10462108 10462118
5926981 5927005
218759 672003
30594314 6872598
25406303 15472969
25405876 15472969
13883750 6753875
30594315 7490831
5003620 5003611
15596295 5003611
5003785 5003611
5003631 5003611
5003605 5003611
10602326 5003611
10442512 6766915
13971573 6766915
10442524 6766915
10442527 6766915
5003620 5003648
15596295 5003648
5003859 5003648
5003839 5003648
15597415 5003648
15597415 5003648
10602260 5003648
5003620 5003649
10602299 5003649
10602286 5003649
10602285 5003649
10602270 5003645
5003620 5003645
15597412 5003645
30576966 12174565
30579505 30579506
30249295 106261
51168 106261
13343940 5540798
10642269 4264649
30594316 6344880
15595198 2719241
30594318 2719241
6477889 6477832
6477869 6477832
6477836 6477832
6477883 6477832
30594322 14386748
30594325 14386748
5003620 5003638
15597415 5003638
10602243 5003638
10606603 5003638
14040692 9024362
10555953 9024362
14052640 9024362
10442531 9024362
30594326 8298603
30594327 8676262
30594328 8676262
30594329 8676262
24344307 3571952
30594330 1789800
2263647 2983378
13427854 13427856
10555576 7470535
30594331 6651322
30594333 3228039
30594334 3228039
10612812 8657437
9285570 7299067
9285590 7299067
30594336 2310027
30594346 2310027
30594347 2310027
30594348 2310027
24389834 24389837
10631730 10631733
30593829 107576
30594353 107576
30593833 107576
30593831 107576
30594377 107576
30593788 107576
30594378 5609497
30594379 1789871
30594381 227704
30594382 227704
30594383 227704
30594384 227704
30594385 227704
30594386 227704
30594387 227704
30594388 227704
30594389 227704
30594390 227704
30594391 227704
30594392 227704
30594393 227704
10610791 227704
10610792 227704
1460478 227704
30594394 227704
30594395 227704
30594396 227704
30594397 227704
30594398 227704
30594399 227704
30594400 227704
30594401 227704
30594402 227704
30594403 227704
30594404 227704
30594405 227704
30594406 227704
30594407 227704
30594408 227704
30594409 227704
30594410 227704
30594411 227704
30594412 227704
30594413 227704
30594414 227704
30594415 227704
30594416 227704
30594417 227704
30594418 227704
30594419 227704
15367216 3565931
15367224 3565931
14133978 12065014
30591526 1789851
13482146 11707887
30594420 790077
10458958 9287174
10459012 9287174
10459018 9287174
10459024 9287174
10459027 9287174
10459006 9287174
30593414 15520877
30593415 15520877
30593418 15520877
30594421 15520877
30593421 15520877
30593422 15520877
30593425 15520877
30593426 15520877
30593428 15520877
30593430 15520877
30593431 15520877
30593432 15520877
30593433 15520877
30593438 15520877
30593439 15520877
30594422 15520877
30594423 15520877
30593444 15520877
30594424 15520877
30594425 15520877
30594426 15520877
30594427 15520877
30593448 15520877
30594428 15520877
30594429 15520877
30594430 15520877
30594431 15520877
30594432 15520877
30594433 15520877
30594434 15520877
30593456 15520877
30594435 15520877
30594436 15520877
30593457 15520877
30593459 15520877
30594437 15520877
30594438 15520877
30594439 15520877
30594440 15520877
30594441 15520877
30593460 15520877
30594442 15520877
30594443 15520877
30593463 15520877
30594444 15520877
30594445 15520877
30594446 15520877
30594447 15520877
30593466 15520877
30594448 15520877
30594449 15520877
30594450 15520877
30594451 15520877
30594452 15520877
30594453 15520877
30594454 15520877
30594455 15520877
30594456 15520877
30594457 15520877
30594458 15520877
30594459 15520877
30594460 15520877
30594461 15520877
30594462 15520877
30594463 15520877
30594464 15520877
30594465 15520877
30594466 15520877
30594467 15520877
30594468 15520877
30594469 15520877
30594470 15520877
30594471 15520877
30594472 15520877
30593490 15520877
30594473 15520877
30594474 15520877
30594475 15520877
30594476 15520877
30593491 15520877
30594477 15520877
30594478 15520877
30594479 15520877
30594480 15520877
30593980 15520877
30594481 15520877
30594482 15520877
30594483 15520877
30594484 15520877
30594485 15520877
30593981 15520877
30594486 15520877
30594487 15520877
30593498 15520877
30593500 15520877
30594488 15520877
30594489 15520877
30594490 15520877
30594491 15520877
30594492 15520877
30594493 15520877
30594494 15520877
30594495 15520877
30594001 15520877
30594496 15520877
30594497 15520877
30594498 15520877
30594499 15520877
30594500 15520877
30594501 15520877
30594502 15520877
30594503 15520877
30594504 15520877
30594505 15520877
30594506 15520877
30594507 15520877
30594508 15520877
30594509 15520877
30594510 15520877
30594511 15520877
30594512 15520877
30594513 15520877
30594514 15520877
30594515 15520877
30593350 14555492
25405963 14592544
25467651 7392622
14164844 583722
14051430 1342525
1342558 1342525
10492153 1342525
30594516 9230571
30594517 5919808
15599690 5919808
10623074 10623077
1459503 701857
227088 701857
1459504 701857
4404654 941137
10572988 941137
10572990 941137
10573007 941137
10573051 941137
3389588 3786409
3389589 3786409
3389590 3786409
3786417 3786409
30594521 10393795
14081806 10393795
10439734 10393795
30594527 5163097
30577484 1954740
1090180 1954740
10457156 10457159
2285289 1413547
2285292 1413547
30594529 1413547
30594530 1413547
30594531 1413547
30594532 1413547
10452962 1413547
10448912 1413547
10448918 1413547
30594533 9190261
10441086 1898162
3527862 1898162
10441290 1898162
1034781 1898162
5601659 1898162
2321306 3025798
10611154 10611156
30561118 4991170
10625897 4991170
30565592 4991170
10635177 6425191
30594537 15573214
30594538 15573214
30594539 8430499
10610015 10610006
30594540 10610006
30594541 10610006
10610003 10610006
30594542 6117324
30594543 5598726
30594544 5598726
30594545 5598726
13905455 10462264
10462253 10462264
1557374 2417732
30594546 5973841
30593544 8889587
30594549 30594550
30594552 13101496
10613228 8971806
10613240 8971806
10606724 10606728
30594553 6753883
30594554 6753883
30594557 11983921
10629471 3239029
30594558 2773743
15593985 6827229
30594559 12541278
655959 1398474
14016492 1398474
10449289 1398474
10595733 10595745
13640427 10595745
30594560 30594561
30594562 30594563
10571693 10571696
30594564 9501293
30593566 9536847
10599109 9536847
10440628 7071525
10463539 5985
10623052 10623054
15597657 15374549
5199831 5199823
30593097 7896418
1584479 2442980
30593293 6701938
10809665 9142788
6335201 6335188
6335270 6335188
9056693 6335188
14078965 7311188
10481874 7480033
10516557 7480033
10518091 7480033
7480007 7480033
10488336 1295512
996484 1844793
15465991 1844793
10640789 10640791
30594565 4526798
10473731 10011787
30594566 1450583
10504743 1450583
4524571 1450583
10504686 1450583
10587669 1450583
10523971 10523999
10574368 8855839
10463543 8855839
25466723 5542919
14117682 1341789
10477405 1341789
10555338 7556691
10555351 7556691
30594567 9295303
30594569 696213
30559962 696213
10442909 696213
700836 696213
1458701 696213
1390634 2264033
30594570 8862598
1930315 2706726
30594571 6545406
30594572 6545406
30593566 9638274
14046457 11041012
15135097 15135099
30594575 9217220
30594576 23735169
10626093 8149256
10626476 8149256
10629428 8149256
10622495 8149256
10622476 8149256
10627540 8149256
10622402 8149256
30594577 15859432
1458701 1481842
30594584 9220210
30594586 8815966
30594587 8815966
30593689 9439481
30593690 9439481
30593691 9439481
30594588 7575078
30594589 9327748
30594590 4375456
30594591 4375456
4290234 4375456
10453961 7088032
30594592 1579192
30594593 1579192
1578781 1579192
790607 1579192
10544367 10544370
13943521 9326587
14126585 9326587
13962444 9326587
15302362 1767160
30594594 6362042
30594595 6362042
30594596 6362042
30594597 6362042
30594598 6362042
30594599 6362042
30594600 6362042
30594601 6362042
30594602 6362042
30594603 6362042
30594604 6362042
30594605 6362042
30594606 6362042
30594607 6362042
30594608 6362042
30594609 6362042
10593066 6362042
10593022 6362042
10593071 6362042
10593039 6362042
10593076 6362042
30594610 6362042
10593061 6362042
30594611 6362042
10593034 6362042
10614466 6362042
30594612 6362042
10593086 6362042
10593029 6362042
10593045 6362042
10593056 6362042
10593041 6362042
12202300 6362042
15595303 7294329
30562232 8767613
1580416 1343114
605724 1343114
30594613 9254721
10652206 697876
11860468 11860465
30594588 8295314
10462633 10462637
10462635 10462637
10462649 10462637
10462631 10462637
10462654 10462637
25413652 25413656
25466796 25466799
25466798 25466799
2213174 2947855
10019491 8040644
10600854 10600856
10456495 5614047
30594614 5614047
30594615 6609507
30564136 29706020
30594616 29706020
10658154 3707928
25467310 15781947
10610299 10610305
30594617 30594618
30594620 30594621
10595794 7033596
13706034 7033596
10625140 10625143
30594622 9210912
15596322 8296753
15596319 8296753
10626103 3982525
10611928 10611930
15594795 8805436
30594623 6821474
6821425 6821474
30594624 1342552
10446582 1342552
30594627 9650912
30594628 9491384
30594629 6732757
1764251 935031
10599041 10599044
15367219 7312832
15596879 7312832
15596879 7312832
10476438 7341494
28808124 11234982
14556866 14556863
13705939 10595765
10595763 10595765
10595761 10595765
10595769 10595765
10595774 10595765
28851452 6834420
30594630 10009422
10457148 683906
10462117 5598696
30594631 5598696
30594632 5598696
30594633 5598696
30594634 5598696
30594635 5598696
30594636 5598696
10593091 5598696
10593081 5598696
30594637 5598696
30594639 5598696
30594640 5598696
30594641 5598696
10462066 5598696
10462131 5598696
10462081 5598696
10462077 5598696
5003846 5003642
5003620 5003642
15596295 5003642
5003620 5003647
15597412 5003647
10602278 5003647
10602272 5003647
15596295 5003647
5003853 5003647
5003660 5003647
5003811 5003647
5003818 5003647
5003825 5003647
5003868 5003647
5003877 5003647
15597415 5003647
10602245 5003647
10602253 5003647
10602319 5003647
10602313 5003647
10602293 5003647
5003751 5003647
10606601 5003647
10598073 6000236
10595823 6000236
10595828 6000236
10595834 6000236
10595839 6000236
10596382 6000236
10596384 6000236
15596784 6000236
30594642 7150159
30594643 7150159
30594644 7150159
30594645 7150159
30594646 7150159
30594647 7150159
10596361 7150159
13676781 7150159
6175569 6144518
14088891 6144518
30594648 6144518
30594649 30594650
30594651 30594650
30594652 12669073
42103 173183
15293909 15293906
10593125 5585493
15599696 14441472
30594653 11735656
30594654 11735656
30594655 11735656
30594656 5856608
30594657 14630933
30594660 14265683
15594795 14624890
30593992 6475828
30594661 6475828
30594662 6475828
30594663 6475828
30594664 6475828
30594665 6475828
30594666 6475828
30594667 6475828
30594668 6475828
30594669 6475828
30594670 6475828
30594671 6475828
30594672 6475828
30594673 6475828
30594674 6475828
30594675 6475828
30594676 6475828
30594677 6475828
30594678 6475828
30594679 6475828
30594680 6475828
30594681 6475828
30594682 6475828
30594683 6475828
30594684 6475828
30594685 6957553
30594686 15291463
30594687 7037747
7037722 7037747
6166784 6166798
15597567 7312393
15596873 7312393
25467679 4433160
10574937 9351615
30593566 1776368
10598944 8236472
15596322 8236472
15596319 8236472
10598920 8236472
10598929 8236472
10598954 8236472
30594688 6428874
30594689 6428874
30594690 6428874
30594691 30594692
30594695 10416120
10482873 10416120
13894410 10416120
30594700 10416120
30594701 10416120
14062972 10416120
14105840 10416120
30593716 14760985
30593912 15292158
15595198 2869481
3123198 2869481
10611593 10611596
4482239 2606355
10420080 222444
30594702 9625599
30594703 9274369
30594704 12302782
30594705 6021807
30594706 14224854
2990714 3506257
10606689 10606686
10606683 10606686
9330376 9330373
14055134 10471941
10578259 10578262
30594707 4988917
10611222 10611224
30594708 8736338
30594709 8777474
213134 497520
30594710 497520
30594711 497520
10440164 497520
30594712 497520
10439549 497520
10655790 497520
30594713 497520
157878 497520
14397443 497520
9430581 9430573
10650371 9430573
213134 649648
10528810 9284738
10628016 10628018
30553101 9498587
3884479 3533563
3533663 3533563
3025546 3533563
3533585 3533563
3533581 3533563
3884501 3533563
10459051 3533563
30594714 15482971
30594715 2270939
13332217 2122283
15629011 2122283
15596775 2122283
30593566 14429889
30594716 9358950
10532566 4241247
30594717 5150926
2285922 1413572
30594718 1413572
10457332 1413572
690069 1444956
30594719 1444956
10596375 1444956
30594724 1444956
30594725 1444956
30594726 1444956
30594722 1444956
30594720 1444956
30594721 1444956
30594723 1444956
3228360 1444956
10574333 701858
227088 701858
10574339 701858
10622528 701858
30594727 701858
10627920 701858
15597231 15330986
13984701 11693912
30594730 8891568
30594731 8891568
30594732 8891568
30594733 8891568
10606716 8891568
30594734 30593994
30594735 30593994
30594736 30593994
30594472 30593994
30594737 30593994
30594738 30593994
30594739 30593994
30594740 30593994
30594741 30593994
30594478 30593994
30594742 30593994
30594743 30593994
30594744 30593994
30594488 30593994
30594745 30593994
30594746 30593994
30594747 30593994
30594748 30593994
30594749 30593994
30594750 30593994
30593993 30593994
30594751 30593994
30594499 30593994
30594752 30593994
30594753 30593994
30594754 30593994
30594755 30593994
30594756 30593994
30594757 30593994
30594758 30593994
30594765 10491083
30593611 5672492
30594767 11219314
10568495 3025495
30594769 15356969
30594770 15356969
30594771 15356969
30594772 8495522
13868357 9287570
30594774 10625203
25467348 10625203
10625196 10625203
25405912 11462731
10616311 9341337
30594777 698432
672015 1415065
10439673 1415065
672072 1415065
15367222 1415065
10439679 1415065
30594778 1415065
10439676 1415065
30594779 1415065
30594780 1415065
672005 1415065
30594783 5095084
3123198 3600253
30594784 9455736
226252 700665
30594785 700665
700718 700665
10670285 700665
700666 700665
30594786 7492333
30594787 15552978
30594788 15552978
30594789 15552978
30594790 15552978
30594791 15552978
30594792 15552978
30594753 15552978
30594793 15552978
30594794 15552978
30594795 6924343
30594796 6924343
30594797 30594798
30594800 30594798
30594801 221597
7384277 7384271
7384296 7384271
30594803 15477315
30594505 15477315
30594804 15477315
30594805 15477315
30594806 15477315
30594807 15477315
30594808 15477315
30594809 15477315
30594810 15477315
30594811 15477315
110561 255091
66411 255091
9430581 9430588
30594757 9430588
30594812 9430588
30594813 15326522
30594814 15326522
10615803 8899001
30594815 9900967
30594816 9900967
30594817 9900967
30594818 9900967
30594819 9900967
30594823 9900967
30594824 9900967
30594825 9900967
723765 1485430
30593293 14609194
10519128 650012
30594826 217275
30594827 30594828
30594829 9430590
30593495 9430590
30593983 9430590
30594830 9430590
30594831 9430590
30594832 9430590
30594833 9430590
30594834 9430590
30594789 9430590
30594835 9430590
30594836 9430590
30594837 9430590
30594838 9430590
30594839 9430590
30594840 9430590
30594668 9430590
30594841 9430590
30594842 9430590
30594843 9430590
30594844 9430590
10650371 9430590
10443765 9430590
30594847 9430590
30544256 6462165
5003751 5003799
10650161 9430664
10652270 5582072
663244 1405838
10475272 4398711
30594852 8307757
30594853 8307757
30593406 30593407
30593410 30593407
30593447 30593407
30594854 30593407
30594855 30593407
30594431 30593407
30594856 30593407
30593455 30593407
30594857 30593407
30594438 30593407
30594858 30593407
30594859 30593407
30594860 30593407
30594861 30593407
30593462 30593407
30594862 30593407
30594863 30593407
30594864 30593407
30594442 30593407
30593465 30593407
30594865 30593407
30594866 30593407
30594867 30593407
30594868 30593407
30594444 30593407
30594869 30593407
30594870 30593407
30594871 30593407
30594449 30593407
30594872 30593407
30594787 30593407
30594451 30593407
30594873 30593407
30594874 30593407
30594452 30593407
30594875 30593407
30594876 30593407
30593477 30593407
30594456 30593407
30594877 30593407
30594878 30593407
30594460 30593407
30594879 30593407
30594880 30593407
30593478 30593407
30593481 30593407
30594881 30593407
30594882 30593407
30594883 30593407
30594884 30593407
30594465 30593407
30594885 30593407
30594886 30593407
30594887 30593407
30594470 30593407
30594888 30593407
30594889 30593407
30594890 30593407
30594734 30593407
30594891 30593407
30594892 30593407
30594738 30593407
30594739 30593407
30594893 30594894
30594897 30594894
30594898 30594894
30594899 30594894
30594900 30594894
30594901 30594894
30594902 30594894
30594903 30594894
30594904 30594894
30594905 30594894
30594906 30594894
15532681 6244506
10439239 6244506
30594741 9618295
30594907 9618295
30594477 9618295
30594908 9618295
30594909 9618295
30594910 9618295
30593978 9618295
30594911 9618295
30594912 9618295
30594743 9618295
30594913 9618295
30594914 9618295
30594915 9618295
30594916 9618295
30594917 9618295
30594918 9618295
30594919 9618295
30593990 9618295
30594920 9618295
30594921 9618295
30594749 9618295
30594922 9618295
30594923 9618295
30594665 9618295
30594924 9618295
30594925 9618295
30594675 9618295
30594926 9618295
30594927 9618295
30594928 9618295
30594929 9618295
30594930 9618295
30594931 9618295
30594932 9618295
30594933 9618295
30594934 9618295
30594935 9618295
30594936 9618295
30594937 9618295
30594938 9618295
30594939 9618295
30594940 9618295
30594941 9618295
14051898 7093607
30594942 12331886
9926215 9926228
30593364 5854878
30593369 5854878
30593370 5854878
30593371 5854878
30593374 5854878
30593375 5854878
30593377 5854878
30593378 5854878
30593379 5854878
30593384 5854878
30594946 5854878
30593386 5854878
30593387 5854878
30593391 5854878
30593392 5854878
30593410 5854878
30593411 5854878
30593413 5854878
30593414 5854878
30593415 5854878
30593416 5854878
30593417 5854878
30593418 5854878
30594421 5854878
30594887 5854878
25405876 25405879
5665935 5665939
10441244 10441253
30594947 9177084
9430581 9430592
30594823 9430592
30594954 8925493
30594955 8925493
30594956 8925493
30594957 8925493
30594958 8925493
30594959 8925493
30594960 30594961
30594965 30594961
30594966 30594961
30594967 30594961
30594968 30594961
30594969 30594961
30594970 30594961
30594971 30594820
30594972 30594820
30594973 30594820
30594974 30594820
30594975 30594820
30594976 30594820
30594977 30594820
30594819 30594820
30594978 30594820
30594979 30594980
30594982 30594980
30594983 30594980
30594984 30594980
30594985 9860511
30594855 9860511
30594424 9860511
30594856 9860511
30594986 9860511
30594987 9860511
30594988 9860511
30594989 9860511
30594990 9860511
30594991 9860511
30594992 9860511
30594866 9860511
30594993 9860511
30594994 9860511
30594871 9860511
30593468 9860511
30594787 9860511
30594788 9860511
30593472 9860511
30594455 9860511
30594995 9860511
30594875 9860511
30594878 9860511
30594996 9860511
30594997 9860511
30594464 9860511
30594998 9860511
30594999 9860511
30594882 9860511
30595000 9860511
30595001 9860511
30595002 9860511
30594889 9860511
30595003 9860511
30594890 9860511
30594736 9860511
30593485 9860511
30594737 9860511
30595004 9860511
30594891 9860511
30594739 9860511
30595005 9860511
30594475 9860511
30594742 9860511
30595006 9860511
30595007 9860511
30594483 9860511
30595008 9860511
30594911 9860511
30595009 9860511
30595010 9860511
30595011 9860511
30594790 9860511
30595012 9860511
30595013 9860511
30595014 9860511
30594747 9860511
30594838 9860511
30595015 9860511
30595016 9860511
30594490 9860511
30594793 9860511
30594794 9860511
30595017 9860511
30594502 9860511
30595018 9860511
30595019 9860511
30595020 9860511
30595021 9860511
30594680 9860511
30595022 9860511
30595023 9860511
30595024 9860511
30595025 9860511
30595026 9860511
30595027 9860511
30595028 9860511
30595029 9860511
30595030 9860511
30595031 9860511
30594893 9860511
30595032 9860511
30595033 9860511
30595034 9860511
30595035 9860511
30595036 9860511
30595037 9860511
15595329 534829
15595324 534829
9926216 9926198
10589726 5076506
7047954 7047950
54576 224034
15337902 3932588
30593687 3932588
3674669 3223900
10629000 3223900
3674670 3223900
30595038 14702125
21798648 10626253
10626250 10626253
30595039 10626253
10626260 10626253
21711022 10626253
10575426 351906
2947956 3478181
4986948 2437573
10457210 2437573
10457214 2437573
4986949 2437573
10500777 2437573
30595040 30595041
30594094 30594095
30595042 30594095
30595043 30594095
30595044 30594095
30595045 30594095
30595046 30595047
30595050 30595047
30595051 30595047
30595052 30595047
10650161 9430593
30595053 7427886
30595054 7427886
13845649 12811161
30595055 30595056
30593351 10894845
30593365 10894845
30593366 10894845
9430581 9430591
30595058 15377833
30595059 15377833
30595060 15377833
30595061 15377833
30595062 15377833
30595063 15377833
30595064 15377833
30595065 15377833
30595066 15377833
30594844 30594845
30595067 30594845
30595068 30594845
30595069 30594845
30595070 30594845
30595071 30594845
30595072 30594845
30595073 30594845
30595074 5635227
30595077 5635227
30595078 5635227
30595079 5635227
30595080 9543164
7037722 5884392
30595081 10855695
30595082 10855695
30595083 30595084
30595086 30595084
30595087 30595084
30595088 30595084
30595089 30595084
30595090 30595084
30595091 9660712
30595092 9660712
30595093 11304903
10565207 9552705
10565262 9552705
10565243 9552705
10565264 9552705
10565225 9552705
10565064 9552705
10565191 9552705
10565217 9552705
10565199 9552705
41875 172762
3478715 3848288
29704224 7672427
30595098 5677981
10505006 84080
30595099 30593985
30593984 30593985
30595100 30593985
30595101 30593985
30594960 30594962
30594965 30594962
30594966 30594962
30594967 30594962
30594968 30594962
30594969 30594962
30594970 30594962
30595102 5833649
30594819 5833649
30595103 5833649
30595104 30595105
30595107 30595105
30595108 30595105
30595109 30595105
30595110 30595105
30595111 30595105
30571189 14831899
30595112 12609549
30595113 12609549
30595114 12609549
30595115 12609549
30595116 12609549
10624718 10624720
30595117 9650716
30595118 9650716
30595119 9406413
30595120 9406413
30595121 9406413
13996148 7744990
14049082 7744990
30593387 15575143
30593388 15575143
30593392 15575143
30593393 15575143
30593394 15575143
30593396 15575143
30593399 15575143
30593401 15575143
30593402 15575143
30593403 15575143
30593406 15575143
30593413 15575143
30594421 15575143
30593419 15575143
30593420 15575143
30593423 15575143
30593426 15575143
30593427 15575143
30593428 15575143
30593431 15575143
30593432 15575143
30593435 15575143
30593436 15575143
30593439 15575143
30593440 15575143
30593441 15575143
30593451 15575143
30594428 15575143
30595122 15575143
30594432 15575143
30594992 15575143
30595123 15575143
30594439 15575143
30593468 15575143
30593469 15575143
30593470 15575143
30593471 15575143
30593293 4170237
1390697 723976
5475175 5475204
30595124 12462904
30595125 10624463
10624465 10624463
10624466 10624463
10624467 10624463
10624460 10624463
30595126 10624463
30595127 10624463
30595128 10624463
30595129 10624463
30595130 10624463
30595131 10624463
2216939 1342588
30595133 1342588
30595135 1342588
30595139 1342588
30595140 1342588
30595141 1342588
30595142 1342588
30595143 1342588
30595144 1342588
30595146 1342588
30595150 1342588
30595152 1342588
30595153 1342588
30595156 1342588
2216940 1342588
30595159 1342588
15327028 1342588
30595162 1342588
30595164 1342588
30595165 1342588
14946088 1342588
30595168 1342588
30595170 1342588
30595171 1342588
30595172 1342588
10623096 10623098
14110920 14110922
10598944 10598930
15596322 10598930
15596319 10598930
10598922 10598930
10598937 10598930
10598947 10598930
10598966 10598930
10598968 10598930
10598975 10598930
10598982 10598930
10598989 10598930
10598996 10598930
30595175 30595176
13965971 6477463
3478618 1450597
30595178 21696354
24406843 14795996
1341380 2214454
30595181 5928608
5928531 5928608
1391650 354102
24389151 354102
5003613 354102
5003598 354102
5003576 354102
5003569 354102
30595182 354102
30573247 354102
8740817 8740831
10640641 10640643
30595186 12729607
30595187 15470479
30595188 15470479
30595189 15476686
14001743 6214412
30595190 9539955
30595194 9539955
30595195 9539955
30595191 9539955
30571189 12645554
14279007 14279024
28864008 7669134
30592831 28771678
7055262 7055255
14116476 6812472
14039595 6812472
30595197 5176874
10465190 3970738
3669956 3970738
30595198 105983
2312445 1576804
30595199 695170
10551044 695170
5690637 5690634
10452746 9495428
10452742 9495428
10452747 9495428
10452734 9495428
30595200 350596
30595201 9260461
3521606 670198
3008077 670198
30595202 354161
30553213 583711
15360162 2181548
10474067 9020553
10474071 9020553
10474076 9020553
10474065 9020553
3882058 4106740
226253 700707
30595203 15453895
10560039 10560041
30595204 1444789
689635 1444789
30595205 1444789
30595206 11241798
1098445 1965276
11775598 11775595
30595207 1391318
7037722 1391318
10305979 9316495
30593687 6078802
30595208 106046
30595209 9573070
30546619 9573070
10629410 9573070
10626390 9573070
10442495 3878207
4615252 3878207
3878228 3878207
3523367 3878207
3523345 3878207
4104399 3878207
10442580 3878207
4526283 3878207
4593853 3878207
10442583 3878207
4641662 3878207
3878230 3878207
4566051 3878207
3878208 3878207
30595210 3878207
30595211 3878207
10442503 3878207
30595212 3878207
4656407 3878207
4350738 3878207
4350740 3878207
30595213 3878207
4581197 3878207
4633659 3878207
4624615 3878207
4604893 3878207
4416503 3878207
4499083 3878207
30595214 3878207
4548593 3878207
10442501 3878207
4253903 3878207
4416506 3878207
10442497 3878207
4463486 3878207
10442565 3878207
10442498 3878207
4649440 3878207
4104441 3878207
30556412 30556413
1734846 1342538
3208092 1342538
10590051 1342538
10462786 1342538
10544390 1342538
10457854 1342538
1416217 1342538
10481874 1342538
10462689 1342538
10516584 1342538
10462750 1342538
2217069 1342538
1406780 1342538
2289025 1342538
10523042 1342538
30595215 1342538
4618818 1342538
10596392 1342538
4628113 1342538
10638434 1342538
10447099 1342538
30595216 1342538
10447092 1342538
30595217 1342538
30536643 224096
30536648 224096
13499790 8857337
3029876 2326949
1584494 1584483
223358 223349
223350 223349
1458645 223349
223356 223349
30593724 223349
54389 223349
30595223 15758707
10448931 10448935
30595224 8130784
10606222 10606224
14124602 1720977
10526161 1417199
30595225 8990097
30595227 9395696
30595228 6002477
30595229 4942098
15841929 3982278
30595232 30595233
10523971 9536516
30595236 7216598
3243527 2613191
9239446 9239461
13944573 13944575
1098445 1965277
30595237 15555297
10626211 10626213
30595242 30595243
30595246 14867477
30595247 8464263
10587604 1450592
30595248 27241623
30595250 27241623
30595248 27241628
30595250 30313961
10576486 10576491
10576484 10576487
14022000 10845496
10465548 10465559
4256207 4352232
10523168 7302397
10459732 1413606
1702179 1413606
10507386 1413606
30595252 1450593
30595253 1450593
14044647 1450593
13918110 1450593
10556560 1450593
10556544 1450593
10556562 1450593
10487360 1450593
10487354 1450593
2285440 1413551
30595254 30595255
10439035 10439037
30595258 30595259
679707 1424431
679707 1424432
807938 1610133
30595262 12268804
30595264 30595265
30595267 30595265
30595268 30595269
30595270 30595271
30595273 30595271
30595274 30595271
30595275 30595271
30595276 30595277
30595279 30595277
30595280 30593077
30593430 30593077
30595281 30595282
30595283 30595282
30595284 30595282
30595285 30595282
30595286 30595282
30595287 30595288
30595290 30595288
30595291 30595288
30595292 30594759
30595293 30594759
30595294 30594759
30595295 30594759
30594758 30594759
30595296 30594759
30595297 30594759
30595298 30594759
30595299 30594759
30595300 30594759
10484641 7120478
10562461 9810657
10562458 9810657
10590484 10590487
7873135 7872999
6631530 6631552
30595301 6631552
30595303 6631552
30595305 6631552
10879543 6631552
30595307 9546914
30595308 14443797
10518520 6397846
30595309 6397846
30595310 10972935
30595311 10972935
22012333 10739691
30595312 9578219
30595313 9578219
30595314 9578219
10441211 10436748
10535803 903166
30595315 14245310
3537656 3886980
30595316 5809711
30595317 5809711
30595324 5809711
30595325 5809711
30595326 5809711
30595327 5809711
30595328 5809711
30595329 5809711
30595330 5809711
30595331 5809711
30595332 5809711
30595333 5809711
30595334 5809711
30595335 5809711
30595336 5809711
30595337 5809711
30595338 5809711
30595339 5809711
30595340 5809711
30595341 5809711
30595342 5809711
30595343 5809711
30595344 5809711
30595345 5809711
30595346 5809711
30595347 5809711
30595348 5809711
30595349 5809711
30595350 5809711
30595351 5809711
30595352 5809711
30595353 5809711
30595354 5809711
30595355 5809711
30595356 5809711
30595357 5809711
30595358 5809711
30595359 5809711
30595360 5809711
30595361 5809711
30595362 5809711
30595363 5809711
30595364 5809711
30595365 5809711
30595366 5809711
30595367 5809711
30595368 5809711
30595369 5809711
30595370 5809711
30595371 5809711
30595372 5809711
30595373 5809711
30595374 5809711
30595375 5809711
30595376 5809711
30595377 5809711
30595378 5809711
30595379 5809711
30595380 5809711
30595381 5809711
30595382 5809711
29587602 5809711
30595383 5809711
30595384 5809711
30595385 5809711
30595386 5809711
30595387 5809711
30595388 5809711
30595389 5809711
30595390 5809711
30595391 5809711
30595392 5809711
30595393 5809711
30595394 5809711
30595395 5809711
30595396 5809711
30595397 5809711
30595398 5809711
30595399 5809711
30595400 5809711
30595401 5809711
30595402 5809711
30595403 5809711
30595404 5809711
30595405 5809711
30595406 5809711
30595407 5809711
30595408 5809711
30595409 5809711
30595410 5809711
13291760 1491107
10560584 4993446
30595411 4108265
30595412 4108265
2285671 1413561
2285657 1413561
30595413 7019751
30595414 7587566
30595415 7587566
30595416 2281610
10584708 2281610
30595418 2281610
30595419 2281610
1406780 2281610
30595421 2281610
10447251 2281610
10584723 2281610
30595417 2281610
10578690 2281610
10534584 10534587
10505791 10505796
10573694 10573698
6335201 6335268
6335270 6335268
10612296 10612299
10612300 10612299
7465516 7465507
7465509 7465507
30595422 11203221
30595423 1413607
30595424 14294259
30595425 1413601
2286442 1413601
14063524 6235432
10518300 6235432
10518292 6235432
14059775 9947427
10500808 1413577
13998846 1413577
10526615 7028192
10652219 9628571
10652341 9902358
30595427 9095445
24413235 24413237
30595428 9954956
30595430 9660565
15148681 9660565
15148678 9660565
30595431 9660565
30595433 9660565
30595434 9660565
30595435 9660565
30595436 9660565
30595437 9660565
30595438 9660565
30595439 9660565
30595440 9660565
30595441 9660565
30595442 9660565
30595443 9660565
30595444 9588623
9588625 9588623
9588601 9588623
9588626 9588623
14074654 1413604
10505164 6901785
14010344 6901785
14011625 6901785
3510846 216563
30595445 9763544
10528659 9763544
30595446 2844487
10481094 1413569
14029394 1413569
28908694 8003989
10562544 9638363
1342857 2217592
10460134 2217592
30595447 2217592
10460328 2217592
10572883 2217592
10463174 2217592
30595448 30595449
30595450 9636133
30595452 30595453
30595455 14202931
30595455 14202931
14202929 14202931
25406303 25406305
25406303 14811447
30594337 15481477
10558562 10558565
10442088 988843
14133040 988843
1834578 988843
10441776 7662779
14072079 7662779
30593821 6502473
30593817 6502473
30593823 6502473
30593827 6502473
30593825 6502473
30593819 6502473
5685619 5685662
1072726 1934532
2213487 1340670
10460142 1340670
2212809 1340670
10460126 1340670
10460124 1340670
10460122 1340670
1449268 2318739
30595456 3269787
13878056 3269787
14109311 3269787
24354228 3269787
30595457 3269787
30595459 3269787
2650360 3269787
13983075 3269787
223359 689568
10438324 10438330
24411355 10417844
25406055 11863108
10623522 6520395
9619479 9477013
10642110 10642112
10534220 10534223
30595460 10534223
14128329 10534223
30595461 10534223
10482082 1413590
10531780 1413590
10497706 10497667
10497726 10497667
14080093 8959489
14080095 8959489
14076156 8959489
10630704 1462651
30595462 6196055
30595463 8226249
2533358 2533340
1702180 2533340
1702178 2533340
30594100 10562575
10562573 10562575
10568888 10568893
605718 1343027
605719 1343027
10550925 10550907
10550927 10550907
30595465 8340485
2312444 1934443
30595466 7421105
25436194 7421105
10567155 10567161
5690043 5690067
10433438 1789827
15595324 7078372
24340373 8913970
24353348 24353350
10655940 7602882
15597567 15298667
30594517 15298667
15298664 15298667
15596886 15298667
15596873 15298667
15599399 15298667
30595468 8636605
30595469 8636605
30595470 8636605
30595471 8636605
30595472 8636605
30595473 8636605
30595474 8636605
30595475 8636605
30595476 8636605
30595477 8636605
30595478 8636605
30595479 8636605
30595480 8636605
30595481 8636605
30595482 8636605
30595483 8636605
30595484 8636605
30595485 8636605
30595486 8636605
30595487 8636605
30595488 8636605
8636620 8636605
30595489 8636605
30595490 8636605
30595491 8636605
30595492 8636605
30595493 8636605
30595494 8636605
30595495 8636605
30595496 8636605
30595497 8636605
30595498 8636605
30595499 8636605
14087905 10586642
10586640 10586642
30595500 30595501
10563527 10563529
30595505 10563529
30595506 8768509
30595507 8768509
14030956 8880656
24416754 14288563
30595508 14288563
13878097 10436558
10605700 8296718
10488910 10488912
10615892 10615894
10591812 10591814
30595510 10591814
10573761 902347
13883261 10478329
10504005 10478329
10492566 1342061
10492536 1342061
10492533 1342061
10510287 1342061
10492632 1342061
10492521 1342061
10492641 1342061
10492557 1342061
10492562 1342061
10492479 1342061
10492527 1342061
10492506 1342061
10492481 1342061
10492532 1342061
10492693 1342061
10492500 1342061
10492517 1342061
10459683 1413592
10490254 10458042
14069638 10458042
10458072 10458042
10458039 10458042
10458043 10458042
10458048 10458042
10458078 10458042
10458054 10458042
10494580 10458042
14069640 10458042
10490250 10458042
14069644 10458042
13994829 11070795
14019760 11070795
13902156 11070795
6887990 6888058
10536471 10536474
30544188 10430546
5622184 5622384
10503646 5622384
10503761 5622384
14034811 5622384
10463582 5622384
14004369 1413578
3007384 1413578
10492981 1413578
10490228 1413578
30595511 1413599
10527080 1898136
13967208 1898136
10527128 1898136
30595512 6477235
10556048 10556051
30595513 9758892
2947956 3478186
10616345 10616347
10599880 10599882
10599936 10599882
10599963 10599882
30595514 1458151
30539707 1458151
30595515 1458151
30595517 1458151
2328894 1458151
10499107 1458151
30595518 14383121
9323529 9323520
10442508 10442511
5665933 5665936
15334769 3786410
30595519 3786410
3389591 3786410
15593611 3786410
30593100 3786410
30594146 3786410
30595520 3786410
30595521 3786410
30593101 3786410
30595522 3786410
30595523 3786410
30595524 3786410
30593102 3786410
30595525 3786410
30595526 3786410
30595527 3786410
30595528 3786410
30595529 3786410
30595530 3786410
30595531 3786410
30595532 3786410
30595533 3786410
30595534 3786410
30595535 3786410
30595536 3786410
30595537 3786410
30595538 3786410
30595539 3786410
30595540 3786410
30595541 3786410
30595542 3786410
30595543 3786410
30595544 3786410
30595545 3786410
30595546 3786410
15594795 3786410
30595385 3786410
30595547 3786410
30595548 3786410
30595549 3786410
30595550 3786410
30595551 3786410
30595552 3786410
30595553 3786410
30595554 3786410
30595555 3786410
30595556 3786410
30595557 3786410
30595558 3786410
30595559 3786410
30595560 3786410
1855468 2656962
1855452 2656962
30595561 2656962
10555361 10555364
7210180 7210178
30595562 1413593
10489026 1413593
10453220 8674663
30595563 9664524
30564060 10991921
4778031 4778565
30595564 9170788
30595565 1413559
10490156 1413559
10534732 1413559
30595566 1436298
14099945 1436298
30595567 1436298
30595571 1436298
13883038 1436298
10489140 1436298
10509996 1436298
10509998 1436298
30595572 1436298
30595573 7433195
30595574 7433195
5622185 5509290
5622312 5509290
5622155 5509290
5622158 5509290
5622161 5509290
5622186 5509290
23742597 23742599
13391640 4259
3531551 3883150
6481487 6481484
30595575 1413564
30595576 12308881
1763454 2581723
10481046 7236010
3985921 3692429
3247393 3692429
3985923 3692429
24397994 3692429
3692432 3692429
10449000 6993348
10490163 1413549
25405876 25405883
5622160 5622333
5622187 5622333
5622156 5622333
5622368 5622333
5622337 5622333
5622165 5622333
5622188 5622333
5622157 5622333
687034 687029
687036 687029
2286372 1413596
30595580 6582684
2286465 1413605
1735313 928316
30595581 5792387
10494871 5792387
10494882 5792387
10495273 5792387
5860904 5860943
1970500 2742295
2285843 1413568
14049941 1413568
30595582 1413552
10457383 1413552
10457390 1413552
10508046 1413552
13998616 1413552
13998611 1413552
13998613 1413552
13998614 1413552
30595583 1413552
10458593 1413552
10535897 1413552
10458345 1413552
10505205 1413552
10457396 1413552
10508041 1413552
10458340 1413552
10457376 1413552
10506925 1413552
10447410 1413552
2285457 1413552
10574112 1413552
30576634 1304719
13900726 10383516
4883864 4883915
15596778 4883915
14179872 10573425
10573423 10573425
30595584 7685872
30595585 8833672
30595586 1421105
10605912 1421105
10497697 1421105
10654331 10654333
30548346 8224601
10438813 10400500
10445063 8783582
10442506 10442507
10442504 10442507
10569222 5318666
1458645 2329445
13896867 10435145
10420080 10420075
1072725 1934527
1456852 1445515
4496776 4525297
6887008 6887054
10442454 6534620
30595587 11519863
9140179 9140167
13956432 3212159
603817 1340861
30595590 1413588
25406055 25406057
10480994 1413548
2285355 1413548
1415662 1413548
3734171 3311081
10458088 7078158
10458059 7078158
10458050 7078158
10458082 7078158
13884587 7078158
10491179 7078158
10458094 7078158
10458076 7078158
15597449 15375897
25405876 25405882
25406065 11088219
10588558 7722801
10609732 2995375
10578636 2995375
13640427 2995375
14105621 2995375
14082873 2995375
10593159 2995375
30595591 7684279
1099962 1342400
10587569 1342400
10556560 1342400
30594701 1342400
10556562 1342400
14051377 1342400
30595593 1342400
10442815 2329262
1458529 2329262
2329264 2329262
213807 650300
30595599 5125177
3478176 2947956
3478181 2947956
8958871 8958866
30595603 8958866
10476089 8958866
30595604 1413566
10507328 1413566
3531551 3883152
30595605 4378538
10706041 10706040
10706033 10706040
10532473 10532477
30595606 30595607
30595608 29369156
30595611 10465528
10559639 10465528
10465535 10465528
10497750 10465528
10549962 1341769
604634 1341769
30595612 345666
10659643 10659645
10659732 10659735
10659734 10659735
10561035 10561037
30595613 537736
30249551 928867
30595614 5660641
4858699 4858715
30593172 4858715
30595615 4858715
30595616 6499830
30595617 6499830
30595622 6499830
10442924 6499830
13868357 13868364
13868357 13868366
13868357 13868368
13868357 13868367
13868357 13868361
13868357 13868362
13868357 13868360
13868357 13868365
13868357 13868371
13868357 13868363
28730716 28730718
686680 189552
30595623 11602929
10487187 513203
30595624 6971342
6971344 6971342
30595625 6971342
30595627 340511
10595303 340511
30595628 5705974
15596784 7892960
10439221 5162030
30595629 5162030
10439179 5162030
10439219 5162030
10439183 5162030
10439217 5162030
10439210 5162030
10439212 5162030
10439185 5162030
10439180 5162030
10439216 5162030
10439194 5162030
10439214 5162030
30595630 5162030
10439177 5162030
30595632 5929
10517908 5929
3531551 3883151
14020196 14020199
10531917 10531920
10531916 10531920
10531914 10531920
10531925 10531920
13640430 13640433
10592474 10592477
10595803 10595807
10595801 10595807
10595804 10595807
10595815 10595807
13676781 10595807
13676781 10595830
10595784 10595786
10595782 10595786
13706001 10595786
30593604 10529281
15599818 15599820
30595633 393540
13915577 393540
10657333 10657342
5703647 5703631
25406061 25406063
13967249 13967251
2312444 3022027
13879142 13879145
688052 1443166
30349545 30349544
13988688 10440356
13982729 10440356
14107753 10440356
30081214 30081217
30595634 1584344
14049082 1584344
14157059 14157061
13994938 13994940
10492130 7033156
30595635 1441704
10441776 1441704
10442936 1441704
687035 1441704
10442934 1441704
10442946 1441704
10440979 7633549
30595636 7633549
30593576 9654929
30595637 6801629
10501412 10501415
14121291 14121293
23742597 14121293
7572044 7572037
7572045 7572037
10442709 5147949
30595638 5147949
696207 1450742
13876518 13876520
13876518 13876521
6494312 2134770
30595639 5981984
30595640 3536072
13897208 3536072
13897212 3536072
13964263 3536072
14091262 3536072
13998609 3536072
13920484 3536072
3029830 3536072
13974029 3536072
30595641 30595642
10462800 7298467
30595644 9218976
9926214 9926224
9926220 9926237
9926220 9926238
5798081 5798118
30595646 7202119
30595648 5220455
30595649 3460844
10653845 7226880
7226926 7226880
7226938 7226880
30595650 7226880
10640397 7226880
10640393 7226880
10640424 7226880
10640431 7226880
7314848 7314856
30595651 7673661
30595655 7673661
30595658 7673661
10611928 9245849
10658154 10643590
30595661 30595662
10443165 497489
1182747 497489
157877 497489
497498 497489
213131 497489
15595004 497489
649596 497489
15595002 497489
15594997 497489
30595665 497489
213133 497489
30595670 15775997
7438674 7438701
30595671 15772588
5003620 5003650
15596295 5003650
5003900 5003650
30595672 30595673
30595674 3458465
30595675 2264445
25406065 14815335
10509384 10509402
3531549 3883139
30595679 10422849
14017151 10422849
10587646 10422849
10587562 10422849
10643176 10643179
10640057 10640047
10640045 10640047
30595680 7898576
30595681 9254644
30595682 9254644
30595683 9254644
10638197 10638199
10463875 9333677
30595684 8131576
14118752 1831258
10499133 1831258
30542222 30542223
10557958 5488802
30595685 25405276
30595686 25405276
30595687 25405276
30595688 25405276
30595689 25405276
30595690 25405276
30595691 25405276
30595692 25405276
30595693 12325962
10622968 9788019
10641060 3087531
30595694 3087531
30595695 3087531
30595696 7558123
30595697 7558123
30595698 7558123
30595699 7558123
30595700 7558123
30595702 7558123
30595703 7558123
30595704 7558123
30595705 7558123
30595706 7558123
30595707 7558123
30595708 7558123
30595709 7558123
30595710 7558123
30595711 7558123
30595712 7558123
30595713 30595714
30595715 1413598
30595716 30595717
30595720 30595717
30595721 30595717
213129 649579
10483356 6310226
989771 1835518
30593096 6826953
13899853 2326950
3029915 2326950
3886017 2326950
3536109 2326950
3029916 2326950
10486967 5166735
30595722 7058136
10439138 7058136
30595723 7058136
13920785 7058136
30593622 7058136
30595724 7058136
30595725 7058136
30595726 7058136
30595727 7058136
30594696 7058136
30595728 7058136
30595729 7058136
30595730 7058136
13884462 7058136
30595731 7058136
10442697 7058136
223008 689109
30595732 12284471
30595733 9143400
356541 98364
15230490 13072856
30595734 7062064
30595736 1341935
13885711 1341935
14020942 1341935
14039352 1341935
10465412 1341935
30595737 1341935
10553679 1341935
10487120 10487122
30558818 15756703
30595738 2326960
13978720 2326960
10457459 8721104
223841 694297
10639528 6632968
30595739 30595740
1579636 2438329
30595741 8113566
30595742 9594972
15593611 9302603
30594146 9302603
30595744 9302603
30595745 9302603
30595746 9302603
30595747 9302603
30595748 9302603
30595749 9302603
30595750 9302603
30595751 9302603
30595752 9302603
30595753 9302603
30595754 9302603
30595755 15759901
30595759 10680868
10525958 10525961
10525960 10525961
10518640 10518642
30595760 1413576
10572565 1413576
30595761 1413576
30595769 1413576
30595770 1413576
30595771 1413576
30595772 1413576
30595773 1413576
13975308 1413576
30595774 1413576
14039793 1413576
14135293 1413576
30595775 1413576
30595776 1413576
30595777 1413576
13952927 1413576
6122426 1413576
10472974 1413576
13912600 6500565
10551866 10551872
10532566 10532573
6480315 6480299
10572318 808386
290212 808386
30595778 5818913
10651293 5613515
10651290 5613515
30595779 9033556
30595780 30595781
10444928 10444930
30595789 5184992
10529128 227415
3531551 3883149
2947753 2949583
30595790 2949583
30595791 8500524
30595792 30595793
30595796 7279129
30595797 1450589
649044 1390620
30595799 10396533
5935877 1413550
30595512 1413550
2285417 1413550
13959862 1413550
14068062 6473623
13889410 7128384
4256207 4352231
10471763 10471781
10559381 10559385
15593796 3083713
30595385 8499886
1584495 2443036
30595800 2443036
30595801 6264289
697777 1454163
30595806 15782074
30595807 15782074
30595808 15782074
30595809 15782074
30595810 15782074
30586247 5888386
10570171 6649084
10518065 1413586
10622649 9318059
30595811 9318059
10457839 10457851
30595812 1413581
10453210 1413581
2286116 1413581
2286117 1413581
10555563 4604860
4593812 4604860
30595813 6580428
30595814 6580428
6629656 6629649
30595815 6629649
10460250 6434097
30595816 5112941
30595817 8482989
520040 1221777
30595818 1221777
2285817 1413567
2285816 1413567
2285815 1413567
10587548 1450595
10555344 1450595
30595819 1450595
30595820 1450595
30595821 1450595
10555330 1450595
30595822 683907
10636942 9620076
30595825 6832885
30595826 1413595
30595827 6061970
13889408 2614595
30595828 1413563
10518058 1413563
30595829 1413563
10564397 1413563
21972111 4810585
10442924 8291110
650727 214142
30594994 14475977
30594867 14475977
30593471 14475977
30595830 14475977
30594448 14475977
30594876 14475977
30595831 14475977
30595832 14475977
30595833 14475977
30593475 14475977
30594997 14475977
30595834 14475977
30595835 14475977
30594462 14475977
30595836 14475977
30595837 14475977
30594463 14475977
30595838 14475977
30593482 14475977
30595839 14475977
30595840 14475977
30594468 14475977
30595841 14475977
30594469 14475977
30594892 14475977
30595842 14475977
30594474 14475977
30595843 14475977
30595844 14475977
30593493 14475977
30595845 14475977
30595846 14475977
30594740 14475977
30594480 14475977
30595847 14475977
30594908 14475977
30593497 14475977
30595848 14475977
30594482 14475977
30594831 14475977
30595849 14475977
30595850 14475977
30595009 14475977
30594746 14475977
30595851 14475977
30595852 14475977
30594914 14475977
30595853 14475977
30595854 14475977
30594918 14475977
30593502 14475977
30595855 14475977
30595856 14475977
30594835 14475977
30593997 14475977
30595857 14475977
30595858 14475977
30593998 14475977
30595859 14475977
30595860 14475977
30594922 14475977
30594671 14475977
30595861 14475977
30595862 14475977
30595863 14475977
30595864 14475977
30595865 14475977
30595866 14475977
30595867 14475977
30595868 14475977
30595869 14475977
30595870 14475977
30595871 14475977
30595872 14475977
30595873 14475977
30595874 14475977
30595875 14475977
30595876 14475977
30595877 4377601
4436581 4377601
9015307 9015333
9015308 9015333
10501805 9015333
9015306 9015333
30595878 10720822
30595879 7434681
30595880 5038469
30570994 5038469
10441008 5038469
30595881 4424413
2316151 928370
5977864 5977863
5977840 5977863
30595882 7678190
13998429 7678190
10466473 9018058
30595883 1015360
1390698 1015360
15594838 1015360
30595884 1015360
25435930 1015360
1090180 1015360
30582828 1015360
3030156 3536227
3030165 3536227
3536288 3536227
3030166 3536227
3030143 3536227
13928679 3536227
3030157 3536227
3030167 3536227
3030145 3536227
2315519 1413580
10459504 1413580
6481486 1413580
10459506 1413580
30553326 10831396
10543917 7542051
30595886 7542051
10543924 7542051
25469378 8521442
4131071 4271074
30595887 14328568
14110691 5214962
5073893 5073902
5073894 5073902
30595889 14260916
1456851 2326919
10473891 2326919
30595313 10437930
30594522 10437930
30595890 1413554
30595892 1413554
10453367 1413554
10493874 1413554
10493821 1413554
30595894 1413554
30595896 2271011
14000121 10722850
30595897 1413544
30595898 1754165
10500859 7154167
30595899 7154167
13908026 12690890
6012692 5242484
6012655 5242484
30595900 9114728
30595903 6457669
30595905 11028341
30595906 11028341
30595907 7892748
5956618 5956680
10526920 8102770
10488570 1413573
3986462 4172612
10472637 10472641
10491162 10472641
10592331 9652161
10565664 1413608
30595908 1413608
10439410 6626099
13921972 8186916
14032179 344980
30595909 9418298
30595910 7592757
30595911 9289710
4618818 1342534
2212710 1342534
4628113 1342534
10555016 1342534
10485367 1342534
10555023 1342534
30595912 6565739
7276507 6236115
10581228 7980128
1445141 928364
10651387 7390726
30595913 7390726
1445141 2314421
30595914 30595915
10485056 10485060
3007425 1413583
1418238 2293578
10448984 1413545
10636084 10636086
13972226 13972228
30595916 5976655
10528306 10528311
30595918 30595919
30595922 30595919
30595924 30595919
10555103 10555107
4762120 4763214
4593812 4604861
10575087 10575089
10536211 10536215
30595930 2949473
30595931 2949473
30595932 2949473
10485381 2949473
30595934 2949473
10483835 2949473
30595936 2949473
30595937 2949473
2215723 2949473
10501770 2949473
10501774 2949473
10485669 2949473
10485471 2949473
30595938 2949473
10501749 2949473
30595939 2949473
13944505 2949473
30595933 2949473
3479153 2949473
10494093 2949473
2949476 2949473
14080002 2949473
10483844 2949473
30595940 2949473
2215713 2949473
30595941 2949473
30595942 2949473
30595943 2949473
10579991 2949473
10457984 2949473
997647 1847179
14101173 1847179
10545286 10545290
12953181 1413582
30595944 11322014
218229 218224
669872 218224
30595949 218224
1413537 218224
1413525 218224
669986 218224
669987 218224
1413638 218224
3520951 218224
1413639 218224
2286483 218224
669873 218224
4120649 3906115
4120650 3906115
4120651 3906115
5975944 5975963
10484064 8842603
9330388 8842603
9330407 8842603
1342794 2217565
10446734 8914842
10446718 8914842
10446726 8914842
12079765 9246269
8202299 8202315
24341863 10437226
3536111 3886018
603404 1340580
10485289 1340580
10485353 1340580
10485346 1340580
2216605 1340580
10485304 1340580
10485286 1340580
10485319 1340580
10485329 1340580
10485313 1340580
10485297 1340580
10485330 1340580
10485288 1340580
6281480 1340580
6281465 1340580
10526601 1340580
10457367 1340580
13894850 1340580
10485337 1340580
30595952 9358932
30595953 5670040
10570228 8537102
10567269 8879359
30595954 5783143
3598574 3598570
3119579 3598570
30595955 1413558
10592365 1413558
30595956 10838744
10441776 1413553
3030148 1413553
10500891 1413553
3030168 1413553
30595958 10416629
30595959 10416629
30595960 10416629
13994853 10416629
13962531 10416629
30595963 30343723
30595964 7007726
11785721 11785715
10528682 8857553
8939163 8939167
8939158 8939167
10441039 6809213
10441045 6809213
10474284 6449730
10477307 6449730
10505068 10505070
13902821 10531343
30595965 3509019
1449268 2318740
30595966 3614143
30595967 6177712
10563402 6177712
14075094 9189200
10555545 2993075
10625013 1954766
10625016 1954766
10625007 1954766
10625010 1954766
5689974 5689962
30595968 8271478
30595969 8271478
603404 1340581
10523936 1340581
30563990 1340581
4463459 1340581
603407 1340581
10469578 1340581
30595989 1340581
22012286 1340581
2216852 1340581
10636783 6108801
30593546 30593547
10534473 1413574
30595990 1413574
13354650 7574481
13354653 7574481
13354655 7574481
10628148 9283332
10622884 9283332
10622901 9283332
30595991 9283332
2947956 3478187
14122882 6429589
10479909 9201737
10479902 9201737
10479904 9201737
10553000 10553003
10577269 10553003
30594716 9633144
10456029 10456037
30595992 10456037
14042386 10456037
10482873 10456037
30595993 3642652
30595995 5913263
10446112 10446122
1584496 2443037
30595996 2443037
23745872 3314513
30562278 107583
5860838 5860926
10440323 5860926
10588454 2618474
14029400 1444587
10572058 10572060
9316181 9316201
30595997 1413585
10481115 1413585
24404047 1340453
10556637 3180367
30595998 5662484
30595999 30596000
14071774 6552561
30596006 11075608
1451626 2322117
3026469 2322117
961196 362548
30596007 3479081
13981980 3479081
2949362 3479081
14063197 3479081
30596008 3479081
5688654 3479081
10532566 10532574
10492594 1342247
10492499 1342247
10517989 6654448
30593544 9897726
10442656 10442658
30596009 12944053
30596010 12944053
5588955 5588953
30596011 6098093
30596014 6217591
13743595 6217591
13640430 6217591
10659749 6217591
10457137 6217591
10457122 6217591
1771464 2585725
10462322 10462206
10462284 10462206
10555545 10555550
30596016 4988910
30596019 4988910
30596020 4988910
30596021 4988910
30596022 4988910
30596023 4988910
30596024 4988910
30596025 4988910
30596026 4988910
30596027 4988910
30596028 4988910
30596017 4988910
10452906 10452908
8202299 7558082
30593834 7558082
13901603 6286071
2312444 3022026
5030067 5030069
9239446 9239459
14649446 14649444
8861138 8861124
8861131 8861124
8861132 8861124
30596029 9582846
3986462 4172610
2450185 3129982
12368510 2766089
1034778 1898137
5665852 5665875
30596030 5665875
5665983 5665875
30596031 5665875
15593060 5719975
15593613 5719975
30596042 5719975
15593611 5719975
30593100 5719975
15593619 5719975
30596045 5719975
30596046 5719975
30596047 5719975
30596048 5719975
30596049 5719975
30596050 5719975
30596051 5719975
30596052 5719975
30596053 5719975
30596054 5719975
30596055 5719975
30596056 5719975
30596057 5719975
2300744 3014747
30596058 7500717
30596060 6728691
13971994 8751129
10587625 221607
10587669 221607
10588149 221607
2264611 649815
2984992 649815
213348 649815
1391248 649815
649817 649815
10578145 10578148
13955505 7386275
30596061 10509385
14082152 10509385
30596063 10509385
30596064 10509385
30596065 10509385
14050852 10509385
10509381 10509385
10549906 10509385
10569176 10509385
10549893 10509385
10549913 10509385
10549934 10509385
13995903 10509385
30596066 10509385
14004233 10509385
10549976 10509385
10549941 10509385
10587632 10509385
10488174 1413555
10518343 1413555
10562557 8155304
28837996 9227732
10490603 10490605
2213175 2947856
3220815 237238
30596067 7025142
30596068 7025142
30596069 7025142
30596070 7025142
30596071 7025142
30596072 7025142
30596073 7025142
30596074 7025142
30596075 7025142
30596076 7025142
30596077 7025142
30596078 7025142
30596079 7025142
30596080 7025142
30595061 7025142
30596081 7025142
30596082 7025142
30596083 7025142
30596084 7025142
30596085 7025142
30596086 7025142
30596087 7025142
2215723 1342539
13499790 8502444
10517744 6079195
3022014 3531557
15781690 15781688
14076559 3152252
10467071 7826763
30556412 4114226
6235423 6235425
30596088 8231812
10475224 6815887
10475226 6815887
10475231 6815887
10475235 6815887
10475227 6815887
10475238 6815887
10475241 6815887
10475244 6815887
30596092 6815887
10475400 6815887
30596094 6815887
10475113 6815887
10475115 6815887
30596095 5860696
10441987 5860696
30596100 6395369
14104921 6395369
10517737 6395369
30596101 10694044
30596102 8768293
30596103 8768293
10564713 8768293
10588737 10588739
10588752 10588739
10555555 10555566
10465615 10378251
10465617 10378251
13958295 1450599
14191790 1450599
30596104 1413591
10522853 10522855
30596105 2571183
30596106 2571183
30596107 8644173
30596108 9483426
8892695 8892747
10505176 6408755
30596109 4370673
30594130 9608065
30594128 9608065
10543439 1413579
10474198 1413579
10543425 1413579
10623338 10623341
30596110 1413543
30596111 1413543
10481181 1413543
13398263 8738034
14010956 8738034
13398261 8738034
30596112 8738034
30596117 8738034
10532365 10532369
10551814 10532369
10570194 10532369
14071616 6584623
13901087 6584623
30596119 6584623
13359984 6584623
13901089 6584623
30596120 6584623
30596121 6584623
10460143 6584623
10448594 10448599
10470241 8065057
30562999 10421364
2285768 1413565
10488948 8620526
24415514 10369445
14180232 10369445
5622189 5622386
5622190 5622386
5622191 5622386
5622192 5622386
5622193 5622386
5622194 5622386
14183162 10436358
2212723 2947790
10451646 10034773
10451635 10034773
10451640 10034773
10451633 10034773
10452006 10034773
30596122 15533498
30595456 10437571
13902784 6634402
14049082 10730654
30596123 5959955
30596126 5959955
13964261 5959955
30596127 5581482
14003684 5581482
13992557 5581482
14138167 5581482
10442533 9952443
10442540 9952443
30595248 27241629
10441768 5836907
10581244 7061742
14110920 6321023
15593093 4393147
30594577 15898081
14195344 1450591
13969569 1450591
10556602 1450591
30596128 6630627
6394099 928860
30596129 14287582
30596130 1341358
604172 1341358
30596131 353973
30596132 30596133
5665852 5665878
5665933 5665878
4993001 4993038
3522729 1850997
13897208 1850997
13897212 1850997
10505297 1850997
13964263 1850997
14091262 1850997
13998609 1850997
1001399 1850997
1456872 1850997
13920484 1850997
10481188 1850997
10449307 1850997
3029830 1850997
13974029 1850997
10466451 1850997
10481190 1850997
10632475 10632478
14101004 14101006
4960811 4960826
10573365 790102
10535650 701193
30596135 15670128
13499790 9033229
13343940 2160748
13499790 6436105
10451540 10451551
10578138 7346899
2985729 5882
30596136 5882
50484 5882
10623091 10623093
10631707 10623093
11860468 5192700
30596137 15862685
30596141 8571289
12387393 8141207
25406280 12018796
30596142 30596143
10518126 1413589
14025032 1413589
30593834 1413589
14025034 1413589
30596146 1413589
13980122 6230058
10630075 9003309
10628033 9003309
30558864 9003309
30539266 9003309
10626088 9003309
30582890 9003309
10626110 9003309
10626471 9003309
30596147 30596148
226253 700708
30596151 5780915
30596152 5780915
30596153 12296413
10532277 10509018
10570171 10509018
30594972 11739579
30596154 30596155
30595907 1340713
30596156 1340713
13409799 2216063
10488475 7947592
10641136 10641138
30596157 8976563
30596158 8828675
30571047 8185837
30559962 8609845
30354865 6957308
30595523 1945210
25433283 25433281
30596159 30596160
30596165 3179062
13956794 1447242
10643424 7333139
7452351 7333139
42255 174148
10570171 9402459
10535472 9402459
10442920 5829589
30594196 5972584
7415313 7415331
10476099 1847180
30596166 1847180
10563606 1847180
10563138 1847180
30596167 1847180
997647 1847180
14038610 1847180
30596168 1847180
10563140 1847180
10533849 6221056
10439097 534416
213132 534416
10572682 534416
10440152 534416
10572669 534416
13896850 534416
13387250 534416
10441553 534416
13484411 534416
30596170 534416
10440793 534416
15299135 534416
15655036 534416
14126000 534416
2264572 534416
30596171 534416
534419 534416
8768381 534416
8768355 534416
30595744 534416
649527 534416
13985330 534416
10442994 534416
1391157 534416
173191 534416
10442297 534416
30596172 534416
649729 534416
4287955 4373632
30596173 4373632
30596175 5831234
30596176 5831234
30596177 5831234
30596178 5831234
30596179 5831234
30596180 5831234
30596181 5831234
30596182 5831234
30596183 5831234
30596184 5831234
30596185 5831234
30596186 5831234
30594815 5831234
30596187 5831234
30594816 5831234
30595291 5831234
30596188 5831234
30596189 5831234
30596190 5831234
30594819 5831234
30596191 5831234
30596192 5831234
5888593 5888591
5003620 5003637
15596295 5003637
5003832 5003637
3123198 3459923
30596193 9252723
13899853 5564760
15599685 5564760
30588461 5564760
25405876 5918336
1458646 1304718
30596194 1450587
10544017 1450587
13989442 1450587
15244321 1450587
997647 1450587
13989440 1450587
1088672 700319
10438816 700319
30596195 700319
30596198 15440158
