12766810 5469
8004516 42322
14840371 142065
2385149 327667
14547424 55338
29369024 1069261
12359031 391907
3226921 218110
30799981 709869
30799983 113657
11621868 710127
3905431 95476
30799985 96281
28796622 161229
30799986 198605
4320815 623460
1775016 288720
11927464 299643
14871646 710246
10058741 516446
583809 231295
30799987 55366
747247 66148
10070112 2731
30799989 339674
30799990 1407006
1592804 374496
14829329 261961
30799992 98273
30799994 238233
30799996 299346
30799998 95005
30323088 320894
11903676 305872
30799999 366192
2385194 97966
23754956 394148
30800000 447721
30800001 78241
5302615 94513
11245799 345621
14821257 728005
10179572 55342
2128673 325407
11859116 395171
14851118 274220
1526923 64945
1526926 99520
1722513 682761
12250205 354666
6450971 687672
30800002 49800
8330806 107013
30800003 759167
30800004 359082
14844233 225659
30800006 1033108
30331582 64949
10079966 478279
30800007 1000383
30800008 388502
28922118 347174
10093380 332347
10083878 670160
30800009 346741
2386166 97406
30800010 218295
9996385 175677
2385853 429253
9996391 779264
30800011 95591
12956810 347975
1527464 240514
14862615 340343
30800012 345721
30800013 41934
996419 1468584
14823259 341074
30800016 85829
3905511 710237
11161193 1198847
15546918 484566
21911788 53043
30800017 55339
30800018 312862
1592803 267323
29368970 63220
12170103 192374
30800019 188743
9430764 49570
29369787 36178
29371139 875033
10015603 685092
2845883 363583
944555 312772
11019217 2321545
30800021 95890
5013214 347078
30800022 1074176
30800023 21886
30800024 1570854
6462357 1490912
30800026 107879
30800027 70616
30800029 94641
30800032 890932
30800034 2381340
30800037 924516
14837289 62372
9774376 962379
12622058 504512
11822987 3233285
11822974 39657
11823002 1117826
30800039 53472
29371241 321762
1592808 34680
12736639 75157
30800041 126146
30800043 338311
30800044 102227
30800045 81078
30800046 328832
30800047 77738
30800049 284691
8347534 1819247
30800050 134075
30800052 1046131
30800053 77830
7853827 660310
30800055 366316
11301829 471927
30800056 1566289
2056770 408263
2183541 131191
30800057 8725
2833296 128023
7996277 802005
14823538 343229
2385274 608798
6610674 260700
1592813 320856
2171778 872757
14863375 246840
14863378 728612
29368967 226588
30800061 337483
12774650 604099
11202192 42323
2385169 361646
30800063 111505
14873133 196514
30800065 355957
14831309 524081
29368982 384046
30323065 389770
340900 65891
14446613 368097
30800067 92390
30800069 388745
14847127 790929
11276052 230942
30800070 2425782
30800071 196821
30800074 606898
30800076 815129
3567383 830913
30800077 127867
747249 299760
353732 219822
30800080 220614
30323085 42294
1527290 66234
30800081 513116
29371510 38852
10074851 324174
30800083 383187
30800084 71619
12239623 75030
10066954 96101
29368986 698249
30800094 255760
3129907 1008018
799841 125121
12199781 1240985
30800096 135080
1592819 100050
30800097 394471
12668934 792313
30800099 330879
30800100 92866
11995378 1488245
29368992 414255
30800102 2230737
12249562 537634
14436927 50640
30800104 94441
30800105 223858
10057019 110313
12021193 1751460
30800106 98598
2183159 310730
12020563 957323
29368981 133962
30800107 2398104
14839852 41577
30800108 384729
2449652 1273221
2449653 513117
2449983 986186
30800109 52443
30800113 1030815
15572016 510187
14276920 75544
30800114 884908
30800117 721721
747260 312773
30800119 122644
30800122 96395
30800125 884475
30800127 938511
14729793 349599
3461191 22451
11704656 241087
11336274 137390
30800128 117456
6728575 161025
9977441 780052
30800129 98990
13206415 582575
1527371 311734
30800130 497904
14881286 74541
9810010 1336518
30800131 1038875
15370710 701928
30800132 123342
583848 87869
2578889 586535
2578891 70820
3218286 453809
30800133 1309420
11461268 112353
14829170 1078563
30800134 606577
2181813 1621
14863867 1670594
30800136 95843
3567520 391990
11388569 92948
30800137 545875
30800138 1795018
10065576 879616
10854854 95420
13208100 228577
30800140 1458272
30800143 144659
5872744 1471375
30800146 407600
1775171 137994
30800149 22645
508195 228395
11284586 77299
30800151 275082
2182035 2051
30800152 380489
30800153 467418
4344713 478596
7390225 189083
12695416 358424
10055446 98794
30800155 362064
30800158 772273
2385143 53309
14861290 94379
30800159 954515
30800162 820770
2734646 220047
30800163 396849
30800167 606980
30800169 322260
8780437 503001
1844633 128627
8630089 366153
30323064 946161
30800170 242974
30800172 907401
30800174 55531
30800175 1258695
30800176 154096
30800177 932753
30800179 199475
14854638 1653648
30800181 770066
30800182 416660
30800184 912238
2984560 134384
30800185 42383
11389455 70130
29368949 1149511
29368948 2736243
2986544 432984
30800186 102869
14838243 404560
11342624 156326
30800187 52505
9939960 307295
11732157 336477
30800189 112766
10084642 360930
2692180 175445
30800191 325865
30800192 52867
29371658 1552535
30800193 780456
29370807 248813
29370168 109137
14863945 105687
2921792 101773
30800195 388563
2268515 413873
30800196 210661
29340293 664536
30800198 450366
30800199 352627
14824396 116088
10051800 192777
30800201 137091
14837522 92193
30800203 95001
3501247 253506
30800204 922336
30800206 960051
15372690 801241
30800210 53112
3968146 104318
30800214 107787
30800217 637877
30800218 572780
30323057 572575
10063119 276168
10048660 799278
7856931 536492
2385971 107816
30800220 13331
14864028 92428
30800222 346815
29369408 1180000
10804977 340407
30800223 604199
9777562 363060
14854695 52143
14827064 1692580
39770 42615
28797094 52772
2449971 328671
30800224 359175
14836783 127306
3708521 135338
4356798 339070
30323058 54617
1527012 1489902
29369023 120744
29372299 297558
2558292 73093
11920753 157139
29027608 100865
2920926 986897
29370502 98894
10068610 313730
30800225 446602
30800226 353307
12618309 124601
1592829 166801
14871133 875192
14487127 50955
1592800 227326
2915761 1180049
14879509 98856
1775168 190414
3077889 92194
30800227 499329
30800228 313830
287221 801357
2385856 233355
801347 386756
28733618 397490
10076548 218350
30800229 49651
445943 129758
6565139 416691
11310153 207959
30800230 352061
2572367 1661930
30800232 664610
8826956 862062
30800233 22825
30800236 8901
30800239 36068
29368773 2273
13097109 63684
30800240 265115
5994923 242634
8866303 1733437
14870299 332090
8125148 392706
14871835 128332
30800242 396409
30800244 827190
14782814 831824
30800246 81079
10076497 338061
12054971 196253
30800249 38601
30800251 40152
10646051 167249
4284399 908224
14823425 63457
1592820 101379
29368770 109460
996440 53375
30800253 800836
2921747 52283
30800254 470348
14839357 939247
14840435 257216
1526967 235251
30800255 218184
9885655 191142
14863998 207674
12448426 346625
2920807 99466
9177465 318470
10729131 26979
2313752 338367
29335107 248315
996426 213163
30800258 248587
7853093 109361
15413124 86953
8022990 1616187
30800261 573703
29370223 92391
29369026 784897
14849592 95477
30800263 208129
747251 159430
30800264 662981
747278 335602
30800266 341128
30800268 162021
29372238 248607
29369706 350373
12354497 17044
2448570 121061
14847822 413231
9847312 800397
30800270 906762
14840742 105965
3643164 737770
30800273 663911
9937039 142296
3226847 450768
30800275 759564
12746365 316875
253577 2765
9953032 1007039
30800277 1124020
30800278 94642
14865105 46551
10063245 1154492
30800279 1788206
7707022 320895
30800280 1606972
2591876 539310
30800282 338527
9820276 852853
11611086 1063220
29368987 1135017
3234821 108872
3404102 10439
30800283 99992
583714 136229
2845512 28935
30800286 77581
1527250 280626
10050255 211429
23762857 960600
30323079 266066
14408374 95421
14832118 800543
30800289 50956
30800290 437996
12967159 587673
29368959 145499
30800291 481322
6528856 339140
30800292 947136
30800294 328978
583819 451865
9998563 325329
12922729 917038
928383 85355
30800296 1306479
30800298 580190
10078295 675651
29371833 321765
30371675 1263137
15369620 921888
30800299 710855
2385496 98090
29372298 652871
2810858 351744
15631236 738443
30800301 650610
14862555 371696
30800303 989988
2182959 65259
11737901 163614
1393472 70132
30800304 523256
30800308 236343
30800309 100229
30800310 445273
30800313 345070
10060890 320896
30800314 924106
10076676 350302
30800315 193707
30800316 140103
30800317 583012
30800319 691176
11572436 673146
6710368 141925
10060558 361082
6710371 384159
5735677 173386
8561931 172028
30800321 204474
10726962 669704
14823150 653263
30800322 637775
10069196 220091
30800323 338945
30800324 738446
30800326 354568
30800327 752645
30800328 345147
10596655 338436
30800330 666392
3677138 452599
2182968 665568
30800331 932236
7758161 932223
1201806 36140
2385854 143678
15335299 96569
14800386 312625
10079968 1067659
30800332 173143
7957038 629565
30800333 697408
9807298 95800
30800335 864661
30800339 139461
15555092 95585
9829187 340094
15521443 121432
2449822 104605
11593239 1249406
14860677 109557
30800342 673847
30800343 143026
30800344 1018039
12316391 780040
30800345 726292
10027133 304606
13206845 245933
11505895 856723
14860054 353348
12502413 1025104
3501249 8726
4385446 142975
12359034 110046
5451123 1404
2183868 214916
2134287 607853
1748930 572763
6375802 1753183
12684439 313635
10962927 444624
30800348 100174
14810640 207413
30800350 933502
2591712 606239
929913 16954
1527337 105228
30800353 660935
11285292 48130
30800356 397489
6842210 340336
1527336 54271
747274 193217
29369814 318539
1393483 115808
13206693 213723
30800357 217865
30800358 16634
2592577 830934
4159681 489360
10080284 21168
7192122 433482
10397517 587351
4786555 930619
6062999 393255
10081495 1053920
30800359 987693
1527352 654
10183827 291921
1527122 164414
9603172 296191
6154473 296158
6050700 297774
11926782 1801619
9299271 228152
8856392 539598
747262 99703
8856395 198846
3227943 449153
10056667 221027
10092803 52042
2893165 98599
14824515 272438
14859689 99899
10086325 530423
10069487 102839
12294123 1128602
14715107 53310
5976655 188442
7223085 345892
7636784 944047
10061055 36136
9383467 425129
9077144 268179
6718254 723154
6114742 2060898
11782347 922797
9635899 447907
10057250 345893
3382754 323990
8003734 318570
7900499 415953
6721261 743858
11512419 857997
14793428 135606
9401692 296950
10071596 396330
12337656 700871
7654962 857187
6290039 364838
6992558 358363
10059387 473364
3620640 218352
12461886 341300
10085342 185447
9151678 275721
7220974 212843
6157513 904795
12617835 825765
2606524 541704
5663278 190927
11224808 92648
3078201 133581
11184157 188418
9557891 102966
12467345 105525
12582009 1054995
747275 199288
12377736 2539897
8524474 229084
6358088 55776
8577593 360932
1592810 131310
6301218 543367
12385473 113116
12385945 146554
2222671 601094
3079185 888313
747270 192468
7533850 544242
30800361 50847
8221472 1406359
10382260 544163
10077359 180264
12509967 229220
7394667 527950
3215561 180451
12683544 98795
10091029 101284
30800363 460478
8773503 430153
3075489 21569
12462031 119639
6380447 164819
2921787 48180
10179081 1743112
13044694 850116
10182958 221972
9301626 381796
1592822 285750
2847445 487076
2753300 394720
11780160 246203
3665494 272525
30800366 153107
5088009 295184
4045254 788484
12489895 171522
5214210 528961
8700490 1974030
2385150 54483
1775142 101824
12686238 892092
3079218 157757
8246460 38610
3371995 1051217
5519652 283810
11926532 164479
29371516 369909
11781744 1468237
5770004 392147
6431207 21573
10095125 534666
14856697 51072
802937 1094364
3522295 361299
7321478 677176
1592830 52284
9347388 503901
15438583 160337
9295207 35771
106111 344754
15500659 2001988
9033582 788498
6142938 874028
4846664 115698
3722073 879729
1789832 324697
2868093 684777
928844 20525
12178835 119839
10177436 87760
23756771 77324
14827426 1405
2609465 117897
6151595 100356
12485601 257684
1743844 1417754
9830323 1097009
2352045 226733
3075458 536794
2479331 659890
2607139 43032
30800368 913265
929087 365152
12477318 1623
1775169 45764
30800372 194014
14837957 1753310
12570501 57569
2570025 345071
513201 332711
10867230 38891
1527278 355110
928830 70658
7286769 316225
10895185 215781
2086294 99838
2573763 404805
537710 1247532
11037770 312669
1844306 95422
174152 135379
1015361 309048
2353543 511952
1486183 340477
8271791 2260051
11125623 762492
2328989 290456
13141622 57139
12698881 440095
30800374 879159
6813442 126763
2475577 1569918
12626294 357441
11735577 893708
1182662 126762
30800378 332247
30800380 47542
3218951 397228
3472538 101380
803122 1038696
30800381 237811
929004 148971
11127730 106531
30800382 395918
9827928 225654
1244415 470029
10869812 877186
11485808 257302
1592827 89888
1243472 213164
12760705 401791
928498 1723839
8806264 343825
2179979 216889
8371871 1709915
2181548 660888
9254030 92196
2292729 100560
30800383 347173
803175 134469
534829 442889
10091624 437122
11638667 1891556
30800386 523959
2288132 296411
928857 1584633
11159315 325747
7106687 922456
2134282 325279
928860 98440
9408337 690734
12596576 860684
583737 322672
802921 384615
928861 226083
723976 291056
8424196 1738025
106020 340979
10928704 327529
3522321 143461
30800387 157975
928874 629554
8806199 358256
534833 500374
30800390 48860
10931552 168934
1256872 549879
583820 1307782
9970915 352239
723977 236667
11026285 836926
30800392 792364
9839666 127145
1250773 344610
11293093 2781056
7582764 931898
3665839 221631
30800394 482320
8696946 99115
11156861 324840
2181815 1339
2448573 54525
947116 21100
11480175 388653
30800396 1735366
11377634 715442
14834769 340409
1754512 603787
318352 161576
3458464 729184
928901 101649
3687118 586485
2134284 79784
2353648 80182
928903 53973
12395639 288721
173355 1625
2122278 67999
3074371 142932
340511 5619
928945 460251
4313326 78774
3499014 803747
4190930 216074
9793335 1854441
10397732 83041
3807545 612418
387410 97166
343805 115190
12164112 1433763
6900639 443467
583712 1303331
111300 359417
583711 133350
11043487 72968
583742 663558
1592795 42219
7665893 214201
30800397 487219
30800398 817710
11472154 612424
928849 1545564
11343517 738384
802933 1012215
14805245 5458
9171248 909002
30800399 3273425
930801 1735693
10057046 612420
8459929 648273
11388072 104096
583880 218158
583740 759916
6878537 487223
10020882 692313
802937 862789
10820725 741
3227939 1401968
10067432 1595306
10062890 1489534
586286 50957
9637972 952719
9653594 124626
10390564 100513
10019682 418567
14831065 301149
2287325 398052
10028894 2317855
10063821 326289
928946 388326
10072371 47953
8855903 394860
11019086 1856821
1592796 58039
11564473 52444
10052330 524843
6146404 350851
9654774 332060
13211440 248263
30800401 219161
10055298 350791
2743878 122363
6550581 295146
2591675 1413781
15625897 1308439
3466848 83126
30800405 294529
30800407 898859
3807562 612425
2265005 93544
14857846 130949
6150184 416836
4213704 199766
4213707 53644
7697564 612421
5567166 98318
1758700 612428
8368361 98661
583767 50642
10049162 312626
10054267 215260
2385497 72676
9579147 64154
225405 262300
3466845 391402
5873498 248536
10086240 100679
2931826 66290
9249712 322284
5188884 392673
2195101 52187
1526965 218112
30800408 393842
14800904 195505
9570177 340530
6312685 286734
583771 783503
11134986 99036
8163355 52722
8569518 97604
8952452 51716
30800409 339734
2385164 134679
647707 361578
6908860 623849
6908862 276691
1250648 296843
14799191 226189
583807 87287
3212160 146557
15550767 664869
933214 199694
4281774 871654
30800410 568702
7105102 878470
30800411 283178
5268780 338946
6912688 511953
1396211 790120
30800417 342317
10072528 920448
2485570 2332571
9646535 208484
4262953 79193
3218058 108200
6238662 1280755
8407182 1449732
3702766 2841940
5743867 1286331
106089 343944
106043 215489
11415162 901138
933226 336221
11994372 78210
5647021 667376
10057735 66085
14821897 256261
12701441 158138
9474979 1004910
6146406 70843
6183984 476784
2369 26268
2372 19582
6183980 64541
928 11711
14768783 392782
3212216 795334
9681357 991193
11690 73059
12583424 70879
3117885 691498
7383 60764
2386 27992
1592826 100677
7663135 56740
1969916 339004
583725 50087
6187997 56927
7168070 219932
6477 58226
14261405 863328
8887678 964830
3807541 95716
333816 910748
942 13190
7078507 1940514
6364981 322356
10671960 770952
106164 346666
14801907 71289
6755346 1788796
897 8074
106009 340290
1299190 37581
30800418 1815104
8388637 205585
3425061 46897
7677983 2507
4573813 16994
1592817 215784
2128436 36838
1250643 53403
11726548 260697
5092410 233704
11684 72996
2128438 37409
6206135 51830
2340 23548
2398 29032
2375 26881
6164043 458448
926 11468
2385 27883
30800419 1829219
9152744 233787
12772225 320223
2937015 194015
13043519 355491
1703528 391908
4719245 716297
11329444 710951
11014870 429194
9822121 233871
4623631 716401
9334680 233807
576096 37974
3217902 96930
4229287 692950
6266106 863011
6388819 370776
2570118 489772
358920 754823
6587268 1717241
1526960 60164
1501906 98713
106135 345679
6278186 816811
1486628 338947
11165703 60136
12916792 43099
12390987 271950
12610185 890375
2510117 342009
8887678 879763
1671277 36765
30800420 961553
1467020 220815
4427918 341221
3701675 328730
8893417 70133
3567406 63515
583905 137740
6206292 358425
2293155 50958
14865082 327898
11053576 56780
11129151 422758
12704540 56166
2376 26980
2341 23654
14798003 21879
2364 25766
2390 28384
2373 26676
8924339 1249462
10054169 307798
1211301 98509
11647405 95845
7326625 1582566
5754233 500717
6295797 260141
7446835 353551
6210311 277547
747263 653
3564835 100354
11019836 394470
2092277 175702
401762 1015231
928366 1562749
7000942 390357
5045085 322837
7164096 1332105
5188893 246686
6113195 1487896
856434 51909
5820302 199936
8675685 188811
15469731 123242
14868501 907332
9380167 41132
7609145 1122047
9969323 333568
5045101 2203792
3334044 415691
10060883 191088
7459730 347049
2077396 1576258
6660269 1002445
8404886 882142
4780314 2477409
9374203 1965110
9346516 118269
10936919 695070
10883189 596522
11654758 330513
7880293 773659
11141313 522783
6534432 1897306
7123837 1280180
10058612 235254
6084028 1079575
7723547 99945
6548348 950296
7144952 461821
9970499 1332185
12332813 117470
12696110 1089237
7299936 477141
6344782 335224
6916641 521134
8774896 889582
14787256 93717
9853616 798604
12440477 514610
10713142 787335
7544627 47455
6999278 678614
106132 345587
6499481 344676
6608966 485799
10915516 352244
10915516 335430
2180062 212530
7895764 327443
14788767 37454
5972865 193974
30800421 923721
13088094 107143
4343043 319682
5045099 1438951
106071 343274
5904864 1039491
30800422 1703990
8471065 171523
30800423 582470
8234104 343707
7630200 853539
30800429 117648
28795415 587941
1592811 462925
7991842 300255
6142080 190193
8917038 948058
1592798 221879
30800432 710665
10056061 79987
11107773 358307
8175506 425128
5550743 722714
6404627 917700
24350688 52400
2558207 1448482
7372155 168953
161821 390290
23767086 20835
2264498 45959
6238067 347816
5045103 213504
11311531 89889
105993 120905
1527443 98796
2134280 103059
106096 344216
1945458 225048
9882428 135800
7912744 1638157
6038646 158181
2385498 124131
30800433 758262
1950145 1627
3843860 333037
13139904 1417425
30800436 432971
111292 358953
2383723 50959
3585368 428797
10090620 96046
3212166 189254
12201265 141995
1592825 93764
110721 224122
2109085 530058
8185433 2387815
6424858 680536
7586376 145051
537738 170047
2937346 865878
2208272 604127
106047 342238
10068426 159311
5490629 246341
4184283 251924
10066139 432714
10178286 499902
3640015 341430
1527119 48888
7842970 51424
7283787 326270
10880393 500045
14737945 192778
14805925 272199
14787344 221648
10738374 306687
11658041 641948
10075222 386002
29018873 212531
2578563 215318
10747553 907626
6143472 965775
832370 393320
10824190 2324007
3049572 1073671
30800438 2394777
12587976 41409
30800439 893318
2449709 54314
10057116 816702
9350633 293250
10059087 276393
12770433 275621
8856251 272270
8952448 50632
7091249 445271
10918712 829224
30800441 325244
30800442 106765
30800443 261901
9097316 242881
583780 322787
10083637 330373
11927535 39812
3739922 123298
10931908 231414
836031 213505
1592809 44907
7636709 527714
6581575 1643107
30800444 2099582
30800446 755905
7023347 208721
30800447 51774
15475325 1415558
384136 995775
6055708 513057
15498388 3421509
928491 1739211
8340814 268636
8823712 442970
1671276 118064
12675226 302669
10083143 1659958
12466400 319012
3079103 577576
12547814 670100
933218 201295
10969081 2231381
9155417 2553634
933224 276324
574070 98037
11175413 396410
12733436 720683
14819851 602274
13131153 1488250
9185737 54062
7298089 1493124
10369253 78211
7656202 325281
6414050 580069
929 11829
933232 701563
7342543 247642
30800448 525080
5600623 1405194
13015294 224513
8569295 525618
7248960 186206
7450800 94588
6037145 326857
928863 424827
6089173 1261342
2720373 35963
10868258 922678
11158955 153674
10089485 333384
9084352 193147
7008124 329221
537736 131449
6870312 80044
933216 322839
14804671 50517
12796591 370216
3238579 95893
9829150 677226
14820378 248621
4309419 507794
1295703 35869
6237545 376075
11574115 225805
583735 222629
11061064 2052
10067332 142277
1757978 325408
15951250 352730
30800449 22485
3077887 76395
10090158 131049
3742924 230461
4277776 22144
8856394 293444
9576736 219723
5714194 216891
933219 895165
3632344 181901
14791641 51360
12525293 1038324
3153651 829997
9236960 553440
2129019 189478
14804500 338948
3670803 841674
3971157 418104
30800453 1777405
10066357 99116
10063716 340669
30800454 500555
4132834 325203
11230883 1277063
13206904 1311910
7155983 4611794
30800456 79283
10057192 345149
9969535 859146
30800457 1218300
928859 99774
30800458 2244
30800461 541074
9819596 45914
5079034 282591
7730598 19417
14803395 507859
5575383 216937
5575385 346816
10053002 2947495
9983511 615745
3343734 363171
933222 342010
10055231 109522
14808539 112009
7697593 119697
3541505 507833
1527441 213165
2382942 224127
6729465 1310978
14782504 316509
1557358 361465
4002116 316790
9338205 243827
8168632 218794
12619509 863084
6405672 296099
6137079 105378
11428554 676770
1946864 5251
6407828 1398752
8659273 1085160
30800463 54186
3211908 100091
1210904 112148
1218514 140104
8307656 1353517
2571991 39344
7395624 160353
2570266 106407
6417515 161358
13024620 507776
5821062 334392
2385436 37053
3807554 120808
14790024 409740
7883676 161412
14809619 568401
3420178 136004
5643623 1490546
12513244 839428
583808 206621
933244 736958
7532144 107185
5722957 101549
2231961 253352
11497998 637876
14858413 231113
1357717 335325
10091912 1505003
724000 261141
929025 109523
1486418 316453
14445944 112083
9622510 1300854
30800464 21888
8096425 315301
10061078 173901
3461248 390358
2921911 120406
8540136 3205
1527291 402706
6226156 64126
10006263 241436
5279159 983496
3253998 957528
10060403 216884
30800470 314344
10051761 221493
30800474 677439
10083890 367380
10055313 5543
10093269 361167
12800405 328942
11153869 324799
3461174 424319
10069162 105379
10427518 105473
1790077 389158
8117865 270658
10075433 396954
9976482 500310
10068798 347275
14796207 652418
10053432 295965
2920873 51831
1563610 291741
3313949 34446
30800476 336755
3818983 94747
3694306 123343
12195737 878896
10368973 226888
10054986 58040
3564210 1003192
9956759 97127
3267521 273294
7119841 180780
10083265 592007
2385927 328979
30800477 130349
10057936 328833
3075814 131760
3463515 284728
2466591 749511
15321228 332901
9949339 65974
1526972 51429
9932314 239805
8047606 342726
3677964 1767527
10057337 197711
30800478 288535
10079527 109290
10067244 94288
3074209 100175
29371964 105187
10059856 51067
9778501 219889
30800479 51905
2449778 44865
6661270 224632
10051912 126216
2880947 333785
4166175 243050
4158276 167536
3903057 146622
9950804 151559
30800481 367138
30800483 77422
12197585 528240
8593359 37872
11545080 398539
8830769 343225
8373630 1134470
14509134 254620
5703631 573043
1527288 217287
12431162 1019276
2187902 344215
2083713 17123
6304410 219478
2841662 274126
4851868 394367
23738701 579095
12366458 346959
10063654 224732
3314513 56835
14828859 131815
6322924 430714
3584307 1677025
5703611 589780
747256 43893
832367 1501852
9525961 154332
8759110 5457
7648706 193649
8333126 50960
14861082 48622
14808281 923437
10058889 222998
928845 213166
3079124 376072
10085137 56113
5810302 5810310
5280926 1740828
10055701 222178
8540133 93490
9935732 698348
12177633 477580
12435424 921194
9992017 916472
1347677 521135
8810306 293695
12509382 309004
13009825 450899
13130770 854644
10675711 445150
10079201 41917
14539306 176500
10082142 551462
12491911 954070
2577120 43323
8393495 180223
586029 53079
9067951 1972182
10085430 252045
9971934 55626
4587646 5460
2091694 440773
30800484 91103
10048446 216932
11212339 228617
8420672 176541
10077100 692670
7965759 981998
14854596 831
10065202 190572
10084203 515801
10057306 20035
8338321 50136
10058701 296889
1526956 17050
7372154 166626
12443967 593052
12755337 221444
9932267 197487
513204 352685
10051375 104403
12401938 1214459
14782874 933671
3078852 1224170
11648782 208026
10074982 22602
8626099 1214501
8104349 343902
2920870 110314
11292500 95948
383676 99171
12692132 481265
30800486 1081289
4076575 51275
6808171 719895
9301156 17051
13087441 695278
11776200 4342
11310365 104743
9758633 105229
11406472 1328576
10048911 303181
5252676 697805
30800487 735935
3079125 989719
2921912 172188
14830430 248617
10069645 77582
5045091 652120
12940090 719931
3232052 53373
30800488 34593
10871189 234514
11291695 2087158
5612958 600502
12441622 639056
10068884 283933
30800491 2135996
30800493 696561
2983769 45818
30800496 720995
14878315 627752
15659542 1564261
9140096 1168967
7915778 589291
5762644 2693687
5923518 28898
1946859 362166
7359586 1657989
14536262 2394468
9936056 390552
9409714 100778
14812629 1494001
5855310 783205
9192115 1972203
15646638 483259
583785 98160
10075808 56469
9063433 326973
3472538 214888
583929 202054
14548484 330554
7671955 98662
2880948 570748
9231172 828366
10925804 641980
10088961 54017
5603947 1815823
2288132 449428
12781778 855621
1444938 618136
11727935 50388
30800498 128212
803167 781258
513202 224261
2385172 154403
14794176 146221
7638343 345851
11765500 42883
7638337 755999
344623 702189
9622265 972759
2937334 151366
856436 639957
1976693 939562
245149 604326
6461627 1311632
12421502 545104
6001065 519657
2385260 105418
2844487 212969
2379792 648919
580986 698340
7700249 168419
14789459 116945
1441984 85493
30800500 53455
8853587 6037
3333978 72229
6868835 220312
10085454 42616
9624633 134253
10075068 102667
106042 342045
11052628 1196352
106261 101980
11062216 43404
6464572 37782
802918 1457087
14798977 556219
6944738 42697
10915253 57093
6944740 671093
14817180 349661
10846691 326853
4115491 99244
10705774 122205
14808534 339342
30800502 213626
13004688 177132
7675464 316338
929093 459658
2173113 99516
11522423 1861318
8481738 330182
803235 289057
8677563 1085994
9043136 327486
583765 52916
14867898 914681
30800503 1684567
14806790 39567
534827 316575
30800506 356691
10063398 110888
30800507 3206159
1577974 1430985
8700487 94748
4182559 793209
8796488 1340029
3100494 356974
30800509 961054
12750298 106656
3584663 111874
3584655 96767
580971 317786
12410996 51775
354102 948593
2385752 142914
12999183 225049
10069821 202586
6478854 99582
5969518 330067
79949 252823
6480347 370109
6790750 49840
6445423 582230
5939631 93661
10062777 311572
13058132 853271
10868258 627773
11860785 2560174
4161486 901051
10049699 1536980
8518087 97849
1484228 202407
2557935 64173
3843879 322613
5268778 335394
10087546 669493
7228227 142031
3550431 401242
6081170 170879
30800511 155436
8229057 100905
537740 203404
30800512 394805
929031 466085
10077116 314780
14805253 110235
12621153 21101
5387164 96709
1250652 889128
4237651 112010
30800516 703527
12444324 220264
3807532 333746
7684533 110041
583736 56375
10073495 736687
8459599 198583
1946862 104821
11791580 324083
13010901 355881
14786086 110236
14791324 19583
3597623 323991
2267055 104229
10072628 662349
2390739 52723
10051966 97203
6138648 144277
10085237 96047
14807318 98038
11890979 515802
6204024 50963
928843 200309
928842 92988
12436432 65703
5689714 368333
2839342 223272
7640839 186737
12578311 112245
13011955 77739
3334151 327088
5561372 736761
13112981 22247
15665576 95100
10089242 94164
10179918 652252
10179924 142165
9653892 88062
9653797 407822
3877355 152826
933257 95717
8487090 353312
11538557 227465
12443641 318824
2448572 22826
12731647 294962
2173115 121844
2875890 97305
2875997 47074
2913409 250003
1250649 53857
7251726 807204
8982043 1372460
10087665 35308
2570265 18047
9486478 852710
3209537 119438
13015911 568564
9777031 59525
3522263 318508
11940700 345588
2307785 97670
1980138 52146
10054934 651770
10072725 121508
14802808 6067
4107864 55259
12647545 1525876
10086526 17124
15503049 1277381
30800518 866896
10061187 247334
3118182 109296
1741702 96283
10050519 366606
2871387 292923
928851 19585
7467595 5462
7601427 324498
30800520 96570
9367944 279083
8504551 1071981
14820632 330444
1250645 313488
2479241 203358
1218723 202106
4186481 115157
1388744 361762
4103851 363241
1308556 170726
30800521 95103
5430878 441056
4150658 48889
5770532 196363
9500911 337888
6545384 697261
3941900 940800
6555890 328834
14783413 52724
8402320 200961
30800522 215666
8402318 142624
14830958 93136
7573865 18455
7573862 93143
2741561 248730
11613385 1579006
2875890 828979
9362628 248487
14795017 94890
2288133 665442
10068770 2486701
1250644 219825
10078616 535406
9087075 215087
747246 47040
10354545 3071012
6183988 35265
5962582 2566470
9991120 915830
583821 809235
8913888 224627
8076197 52917
11084105 920480
10060129 759695
10076505 96826
11620245 1123707
30800523 409262
1722416 2557874
10178923 5463
1822440 106978
9772373 746946
929104 1296773
14818486 54018
6313931 2443614
8697173 57919
8254608 391622
8420618 896062
14809345 189037
30800524 2090795
14279077 1596282
6364694 1840156
6415316 809998
30800525 312630
8543015 1643892
10077915 349193
30800527 1477448
6536776 881492
7203213 219820
933253 101650
2764491 216360
12177719 1079411
339792 126761
2385251 281986
1820911 126764
6251019 342186
930790 884143
7592657 83296
10079891 512556
10061232 126765
12599674 142606
10068022 461364
10068020 149569
3968713 312861
7526122 658704
3471030 109421
14809774 19418
3807506 277557
5743957 881147
10075749 3105209
10049565 99840
6028993 100867
7535408 106431
13213430 1115684
6354403 2500490
14791745 842555
14871568 917240
10091333 16412
12983945 1583616
14797757 98437
3210483 495864
11336271 135079
6069361 17197
6099677 1229160
6234262 299648
4161610 90010
10383089 708385
3967915 384486
9297801 959374
10070546 938315
2473085 17880
5382958 95479
5382960 528922
14788805 1046030
15602026 723069
11755977 320188
1486415 268828
11769514 637624
9155376 1104450
4936996 5464
30800530 1725115
10061364 584033
14780584 3101153
7892145 238261
9292498 1250007
2455737 313933
9302080 902968
5542965 521139
8845023 243994
2267026 394426
4385457 702070
30800532 2585954
2385278 1618105
9966246 1233416
10051738 1188961
9245182 110659
9962793 893752
10060981 350333
30800534 1003641
9299998 787147
14783297 264889
12444269 1425150
12023263 1023826
5835448 109822
1257239 145106
1250659 367549
3550436 201934
3051572 201912
5717126 107878
6586830 101381
7980590 220670
2389736 336159
14825149 297208
106032 218181
929052 933694
8752650 2297692
512771 564090
9350283 867594
10183151 226736
9449561 938089
803135 1600288
12449584 320102
4398700 66895
7750020 1508101
11311572 89891
6270341 110971
30800537 1630894
12379652 1190308
6240657 1343057
12197531 1739295
10178875 142424
12380461 801238
10066088 2611068
30800540 38742
11220854 758790
10727450 1757333
12945024 412568
802932 392708
9663534 48887
6448102 1786942
8439688 346765
10380125 1345962
11932165 350409
8682469 896636
14854770 347976
8955351 339645
11047027 97671
928369 806966
12402946 1765466
574056 436625
3070688 889480
8360755 1660451
30800542 1798886
803005 462315
11701376 342794
6154575 226965
10367824 462329
106084 343769
7178828 340193
3550437 218795
287220 97409
8384382 594492
7769562 1329405
2490788 215184
6683451 612612
832368 643916
10061963 501441
7664971 85430
11881489 2318567
11583900 357763
3597400 337485
5698107 213506
2385771 23039
2875897 1027367
13046137 384281
28960321 243051
9094015 324238
11052875 187404
3097031 353762
928480 667501
11373443 671149
9242505 1754133
7870895 332523
929906 1413
2182953 51643
30800543 207675
8952420 162539
3078072 139146
30800546 287360
3078662 38791
2449813 423315
583923 100131
30800548 135339
1527120 714483
1592816 1193911
3929879 226591
2692199 8483
583934 195704
928848 114870
14860665 111157
1527088 205717
1592821 329314
14863687 893059
6429206 75956
7098816 63824
928856 219984
12660078 84824
9953314 342104
2591707 60295
2385246 961052
29370660 321609
2449524 332062
1484330 108201
1212033 179329
12625905 831766
11058191 339199
11409210 96827
3568420 322840
9170907 744938
6412166 498756
12757734 225050
6057072 287247
4849215 340762
30800550 225051
933213 325607
3670790 387077
14825325 104678
11389827 328943
2844486 94295
106204 343986
928361 96710
348533 344565
6953495 1032757
2350228 538729
30800551 290225
106044 215088
106140 173213
106072 343327
105981 35775
105988 99038
11400691 88039
29027608 1545057
9784985 917671
30800553 54865
106010 105526
928318 160655
583754 354664
929041 63172
6035666 945705
106086 161796
345666 213168
30800555 1340848
2385582 299349
930792 78274
12760705 3017126
996430 393563
747272 1328248
12592439 314364
747283 216026
10925287 1033866
2385122 222723
803186 1039111
6876431 44178
11535755 62429
6089176 349982
2919532 488733
30800556 242452
2920853 157928
30800557 5849
15860643 624510
29370742 346920
14840246 48669
10376675 940799
10069193 217288
8746202 668476
30800558 236431
12766810 906763
3751106 17881
2386472 323562
10074851 1425305
5302665 100868
10030511 3591519
1527256 1042785
29370666 251763
12757237 221026
747245 22248
30800561 100561
353722 31718
1527087 881533
928873 271450
10023307 340923
6149556 408278
15665576 1077895
6459443 263436
6364616 109691
1592796 1717346
106338 260541
106023 308646
30800562 811716
2385158 112305
928374 308663
106011 308672
9612174 250169
11347209 249794
802925 308684
12256981 135432
928368 308695
1305487 49225
928320 308712
106012 97378
928489 125325
583744 832043
6184575 343396
106005 194339
11378467 376225
1592795 2449536
7300216 364582
12493367 122803
1592823 5597
583783 54948
106172 109597
583718 329680
6258866 238001
30800553 2435744
2385864 121189
928827 344998
9487737 160736
106234 121112
105991 49841
106231 201583
1844632 43100
583792 72284
3817172 243765
15470425 312631
1741474 243780
2077483 36474
3422233 90390
24347928 207414
2389696 116951
30800565 1406
5930573 341266
3447024 104947
30800566 94891
1592821 218802
8701831 215891
11995443 252943
8124263 330650
3078013 790121
4215840 243744
7261347 61751
3079125 1419531
29369229 2042500
12804277 319302
537709 120696
30800567 100270
341642 251767
928839 392580
584109 23007
928865 36475
583719 36476
30800570 36472
1592799 15959
29368994 344217
2591752 99993
30800572 144456
6803506 100906
30800573 324239
1347677 328731
14871874 103863
3079041 216411
30800574 4241452
1527339 49227
2921747 1091629
1592828 41918
1592831 700276
30800575 622838
1525258 677538
5075232 401246
803129 962030
583791 1306854
5326395 2116147
928506 939454
15366101 1389159
1485430 99398
583999 1311332
14851808 1460498
803095 1599113
2894558 607224
1083750 859512
14854008 537421
512770 1208239
11380899 1351478
3460019 1628
3031863 1731468
15474095 3078720
5092713 902169
7263798 2172430
583713 827980
5108991 219630
10370906 50389
30800577 1379614
1741162 344566
3100207 325610
12568012 1152330
10094041 687060
14862620 201432
11155185 342240
8210793 1002916
10052387 1806303
12489961 1642156
12415496 214950
12435880 602877
6759479 893175
2055161 364504
30800580 1006841
10064156 1527025
106110 344716
2182231 79015
30800582 688944
14835390 1745811
9829535 2833875
928382 678931
1936507 246537
7492975 325983
12503828 300474
8949956 1934800
9285204 1244422
4851845 327305
802962 416542
1722403 879696
583710 370705
583729 826549
2181756 930098
802965 379230
10395220 2391282
287201 800327
8574439 2279287
583788 349478
8360785 194344
929046 394614
11574898 1823485
12454797 912932
14818760 325025
583747 221880
9321636 1313119
6911540 3202975
6275593 315877
929062 1747017
14838833 652645
583887 318823
9596817 657164
11480419 84855
928420 147358
932507 1540609
10374743 201483
10904835 808054
5223634 422813
12997241 1420167
2845554 795382
6376936 872979
8952056 1860677
4020891 332899
10054113 3418440
1980140 1083529
8377363 1579178
9015013 394254
11675107 2356158
802942 35289
10725537 645097
3077759 94643
928416 24713
106257 349070
8049505 3647919
803242 1602431
935713 119640
14835587 901282
11337069 99326
11445312 1255449
6798578 2826954
802950 14013
7651171 329135
106019 32926
24341630 4871675
928424 324801
10078427 2776324
11447932 3480308
30800583 668929
10050434 831513
106052 15542
14593164 901905
14795862 1038697
236881 675970
8888179 108357
10064353 645548
10051947 1060901
6114482 67229
929910 261710
583874 365738
11461914 648351
9995998 202650
609349 300084
106068 6514
10087418 872538
802929 341133
928365 328872
14854746 21574
928357 163239
106022 48929
1766179 226967
12628193 229972
8074276 96479
106000 305250
105979 338528
3966549 138693
9407818 336073
8826907 237605
928364 190196
583734 144890
106041 218113
9739808 237419
106055 342606
6365814 622839
106015 331403
106016 190301
106049 20727
30800585 128344
287200 101897
928378 385926
697063 526738
2182954 142724
1592812 186118
30800589 17961
287197 442421
802955 275945
928463 218114
583784 99522
8391647 158897
802928 188217
1763246 249692
802931 95156
928375 249624
11611784 249770
928399 48890
11155484 201484
583829 365968
287209 316482
928400 54104
928401 53430
5845213 53496
802960 93434
928414 658964
928385 131166
8207151 112011
345180 95192
928384 552813
5845215 48930
928464 41178
928444 337267
287201 149455
802978 388788
928377 201657
583817 343397
928419 290915
928486 190416
2915759 72376
928360 320267
11659672 352059
1307646 341301
861501 223258
9599346 53976
1525388 52401
6986319 262045
2572495 53604
2383214 1329933
928908 392220
30800592 325611
10077462 314050
6124169 378506
15516177 137995
12559658 508128
3503771 316681
9370688 52044
7865730 345113
12910621 362202
1304010 152889
30800595 449296
6052199 159905
6362978 698085
12430125 463421
513203 441136
12431723 671051
8419310 84856
10090652 336757
11763155 503681
2449816 175111
30800598 1408
2077322 333688
14781272 440443
5821021 169560
2449846 72380
933225 345684
10095172 328873
10070255 75158
8169655 98441
12674023 340478
6256387 585411
10095374 390739
3877325 361705
4052612 186085
14859119 72375
9179052 4144
3751055 190510
3159816 92262
6868842 227136
3664823 582016
5541993 621310
5188855 391204
10086725 1629
2741642 729545
1970023 1300097
30800599 84112
8892228 174210
3218150 163368
7613889 231777
4237650 582480
3724669 251698
11067944 506948
10050312 131519
3166886 473386
8627439 739595
14782708 361168
944548 51187
3584656 96768
7276053 198240
8332512 501573
8332505 43482
1216689 216027
14807342 208417
10093351 46802
5586290 104948
9109095 461702
14859212 109955
2385277 200342
2385438 633762
30800602 249824
14834003 227199
10377830 929854
10082490 83568
12929173 249565
3933534 49653
2183861 1097010
11097532 17125
10972389 274623
6006252 374294
10057462 273224
11507898 484438
7934810 814008
742658 917416
14821575 580708
1250777 72843
14795559 144182
4118999 132754
30800607 137391
12720938 325650
11920694 44312
12923782 157929
2385493 52189
12405519 376113
2858570 455832
30800609 338643
6643501 594738
6256280 145543
6078947 160656
747287 160825
12411237 293978
2099636 249951
5124642 345584
12427763 170671
2833286 351861
30800612 363240
533474 503682
11961299 39079
3405939 340670
14824592 599587
30800614 194695
28408914 238997
1550379 584026
1289786 442193
12434559 416172
10819241 1444119
9141386 2091158
11023406 1402095
7339486 446450
9972421 1859415
14832364 388564
10050838 188490
14861632 165501
6729409 758388
15451160 1801068
10055365 297153
14859990 344394
2840706 547990
30800616 319013
583728 339008
7292736 1748333
930795 877515
28408306 374679
2267031 339001
14863988 471045
13143461 1296104
928907 192081
9831475 142066
928395 612884
2919075 640863
2635727 1095089
1308554 157427
1316802 135244
803246 35922
14751366 1922092
928392 146506
345640 213365
10067239 1711006
5235747 318375
3227013 305870
10080719 100176
928941 1432343
4052654 505712
12384019 118038
853164 676985
12587421 172771
6257425 94507
9369955 2209802
11249996 398190
11778638 1020753
10062089 98709
12399398 51076
12400176 260369
5088011 15129
30800622 318639
10055525 873788
1745426 96888
6832885 621337
30800623 1941622
12038571 111082
2386106 594824
9477876 94849
30800624 1741569
6897864 43548
12492236 633997
7987047 655
12443794 449374
2109087 140189
11973949 1485408
5404358 367554
14842269 1776754
12450344 323778
10067239 81424
6064123 142180
12568113 705436
10083324 2004050
672115 220554
12774876 1911450
2449797 146736
6897908 51077
11026261 53376
9254773 1285091
6980552 95248
12448842 613374
10932789 200060
929905 723155
14870358 1604970
10686005 219933
2270063 226406
1527475 1142375
30800625 691665
10076121 1852469
30800627 1705685
30800628 120308
14870464 1702252
10072479 78042
7779098 922381
1756196 480922
10053305 1593330
1754437 373483
30800630 298977
3077679 2433621
14840567 435450
2720611 861312
583992 892013
11012998 48506
29368974 325105
12960569 739920
30800632 102296
13143461 1391058
14841119 628031
30800635 388852
14861986 401353
2150582 374071
14862591 333610
30800637 448014
4338624 240202
10875930 353350
583757 169268
14844442 991790
2385861 176595
30800638 238260
923268 1732102
30800641 769398
14877942 2472932
30800642 171548
1592832 213275
24399448 128473
14864238 52285
9814502 3339815
11547007 35569
1527014 141781
30800647 4888337
4510500 958636
2921706 3460986
8909004 362962
30800648 58228
10069265 568643
15521276 104829
10396563 499841
6804598 159309
2833345 543655
2570986 406246
2431282 325328
10387220 670220
2485567 3159091
2869268 464379
30800650 2541242
9066252 2345492
11251453 2154029
3078192 28899
3079446 17126
360018 889898
10086283 2288385
3550434 249923
821217 1628257
30800651 1686130
6521074 251768
30800652 174481
14861018 19732
14855192 740605
2385392 364583
3925678 249559
1310573 155956
747243 348489
30800655 312671
12667579 1308463
8125162 740388
30800659 504872
11176340 673148
30800663 441525
332188 892489
30800666 329406
4408470 341363
30800667 330581
13110838 2666219
30800668 394898
30800669 2287845
576632 1292632
10068553 2773970
14839713 646689
30800673 2358992
2385191 249370
10075855 365475
14861751 249882
929942 1750060
583938 859621
1303512 367550
928943 725438
583753 740841
583762 98601
11125050 658705
6257634 131887
30800674 76047
8693517 2605545
14840991 293980
12314365 455162
30800675 770072
30800677 65894
10089988 3669575
4527885 71955
14837219 389830
5583491 2378018
10092157 2731080
8573530 101709
5872790 97894
30800680 396697
11311296 1853103
14837065 249889
803106 877020
3456445 267807
4816380 2962542
9925400 50034
6647131 249884
30800683 577914
30800684 705121
30323090 2446882
2385271 279574
30800685 467800
1789880 160827
10059457 321836
30800687 1581870
15752905 512159
3078227 499885
29369229 500046
874881 671020
29369707 124797
14878523 1511282
1789807 445641
2385389 73819
30800689 406147
927105 1734210
30800690 249886
30800692 2766321
1775133 99117
9323440 890721
6377962 249892
2385328 132286
8554329 1226601
30800693 30022
996441 1844708
6071327 330599
11375901 323526
30800694 724972
6676453 278712
14848802 126373
14821071 225965
928868 1742434
929942 1750061
14809795 502287
11289714 538876
14848311 350365
7799715 2482027
14792778 240274
28317508 52123
12152315 1821155
11063589 425607
14861786 249909
4149692 267484
4283942 101826
4283946 190662
14849547 92138
8649689 109741
3037098 132825
23747587 2765260
14798458 626250
10088583 348365
11471675 659462
11251380 362660
10051214 96193
6123625 366695
10073165 180314
3804795 279463
12736849 53645
10093963 99039
10179964 119348
6909367 1086076
14791532 309596
10055267 82828
10081780 111557
10071805 502180
50456 213284
10057879 318363
12695464 551245
14801007 228737
9300943 18111
8399706 1907127
10063894 82873
10086675 2549904
2572284 507096
4356846 344720
10090088 41133
6211999 206678
30800699 173144
5710231 902331
14827979 99941
10071176 1030272
10066185 231509
5493080 1245650
6884664 2510371
30800701 3382141
1091386 464256
10087747 920168
10084751 2270447
12441824 945445
12787303 1407181
11980110 91465
30800703 668202
30800706 4877141
12388311 3773252
8754492 1787422
28908262 3068987
6193882 2215943
30800707 2188978
3078565 78076
30800710 54559
10067689 43834
3965162 192828
14863034 281607
10051163 65895
3212126 611938
9799509 356784
6211997 267196
2572361 109096
7294592 300336
1745429 169196
10074459 142801
12234947 225330
10086700 161170
10056624 500334
10084735 199577
9603577 672741
4000081 14555
10071275 13705
30800713 32311
10180661 7445
3522213 51278
14820164 9289
3664824 8484
3314860 32598
14793511 2053
323224 24215
1210903 23655
728641 7805
14809624 6967
14797516 9519
10092335 9854
3550438 8613
5974129 12103
8347529 657922
1758076 229318
449007 30814
14832865 31927
10181844 8728
12568925 3926
10071385 7593
10055149 743917
1115968 24915
7397521 25365
7397536 8902
30800714 31258
30800715 10099
29369834 38439
14808494 53044
6213883 9623
30800716 13326
5885075 11469
30800717 7951
30800718 13085
2386169 50508
11487398 226585
2182956 149816
3877208 25665
29371586 236759
12158518 16182
30800719 132378
3218932 299987
10092085 6371
5579142 15333
1591754 22249
2510064 841098
11300655 633384
30800720 220615
14811485 117095
30800721 120908
30800722 119945
28366939 53049
2128520 117011
4180982 37672
30800723 215721
30800724 102228
11556784 337956
4761076 52286
6044212 485052
12331130 56376
2092973 90931
9177458 21008
30800725 18305
30800726 2004885
30800727 344924
583751 91341
30800728 98378
14780211 511955
3537684 436243
929912 146805
1527273 1409
14796895 144278
5809592 152034
11385073 10098
14799694 101601
29369786 22245
3929745 181694
2128439 1515
30800729 100133
9568534 441526
14790757 108582
11080173 97345
3050075 100515
30800732 534193
2920852 101602
3460780 201485
2920808 102299
2385857 21167
14789152 104607
106121 46167
14842426 12037
8827366 52190
14868553 1420622
15473255 1009835
6492356 2410098
30800733 2725653
928870 1256976
3604065 1250803
30800734 857776
12303639 673761
15367508 2913357
30800735 216127
12209796 3060797
30800737 68554
14523915 325205
8725620 937176
8503541 2201649
8318823 399481
11520566 1735510
10397489 2543769
928472 1738629
10902289 445998
15446087 232286
8989546 1444540
9247190 1225405
11456073 3402740
8740288 3269906
10938106 475423
10951913 3810107
10013740 370031
30800738 1859642
11603812 313698
11129391 3367122
30800739 437555
29368781 204475
30800741 828048
30800742 1413444
7137394 334393
11206870 2185067
14827271 2716693
10048621 863329
30800744 1664152
14637032 678245
4015557 569422
7472125 1548041
9531352 1744693
996416 322788
11368112 1473631
106024 341183
8806622 1489273
9183619 1708183
929056 1513549
6578176 984080
9874312 172230
12926581 765238
13206693 1991184
10911432 1625749
7544940 388853
7992187 685679
106128 345405
10380422 1153626
30800246 432406
9918319 697468
19195 109301
12954152 1459488
12743149 2295726
12710312 4007755
12569187 196896
5742019 288206
9596329 196497
3032851 261451
12411506 926637
12411508 509218
11373558 101444
11100665 944651
10874005 3261316
3400363 353653
8952455 893482
10075280 1447879
12493946 1304733
933247 1758807
10081638 2516074
30800745 357530
8169660 2171656
3037028 337516
6030583 1452231
2288054 2394636
14853634 1612144
5972327 3706944
2921466 42613
2185617 132109
3547067 3621558
30800746 908552
3682743 95720
105999 187524
11111999 866702
11373691 1580258
30800748 916734
12974719 684687
3924841 1931950
6595045 1462795
14820560 3353562
537713 1257139
585453 1315191
9254361 901603
30800749 757203
3461842 895695
5817905 1666239
30800750 85239
30800759 324804
30800760 704516
30800761 2625121
10946876 2332934
13146378 223610
3074537 2235826
14791233 2733901
10074065 2709335
2720579 348023
10771674 1908361
583730 76284
11320997 921886
6992492 1104998
9269163 1098529
2753248 1811391
14781418 316589
30800762 810249
6055711 1462764
12543698 961401
14792595 961055
12601296 500849
1484230 1462816
10068106 2332946
6946656 92270
10078587 353627
12563645 3340673
2178931 2917134
12662124 413596
2123743 604201
4082483 687061
6217771 961126
2087050 324501
10054689 1434765
8133364 874556
1415194 1427188
3211479 1042068
12737694 127257
1358329 1424289
7856770 1416
803696 670474
10065279 1427459
1210997 6467
2741640 2214500
537712 49497
6987057 222118
50460 122961
649928 1391542
6465968 1115779
928835 1740892
3501409 2285968
9343025 1599058
11313902 1357598
582680 659107
5068488 146954
5408312 1572124
1015360 1659700
106167 346766
30800763 1482416
583722 1303827
583709 924882
583705 102223
6345631 98382
2216896 961336
9614445 1437944
583706 1302958
106180 347121
5585795 882877
106212 339474
11597725 4553211
11034426 342795
929014 1745807
30800764 644839
14818152 369159
5829843 3334328
5882524 3722348
8713367 857295
10075311 994977
12982920 1735261
6567117 890720
10050635 2279205
867708 1013705
6414731 1749961
3476129 794126
9099818 2484443
930789 108814
6164454 2064214
1291931 2169145
12695684 3100543
10067584 695147
6617397 1790168
7909445 921838
10086452 2102045
10070207 2832090
10066892 1641964
12016987 1345964
3209538 959622
11471090 3016162
11655891 1561340
583738 211244
8866894 1552695
30800769 1672079
7908665 220384
10845291 2639685
106066 343033
2573940 101035
10843629 507009
3522298 1487178
7305031 2353969
5699396 961109
7649121 2448239
1297747 1394047
9969627 3034334
1291929 2169120
7574853 3982869
8878135 1692698
4841250 2359216
6285687 1493077
9595926 218533
106290 349600
10090789 348787
5797900 2234134
1531443 2389592
12699099 2450983
12700332 1795092
5994239 4872503
3898290 868401
6142078 4872516
933236 1758704
5714776 1659441
7530837 27688
12700393 2920363
7602882 884652
30800772 27884
1789801 1303016
4515794 2691381
10048820 1006905
1742917 1249030
14788222 27993
3470683 3193041
4107577 948914
6335196 1829831
5969520 4549515
3751279 3822206
7984908 17882
4040157 2499695
14830248 1154554
14788304 23911
348856 28284
3769037 299914
12791359 4268740
2895051 3438153
1250674 598828
10089743 342874
8697876 984811
8713365 566885
7841183 945892
9157761 619484
6684486 1470892
2336138 806371
9463720 902707
7316919 1205879
6394885 105013
6148840 831412
2944732 878686
30800773 3581294
12588240 2830368
13069110 1770905
9480673 935568
12696131 861873
3322681 1774231
10069523 2312983
8504606 815200
6340918 772157
8501503 2569611
8800176 1746877
10065283 898754
10074126 2956534
3214812 1342280
9606945 1904336
10003245 327306
3667340 103025
3334060 3751290
10003268 660149
7038929 1427909
8581340 929445
30800775 83929
1576799 942040
14752980 1428034
10091489 3956593
2352096 856656
2917119 1786217
4533118 2275824
7581124 2288498
30800776 130154
9225445 4147
6824427 1002563
12549862 343231
10075842 678104
3667339 2392278
6824663 1136925
30800778 1810317
30800780 396055
2753508 891575
7535448 534085
12597937 2191930
6589462 142800
10081575 1626944
10065671 3902086
3460845 777459
3751280 2393246
7038880 3491143
9645035 1753281
2195115 2931946
3311238 1725799
10080623 1311331
5974416 1554771
6243703 1321270
278468 785403
1972082 2743887
7985642 3254765
1980131 777232
2183551 80515
106144 2142
30800783 580551
8496668 1805752
512711 1208065
12975709 863742
14818700 1387954
1760537 220479
10072046 926638
3177725 767208
849250 651853
9524643 120288
8435695 324969
2449610 963659
619461 345752
11099139 893196
2580437 823157
10780172 1805689
10062338 2571452
5071217 646249
2845553 1500598
2092974 60399
10050931 1677113
8551208 861070
537739 860787
1256769 1318878
3211481 918188
30800785 692751
15345810 312591
6611532 273135
2129126 286618
7841214 1716791
7841216 1660362
10179486 2502928
10089668 996019
583739 36588
4367282 1644016
10973654 2048149
29369016 450943
6617403 689455
14791446 3308613
1527392 160777
7424213 1417812
10051276 826595
2414411 2640939
1946863 2036702
3100527 831539
10698864 294887
5077171 36591
30800787 332715
105982 338719
10176529 649074
11307424 51776
6645808 53004
3786410 67145
8063401 493319
11421160 14967
1282587 1175407
25458241 682709
1776641 752434
583720 137996
6148840 2696972
10058196 879138
1527060 339736
8421463 2960293
7841182 1176296
10093218 493380
12177869 2132658
10087765 1358008
14788002 3407019
3696083 188261
30800789 193697
10048291 1372569
10078168 330230
9887492 493376
2492956 1030134
106008 340195
9604518 863767
106029 341435
7192651 984523
30800790 1438045
106159 346488
12185904 102673
106131 345516
2385133 347382
6514739 951168
30800792 213368
6722044 537492
106090 343990
30800794 1409147
8442035 544547
10365671 621949
30800797 226287
7676824 344644
10059775 325022
5651035 442194
11562679 2192476
10886362 79168
723106 143600
106233 348490
8591280 162579
10087594 171248
30800799 294888
11007945 447806
928846 1741488
583950 687748
583882 1046155
11216792 4880053
2573761 671354
2198668 2936025
11741213 1798596
30800800 153690
4849784 1311168
7201498 1358851
4212486 1482838
10022080 105051
10089988 103065
6566794 242752
1976570 653323
1722412 1730061
2727658 254589
11268268 749237
11896514 693648
1300454 104463
10079440 1130219
2591705 65644
12495229 691570
14848702 133702
12377832 390051
30800802 133703
2264392 221210
747266 1527353
30800803 142878
12400818 3078134
11994135 989348
14850652 1896143
5410763 366448
12580334 2174752
10089526 3104080
11597122 1197722
14858042 3790633
5614047 862769
10179809 1895328
12727565 2847573
10373204 2847603
1758952 774972
802472 1414336
29372001 329915
1667691 2507097
30800805 360804
11255400 1468972
30800806 554417
10070052 544808
11170719 351745
4307083 213435
583864 1308977
30800807 1677703
2937341 1267468
10819541 915764
30800808 52147
10060537 1267532
5952340 90011
30800809 346628
2385858 307045
2385866 327056
30800810 1648942
106025 37361
11738216 441527
2449817 786755
15509619 1364566
8468756 2508145
3049610 1620141
11393031 3210124
30800811 1622129
9792923 3462945
2200560 926318
10087630 370217
1527468 50519
11451568 1270124
10058200 2388581
30800812 940258
8635778 444626
4852000 340837
3078420 163481
30800813 497290
583793 36679
1592839 102040
29371580 383707
15498520 355576
1467018 621692
15647190 160909
10047883 145939
13207934 947047
944547 346564
353728 275803
45067 152377
10030511 867486
9177454 185305
14839639 621385
105990 1516
356703 144988
583927 338860
7207115 331073
12454854 54406
11430248 364225
5039334 361947
1775166 464702
30800815 53000
13206478 233106
2449909 341740
2385254 606519
30800819 329134
28925360 428960
30800822 97744
3226944 882825
30800825 98320
30800827 54792
30800828 764554
7043721 681797
3569093 219628
29368993 678489
9151697 93818
7658441 353426
6213801 257077
14878565 818653
14849252 866523
30800831 328835
30800832 893990
9998415 949434
14436543 218240
30800834 324240
3227052 2202661
10028437 438817
6847725 293485
29369789 864162
12510479 343905
10051036 62883
2385929 895691
2649343 152291
9301523 334665
30800835 219935
29368977 98719
1756190 582710
341873 631042
583708 93663
9831915 577267
30800837 98092
30800838 444963
12377313 1219045
11436067 678357
29368853 372719
30800840 54826
10056891 97571
10058418 142976
11298585 332520
11298587 96437
3078389 922189
2449561 336758
12736644 100092
8646977 99251
6538256 677828
928927 218797
5304694 285537
7013121 363670
12016559 285622
2183549 91965
7267942 333015
12710209 523692
8150004 1659454
1527329 102533
30800842 127170
9920806 172044
30800845 452906
12733531 638552
1592806 192154
29371136 123885
29369184 97672
9924048 1198618
1592794 42274
2450030 1201336
10931270 41919
10063163 395955
6575537 339738
1750110 97808
1015362 49352
30800846 148382
2055498 132182
1486094 108524
1866877 829422
2264568 358948
3418556 578895
3967752 108585
4120800 671199
10052840 299424
2385420 98276
4035732 342455
7083980 198874
10078020 178477
6677080 681925
10094282 146084
944543 54660
14842429 449794
30800848 372106
29371574 345110
14679813 295494
3129816 35627
2449824 355111
14592206 377298
12185330 1128085
12777710 328836
3079447 926196
10065011 542638
2386417 677079
2386494 91428
12570103 1170490
2921445 734485
15604001 1170535
29369006 297869
2591751 6348
2449878 1378692
1526966 21890
12490776 2574531
12511281 220048
12589470 83634
2385580 218347
9941660 392089
9833159 1503471
10078868 1145265
11348715 2035763
2920829 39345
6931950 3085081
3078654 101490
11621864 527334
30800850 1842688
111310 86987
14856485 1090794
10936896 1214610
12430406 142972
14287703 2028324
9430766 2029611
30800793 2756356
996418 864078
30800851 229016
583781 473221
30800856 1663795
30800857 732174
11618184 1235813
10071822 527695
22290043 691390
6273482 626370
9145749 2435808
5052194 316368
8311863 436975
11546178 735161
30800858 477076
6466993 1287419
2170489 1701768
6764126 572411
7271712 1309449
7390726 264722
4094395 1154119
6856504 803753
6072120 1477627
8121137 234835
11656495 1127571
9767518 1708527
8813839 232087
802991 1469987
928852 347851
8533024 1999492
30800862 711516
928911 462856
7848362 325509
9125448 1127494
7570709 291788
8231540 1184054
5331436 462814
1483227 225966
8347557 1999465
9981148 162754
2179963 339826
2596857 2509588
13047317 122868
30800863 1263664
583813 1307525
6764126 1029900
583810 1307436
583865 1309024
30800865 356721
583724 1303911
30800867 1759398
9886200 603170
583932 526513
11509845 526437
9764392 2713336
11027580 977378
9840425 626807
376055 957143
5418075 526456
12694230 170534
10733398 2114782
10056453 998311
5763106 397227
30800868 506915
1527449 48009
14840799 869911
106181 347150
4587661 1034791
1774378 543014
12249571 333040
30800869 709537
9858232 1235283
3078482 716151
10927382 224829
12249562 708998
12705025 1235463
583995 389773
5952339 222630
30800871 57261
6424627 1789546
10090650 1652437
5689883 231964
803237 136678
3568396 892564
6938788 2438554
5647577 998270
928883 837637
9423577 424747
13210867 888563
6461112 1055620
30800874 54105
10957241 1891534
6544872 2861945
3226918 651
30800875 180683
7051891 307464
30800877 1256524
12734166 369160
9920016 1544942
30800879 838450
9807710 646362
30800880 913529
5524445 1788467
11606296 883243
14730181 1076610
14846718 3094566
12431706 208194
12584866 1307466
8938456 213058
9825957 2165695
9158059 1544970
23764194 430924
8478248 2209123
11002980 761774
8545507 441279
30800881 98797
5143196 700013
6028991 623924
11623104 1212601
3460440 1141050
583715 169583
10386518 1260141
106015 273257
9943914 839038
1323493 1453000
8083291 436793
11876629 3167167
10380614 625081
10087274 506482
6823546 365671
13205491 1110590
15604139 1746586
12486227 1860125
2479341 452440
497488 929182
12354183 79928
3568143 94296
9580367 1110572
14806531 844371
30487934 1303602
12787224 781883
106073 213282
8468624 2068537
10064833 627521
30800882 947783
14844781 108841
11188348 150685
14875455 573977
30800884 697571
11424939 815345
10982625 1010202
30800886 316301
11424657 252046
1098659 1503126
10070419 367522
9065652 663912
5629238 92349
1303368 217566
106133 103941
30800887 662887
5653515 1260591
1736430 451847
30800891 552341
928470 295495
5501001 1275661
9386927 458743
30800894 24016
6224165 863430
14872332 708057
9574729 1393327
12285615 2141241
30800895 343706
12571346 1388141
5057587 2141229
10179152 540250
12744849 552430
9016918 1236828
10076841 916043
4380682 1603858
105996 339521
5312656 647065
928362 93237
29371750 376076
30800401 783658
2182966 582428
14823536 217896
3078577 312775
14845963 365153
29370659 353125
14860684 344138
2919532 35463
12493664 5748
10071101 197393
10027763 399350
10064595 92198
14872802 527171
10052666 479262
30800897 1696406
5211668 156164
11830053 98444
2412834 339992
11622109 392222
2385728 208330
1201810 18045
928476 566228
30317727 105528
30800899 582465
7234918 35778
3077846 56307
30800900 144517
7817234 520697
30800902 160956
29371180 155012
11613379 687344
2692183 50953
2449651 998841
29368965 19422
339794 348443
6244506 104224
8111287 54269
1303236 627684
2385177 94516
12220018 387913
3306049 322955
14855251 96931
2385472 91515
106070 51777
10002361 339475
30800903 200829
12405122 200827
11580795 94688
2386238 22250
7311258 126782
83890 288090
10385244 163681
30800905 321551
10069229 91380
2386174 50846
583801 51650
29369833 40362
14860084 186701
172452 532184
2167258 521136
14851396 340835
1099866 325283
1945548 376498
2711746 462591
2385863 209912
4357574 570373
2399588 867669
11407469 291513
747264 99330
1527113 54526
1527446 176863
11899442 22824
2448539 86013
30800906 686492
10076264 526204
2385173 150755
2385862 275436
14436546 278790
2385171 809104
2385511 398155
1563543 397229
2385165 209388
3077573 219988
1745427 363242
30800909 625934
3605559 464941
3078200 160657
10055599 367176
14450955 178359
928426 96104
3578314 1630
10399362 188320
30800914 580476
30800917 1020463
30800918 696761
30800920 94928
1527476 397290
1527450 410104
12395478 213169
12585642 16635
2267037 303222
3792930 636958
7459165 624560
106091 344035
30800924 687554
2183394 86014
11032487 399805
7210532 952930
11658970 96397
6815346 35779
14793536 22782
30800926 224341
2385865 368402
2129128 705385
29369010 394901
2385371 351808
14863993 94448
2385772 678801
12727211 562511
10067883 365700
15527524 218800
928411 946190
14862207 213366
803200 116956
30351763 200486
14828853 929454
2692182 97306
1527081 37362
12499728 19423
12387552 657745
929900 323169
14878858 236015
10069810 219699
7846196 109828
287207 420075
928477 333751
2269976 300385
10061837 290916
10047881 100870
747254 219936
9953201 176955
4263552 332420
11585760 297123
11601434 827716
30800929 218185
7144555 104609
10179732 907811
3555759 433117
3567175 93546
1969886 142102
2431142 1040876
2713991 93598
9939372 90495
14828588 98720
10077997 422567
7174711 660180
1759002 48773
11396295 796912
2572409 218486
30800931 351435
2055188 506676
1969824 393648
2907249 364065
5022973 359419
12547224 209342
2385174 288091
3077631 37722
30800934 194959
14539296 540362
11345575 240303
14842453 153344
2385855 133317
30800938 36589
11653500 67201
2385471 75957
30800941 93594
14841530 37622
10073149 412619
30800942 89007
10064028 51086
12587116 246474
928891 321268
10067146 56237
4478619 331029
30800943 332490
30800945 632009
11532152 1224319
30800947 105419
10076233 231641
1306663 94517
29371984 401505
2385949 132379
10071145 105523
7628095 981950
30800951 224515
10058789 624095
14861865 330582
10390298 100825
14827089 228940
30800952 363721
30800953 320069
13018478 675852
1526909 880068
30800955 96438
9322542 288401
3078222 893060
1592833 1362183
11422232 38525
4356799 36067
11831598 344258
1500435 225594
30800574 52566
6230493 339740
8957039 235082
1485956 471248
14793527 330183
6992490 316440
14818461 896731
9956813 164775
8522011 779205
11934032 324314
9956810 55177
2385871 663176
803195 67159
106097 344259
803039 333951
4377908 173966
5765706 337083
1086530 402902
583776 332288
106209 234893
5032680 34100
6230058 660798
30800956 308519
583787 384487
6939818 220189
105994 89895
803146 757890
106177 57415
2385160 189310
928482 1175032
583707 489184
928370 55086
928402 51438
1305876 387019
7085015 363451
348240 332625
928490 195775
2177435 105326
802926 176702
3881949 502458
30328642 48997
3127046 885178
5282647 98994
2833289 1631
29368973 322359
7589644 645042
11379328 96711
2385162 44313
14847976 18135
10369005 286404
929028 316894
532126 234356
803110 640539
7338431 169267
7420013 39291
11560895 19043
1737305 724384
7513961 264212
30800958 39293
106001 339828
4052697 234445
30800960 39294
1722384 39295
30800962 232511
2920828 39296
9264135 219629
1527440 133242
13206692 360805
353733 31612
30800963 39297
10074280 170838
30800967 21163
30800969 103518
30800972 324698
2385495 567710
2385157 53915
10880693 256074
9177480 39298
1527460 76166
747255 97167
11379028 151444
2385418 332286
1592840 646550
1527049 107618
30800973 1705612
30800974 452688
2385161 103377
10018764 52667
29368962 946442
14862620 1069304
30800977 672448
30800980 283829
2385175 52567
30800985 214371
14858444 142862
8129604 47365
928953 150719
14854699 187665
1592818 1411
14537633 163884
6595029 910019
30800986 43407
30800988 204540
3129931 96155
30800990 180836
10088701 216390
30800992 179675
3078238 222333
1527465 101383
14860265 178743
30800994 352883
12772695 447165
518423 18888
3291542 83428
1526938 97810
10095369 676655
4408469 581082
513073 5598
1527470 60116
3203155 104402
30800995 56964
9833507 52105
10065240 158658
30800996 289058
30800981 501631
30800999 108436
30801000 633367
29368964 633174
2177431 1754467
29368997 899682
30801001 234767
30801004 85001
10062320 132493
30801005 119009
10061054 182040
9776599 335704
10088486 132685
2385870 53190
4159372 202838
7710007 484370
30801006 35921
2386481 199398
14820049 3924
6609518 1090531
30801007 47126
30801010 645501
30801012 16633
14864985 305747
12601609 200308
30801013 158339
30801015 88202
30801017 276154
12758713 5159
6262932 35962
12160422 322951
1664948 85522
30801018 54014
14817002 52568
30801021 62878
9077396 157926
2385153 110840
30801022 470580
12007070 608579
11308716 58289
747259 36005
14851075 416296
2385915 52666
15473723 61342
1526958 121016
30801023 346487
8053141 453999
30801026 498130
1527078 153227
964433 97000
1592802 84325
3605552 177217
30801027 340189
30801029 117483
14837993 107219
10064158 121059
30801030 72775
1391000 189268
3906292 219545
14821015 224302
1527247 513021
2385272 189168
12510053 392343
30801031 97168
10181666 791219
30801033 306307
2385770 205013
30801034 238003
2077480 117044
2385425 285910
9355355 226968
29368984 35781
29369709 1050809
30801037 568648
8421282 322055
12602291 306883
10076951 367588
4145350 367611
1391598 142915
2385192 75379
28306604 117045
12313122 220090
30801038 365151
14864711 332488
1527061 127811
30323059 151278
11227705 670128
2448567 117555
3078793 54527
747273 102963
9435594 95947
30801039 5161
9037793 219479
8911308 43033
10071562 62880
14805715 49102
6386503 552785
30801040 1650288
12435073 110130
12457296 295677
10058788 584285
30801041 552824
2095295 433631
30801044 636921
30801045 346817
2385275 335755
15607956 433725
30801046 49394
30323076 340412
30801048 49453
28796621 475758
30801049 445275
30801053 403728
1527341 96571
30801054 949549
747285 105860
30801055 51430
2412835 51188
747244 74792
15933455 305811
14839716 327613
12926305 92718
30801060 280773
12571387 48996
1207271 643438
2385170 190353
30801061 342242
30801062 109099
30801066 105189
11832028 393030
12946703 237960
10095548 942502
8276428 353763
1218740 331028
7713590 160243
287218 628649
11595001 911133
28924766 216892
803157 1359303
30801069 63609
30801070 82054
3724668 54111
29369811 1491126
14862777 1050143
9655114 995631
3077562 138393
10061056 86005
366505 212966
30801071 73593
14860671 220352
6986396 225053
1591758 311736
5302612 479165
6325206 214574
1591755 233431
30801072 373264
1527204 434445
1527093 177027
2385868 36248
3077515 43643
2504778 116952
30801074 51431
8096673 185072
8085636 339068
803183 300633
929005 339830
2449521 219109
15557033 408279
14861897 21818
5211623 408242
6275312 220192
9767250 620537
10961641 237606
2183045 237636
583759 237661
1308551 54315
30801076 219481
2448568 141926
9874442 388501
10023838 299142
15492434 288036
944570 93664
9211325 209081
12425588 457039
7083577 181262
14829000 127229
6605771 324313
3274158 214397
929042 455474
8913623 449761
30801077 154866
3226920 363536
29371927 455492
3079037 455493
1742059 98223
5706056 455490
30801080 289323
2336282 452575
9784985 662919
10005572 870293
996421 488839
29371925 211750
11691344 888455
929015 658706
8959758 230335
30801082 1598887
7837824 1176723
802935 192368
14869151 130283
14834247 332216
10089897 1156662
1775107 242882
6312702 481293
7004156 481294
12433871 1402
10075436 457068
12619219 207727
10050566 387017
10067259 686235
7004186 318825
10095974 198921
10063892 129322
28428131 649072
30801083 586932
1310569 40834
12436429 95154
12481072 633065
30801084 40838
9242438 634972
30801085 391910
4489750 12989
1527463 1031032
10005584 10347
2386496 110845
1775143 28484
12623503 31536
6589460 28648
11933728 23281
9937088 60520
12679528 336586
928899 24015
10060626 30283
7548755 63740
30801087 30359
11966791 17967
6785830 7122
11402096 27790
30801088 96823
10058743 150268
10005574 4072
11522423 192155
30801089 328874
10032167 534426
10000078 746095
30801090 16409
28913771 220924
140963 360992
10056490 639024
14842983 51069
6804167 63026
8611880 333634
1052135 198955
9826938 284411
1722439 174236
11034532 137997
30801092 146125
928539 393567
12430404 221742
30801097 284245
14862585 144350
13065655 396255
11604338 151138
14878045 146128
14842394 76285
10807111 547869
1775134 146129
30801099 295899
9758997 283107
2386413 433230
11974574 145107
14871878 63908
14870471 129105
23738410 72997
30801103 46436
30801106 21712
14863366 147167
12916792 26982
2449888 26162
2649344 26376
7420019 534870
2448571 109521
10399865 275723
30801107 257215
30800107 328780
6244524 241643
747252 95480
1357457 1197968
14871126 97412
30801108 177264
30801109 95760
2385132 179588
5127436 96480
14818130 156763
3077667 332575
3567388 285039
2385476 95331
2385156 2856
14849586 350000
14871523 48370
14871521 358959
7606334 97895
2920872 95846
30801110 95250
30801112 95589
10091277 362235
9776601 397493
11317095 18042
14834633 397317
14830564 95375
14858171 97537
10088856 287467
10088858 728935
11527495 162343
9473776 121216
1527108 41921
9380162 222322
30801114 1244186
30801117 764203
30801120 166204
30801123 82591
10059206 586038
30801126 252281
14852546 764318
14823527 148448
30801127 365308
14799526 190573
30801128 1004276
30801129 146623
1527121 54585
747277 138263
30801131 352017
10067263 233492
30801132 620308
30801133 326334
28927225 257303
30801134 92266
10006179 359977
30801137 216942
30801140 403794
30801142 340924
30801143 288092
650900 309753
11273411 218115
583781 133219
2601258 102919
10094622 46803
30801146 313514
14849669 193101
10646050 751750
2385155 133348
9956830 217838
30801147 2328949
10095216 216579
14874369 171404
2266995 341303
2182967 713846
30801148 624723
12201562 332712
30801149 218116
30801150 99994
30801151 864662
2077481 92865
11443484 213157
1592838 51432
7548771 554805
30801153 236620
7548762 17878
30801154 211890
30801155 194053
30801156 41906
14865016 52832
30801157 869973
30801158 101986
1218790 2095304
30801160 218418
30801163 126206
30801164 104405
14849386 505962
8672537 914680
3686515 338717
28795542 934707
28312049 453520
10085367 178581
11895771 619051
30801166 109827
10646328 336224
30801168 21892
12924066 623598
9989607 76693
11011434 770069
7551134 140107
12425433 83547
353730 30906
12809776 121135
1513057 93719
14870591 327307
30801171 220555
30801172 389937
30801174 218990
10003247 382490
10003243 176899
30801176 244706
3129048 345850
7333116 1068119
30801180 125227
14780024 491130
2833339 95546
933215 76810
29338065 478005
6239741 227785
30801181 36478
8547778 37363
30801183 92350
957468 551986
15492851 98227
30801184 5467
8335262 80422
2385869 191591
1527467 57676
5835376 149326
14831470 146738
30801185 43217
30801186 634501
30801188 144990
6500586 347050
14872400 53778
11996309 123905
30801190 553678
30801191 226084
30801195 101828
1592841 102042
7612526 37238
30801196 31928
14870467 95194
30801197 101445
15492841 32027
3162591 32119
7612520 179708
30800182 74176
12264275 118039
10061061 370375
30801199 51779
14799102 104608
10061051 158183
6283129 400123
30801201 857514
30801202 218355
13204967 99173
4473216 226593
29338425 408692
4429017 223921
431890 347779
164868 335326
30801203 95003
30801205 123143
4275456 18112
5974973 338313
30801207 1249387
30801208 185217
933237 119440
1748928 312777
3129770 105277
30801209 659104
1914802 36921
10076430 164839
14861796 91764
30801210 519553
30801213 621887
2385276 447542
14782012 255374
2077446 658634
1758662 192373
6924543 457804
2692186 1867842
30801215 366156
30801216 392842
30801217 52149
30801218 52150
2720610 86649
30801219 395419
30801220 53779
6294686 76850
30801221 76811
9562169 79336
30801223 22872
3670743 359418
12044247 19277
10081883 22784
6323909 23130
30801225 60368
9101622 67387
1250776 22603
10076479 166583
10076474 60113
2743785 238362
10076480 19009
9935763 363449
30801226 694779
30801227 98380
14798371 505209
933229 120746
30801228 942907
30801229 365608
30801230 110316
30801231 1595307
30801232 812274
9456118 353764
2875891 45502
7420015 618718
12816488 179738
1526936 94444
11154685 93320
30801233 637653
6094997 517901
2385494 98762
12736643 634130
12932256 58192
30801235 816185
30801238 139999
4091224 875514
14849150 338944
30801240 627131
933220 52840
30801241 52866
12677430 660797
2083794 580822
12199135 867301
30801242 341836
30801243 566589
3751392 228656
9646631 94108
6257450 82978
12758719 102671
12758720 514912
30801244 637681
2920860 80423
30801245 71288
850034 809731
30801247 593840
11765519 44232
3077637 480850
30801248 379097
14833694 215091
14819498 237895
1527024 899646
10060804 356970
30801250 155123
933231 96241
7444101 787464
7444098 688857
7444103 52841
30801251 1310278
30801252 649690
7679112 360550
10373324 593690
6986182 105278
30801253 49842
4542395 86650
30801021 1309924
30801255 215424
30801257 41922
1527448 85002
1526978 1740701
30801260 451573
30801261 98041
30801262 73359
6089181 215685
928889 130350
30801263 98555
747286 19011
30801265 172689
2385273 131450
12582167 332250
30801267 686816
10897544 177468
14872810 51279
30801269 58260
30801271 702657
12283867 199723
12939653 138391
10085120 218799
14868958 38612
2270031 338369
30801273 356723
30801275 956462
14801334 152252
2385152 364698
2706152 93665
5714151 41923
2412842 213278
30801277 394679
30801279 226969
11870536 293393
3022940 226290
14871137 261456
4003636 37054
14783340 62428
30801282 35923
30801283 108682
747253 36767
3078428 48891
954171 162976
14860003 175614
1775104 50851
3077849 392814
30801284 225055
30801285 121
3942284 95426
15650768 306271
1527010 306140
30801287 234631
12575504 979491
933221 139148
30801288 103137
11443035 264567
10063040 52570
30801291 355112
2921822 35595
2921823 201429
5434707 164511
10058790 18048
10058786 229603
29368750 50794
30801295 1583334
6844663 196376
30801296 98043
12202892 282262
3428534 85429
30801298 21987
30801299 296325
1084704 17883
30801300 110317
30801302 534502
2386414 332902
14369849 605222
11916993 149406
30801303 328519
30801306 605832
14810029 83429
30801307 415567
1804302 314657
30801308 224416
10064180 479599
928838 288536
30801311 140706
30801313 204623
5337012 280821
14810025 250648
10076268 468050
4163167 165133
3077745 561986
30801314 468048
2591873 468047
3351092 84327
30801316 448919
2264393 92826
12987009 97970
10051425 99583
14865684 901052
11595365 643439
10918721 538449
14870778 1193418
2881149 38064
1749874 879762
237238 18476
1552814 357437
30801317 198606
14853776 192376
12197669 37923
14828558 36179
30801318 661928
1972079 302126
8702457 186757
2920815 606653
30801319 121017
30801320 229863
6322850 297209
14860238 137452
30801321 388746
30801322 972062
7026758 35464
2385583 99842
3211945 112617
3291570 101007
12516397 120909
5340228 276918
2917028 21893
30801324 797339
2183857 478138
2095054 46169
1527444 279575
12722792 276593
5979509 276623
14784607 220544
30801325 477880
9959849 108470
28730910 409324
28428132 36989
6323673 212417
30801328 46804
12021426 670720
30801330 320315
251085 521368
30801331 106946
10058302 326800
14871738 276475
30801332 316778
2182970 492499
3009154 157952
30801333 381104
9455795 365699
1591699 580659
944561 324745
3472504 101384
10088317 94689
30801334 179330
14828233 705122
30801335 102300
14810511 1040452
30801337 585333
30801339 503329
6325404 173571
10375604 51597
14871832 581902
14839228 375769
9151860 297380
2183865 43218
3926938 180837
5211628 110598
928890 109462
12055295 554795
1592846 1042539
30801340 121325
30801342 311333
30801343 989841
5182822 99175
5925185 152411
30801344 678134
30801345 874929
6329040 364998
10680937 275195
30801346 1639639
3466841 63648
2093184 365095
25418746 857188
2077495 190790
2449509 1062310
6329593 52404
14840930 101491
9380545 93376
1596088 361304
933228 53473
747282 99585
2187901 234586
30801349 1041547
3568361 627420
9821397 824633
10791548 221226
9981943 148624
30801350 215407
6333889 361706
30801351 92949
14875078 318150
2449748 271925
1592807 869425
14832790 554820
30801352 670868
14783519 156313
11246564 363125
6338584 361228
30801353 875008
1526979 586273
30801354 853464
10936328 122960
30801357 320100
214144 52728
14782421 96337
10931276 223243
1527330 110045
3079474 157653
30801359 831279
2364798 271960
30801361 332018
30801362 364329
30801363 1201218
2876330 92099
30801364 52925
6342034 104746
30801365 884435
747271 40952
30801368 95993
7222603 344396
30801371 302381
6342296 117096
15514137 731470
12608602 354203
10059249 311447
30801373 332624
30801374 251455
30801375 1452349
583755 56377
10176437 338371
4005354 45765
29338518 917602
14852454 106734
30801376 349966
2435782 148093
30801378 385182
14817747 604376
10090404 43408
28382937 447987
30323075 431575
10899923 17968
30801379 218354
3567228 628327
5010325 361085
30801380 350975
30801381 1081138
30801382 209888
14817152 103861
1306896 273286
29368996 594190
30801383 651951
2559412 175012
1722602 327581
2559413 516714
1527442 40040
189552 284693
30801384 345357
10368671 506914
30801385 47220
28868614 22931
9478844 18477
14809318 291989
14828751 50954
30801387 96041
14856858 142571
7753220 157312
11607965 1188038
2077486 121326
30801388 424750
2741560 138264
28878690 193263
14805058 634197
29368960 470736
8786920 17121
30801390 1022505
30380182 367612
14867080 109095
30801391 1499385
30801392 119766
9322554 651771
14869404 50393
14871650 165038
2077452 863726
7078497 219829
30801394 416297
14872549 336225
10078694 165502
2591874 75546
30801396 218887
2649335 393697
10067523 873283
30801397 877435
4849321 121324
30801399 441934
1592843 92053
30801400 97706
30801401 109957
3129047 269786
4136735 215892
30801402 328734
12493666 20890
11238941 307149
30801404 296890
29369833 867033
4457838 115189
30801405 258100
1969915 339405
10914125 451749
6073916 157953
12755474 922677
6407597 103693
30801407 1041967
1592814 217897
8964321 50035
30801408 251347
6362858 110789
10072997 237778
30323056 134983
8063695 40041
3941864 101893
3077681 326290
10095567 498008
10095553 45733
6498111 630970
747276 659788
2182960 54827
1306660 68705
14782153 109556
30801410 326585
30801411 1397
30801412 318509
30801413 501544
8359449 369672
3929731 481993
12924159 433467
30801415 1458486
30801417 2071986
10378745 663457
30801418 73774
30801419 636304
2921785 551832
30801420 540443
30801423 91210
30801424 1811693
1653671 135340
518432 95195
30801425 708932
4163166 5794
30801428 99332
4293082 77957
4304214 144457
4293084 65063
30801429 745628
3077630 1055057
30801432 132380
3073780 97847
14872279 825414
6364979 47364
30801433 589645
12256155 190302
30801437 316791
30801440 186998
1527451 186975
7678830 363402
9860522 538340
30801442 2510135
30801444 40042
8998058 2050
334113 364791
30801445 581765
3077556 1004408
3077558 499452
928850 90336
30503447 342187
4230928 402554
2591865 397003
12974140 51720
12570870 94446
7730523 86178
12498159 163885
3965786 422956
6370848 157102
9780890 340192
10092761 145605
30801447 998418
3091728 134123
14829029 532555
30801450 2032894
2400945 22252
30801452 1682178
12499156 915298
30801453 1149388
30801454 959700
5923522 126396
14851603 660082
30801455 269882
30801457 102460
30801459 687244
30801461 192829
929909 34779
10091126 227537
2385614 490956
30801464 326120
30801465 80250
312572 321150
29371132 225889
14871654 1640744
10072108 51065
10062185 206276
30801466 1796672
30801467 988261
14841774 316696
3343906 156940
30801468 78058
11462461 351963
30801469 132287
9274271 35459
30801470 345589
10917758 208771
9377756 213367
6999820 388375
30801471 895693
14780402 334562
30801474 189553
6027755 96482
30801477 386689
30801478 53860
29340223 899205
3605546 137031
30801479 86410
14365979 517130
6516794 217719
2741429 642640
9449299 389371
2839118 520934
30801481 218734
30801482 198619
10680362 63612
30801483 107977
4854221 47366
3269296 874199
8673952 19308
30801485 41924
3078575 134124
3077869 362961
14826943 398806
10061083 109600
14855820 121809
1592834 342527
10048386 137262
30801486 141598
9131763 139149
9108336 484796
10176310 48345
3078225 418213
3569109 49531
4120801 597203
13113696 597202
8345656 157454
30801487 1528777
30801490 98229
10062229 63993
30801491 979077
8345653 196319
29369407 52142
2385193 1553040
3550432 340925
11372072 129417
30801492 240683
30801493 129033
7566361 70487
30801494 131912
11301844 64015
11766779 120383
10083671 50520
29368950 125066
30801495 149519
9576477 95247
7248095 130715
30801499 45555
14783882 123299
5274328 35782
1527469 126022
12803873 69002
14867483 240411
14798277 65084
1592845 735647
4128296 222476
30801500 902402
4263574 383151
12555871 37190
14781861 318931
5211664 130213
9367312 38019
30801501 130129
9811840 65014
1485972 17290
14463914 73480
4814527 895264
29335772 175055
1591697 140187
30801503 487338
10865688 7442
1526937 68532
3567440 912040
3905424 144031
799831 217868
1527466 415568
12007942 47367
30801505 524343
14847248 47076
747284 43952
30801506 332713
30801508 101713
30801509 331496
353729 86015
30801512 212157
2559349 1057003
30801513 520971
30801516 83243
30801518 97972
9940782 202362
3567773 18171
9568901 5573
30801519 397100
3269128 1456809
29372243 361305
30801520 793951
14871884 82487
30801522 596695
30801523 97973
28366939 685966
353712 283331
10052671 218119
2448548 131668
30801524 1704354
14796047 58143
30801526 330745
30801528 392183
30801529 1286304
30801530 1732858
10077335 517550
1592835 136673
30801532 118267
7745764 234327
30801534 707211
11996538 342561
30801535 657188
1527377 70134
7899542 65141
30801536 201856
30801538 727553
4263948 630507
4263949 170594
11208191 92649
30801540 93879
30801542 587674
30801543 99402
9085158 37051
1592842 277914
7259949 308150
15444629 306141
10063269 427801
30801544 125067
10870288 612017
30801547 739935
14436809 484753
30801549 1095689
30801551 236895
30323082 310248
30801552 356382
929899 137823
2591685 922229
30323052 337567
30801555 394936
11629048 311820
30801556 346052
30801560 236713
30801563 1002446
30801564 295900
2386495 652023
1527471 1005994
2182969 208195
14812421 40953
1527112 96243
30801567 63456
1592815 628417
30801568 38479
10064450 24217
30801570 299543
30801571 203764
30801573 186204
11738214 629903
30801575 208329
30801578 653203
30801579 384485
3079051 94886
30801580 253285
12018189 265994
4377909 249166
4436833 335129
1527452 96195
2183546 462644
11339349 363944
3078660 301353
30801584 208196
30801585 1389157
14859547 424149
2187910 99901
29369982 659649
3078933 258101
1526964 86823
12772605 213509
30801587 334001
14839047 22169
747258 67340
3821039 337453
14879895 156941
30801588 623893
30801589 827715
3905458 858888
30801590 278871
15255816 322106
14870909 389457
11730294 1118761
30801591 120910
14795848 456756
12220031 769536
1714433 908633
4587649 242693
593639 385928
29372657 100479
12220022 1252936
29369028 149714
29370988 357573
6314283 42698
30323066 213940
14872920 1579054
30801592 532098
30801593 42806
30323069 224946
11247814 1039905
30801596 917825
30801597 918210
30801598 149298
30801599 330882
15321279 163482
14781859 121586
14834073 607514
4447431 407626
1775170 103631
10071617 78660
30801601 440316
2385258 94447
30801604 1042365
12348518 1405656
1526962 217005
30801605 376284
30801607 929450
3567578 362393
30801609 1284530
30801611 145233
6080956 120860
14837113 41927
30801613 84705
14847392 102921
9810014 151190
30801614 270894
2919886 328099
2881742 219830
12407575 316026
30801616 224950
8588163 152146
30801617 337455
10057681 355632
1563566 504316
14837711 62851
2187904 48010
9966236 54895
30801618 74713
11312351 232959
12610110 295770
9957333 1041231
8445609 136191
30801620 537600
747272 191090
1527389 150832
14861094 100777
9214000 53781
3227054 665686
14821993 100480
14796347 662626
30801622 225056
747248 218186
30801625 483980
9371495 332654
5692504 6351
30800562 314876
14800384 649765
14871870 74597
30801626 582711
3077890 300714
2385920 124625
30801627 878566
30801628 674553
3078274 284569
8567145 432025
30801630 425276
14414800 199883
30801632 876993
3077848 1687510
30801633 135801
14827979 340664
30801634 2115502
3567489 940030
30801635 170981
3905432 191581
14818463 378673
3077847 258044
12472508 429254
29371221 226885
30801636 352198
30801639 401920
30801641 151020
12627903 370789
30801644 289060
6266188 90055
30801645 195672
30801647 491090
30801648 104231
14841993 46359
29369049 296708
9505703 344721
30801650 308479
10073335 365740
10073337 1756661
1775167 68199
30801651 683351
30801652 364699
2386420 1552965
30801653 730480
10779120 284183
5896308 191879
1914801 487466
1592805 126148
30801654 41515
14866827 104232
30801655 99779
1775135 98992
11264887 549951
1527429 91625
14264644 120911
353722 101653
30801656 151770
2077451 179912
30801657 91018
14873930 328946
10028417 107534
1866930 802542
9147987 52332
30801660 463595
1592797 309694
10066561 666180
2558067 604421
14833047 922857
30801663 108414
3751112 108435
3333845 508258
30801665 663437
28494571 635743
4076577 699755
1527435 17879
11336031 55627
3461182 350628
3708608 550182
30801666 550095
30801670 2146116
30801671 222736
30801672 589303
30801674 92267
30801675 546623
1527111 103242
30801676 551012
1527109 345527
30801677 667984
30801678 64902
1393482 142654
10083379 391993
2385154 857189
1592824 832
14863451 1136801
7633325 330254
29372672 104534
29369410 122365
413446 159721
10066352 1309790
3461192 506452
14823803 54273
28824384 427541
30801679 935546
12599654 333570
10768856 1191188
30801681 53520
10093212 881627
14823522 542367
30801682 228581
2182952 100177
30801684 197434
8267500 517252
8267499 545186
13066053 21822
9989778 171614
5211658 101935
5211627 65261
12277887 528987
3226900 74327
30801688 178965
30801691 2062442
29369013 176652
30801694 652954
10928858 333791
30801695 1022859
11482649 102231
11820281 831887
29371754 51594
30801698 345994
30801700 849763
30801701 161407
7532645 55148
29369820 75652
14846934 124602
11232684 887614
30801703 726514
30801704 850260
2449800 117506
10062052 121064
15527524 362732
3155579 842056
30801705 295529
29369025 174290
30801706 342244
10049300 109958
9881011 215186
30801710 173911
29369981 809696
2267053 109248
30801712 210660
30801713 2295384
9831816 95895
30801714 250983
30801715 56470
30801717 891330
15369615 897340
29370667 364889
28730916 47710
30801718 1127847
30801719 381563
929915 51523
1592844 446935
30801721 353311
2926683 196282
30801722 2171163
30801723 99465
30801724 53374
30801725 94102
30801726 872974
30801730 51084
11519820 340661
30801731 339583
6386985 484157
29368963 1289316
30801732 921086
1722413 74931
1592836 192830
14596780 453904
30801733 899734
3079556 130965
29370029 337602
30801734 627950
2385376 6243
14779260 666866
1306665 50137
30801735 419634
11449506 117407
2183907 282560
14825327 963531
30801737 460119
583763 338572
14871512 911978
30801739 907083
30801743 649295
3078024 659048
30801744 648447
1298189 545420
10051567 417662
30801746 1513900
3078932 62146
30801747 732718
30801749 205523
30801750 619192
1305743 56033
30801751 153030
30801752 817333
12565483 113363
30801754 908283
14820944 1803648
2591882 464494
30801755 633066
12757355 230856
30801756 186059
10087655 225332
10180988 903698
9944085 230921
30801757 145577
14861843 396169
432388 587499
30801758 896695
11441474 1528591
30801759 142756
1527453 40038
1305260 109599
2386497 925210
30801760 336723
9265549 12990
10048094 782923
30801763 202105
928473 251737
11634540 246283
14872163 614686
10092898 220223
30801764 417363
2385178 319683
12438978 339142
3568520 328784
30801765 457866
30801766 246644
14266509 272374
3078128 349146
6312742 141257
30801768 659849
10094486 192247
30801770 116902
15371370 177174
8864782 1075111
14870303 644950
14278789 99780
30801771 345958
14868886 218120
14825619 207635
10084599 653376
30801772 393094
13017656 30907
30801775 33483
30801776 365529
30801778 215722
30801780 228462
10069040 43409
30801781 259952
14862050 225967
3567154 579319
30801782 518933
15652569 76676
2077485 393885
29370016 64012
2591878 112307
11483532 222336
29369817 1308379
29372181 644432
12231393 1289972
1526959 433119
12517923 351603
2385167 118312
30801783 3927
2385348 284144
30801784 354569
12197890 648822
30801787 860293
1526939 420073
10078988 347151
30801789 201210
3100186 543938
30801791 406859
