13570860 721467
13534904 3698279
13658076 13567757
13567751 13567757
13724314 13724320
13653042 13535038
13535031 13535038
13775388 13535038
13727265 13535038
13688458 13535038
13588148 13588154
13535127 13535135
13713371 13535114
13652137 13535114
13768815 13535114
13689656 13689662
13535107 13535114
13548563 13548566
13651499 13548566
13716611 13548566
4114073 4259617
13822708 2184723
13841651 2184723
10041744 2184723
10043048 2184723
13843280 2184723
13535183 3967116
13618026 3967116
13591181 3967116
13535228 3967116
13667480 3967116
13628925 13628929
13535265 3967116
13798531 3967116
13535273 3967116
13605229 3967116
13746606 3967116
13591210 3967116
13653493 3967116
13651106 3967116
13811608 3967116
13811058 3967116
13770749 3967116
13535570 3967116
13698877 3967116
13618561 3967116
10039524 3967116
13667527 3967116
13817021 3967116
13535711 3967116
13535734 3967116
13535744 3967116
13692060 3967116
13700954 3967116
13535772 3967116
13756409 3967116
13535816 3967116
13678428 3967116
13666669 3967116
13536012 3967116
13639675 3967116
13536065 3967116
30880402 3967116
13536184 3967116
13764962 13764969
13767285 13767290
13651571 13651577
13701539 13651577
13721010 13721016
13751053 13751059
13701700 13701707
13536304 13536310
13536322 13536310
2388232 3080687
13645316 13645321
13673934 13673940
13738161 13536364
13623483 13536364
13631683 13536364
13591448 13536364
13536357 13536364
13771608 13536364
13793130 13536364
13618750 13536364
13616422 13536364
13787192 13536364
13787411 13536364
13787348 13536364
13775070 13536364
13860065 13536364
13536387 13536364
13793037 13536364
13820379 13536364
13637509 13536364
13731307 13536364
13673810 13536364
13657321 13657326
13653196 10040427
10040420 10040427
13684260 13684266
13783119 13536636
13634800 13536636
13644338 13536636
13536685 13536636
13611676 13536636
13827205 13536636
13631916 13536636
13786120 13536636
13594008 13536636
13792539 13536636
13565460 13536636
13807838 13536636
13536518 45430
13643196 13536636
13786379 13536636
13786389 13536636
13733508 13536636
13792992 13536636
13782183 13536636
13780013 13536636
13733441 13536636
13680849 13536636
13711516 13536636
13828056 13536636
13680408 13536636
13733453 13536636
13795212 13536636
13632121 13536636
13621284 13536636
13733488 13536636
13733170 13536636
13680398 13536636
13827140 13536636
13712622 13536636
13639769 13536636
13536630 13536636
13680856 13536636
13813426 13536636
13782189 13536636
13615214 446963
13782937 13782944
13766683 13752249
13753754 13752249
13752243 13752249
13618317 13618322
13795661 13265212
13685619 11227251
13842476 13601307
13601300 13601307
13683053 13683058
13537781 13537786
13538065 13538071
13720925 1943879
13645943 13645946
13611831 13611839
13671721 13611839
13765811 13765815
13620180 13620187
13827643 3926672
733378 1504748
13542155 4237152
13606474 1040245
13537030 13537035
13687356 13687362
13804629 13804636
13651929 3207779
13779379 3207779
10037430 10037441
13616300 3207779
13731214 3207779
30880404 3207779
2568274 3207779
13537442 3207779
13537185 13537190
13588260 13588267
4990809 4990821
10044676 4990821
13637813 4990821
13537464 3207779
13687014 3207779
13537550 3207779
6083160 3207779
13591889 3207779
2580858 3207779
13537615 3207779
13537623 174673
13652676 3207779
13720837 3207779
13772415 3207779
13537644 3207779
13820060 3207779
13537665 3207779
13622153 3207779
13674285 3207779
13537682 3207779
13638509 3207779
13683175 3207779
13601775 3207779
13537756 3207779
13580556 3207779
13672047 174673
13537769 3207779
13732024 3207779
13537597 3207779
13537790 3207779
13537802 174673
13714848 3207779
10041500 3207779
13637298 3207779
7217221 3207779
13779408 3207779
13722127 3207779
13538285 3207779
13781328 3207779
13537845 174673
13537851 3207779
13637441 3207779
13537874 3207779
13537912 3207779
13537923 3207779
13537938 3207779
3864932 3207779
13537968 174673
13537953 3207779
13820755 3207779
13600591 3207779
13637874 3207779
3560765 3207779
13538014 3207779
13715609 3207779
13538643 3207779
13638672 3207779
13780066 3207779
13538264 3207779
13652957 3207779
13612739 3207779
13822470 3207779
13785971 3207779
13614311 3207779
13538321 3207779
13538424 3207779
13538435 3207779
13538491 3207779
13588293 3207779
13538574 3207779
13538625 3207779
13717763 3207779
13538670 174673
13538729 3207779
13538751 3207779
13568622 3207779
9357870 9357886
13538981 13538969
13538992 13538969
13538962 13538969
13647332 13538969
13804921 13538969
13538951 13538957
13587322 13587332
13745364 13592036
13592033 13592036
13673452 13673457
13668662 412242
13735233 13625797
13626185 13625797
13625793 13625797
13539126 632251
13539140 13539146
13633692 13633698
13800083 1088571
13539165 13539173
13570959 13539173
13729461 13539173
13678912 13539173
13539184 13539173
13700984 13539173
13742745 2735128
13705460 2735128
8716698 8716714
13727650 2735128
13777798 2735128
10036828 2735128
13717833 2735128
13819301 2735128
13541654 2735128
13683071 2735128
13644152 2735128
13703847 2735128
13541669 2735128
13714076 2735128
13623217 2735128
13828667 2735128
13539612 2735128
13677436 368110
13839489 2735128
7217223 2735128
14048464 2735128
13539636 2735128
13656798 2735128
13677676 2735128
13539504 2735128
13653278 2735128
1965253 2735128
13691952 2735128
13631242 2735128
13539664 2735128
13721192 2735128
12471129 2735128
13539680 2735128
13539240 2735128
13599843 2735128
13632723 2735128
13719925 2735128
13821572 2735128
13539692 2735128
13631784 368110
13539229 2735128
13724058 2735128
13539702 2735128
13759224 2735128
13637222 368110
13820238 13592187
13598742 13592187
13592181 13592187
13592196 13592187
13820221 13592187
13727629 13592187
13823308 13592187
13778343 13592187
13598759 13592187
13592206 13592187
13821645 13592187
13592229 13592187
13612508 13592187
13592290 13592187
13714123 13592187
13718867 13592187
13651520 13592187
13539529 2735128
13734671 13625797
13784224 13625797
13697933 13697940
13763370 13763376
13635633 13635637
13629930 13629935
13592361 13592369
13539906 13539910
13617306 13617312
13698715 13698722
13752020 13698722
13790909 13790911
13534802 13534809
13539932 13539936
13811089 13811092
13844352 13844356
13822355 13822360
13694608 10041839
13683274 10041839
13730156 13730164
13617420 10041839
13729443 10041839
13539999 10041839
10041832 10041839
13611042 10041839
13610681 10041839
13630774 10041839
13540020 10041839
13540034 10041839
13635455 10041839
13669692 10041839
13815517 10041839
13723410 10041839
13540050 10041839
13560928 10041839
13578995 10041839
13610722 10041839
13612309 10041839
13702918 10041839
13540075 10041839
13666949 10041839
13751918 10041839
13643375 13617349
13617341 13617349
13592439 13592445
13633104 13592445
13592527 13534817
13540693 13534817
13644685 2084473
13540714 13534817
13540458 13534817
13540671 13534817
13593444 13593450
13540190 13534817
13694032 13534817
13642313 13534817
13813110 13534817
13632879 13534817
13540798 13534817
13811798 13534817
13540828 2084473
13540469 13534817
13653610 2084473
13534814 13534817
13540607 13534817
13540848 13534817
13648850 13534817
13540237 13534817
13541101 13541111
13592573 1496020
13541117 734486
10038207 10038213
13541128 13541133
13782810 3471976
13541255 13541261
10046710 10046719
13541378 13295530
13782552 13295530
13610347 348878
13541436 13541459
13790159 13790162
13766380 9993406
13728744 13728748
13627627 576299
13774834 576299
13608751 576299
13831136 576299
13730872 576299
13704935 576299
13627459 576299
13592630 576299
13741049 576299
13702706 7717
13713355 7717
13708875 13708881
13819521 13819527
13672566 13672574
13725323 13725329
13537128 13537137
13646646 13646653
10046249 3472049
13694287 3472049
13849356 3472049
13579664 3472049
2938506 3472049
13541743 3472049
13692837 13692841
13541753 13541758
13541767 13541758
13642702 13642706
3967031 4160738
13792555 13792561
14113213 186738
13715717 13715720
13601443 13601448
4292968 4377040
13645974 13541924
13541979 13541924
13713662 13541924
13542071 13541924
13678909 13678917
13646044 13541924
13713683 13541924
13747295 13541924
13645746 13541924
13541919 13541924
13542217 13541924
13747260 13541891
13541885 13541891
13678866 13541891
13147889 13147892
13592725 13147892
13645924 13147892
13678947 13542119
13542115 13542119
13752580 762396
13755203 13755210
13782452 13755210
13780144 13780152
13542297 13542304
13542392 8599521
13750813 13750818
13797205 13797207
13826667 10657654
13623671 13623676
13818976 13818981
13543984 222483
13861747 13861749
13799428 13536287
13617329 13536287
13610030 13536287
13715974 13536287
13648820 13536287
13536279 13536287
13611752 13536287
13698626 13536287
13811485 706312
13646846 13646848
13542664 116089
13542648 116089
13673840 13673843
13756767 13756770
13612092 13612097
14007939 13542883
13542876 13542883
13753274 13753280
13771660 13753280
13542911 8282447
8282430 8282447
13542937 8282447
13640721 8282447
13643979 8282447
13542973 13542977
13737289 13737296
13634493 13634500
13804498 13804506
1491158 2357910
13753414 2381252
13800559 13800565
13542960 13542968
13543045 13543054
13629460 13543054
13759913 13543054
13799648 13543054
13799460 13543054
13543000 13543009
13835370 13835375
13691137 13543054
13618733 13543054
13543074 13543054
13641613 13543054
13543161 13543054
13732403 13543054
13737919 13543054
13615968 13543054
13610785 13610792
13635997 13636004
13808877 13636004
13800652 13636004
13842024 13636004
13858152 13858159
13694042 13694050
13819114 13819119
13543229 13543238
13806207 13543238
13690951 13690959
13543269 13543275
13802867 13802870
13698829 13698837
13763931 3434563
13671787 13543289
13543281 13543289
13741271 13543289
13811535 13543289
13543294 13543300
13756500 13756508
13544339 13544349
13543393 534478
13765387 1968477
13798128 1968477
13765554 1968477
13765975 1968477
13765412 1968477
13766029 1968477
13798134 1968477
13766022 1968477
13765962 1968477
13801860 1968477
14201959 14201961
5126777 5126793
14104066 13831193
13831187 13831193
13751407 3637572
13667028 13558275
13558272 13558275
13577308 13558275
13635486 13635493
13769616 13769622
13615057 20278
13545839 1092493
13543889 654756
13685596 13271376
13636173 13271376
13709950 13271376
13543914 13271376
13652371 13271376
13543916 13271376
13814736 13271376
13587328 13271376
13605843 13604792
13604784 13604792
13605576 13604792
13847802 13604792
13577376 4969896
13544000 4969896
13700608 13700615
13763962 4445373
13764452 13764459
13633148 13633153
13544146 13544154
13544086 4969896
13544097 4969896
4969875 4969896
13611476 4969896
13752603 4969896
10046940 4969896
13544129 4969896
13544136 4969896
13700268 4969896
13544164 4969896
13700544 4969896
13544051 4969896
13544190 4969896
13667065 4969896
13804204 4969896
13635687 4969896
13544217 4969896
13544229 4969896
13698759 4969896
13544249 4969896
13753864 4969896
13544301 4969896
13544329 4969896
13611486 4969896
13800102 4969896
13537324 3261262
13637502 3261262
13545011 3261262
13643778 3261262
2637562 3261262
13678736 3261262
8084272 3261262
13679226 4430074
13548909 3261262
13783432 3261262
13644927 3261262
13760517 3261262
13739833 3261262
3663926 3261262
13544967 3261262
13629743 3261262
13639850 3261262
13544767 4430074
13580938 3261262
13581893 3261262
13586208 3261262
13701007 7157728
13718448 7157728
13545091 7157728
13634614 7157728
7157714 7157728
13763454 7157728
13727537 7157728
13638414 7157728
13812613 7157728
13545071 7157728
13588592 7157728
13844679 13844683
13545217 13545225
13659718 13659727
13619234 13619242
13545502 13545507
13545542 13545507
13545549 13545554
13699987 13699992
13546233 23042
13699204 23038
13649771 23038
13648923 23038
13737804 23038
13643402 23038
13766865 23038
13546252 23038
13749333 23038
13545719 13545725
13739187 13545725
13545765 13545725
13545772 13545725
13679829 13545725
13545792 13545725
13545820 13545725
13545859 13545725
13646242 13545725
13545876 13545725
13545887 13545725
13588649 13545725
13738830 13545725
13679506 13545725
13646447 13545725
13545969 13545725
13588680 13545725
13545986 13545725
13545997 13545725
13739268 13545725
13546155 13545725
13739661 13545725
13679535 13545725
13546053 13545725
13546102 13545725
13546153 592138
13668366 13545725
13739401 13545725
13546196 13545725
13817864 13545725
13645718 13645723
13546298 13546305
13610904 13610911
13840595 13840598
13546321 48861
13721667 13721673
13766767 13766771
13621658 13621661
13803899 13610468
13709124 13709129
13831159 13709129
13546556 13546562
13637575 13637583
4902748 4902780
9508872 4908163
13728699 13270592
13633681 13270592
13723119 13270592
13610962 13270592
13767993 13270592
13758704 13270592
13707319 13270592
13689558 13689565
13546632 13546637
13546607 2938549
13788930 13546637
13647997 13648004
13716715 13716722
13766202 13766210
13549126 13549131
13597835 13549131
13593526 13549131
13719231 1093962
13807481 681118
13724973 13724982
683530 1436463
13546948 1436463
13752038 1436463
13732960 1436463
13546846 1436463
13654597 1436463
13689152 1436463
13618915 13618923
13547048 1038698
13760886 13760894
13546869 1436463
13548062 13548073
13687449 1436463
13546889 1436463
13767944 1436463
13546912 1436463
13812195 13812202
13550147 13550156
13646410 13646416
13766823 13696811
13643957 433268
13547121 433268
13801368 433268
13690361 1443568
13634410 13634416
13696807 13696811
13669363 13669367
13661350 13661356
13715556 54951
13691263 54951
13630383 13630389
5622983 54951
13654586 13630389
13708676 13630389
30880406 13630389
13631756 13630389
13747591 13747599
13798359 13798365
13674064 13674071
13768352 13708824
13708821 13708824
14086049 14086051
13668764 13668770
13547519 13547524
13547552 13547560
13633899 13633905
13702820 13702826
13774932 17972
13834982 17972
13726367 13726369
13667220 3539946
13639212 408867
13547633 10567630
13547649 408867
13547799 13547804
13719724 13719730
13616579 13616586
13693468 13616586
13694416 13616586
13689115 7217407
13726198 7217407
13726805 7217407
13774600 7217407
13547808 7217407
13587606 7217407
13547736 7217407
10036542 7217407
13738364 7217407
13767578 7217407
13613046 7217407
13547785 7217407
13643968 7217407
13776711 7217407
13547830 7217407
13646015 13611840
7217233 7217407
13737749 7217407
13730378 7217407
13676044 7217407
13818992 7217407
13841091 7217407
13765019 7217407
13687702 7217407
13641704 7217407
13684994 7217407
13719402 7217407
13602226 13602235
13737909 7217407
13547872 7217407
13547884 7217407
13845167 7217407
13776814 7217407
13751265 13751270
13611006 7217407
13599834 7217407
13613503 7217407
13547922 7217407
13797823 13751270
13724807 7217407
13662415 13662419
13684793 13684798
13844507 13844510
13737301 13727530
13727520 13727530
13812653 13812658
13685837 13685844
13547981 1247741
13548048 13548054
13642801 13642806
13617383 13617390
13617384 13617390
13548077 13548083
13653056 13653060
429439 35309
13548570 13548183
13548177 13548183
13723971 13723975
13847295 13548320
13548314 13548320
13601029 13548320
10046966 10046973
13802624 10046973
13652907 10046973
13676166 13676168
13600137 3798080
13548297 10046973
13582938 10046973
13641340 13641345
13767357 13548387
13826939 13548387
13684398 13684403
13711885 13711891
13701712 13701717
13548383 13548387
13548428 13548434
13548394 13548387
13830413 13830416
13769293 13548387
13776636 13548387
13548537 13548470
13679306 13548470
13548466 13548470
13686516 13548470
13692706 13548470
13754484 13548470
13613294 13548470
13618935 13548470
13695478 13548470
13618216 13548470
13827834 13548470
13582988 576492
13688307 13688310
13722257 13722264
13722209 13722214
13673066 13673071
13819473 13819477
13807800 13807805
13704169 13704174
13685498 13685506
13824869 13685506
13749957 4997345
13715354 13715359
30880408 30880409
13679247 13548711
13623631 13548711
13548707 13548711
13601338 13548711
13713224 13713228
13548752 13548759
13780334 140932
13807309 13663707
13750793 13750797
13548803 13548810
13588843 13588853
13701620 13701623
13548881 13548888
13548893 13548900
13750539 13750542
13548917 13548923
13842886 13842891
13534971 54484
13623003 13623010
13548970 13548976
13798118 13548976
13847407 13548976
13764287 13764295
13548997 1824628
13601117 13601124
13684862 13601124
13645250 10037596
13631640 10037596
13753021 10037596
13599320 10037596
10037585 10037596
13714450 10037596
13714462 10037596
13545200 10037596
13714481 10037596
13632914 10037596
13673183 10037596
13809903 13809907
13724224 13724230
13549108 1687167
10041348 10041357
13827020 13367959
13685670 13685677
13764303 13764308
13772997 13773004
13625463 13624862
13624853 13624862
13625185 13624862
13684532 13616598
13702325 13616598
13763895 13616598
13616591 13616598
13750569 13616598
13800988 13616598
13696492 13616598
13774027 13616598
13785231 13785236
13549177 13549184
13782650 13549267
13767388 13549267
13700619 13549267
13782843 13549267
13701249 13549267
13782531 13549267
13755646 13549267
13783294 13549267
13764246 13549267
13693332 13549267
13640927 13549267
13782542 13549267
13772911 13549267
13749874 13549267
13699820 13549196
13754534 13549267
13549259 13549267
13549277 13549267
13782906 13549267
13704956 13549196
13670706 13670715
13623533 13623537
13756849 13756852
13549353 13549366
13684279 1040375
13767709 659150
13612654 13612659
30880411 13612659
13844634 13844638
13781966 13781971
13804285 4042115
13754819 6068212
13588899 13588902
13610380 13610385
13549508 13549511
13776219 13549511
13801122 13801125
13653374 13653379
13765614 891857
6366608 6366629
13593820 3424181
10039437 10039442
13725743 13725747
13735302 13735306
13730179 13730186
7217219 7217278
13729069 13729073
13692261 13675419
13675415 13675419
3072262 3562826
13549942 3562826
13821386 830050
13537625 3562826
13549963 3562826
13563576 3562826
13696711 3562826
13549972 3562826
13549983 3562826
13698196 3562826
13752816 3562826
13658291 3562826
13611874 13611880
13763264 13611880
13550018 13550025
13768105 13768111
13640885 13640891
13643528 13643534
13714382 13714389
13550095 13550102
13537732 13537742
13745135 13745138
13611643 13611648
13701338 13701344
13764806 13764813
13652126 3335442
13801218 13699335
13699329 13699335
13762925 13699335
13620346 2746228
1973967 2746228
13682367 13682370
13702410 13702418
13748460 13748468
13712670 13712675
13718790 13718797
13737162 13599725
13612954 13599725
13737947 13599725
13599719 13599725
5085085 5085093
13550384 1183506
13549767 13549779
13549884 13549890
13550415 140113
13550427 140113
13752486 13752490
13645683 197605
10047141 2785960
13774477 726727
13600545 726727
13658867 726727
13739705 726727
13729126 9737500
13550496 9737500
13550509 13550515
13822490 603100
13601414 13601419
13685197 12997
13793108 13601419
13606504 13606513
13691615 13588938
13588933 13588938
13762831 13588938
13550703 13550711
13777524 13550711
13550718 13550711
13686536 13550711
13550730 13550711
13760464 13550711
13550741 13550711
13783391 13550711
13611179 13550711
13601752 13550711
13819563 13819569
13713579 13550711
13634112 13550711
10039207 10039216
9611559 9611570
13753673 13753680
13634668 13550711
13834282 13550711
13694629 13550711
13702218 13550711
13739316 13739320
13843699 13843705
13843711 13843705
13550930 13550898
13800904 13550898
13799924 13550898
13615430 13550898
13633515 13550898
13670625 13550898
13688622 13550898
13723852 13550898
13588951 13550898
13550942 13550898
30880413 13550898
13550992 13550898
13550892 13550898
13622444 13622450
13551085 13551090
13643541 13643547
2637195 3260634
13774136 3260634
13732261 13732265
13551159 13551165
13637282 13637287
13728193 13551198
13728222 13551198
13551194 13551198
13710946 13551198
13619446 9741774
13576140 13576143
13807715 2340762
13551255 13551259
30880415 30880416
13633092 13633100
13764873 13633100
7217234 7217420
13798523 13798527
13765767 7217420
13772878 13772885
13588978 13588987
13551367 919847
13691179 13691185
13749916 13691185
13610124 13610130
13699441 13610130
13827346 13827350
13684684 3180109
13641944 3180109
13814794 3180109
13847526 3180109
13551460 5743428
5743402 5743428
13551505 13551511
13551533 13551511
13814254 13551511
13764403 1424989
13670949 13670952
13551701 13551707
13714928 13714932
13732333 2729617
13658791 13658799
13551818 13551825
13615883 13551825
13761454 13551825
13614433 13551825
13617786 13617793
13551842 13551825
13800714 13551825
13551853 13551825
13698685 13551825
13701157 13551825
30880418 13658799
13694141 13658799
13763525 13658799
13589024 13589027
13610136 13610143
13696504 13622594
13622588 13622594
13781594 3695842
14054279 14054281
13551921 13551928
13774950 13774956
13744578 13744585
13692128 13692132
13752396 13752400
13610941 13610945
13722918 13722922
13710349 13710353
13552009 3436099
13687162 13622540
13764756 13764763
13569424 13569443
13677312 13677316
13657484 13657489
13619758 10044729
13623017 10044729
10044720 10044729
13634122 10044729
13559205 10040514
13700031 10044729
13700754 10044729
13700056 10044729
13708945 10040514
13593713 10044729
13574222 10044729
13635084 10044729
13767478 10044729
13678498 10044729
13754649 10044729
13739867 10044729
13710685 10044729
13552330 10044729
13699943 10044729
13700219 10044729
13654168 10044729
13661858 10044729
13697653 10044729
13750560 10044729
13547180 10044729
13696241 10044729
13750065 10044729
13697722 10044729
13686078 10044729
13552340 10044729
13694873 10044729
13692911 10044729
13702091 10044729
13766629 10044729
13831679 10044729
13589063 10044729
13753696 10044729
13700305 10044729
13552355 10044729
13749759 10044729
13728507 10044729
13832740 10044729
13692234 10044729
13753446 13753451
13732353 13732359
13640319 13640324
7217232 7217396
13610061 10044729
13760335 10044729
13744485 10044729
13839249 10044729
13552380 10044729
10040506 10040514
13694678 10044729
13722084 10044729
13734481 10044729
13632299 10044729
13734211 10044729
13763787 10044729
13702903 10044729
13642518 10044729
13615804 13615810
13622567 13615810
13552413 13552417
13753482 13753487
13721248 13721255
13770695 13721255
13766547 13721255
13651995 13552510
13581975 13552510
13552504 13552510
13552516 13552510
13739632 13552510
13722682 13552510
13720642 13720647
13765603 13750646
13798426 13750646
13766389 13750646
13750639 13750646
13766285 13750646
13767969 13750646
13767702 13750646
13799341 13750646
13801518 13750646
13800129 13750646
13800231 13750646
13798808 13750646
13767020 13750646
13642022 13552510
13552593 13552598
13552536 13552510
13612781 13552511
13552553 13552510
13802210 13552510
13699381 13552510
13830969 13830973
13631692 1357794
13688022 13633534
13726700 13633534
13633529 13633534
13730283 13633534
13552893 13552905
13752645 10466039
13552298 13552308
13552891 13552898
13795841 13699727
13750701 13699727
13699720 13699727
13618390 13618397
13552929 13552936
13673079 13673082
13729220 3157851
13649914 13649919
13702580 13702583
13659577 2199155
30880420 141699
13610736 141699
13611020 13611025
13599146 13599157
13654778 13654784
13716074 13716079
13682701 13682708
13612575 10232187
13594218 5015681
13540059 9686978
13684712 13684718
13645406 1060254
13639228 1060254
13716556 1060254
13696536 1060254
13820887 13820891
13727308 13553707
13553702 13553707
13624196 13553707
13553711 13553715
13798991 13553715
13640538 900809
13784716 3920862
13760759 533507
13760399 13760403
13742344 13742349
13779913 13742349
13627594 2637680
13746149 13746154
13699016 7742240
13686701 73870
13604166 7742240
13730809 13730816
13776316 13599959
13790592 13599959
13791399 13599959
13599951 13599959
13791443 13599959
13790565 13599959
13798654 13599959
13857552 13857554
13787337 13256767
13636116 13636124
13693364 13636124
13712554 13636124
13645821 13636124
13618687 13618694
13697707 13612792
13612783 13612792
13842808 13842813
13694991 13694995
13554185 13554190
13768237 13768242
13554270 13554274
13554355 13554361
6984496 6984534
13686547 6984534
13702592 6984534
13658766 13658770
13834527 4354104
13786001 13686437
13751384 13686437
13686429 13686437
13622098 1639849
13673741 13673747
13554392 13554399
13554422 13554428
13717086 13554361
13764025 13719498
13719488 13719498
13685448 1833458
13712118 13712122
13765872 13765880
13554491 13554499
13554578 6764084
6764058 6764084
13600344 13600349
13554789 11271996
13554709 13554715
13752873 13752876
13698802 13601609
13601601 13601609
13566149 8131289
13826811 13826816
13613796 13613803
13675548 11271996
13763985 13554900
13623761 13623767
13834297 13554900
13554895 13554900
13613681 13554900
13554947 13554952
13554993 13554999
13772224 13772227
13687843 13687851
13772340 1807229
13726010 1807229
13799398 13799404
13789694 1807229
13752101 1807229
13764536 1807229
13712037 13691630
13691625 13691630
13799179 13691630
13699925 13699933
13555268 13555272
13600911 13600917
13665530 13665534
13617130 2733136
13763487 302188
13772352 416173
13689237 4343199
13729558 4530
13774528 4530
13720968 4530
13753686 4530
13790219 13790224
13555389 13555392
13555433 6513960
13555456 13555461
13599646 13599653
13660684 13660691
13678046 13678049
13754113 13754119
13771194 4901061
13555576 4901061
13689101 4901061
4901051 4901061
13722025 4901061
13723582 4901061
13555606 4901061
13600736 5950969
13601469 5950969
30880422 30880423
13555637 13555644
13752740 663559
13638979 4195263
13720453 4195263
13594529 4195263
13555662 4195263
13594523 4195263
13727153 4195263
13701850 4195263
13555681 4195263
13848987 4195263
13696927 13696933
13555692 4195263
13753234 4195263
13675024 13675027
13751028 208419
13782405 10038569
10038562 10038569
13661651 13661655
13637489 41179
13704370 13704375
13710884 1899040
13555844 13555849
13832272 3163885
13772295 13772299
13819031 13671162
13671154 13671162
13555968 13555972
13555978 13555981
13697840 273795
13718046 4528301
13556038 3850796
13673408 13673414
13652218 13556227
13638015 13556227
13735836 13556227
30880424 13556227
13697380 13556227
13556077 13556096
13699005 13556227
13594570 13594574
13730790 13556227
13646308 13556227
13594623 13556227
13663158 13556227
13619347 13556227
30880426 13556227
13671529 13556227
13556222 13556227
13555592 13555595
13766675 250403
13766884 4051934
13729406 13729412
13773805 13773809
13695420 141599
13651948 13651953
13813052 13641527
13641518 13641527
13594663 13594667
13841487 13673308
13673304 13673308
13622641 13622645
13614522 13614527
13556575 13556582
13723236 13556582
13640908 13556582
13700375 13556582
13556615 13556582
13648898 13556582
13804038 13556582
13624101 13624109
13721036 13556582
13556638 13556582
13635388 13556582
13774514 13556582
13767875 13556582
13771965 13556582
13637803 13556582
13628951 13628955
13695146 13695151
13722702 13722708
13841618 13841622
14003675 3750824
13557048 3454383
13632328 13632332
13589260 13589265
13634345 169620
13722493 13722500
13729703 116571
13684149 116571
13729713 116571
13556752 116571
13671356 116571
13823808 116571
13773431 116571
13673601 116571
13556802 116571
13718346 116571
13599576 116571
13556837 116571
13556849 116571
13556864 116571
13729693 116571
13556881 116571
13821094 116571
13556902 116571
13775091 116571
13770831 116571
13688081 116571
13718954 116571
13603922 116571
13775119 116571
13724703 116571
13690964 13690966
13648543 13648547
13556968 13556975
13794375 13794378
30880429 30880430
13558722 13558729
13818844 13818846
13557752 13557758
13558928 13558938
13725778 13725786
13601086 13601094
13557187 743144
13615700 13615706
13801336 13801343
13685348 13685355
13728797 13728801
13778510 13685355
13557684 86153
13557289 61504
13557344 61504
13703009 61504
13703374 61504
13557382 61504
13631409 61504
13703702 61504
13631479 61504
13703392 61504
13557460 61504
13703542 61504
13642034 61504
13704484 61504
13557486 61504
13557534 61504
13630895 61504
13703491 61504
13703086 61504
13703309 13685355
13704439 13685355
13557724 13557730
13557712 13557718
13710244 13710252
13821734 13271512
13634787 13634793
13782613 13557868
13557860 13557868
13640959 13640966
13686209 13557918
13557913 13557918
13617637 13557918
13699683 13634793
13716898 13634793
13750504 13750510
13802391 13802399
13787169 13787176
13558022 13558028
13558036 13558029
13594822 13558029
13633803 2523
13589288 13589294
13730734 13589294
13558047 13558053
13558071 13558077
30880431 30880432
13558355 4376375
13558364 4376375
13661424 4376376
13804247 13538887
13738281 13538887
13774618 13538887
13701722 4376375
13842138 13842141
13763740 13763745
13830992 13830997
13600481 13600486
14056374 14056376
13614826 13614831
13559233 13559239
13559253 13559258
13640787 13640792
13785536 13718922
13718916 13718922
13763021 4376375
13753351 4376375
13627803 4376375
13697733 4376375
13859202 4376375
13632894 4376375
13768268 4376375
13766215 4376375
13558401 4376375
13741434 13741437
13717985 4376375
13616664 4376375
13558521 4376375
10038982 4376375
13762005 4376375
13806266 4376375
13558537 4376375
13558548 4376375
13617647 4376375
13796841 4376375
13689947 4376375
13692924 4376375
13819374 4376375
13806333 4376375
13754864 4376375
13765159 4376375
13753517 4376375
13720068 4376375
13626864 4376375
13672342 4376375
13704693 4376375
13751657 4376375
13778253 4376375
13640831 4376375
13558626 4376376
13701265 4376375
13618652 4376375
13738259 4376375
13645210 4376375
13635983 4376375
13683940 4376375
14041013 4376375
13692428 4376375
13711386 4376375
13730637 4376375
13628006 4376375
13651694 4376375
13627686 4376375
13753650 4376375
13696610 4376375
13762783 4376375
13611128 4376375
13680220 4376375
13760729 4376375
13761985 4376375
13821984 4376375
13628499 4376375
13627385 4376375
13627415 4376375
13608740 4376375
13627571 4376375
13627578 4376375
4291706 4376375
13804074 4376375
13863143 4376375
13631594 4376375
13737772 4376375
13762861 4376375
13636714 4376375
13644882 4376375
13753338 4376375
13710936 4376375
13700495 4376375
13751561 4376376
13558770 4376375
13659011 4376375
13702272 4376375
13780456 4376375
13550604 4376375
13727668 4376375
13616279 4376375
13802484 4376375
13586939 4376375
13718004 4376375
13698019 4376375
13558819 4376375
13627991 4376375
13698470 4376375
13639008 4376375
13558835 4376375
13783492 4376375
13800489 4376375
13782500 4376375
13686338 4376375
13611331 4376375
13558850 4376375
13753976 4376375
13761161 4376375
13698743 4376375
13725145 4376375
13799041 4376375
13723457 4376375
13558887 4376375
13623153 4376375
13730220 4376375
13760250 4376375
13705192 4376375
13645484 4376375
13738406 4376375
13704815 4376375
13558947 4376375
13634215 4376375
13558956 4376375
13623926 4376375
13750310 4376375
13818874 4376375
13557000 4376375
13559026 4376375
13614291 4376375
13589338 4376375
13682864 4376375
13559042 4376375
13636086 4376375
13634027 4376375
13635645 4376375
13559113 4376375
13559190 4376375
13772890 4376375
13583272 4376375
13559151 4376375
13727169 4376375
13702802 4376375
13796012 4376375
13559197 4376376
13559263 13559270
13559295 13559301
13806818 1222823
13559332 666025
13796850 13796855
13667296 13667301
13834196 13834198
13677929 1581589
13559455 1581589
13647869 13559469
13559464 13559469
13559510 13559517
13801707 13801714
13559568 674815
13782425 13559585
13559602 13559585
13559579 13559585
13614869 13614874
13616795 13616801
30880434 30880435
13847449 13847452
13559744 13559749
13844379 10083883
13687658 13687664
13604240 385736
13600453 385736
13849086 385736
13613157 385736
13616968 385736
13560498 385736
13541624 385736
13819095 385736
13727712 385736
13719222 385736
13674551 385736
13819164 385736
13781284 385736
13720570 13720574
13560535 385736
13616695 385736
13563553 385736
13560546 385736
13560557 385736
13689386 385736
13560577 385736
13560568 385736
13560333 385736
13726089 385736
13755227 385736
4899945 4899962
13537251 385736
10043615 10043621
13844937 10043621
13844949 10043621
13725114 10043621
13860517 385736
13844971 10043621
13687718 385736
13537363 385736
3080715 385736
8764448 385736
13560636 385736
13831764 93934
13560650 385736
13687780 385736
13723595 385736
13603950 385736
13538480 13538485
13560674 385736
13645584 4544451
13635267 385736
13612226 385736
13560693 385736
13560707 385736
13560719 385736
13639023 385736
13560731 385736
7217229 385736
13721296 385736
13723187 385736
13740177 385736
13599734 385736
13726856 385736
13560851 385736
13769669 385736
13683097 385736
13671271 385736
13560925 385736
13560952 385736
13560967 385736
13560984 385736
13818883 385736
13560994 385736
13820409 385736
13632789 385736
13644015 385736
13726443 385736
13762762 385736
28401269 28401271
13561034 385736
9901397 385736
3073724 385736
10044541 385736
13775324 385736
13719665 385736
13840618 385736
13761015 385736
13561069 385736
13615403 385736
13688942 385736
13618422 385736
13690401 385736
13561092 385736
13618895 385736
13628758 385736
13604811 13604816
13770801 385736
13614617 385736
13683207 385736
13561120 385736
13643845 385736
13766894 385736
13561132 385736
13675656 385736
13683754 385736
13548491 385736
13778885 385736
13711188 385736
13830522 385736
13729008 385736
13812118 385736
13629855 385736
13618291 385736
13561200 385736
13561212 385736
13543967 385736
13751468 385736
13544033 385736
13799226 385736
13643247 385736
13561242 385736
13827193 385736
13617550 385736
13789367 385736
13644675 385736
13671985 385736
13685694 385736
13781416 385736
13818671 385736
13687131 385736
13846871 385736
13810094 385736
13704554 385736
13705144 385736
13716053 385736
13820606 385736
13684229 385736
13724118 385736
13688121 385736
13780345 385736
13561288 385736
13670342 385736
13561300 385736
13762361 93934
13561340 385736
13561349 385736
13561323 385736
13748033 385736
13636839 385736
13725578 385736
13603715 385736
13561373 385736
13804386 385736
13684632 385736
13561389 385736
13630702 385736
5988402 385736
13698772 385736
13630797 385736
13560820 385736
13627935 385736
13561399 385736
13753435 385736
13682899 385736
13561412 385736
13547243 385736
13600010 385736
13715046 385736
13561436 385736
13561483 385736
13756125 385736
13764746 385736
13561495 385736
13622040 385736
13636940 385736
13561511 385736
7217227 385736
13670928 385736
13561524 385736
13599932 385736
13636025 385736
13614553 385736
13561544 385736
13636664 385736
13843069 93934
13714344 385736
13751179 385736
13780296 385736
13770633 385736
13589474 385736
13561559 385736
13689160 385736
13763247 93934
13561600 385736
13623468 385736
13752707 385736
13723361 385736
13612770 385736
13721739 385736
13561626 385736
13561670 385736
13561618 385736
13672070 385736
13658380 385736
13622264 385736
13818177 385736
13561683 385736
13561703 385736
13561722 385736
13751133 385736
13703922 385736
13600993 385736
13561740 385736
13764912 385736
13589497 385736
13715564 385736
13686525 385736
13682575 385736
13487072 385736
13750478 385736
13561765 385736
13618344 385736
13651884 385736
13726921 385736
10041093 385736
13842573 385736
13766942 385736
13675745 385736
13561780 385736
13672770 13672775
13561787 385736
13600061 385736
13618722 385736
13561806 385736
10046824 385736
13705025 385736
13561857 385736
13727742 385736
13778308 385736
13716137 385736
13640817 385736
13804576 385736
13561878 385736
13623276 385736
13779463 385736
13821043 385736
13561923 385736
13775745 385736
13715656 385736
13820967 385736
13561936 385736
13712302 385736
13763596 13763599
13637147 385736
13764781 385736
13767254 385736
13723618 385736
13719040 385736
13637831 13637837
13630696 385736
13550524 385736
13851997 385736
13561962 385736
13561975 385736
13764605 385736
13562002 385736
13559761 385736
13404306 385736
13720631 385736
13688390 385736
13696411 93934
13652693 385736
13615415 385736
13562052 385736
13562062 385736
13644982 385736
13657360 385736
13601741 385736
13562089 385736
13754934 385736
13710531 385736
13652206 385736
13705046 385736
13722330 385736
13562110 385736
13724254 385736
13781524 93934
10040161 385736
13601385 93934
13859270 385736
13865083 385736
13745263 385736
13631386 385736
13724487 385736
13601683 385736
13766911 385736
13562013 13562019
13754635 385736
13781625 385736
13659245 385736
13776758 385736
13760529 93934
13589554 385736
13708786 385736
13562184 385736
13562193 385736
13562237 385736
13799725 385736
13602414 385736
13726397 385736
13602416 385736
13562253 385736
13582841 385736
13562281 385736
30880437 385736
13651712 385736
13622201 385736
13725858 385736
13687486 385736
13803537 385736
13615932 385736
13732158 385736
3261328 385736
13671765 385736
13562330 385736
13721074 385736
13562342 385736
13611933 385736
13685576 385736
13611922 385736
13611945 385736
13612467 385736
13613581 385736
13638625 385736
13562398 385736
13824796 385736
13699658 385736
13820137 385736
13699554 385736
13559779 385736
4107906 385736
13683541 385736
13763135 385736
13562445 385736
13562463 385736
13724177 385736
13554678 385736
13798289 385736
8090008 385736
13806740 385736
13686915 385736
13819768 385736
13772279 385736
13653351 385736
13764390 385736
10042005 385736
13731730 385736
13721899 385736
13751821 385736
13562535 385736
13595195 385736
13726127 385736
13562616 385736
3966906 385736
13649805 385736
13775622 385736
10046466 385736
13564741 385736
13564755 385736
13562630 385736
13564768 385736
13623045 13623049
13715365 385736
13689284 385736
13600397 385736
13763569 385736
13731520 385736
13562674 385736
13763750 385736
13589573 385736
13760286 385736
13696764 385736
13686133 385736
13704996 385736
13703691 385736
13724625 385736
13633670 385736
13600497 13600503
13795341 13795343
13562714 385736
13645364 385736
10041374 385736
13557615 93934
13703976 385736
13562753 385736
13772834 385736
13615947 385736
13824783 385736
7217225 385736
13803915 385736
13801479 385736
13776726 385736
13617018 385736
13828351 385736
13615247 385736
13639839 385736
13703209 385736
13558185 93934
13800453 385736
13804378 385736
13817339 385736
13826861 93934
13562819 385736
13791166 385736
13627943 385736
13670120 385736
13683638 385736
13800296 385736
13632694 93934
13698271 385736
13684345 385736
13730519 385736
13751230 385736
13697949 385736
13633176 385736
13567187 385736
13687145 93934
13723798 385736
13562850 385736
13565183 385736
13740938 385736
13657377 385736
13653341 385736
13774890 385736
13562880 385736
13633203 385736
13814974 385736
13562916 385736
13671198 385736
13562927 385736
13675867 385736
13724957 385736
13717974 385736
13671112 385736
13751459 385736
13564789 93934
13673880 385736
13622305 385736
13671365 385736
13562986 385736
13830057 13830062
13564219 385736
13562998 385736
13643752 385736
13603825 13603830
13613438 385736
13865630 385736
13718617 385736
13719968 385736
13808082 385736
13614949 385736
13723503 385736
13622740 385736
13637636 385736
13563103 385736
13726327 385736
13700086 385736
13700089 385736
13700090 385736
13700091 385736
13721147 385736
13563114 385736
13699140 385736
5318558 93934
13811785 385736
13563144 385736
13563155 385736
13560368 385736
13781665 385736
13627875 385736
13568076 385736
9843462 385736
13563267 385736
13563200 93934
13563230 385736
13644666 385736
13563243 385736
13689899 385736
13760799 385736
13703653 385736
13873459 385736
13780987 385736
13612371 385736
13563279 385736
13675962 385736
13730192 385736
13634263 385736
13700234 385736
13563299 385736
13772520 385736
13689781 385736
13636648 385736
13553227 385736
13737852 13737854
13775818 385736
13563343 385736
13696367 385736
13697330 385736
13567219 385736
13695075 385736
13688599 385736
13697257 385736
13563434 385736
13810174 13810177
13683182 385736
13610982 385736
13589622 385736
13773157 385736
13720524 385736
13638732 385736
13720205 385736
13755420 385736
13774333 385736
13563473 385736
13570324 385736
13776080 385736
13615851 385736
13686651 385736
3527832 385736
13563531 13563536
13563595 385736
13812485 385736
13617930 385736
13781097 385736
13617035 385736
13798280 385736
4415184 385736
13564801 385736
13842233 93934
13563614 385736
13563626 385736
13636535 385736
13820523 385736
13651759 385736
13689214 385736
13750869 385736
13693287 385736
13627514 385736
13724793 385736
13563667 385736
13614978 385736
13600110 385736
13563683 385736
13613106 385736
13780323 385736
13563696 385736
13698458 385736
13602299 385736
13726407 385736
13602297 93934
13701133 385736
13728998 385736
13595179 385736
13699565 385736
13714990 385736
13701394 385736
13638092 385736
13751870 385736
13764943 385736
13781439 385736
13726876 385736
13721064 385736
13622507 385736
13564678 385736
13589721 385736
13560255 223646
13769524 385736
13614510 385736
13613776 385736
13728473 385736
13704427 385736
13638949 385736
13827273 1259
10039055 385736
13563751 385736
13563742 385736
10039659 385736
13672224 385736
13763718 13763723
13771344 10040230
13565026 10040230
10040221 10040230
13719682 4899963
13772429 385736
13674388 385736
13683786 385736
13573569 385736
13563771 385736
13731604 93934
13563785 385736
13613186 385736
13563811 385736
13730883 385736
13563823 385736
13644640 385736
13563858 385736
13648074 385736
13808382 385736
13715381 385736
13725980 385736
13687436 385736
13564124 385736
13563885 385736
13705495 385736
13563925 385736
13563937 385736
13768512 385736
13689065 385736
13645730 385736
13621857 385736
13601827 385736
13589647 385736
13563986 385736
13697582 385736
13729627 385736
13729635 385736
13823631 385736
13589654 385736
13697786 385736
13564033 385736
13564048 385736
13810025 385736
13564005 385736
13687939 385736
13674172 385736
13775699 385736
13674454 385736
13673236 385736
13643687 385736
13773545 385736
13750228 13548745
13560020 13560027
13548740 13548745
13684195 13548745
13691734 13548745
13638320 385736
10039617 385736
13564067 385736
13701288 385736
13780473 385736
13765148 385736
13684972 385736
13564094 385736
13693898 385736
13732038 385736
13564103 385736
13659121 385736
13658808 385736
13672756 385736
13645624 385736
13774849 385736
13668022 385736
13671590 385736
13671250 385736
13636142 385736
13617577 385736
13564177 385736
13623819 385736
13564193 385736
10044427 10044434
13675571 385736
13635230 385736
13628083 93934
13697318 385736
13658397 385736
13623798 385736
13564239 385736
13675676 385736
13306357 385736
13670781 385736
13564268 385736
13564292 385736
13716933 385736
13717964 385736
13564320 385736
13766747 385736
13752365 385736
13622653 93934
13795383 385736
13610157 385736
13582074 385736
13646248 385736
13811993 385736
13716925 385736
15357711 385736
13567257 385736
13579655 385736
13579725 385736
13798481 385736
13579814 385736
9357528 385736
13844824 93934
13560786 385736
13560457 385736
13771544 13771548
13772555 13772559
13721314 385736
13685046 385736
13731136 385736
13614908 385736
13798892 385736
13564441 385736
13800368 385736
13750129 385736
13589677 385736
5711809 385736
13801943 385736
13764924 385736
13823498 93934
13709342 385736
13761071 385736
13752200 385736
13564477 385736
13634321 385736
13564486 385736
13764525 385736
13564506 385736
13688662 385736
13564543 385736
13541172 385736
13564564 385736
13757222 13757225
13564430 13564436
13798457 385736
13564603 385736
13658852 385736
13704876 385736
13700190 385736
13564918 385736
13727940 385736
13602957 385736
13712653 385736
13645470 385736
13697063 385736
13564660 385736
13690414 385736
13674644 385736
13616366 385736
13589704 385736
13564694 385736
13820205 385736
13584359 385736
13564835 385736
13696988 385736
13830680 385736
13802586 385736
13819439 385736
13603871 385736
13715455 385736
13776459 385736
13768259 385736
13723666 385736
13702047 385736
13842788 93934
13688279 385736
13768189 9997061
13696166 385736
13671930 385736
13602272 385736
13564939 385736
13751354 385736
13637208 385736
13726651 385736
13564969 385736
13774629 93934
13765072 385736
13765082 385736
13821321 385736
13770657 385736
13564813 385736
13564987 385736
13564994 385736
13716146 385736
13726238 385736
14082738 385736
14118814 93934
13695963 385736
13770952 13770955
13613714 111560
13719358 1322389
13595284 1098484
13827007 13827011
13598902 13598907
13760235 13759763
13759759 13759763
10037077 10037087
13827995 61822
13616852 13616857
13565803 13565808
13766097 13766105
13565886 13565890
13565847 4080733
13614463 4080733
8774477 8774492
13566014 13566021
10038824 10038833
13637088 13566021
13589761 13566021
13752527 13566021
13634353 13566021
13812103 1932806
1069916 1932806
13683379 2504076
13612836 440953
5743403 440953
13652414 440953
13798543 809045
13725022 13725030
13565835 13565842
13566213 13566217
13652707 13652711
13724274 13724279
13658643 13658648
13685016 375909
13611653 13611660
13712361 13712369
13792976 13792981
13663041 13663046
13643176 13643180
13566439 13566445
13566478 13566445
13595242 13595249
14115490 14115493
13566505 4922298
13753127 13753135
13566552 13566558
13566571 13566577
5619507 370376
4943554 4943622
13577260 9716582
13635369 13635372
13639309 13635372
10038674 10038680
13635779 8084033
13750827 8084033
13730261 13730265
13608996 1253374
12958069 12958077
13683399 13683410
13618810 13618816
13566967 13566972
13822047 13822055
13753058 13753063
13711313 13711307
13567034 9744412
13760766 13711307
13811907 13711307
13711300 13711307
13567070 13567077
13573050 13573059
13673507 13573060
13749299 13573060
14008978 14008980
13595502 13595509
13766784 13766790
13652876 13652880
13694717 13595527
13595520 13595527
13836035 13567321
13687476 13567321
13797856 13797860
13638303 13567321
13749770 13567321
13799446 13567321
13567314 13567321
13775239 13775241
13567348 13567354
13771628 13771634
13567416 13567423
13790000 13567423
13619209 13567423
13835225 13835227
13765137 13765142
13672871 13567423
13631058 13631063
13633007 13631063
13827371 236594
13691288 13631063
13753995 13631063
13567738 3902000
13567659 3902000
13567704 3902000
13670519 3902000
13693803 3902000
13727700 3902000
3562328 3902000
13567679 3902000
13617009 3902000
13619593 3748520
13751984 13751990
13567780 13567788
13818203 84908
13567003 84908
13686384 13686389
13753661 13753664
13819686 13819691
13692367 13692375
13665728 7830238
13726668 7830238
13830316 7830238
13579817 7830238
13637477 7830238
13567921 7830238
7830229 7830238
13798598 2388326
13615921 2388326
13801280 2388326
13568112 157979
13595611 13595621
13731684 13595621
13567937 7830238
13568058 1624840
13702568 7830238
13567948 7830238
13580190 7830238
13568123 7830238
13610575 7830238
13631352 13631357
13761499 13761504
13568282 1539016
13655461 13655464
13655463 13655464
13801314 13655464
13731798 13731804
13725072 3267015
13704494 13704500
13753401 13753408
13725514 13725519
13731658 13731665
13803662 13803671
13728953 13728959
13591932 13591934
13695179 13695185
13716361 13716370
13595683 10568345
13568427 10568345
13813266 13813270
13821825 13568508
13671263 13568508
13568503 13568508
13730423 13730430
13562430 744745
13702539 13702544
13721107 13721113
13695865 13695873
13688345 13688351
13798220 13798224
13684825 13684832
13644259 13644265
13568784 13568792
13689822 13568792
6893113 6893139
13801499 227304
13635331 227304
13692142 13692150
13755731 13755738
13822541 13568979
13568974 13568979
13783921 13783924
13569014 13569018
13569022 13569018
13572569 13572572
13701641 13701646
13603550 3441307
13569172 13569176
13569186 13569176
13569197 13569176
13569207 13569176
13724916 13724924
13627430 13569176
13569277 13569176
13634838 13569176
13569074 13569079
13830307 13551870
13715636 13551870
13672633 13551870
13798267 13551870
13725405 13551870
13803696 13551870
13731850 13551870
13551864 13551870
13636568 13551870
13642984 13551870
13715814 13551870
13775004 13551870
13754447 13702628
13702623 13702628
13700889 13551870
13758668 13263759
13731276 13551870
13693706 13551870
13726230 13551870
13696598 13551870
13687669 13551870
13801075 13551870
13570252 13551870
13784034 13551870
13777139 13551870
13569326 13551870
13719809 13551870
13569334 13551870
13752927 13551870
13751897 13551870
13714200 13551870
13799279 13551870
13683266 13683270
13729799 13551870
13645895 13645898
2102044 2853077
6729962 6729974
13581998 13582005
13569512 6729974
13613453 13613461
13589937 13589941
13778721 13778726
13683741 13683748
13938910 13938912
13595830 13595838
13750208 13750215
13569706 83796
13570030 3940103
13822494 3940103
13670492 3940103
13711527 13711535
13570133 13570140
13748499 13748506
13600961 13600968
13612457 13612460
13797981 13797988
13773499 13773506
13798881 13778653
13778647 13778653
13827513 13773506
13830346 13830352
13780657 13780662
13777745 13777749
13699122 1977844
13800444 13773506
13798863 13798871
13822194 13822201
13570304 13570309
13764057 5825047
13803202 5825047
13804548 5825047
13830535 5825047
13781404 5825047
13801874 5825047
13773146 5825047
13773973 13570382
13570376 13570382
13703144 13570382
13727096 5825047
13778380 5825047
13800576 5825047
13731917 5825047
13634159 5825047
13712375 5825047
13801143 5825047
13616641 5825047
13766415 5825047
13804791 5825047
13765292 5825047
13804775 5825047
13798768 5825047
13777678 5825047
281433 789937
13800796 9695104
13797594 9695104
13570605 13570612
14105880 14105885
14105878 14105881
13570633 497595
13570671 1071707
13755579 605857
13570751 13570757
13755512 13755520
5707747 605857
13670317 13670323
13543018 1092900
13792297 13792304
13693506 13693513
13698367 13698374
13571010 2033113
13687622 2256243
13793270 2256243
13791487 2256243
13623772 13623780
13702972 13623780
13653251 13653258
13619373 13619378
13749525 13749531
13752983 13752990
13719009 13719016
13731182 13731187
13774744 13774752
13700584 13700591
9508874 4908362
13571090 13571097
13737683 13737689
13559006 13559015
13571106 13571111
13714365 13714371
13687389 13639173
13745469 13745472
13733722 13733728
13719027 13719034
13613651 13613658
13643459 13613658
13613063 357860
13815260 13815267
13615165 13615172
13621800 13621810
13754786 6516
13571151 6516
13736280 6516
13753390 6516
13571212 6516
13762915 6516
13730064 6516
13751281 6516
13797544 6516
13612417 13612422
13571630 13571639
13729734 2727043
13697248 13697253
13763342 13763347
13692012 13574686
13697052 13697058
13775035 13574686
13601204 13601211
13543768 13543781
13647926 13543781
13816210 13816214
13571840 4076
13579801 13579807
13538334 13538338
14093753 13571982
13571978 13571982
13908992 18197
13717267 18197
13572023 13572027
30880439 30880440
13762843 13762846
13806651 13806653
13822569 13822572
13643911 13643919
13618511 3966823
13702929 3966823
3663775 3966823
13572118 13572123
13572135 13572141
13701075 13674775
13652071 4430370
13702879 13674775
13674770 13674775
13687913 13674775
13616024 13616030
13632684 13616030
13712689 13616030
13785330 605857
13718742 605857
13571422 13571426
13571509 605857
13764493 13764500
13636303 13636306
13701000 13603099
13749972 13672838
13672831 13672838
13572410 24174
13572421 13572426
13715168 13715174
13807776 3509052
13615359 1462516
13572657 176217
13814466 3199328
13572749 35079
13827682 13827688
13696752 13696759
13711119 13711126
13823765 13823770
13738150 13738157
13705222 228105
13831489 228105
13788923 228105
13813929 228105
13813909 228105
13816594 228105
13813952 228105
13788911 228105
13817785 228105
13788905 228105
13572835 13572841
13572905 13572912
13599980 13599986
13731023 13599986
13572918 13572921
13612496 13599986
13692318 13599986
13537894 13537904
13748534 13599986
13753785 13753792
13572978 13572985
13590094 13590097
13728769 5122769
13749780 197030
13731032 5122769
13716888 5122769
5122745 5122769
13612330 13596364
13596358 13596364
13740259 13740262
13674744 13674749
13722366 13722373
13694567 13694574
10044796 10044804
13752092 13596424
13596418 13596424
13633311 13596424
13644302 13644306
13634973 13596424
13713250 4157215
13573385 69574
13612866 13612872
13573396 13573400
13639331 13573400
13739641 13636042
13636036 13636042
13643470 2291303
13773510 4378476
13739573 4378476
13823097 13823100
13835569 13835575
13683162 13683170
13573626 13573632
13573602 820771
13844119 13844122
13635857 13635862
13807599 13807603
13573717 13573725
13720096 13573725
13743130 13743138
13573832 13573838
13692984 2681650
13738004 13738010
13737955 13737960
13618115 13618122
13847741 13618122
7217226 7217336
13573950 10045219
13756545 10045219
13686607 10045219
13747658 10045219
13603691 10045219
13800354 10045219
13641592 13641598
10045210 10045219
13756471 10045219
13574009 13574015
13600558 13600562
13623541 13623549
13621989 13621996
13819431 13819435
13596570 13596573
13574124 13574129
13764202 13574129
13574140 13574129
13775442 13574129
13799678 13574129
13722420 13574129
13737188 13737195
13763105 13763112
13765044 13765051
13599964 13574247
13574240 13574247
13616106 13574247
13638351 13638357
13574281 13574285
13755396 13574200
13728256 13574200
13574196 13574200
13722081 9743897
13773126 13574534
13621352 13574534
13574426 13574433
13740816 13740820
13735767 13574455
13574451 13574455
13753962 12471261
13726504 12471261
13574572 12471261
13732807 12471261
12471222 12471261
13750772 12471261
13590218 13590223
13831017 12471261
13724929 12471261
13590232 12471261
13574562 12471261
13574587 12471261
13590244 12471261
13686092 12471261
13574599 12471261
13638118 12471261
13762243 13762247
13770779 13574534
13696959 13574534
13574527 13574534
13597374 13574534
13597426 13574534
13635512 2243134
13783155 13783160
13574625 13574633
13791748 13791752
13763465 2188692
13762678 13762683
13574795 2188692
13574842 2188692
13679879 2188692
13724573 2188692
10039375 10039381
13574939 13574885
13574913 13574885
13574880 13574885
13832433 13574885
13699775 13699782
13783500 2188692
13574817 2188692
13636381 2188692
13724581 2188692
13574742 2188692
13666163 2188692
13615766 2188692
13775825 2188692
13574751 2188692
13842864 2188692
13654789 2188692
13600018 2188692
13574852 2188692
1317802 2188692
13699369 13699376
13574964 8429882
13695635 13695641
13738606 13738611
13696903 13696908
13687600 13687608
13575075 13575081
13766129 13766135
13575138 13575144
13575149 13575152
13669716 84585
13585687 84585
13575111 84585
13575118 84585
13572534 84585
7983309 7983320
13697673 13697680
13575156 13575163
30880441 25413450
13777415 13777421
13779785 13777421
13778484 7747653
7747643 7747653
13779798 13777421
13575220 1828216
13732147 766438
13822599 13621479
13621474 13621479
13717301 3990736
13764843 13764849
13670566 13575317
13780410 13575317
13723221 13575317
13575311 13575317
13575323 13575317
13575338 13575317
13768025 13575317
13816789 13575289
13772603 13575289
13575285 13575289
13741869 13575289
13558007 9695732
13804939 13804944
13715089 13715096
13622674 13622678
13604044 13604049
13624145 13604049
13860368 13860372
13773519 13773523
13767133 13767137
13575606 13575601
13575595 13575601
13718847 13718850
13643616 13643623
13744146 13744150
13716494 13716498
3966965 4160656
13777487 13600319
13600312 13600319
13850969 13850971
13575823 9726565
13832108 13832113
13822858 13822861
13620256 13620262
13634005 13634010
13538343 9508892
13769564 9508892
13593153 9508892
13635912 9508892
13556770 9508892
30815373 9508892
13630716 9508892
9508871 9508892
13597508 9508892
14084099 9508892
13597459 9508892
13696432 9508892
13581972 9508892
13638684 9508892
13602595 13602600
13720871 13720874
13638416 13575987
13575980 13575987
13645493 13596865
13645504 13596865
13641498 13596865
13613429 13596865
13780393 13596865
13596860 13596865
13576037 13576042
13856980 1967817
13611238 13611243
13636447 937064
13700819 13700826
13576188 13576192
13576227 13576234
13713999 13576234
13698636 13576294
13576288 13576294
13731328 13576294
13692381 13692386
13762770 13672484
13672480 13672484
13714177 13698920
13576336 13576342
13820998 13576342
13576363 13576342
13771992 13576342
13728055 13576342
13644142 13576342
13726387 13576342
13576385 13576342
13576442 13576342
13698916 13576342
13773108 13576342
13776390 13576342
13841063 13576342
13652282 13576342
13644556 7165792
13631215 13631219
13590328 6848269
13801954 1197076
13576505 13576512
13576493 13576500
13576526 627984
13717738 13717745
13725992 13725996
13576533 13541707
13576542 13541707
13541701 13541707
13689740 13541707
13637823 730954
13590348 730954
10039459 730954
13715859 730954
13701227 730954
13590363 13590369
13697139 13541707
13731073 13731079
13763187 13763192
13576787 673969
13664036 673969
13576807 673969
13579769 673969
13576828 673969
13614184 13614187
13576853 673969
13612037 673969
13729205 13689375
13689368 13689375
13717525 13689375
13764735 13689375
13722546 13722552
13576878 13576882
13776504 13776509
13631963 13631968
13644487 9508368
13577088 13577097
13749680 13749685
13640578 13640583
13577086 13577091
13577100 6193277
13835044 13835048
13696912 3908161
13577229 13577236
13715391 13715397
13578452 13578457
13577276 13577283
13577289 13577283
13803383 13803386
13699460 13699466
13616751 13616757
13604657 341226
13576953 13576959
13799835 13799841
13804178 3555102
13577430 3555102
13637554 13637561
13599515 13599519
13718404 13577530
13720055 13577530
13577525 13577530
13646620 13577530
13834370 13834374
13585373 13585377
13577565 13577570
13577576 13577570
13577587 13577593
13671685 13671693
13702662 13686292
13686287 13686292
13564302 1093419
13616267 13616273
13801396 13616273
13577602 13577607
13577604 13577607
13621377 13577607
13730030 13616273
13863243 13616273
13783406 13616273
13693031 13693038
13557976 13557983
13764123 13557983
13675808 13616273
13751311 13577607
13714737 13577607
13717514 13616273
13687589 13687594
13798398 13798403
13590478 3778493
13541558 3778493
13669081 3778493
13577720 3778493
13769888 3778493
13668910 3778493
13699648 3778493
13607392 3778493
13735205 3778493
13630984 3778493
13752787 4020401
13730957 3778493
13783175 3778493
13577743 3778493
13577756 3778493
13625159 3778493
13625906 3778493
11856542 3778493
7080650 3778493
13626701 3778493
11778662 3778493
13687737 3778493
13822731 3778493
13615466 3778493
4990810 3778493
13781143 3778493
13577780 3778493
13626039 3778493
13578333 3778493
13839527 3778493
13579028 3778493
13629492 3778493
13790060 3778493
13577789 3778493
13712395 3778493
13773227 3778493
13577862 3778493
13579039 3778493
13572626 3778493
13736171 3778493
13639084 3778493
13785213 3778493
13664286 3778493
13600272 3778493
13577834 3778493
13578782 13578786
13762654 642879
13685976 13685983
13660646 13660651
13637164 13637171
13579443 13579447
13579498 13579447
13673919 13673923
13751146 10671724
13778050 13778057
13579527 308443
13831469 341226
13832945 341226
13579946 13579951
13580028 13580034
13826622 13580034
13819752 13580082
13638487 13580082
13580077 13580082
13737831 3729525
13582425 1899181
13582446 1899181
13582472 1899181
13631944 1899181
13842428 2525404
13667397 13667405
13638494 1899181
13582528 1899181
13729290 1899181
13580440 13580445
13583697 13573926
13573921 13573926
13640937 13573926
13762537 13762542
13651181 13573926
13582567 1899181
13667771 13667778
13760846 13760850
13610812 13610818
13865521 10707202
10707197 10707202
13726078 10707202
5980285 142427
13775488 1221343
13609833 9894821
13600375 10707202
13750877 10707202
13580768 10707202
13831269 10707202
13731294 10707202
13820722 10707202
13580674 10707202
13687734 10707202
13764715 10707202
13615338 10707202
13823110 10707202
13582546 1899181
13704655 13704658
13580840 13580845
13580850 13580845
10041535 10041541
13657876 13657883
13701883 13580888
13580884 13580888
13777204 169540
13617174 62050
13702144 13702150
13635412 13635416
13674345 2315284
13759088 968066
13762187 13762193
13581039 13581043
13680166 13680174
13753725 13680174
13752750 13752755
13725347 13725351
13682820 1793276
13603501 13580140
13688447 13580140
13688436 13580140
13580135 13580140
13623389 13580140
30880443 381944
13642468 3616705
13603674 1394050
13580171 13580178
13716626 13716631
13589801 75201
13582686 889522
13653216 13653223
13842230 13842236
13581208 13581213
13615153 635744
13729029 13729036
13691710 1459094
13599497 1459094
13841428 1459094
13701443 2351020
13581322 13581327
13581333 13581327
13635824 13581327
13792655 13581327
13643069 13643073
13683551 13582114
13610513 13582114
13582142 13582114
13597786 13582114
13582240 777722
13752234 13752237
13582109 13582114
13590797 13590803
13801509 13581327
13701567 13581327
13771820 13581327
13659232 13581327
13800183 13581327
13777040 13581327
13725128 13581327
13823575 13581327
13621463 13581327
13582162 13581327
13687986 13581327
13611793 13581327
13581413 13581327
13638763 13581327
13581436 13581327
13818092 13581327
13644440 13581327
13616436 13581327
13581454 13581327
13799361 9739488
13542129 13542135
13582336 593522
13617508 13617515
13673627 13673634
13672435 13672444
13673155 13673159
13625331 13625336
13582670 13582674
13582706 13582674
13612613 13612620
13739674 139144
13798250 13798256
13667623 13667629
13652506 13652513
13773343 13773347
13860297 13860302
13774145 13774150
13572951 13572958
13842184 3747109
13821581 1325848
13678965 13678969
13619287 13619292
13554811 4070
13820940 13638637
13638633 13638637
13783630 13783634
13700934 13638637
13583135 4900603
13667385 131851
13682498 13682503
13767055 13767060
13712059 13712065
13583233 13583241
13758415 13758418
13724547 13724553
13766969 13724553
13702716 13702722
13697806 13546068
13677103 13546068
13583448 13546068
13667693 13546068
13583310 13546068
13667710 13546068
13785051 13546068
13668323 13546068
13546062 13546068
13583390 13546068
13652728 13652733
13697571 13697577
13695213 13695218
13635437 3591203
13617688 13617694
13693416 13693420
13841191 13693420
10037350 78242
13759004 78242
13583729 13583732
13622935 13622940
13684888 632612
13867097 13583764
13583759 13583764
13659557 13659563
13752569 13544655
13544640 13544655
13645029 13544655
13813677 13544655
13712545 13712549
13583858 13583865
13651825 676190
13685240 13583920
13777281 13583920
13583915 13583920
13603981 13583920
13611821 13583920
13750263 1968581
13720227 13720233
13583968 13583974
13583993 13583999
13599557 13599561
13841868 13841872
13720080 13720085
13583811 13583815
13584148 4908171
13584161 13584167
13728726 701827
13584210 13584216
13616996 538654
13584278 13584285
13696475 13696479
13598097 1092870
13551034 1092870
13719429 1092870
13723331 4077
13584318 13584324
13620092 13584382
13584375 13584382
13752612 13584382
13633558 13584382
13780477 13584382
13584419 13584423
13584403 13584382
13584447 10534373
13699733 10534373
13767661 10534373
13643291 10534373
13575880 4077
13600700 13600708
13813406 13813413
13584497 13584503
13584515 625631
13584529 2191509
13717953 1864631
13571775 13571781
13763477 13763482
13584591 13584595
13700742 1344246
13534867 13534875
13840755 13840757
13701518 13701523
13670299 1535643
13777943 13777947
13554369 13554377
13710789 525894
13764771 2643120
13675501 13622236
13684748 13622236
13658914 13622236
13775464 13622236
13640682 2477248
13622231 13622236
13636978 13622236
13584835 13584841
13670721 13670727
13596593 13596598
13756516 6387
13818919 13818925
13916407 13552783
13752761 13752767
13552781 13552783
13711833 13711838
13634298 13634303
13565156 13552783
13831737 13831741
13842467 13831741
13584919 13584926
13584957 13584960
13597336 13552783
13762707 202484
13771932 13771937
13744542 13744547
13728461 10498324
13764697 13764704
13590963 13590968
13751002 13751007
13822936 335528
13721862 13598203
13598199 13598203
13717095 13717097
13744791 72317
13744767 72317
13753820 4393785
13647806 13647811
13742098 13742101
13856726 13856728
30880444 30880445
30880447 30880448
13789343 13789347
13585179 13585185
13832499 13832501
13656415 13656421
13585235 13585243
13621761 13621767
13652484 34315
13585396 13565262
13668897 13668901
13565246 13565262
13686925 13565262
13585458 13565262
13747527 13565262
13822817 6245216
13770963 6245216
13822773 13822779
13726821 1857267
13585544 1857267
13637123 1857267
13585578 1857267
13599399 1193895
13659753 6245216
13697759 13697765
13716122 13585996
13585975 13585978
13771212 13585996
13585990 13585996
13775717 13775722
13775361 13775368
30880449 30880450
13827736 13827738
13616923 13585825
13643497 13585825
13585817 13585825
13585831 13585837
13713275 13585856
13585851 13585856
13591023 13585856
13668069 13585856
13585878 13585856
13684516 13684520
10037294 10037302
13798753 13798758
13586042 742892
13896167 13896170
13788244 13788248
13586193 13586197
13586244 1805853
30880452 1252546
13613239 584138
10037571 62128
13586258 13586262
13671576 2773781
13586371 1914637
509961 1204461
13586482 326136
13609994 73000
13586588 13586594
13600754 13586594
13622609 13586594
13675998 13676003
13819595 13819600
13657541 13657553
13586802 13586807
13586824 13586830
13716541 4689116
13652738 1148754
13717383 10542736
13670900 10542736
13696352 26790
13572358 4926569
13635253 3947954
13586965 15281
13709152 15281
13644195 15281
13645574 15281
7217231 15281
13599281 15281
13586999 15281
13673761 13673765
13586565 816347
13591075 633778
13587073 118501
13685908 118501
13673649 118501
13599767 118501
13674035 13674040
13675933 1483594
13819090 13819092
13731495 337364
13766142 13766146
13776417 13766146
13584825 13584830
13587355 3883079
13587370 3883079
13587427 3883079
14051988 3883079
13693762 3883079
13693753 3883079
13694818 3883079
13671221 13671229
13746281 13746286
13588099 13539769
13566644 13539769
13566253 13539769
13539749 13539769
13566383 13539769
9272211 9272243
13587721 3883079
13945445 3883079
13695397 3883079
13587928 3883079
13667904 13667908
