31755749 95476
31755751 55366
3477704 1828419
22021273 289052
31755753 500617
31755753 103323
31755753 1477987
31755753 1326008
31755753 342793
31755753 640881
31755753 228337
31755753 92368
31755754 374496
11467134 228371
31009793 238233
31755755 95005
31755756 78241
31755757 94513
31755759 395171
22027769 479467
22010313 759167
31755760 126905
30997066 358032
30995453 119556
21973972 97406
21986553 151282
31755761 345996
31755762 429253
31755763 779264
31755764 451237
31755765 378676
31755766 440938
31755767 93116
31755768 1094559
31755769 844222
22224693 255307
21982161 394803
3021603 192374
31013383 749651
21981928 49570
22016833 685092
31755772 1968205
31755773 21886
31755774 417138
31755776 211296
31755779 101823
31755780 467233
31755785 219821
31755787 837206
31755788 256260
21976312 70616
31755791 62372
31755792 130282
31020125 899510
31755796 53472
31755797 77153
31755798 320151
28988278 634278
31755799 980748
31755800 126146
31755803 338311
31755804 218717
31755805 102227
31755806 77738
31755807 112006
664743 127777
31001642 127777
2590224 284691
2590225 1819247
31755808 97967
31755809 1046131
31755753 400914
31755811 77830
31755812 1006910
31755813 121292
12228408 131191
31755814 128023
31755815 802005
31755816 74134
31755818 745998
31755819 226588
31755820 1058141
31755821 172287
31755822 366029
31755823 654165
31755824 524081
760127 217044
1582087 389770
13241145 133800
3122518 355109
443441 80043
31755825 388745
31755826 2425782
31755827 846343
31755828 54730
31755831 698249
31755832 691930
31755810 660079
31755833 369116
31755834 890143
31755815 792313
31755815 228370
31755836 419310
31017011 701939
31755837 1566447
31755838 967988
31024689 582136
22231215 388376
31000639 627481
31755798 662979
28920108 529195
22014062 624594
31755839 477586
22025194 857573
31755840 568727
31013631 825191
30997066 325690
31014158 142913
30997541 98598
22225203 314875
13489002 1254057
31755841 2398104
31755842 41577
31755843 1273221
13283877 52443
31755844 224125
14323718 593388
15100603 635789
31011221 75544
673124 170773
31755846 1308057
31755847 122644
31755848 99169
4714833 305941
1731244 1298821
31755851 938511
31755855 211562
6185552 346764
31755856 1273621
5013592 311734
31755860 1331672
31755861 294494
22015625 87869
31755863 453809
31755864 1309420
31755866 721241
11122395 606577
21979127 252442
15300304 909001
31755870 301017
30582541 144659
31001625 1407513
31755871 293046
31755873 1471375
31755874 352200
30995208 31170
1580512 2189241
30995527 22645
31755876 493557
31755877 531025
14323718 1260018
13243121 196852
31755881 2051
31755882 822253
31000309 467418
31001627 189083
31001549 362064
28318230 645262
31755885 902029
31755887 820770
31755888 1042107
11122396 325764
31755889 322260
31755890 224640
30588410 89846
6633036 872093
31755893 365906
31755894 122926
31755895 628799
31755897 242974
31755898 52720
696370 907401
14428136 55531
31755899 265798
31755900 95540
31001871 154173
31755901 356962
31755753 912238
31755902 1674603
31755903 134384
31755904 2736243
13446800 338363
30997444 215179
31755905 272747
31755906 336477
30997461 220225
31755907 685833
31755908 107758
28976177 112766
31755909 301467
13323224 75159
31755910 109136
31755911 780456
31755914 109137
13504810 871631
13242964 952601
31755915 429336
22271889 105687
28979133 101773
384835 59761
30999062 1541805
31755916 664536
31755917 450366
383862 72434
2590226 70535
13245644 873342
31755918 408307
31755920 103289
31755921 766365
31755922 95001
13245297 369946
384170 310696
31755926 945271
31755927 86339
31017006 343368
31755930 208261
31755931 34874
31755932 572575
22001438 799278
4359671 176542
14623265 52999
653974 228038
653974 1287656
21966898 107816
31755933 226732
2590191 1287703
31755935 543369
31755937 572546
22253312 594903
30996098 340407
1300004 345995
2179636 610527
31755938 659588
31027433 47116
222273 421266
222297 686491
222299 25363
222272 42615
222275 686175
222276 52772
31027851 361577
22170853 359175
22002153 15332
2590189 325104
31755939 129672
15305941 135338
28839085 339070
31755940 129211
11643044 134907
31755941 222729
31755942 1180040
31755943 130648
31755944 446602
31755945 353307
31755946 334002
31755951 919385
31755952 675266
31755953 363620
31755954 879694
31755957 124601
31000352 166801
15151243 875192
31027159 134982
31026177 669293
281783 100866
31755958 98856
31755960 53113
31755961 1685915
31755963 1004298
31755964 95543
31755967 812037
31755970 932623
673883 397490
22231215 218350
31755973 49651
31755974 432024
31755976 333947
30999043 130826
31755978 207959
31755979 173389
22247461 664610
31001454 862062
6508223 294886
31755980 22825
31013676 8901
1543202 396850
31755982 697808
31005737 265115
31755983 266458
31026669 495213
31024431 1733437
31755985 332090
31755986 389455
15385832 831824
31755987 341566
4269499 453678
31755988 338061
222285 416743
31755990 922380
21972464 167249
31755991 908224
31028772 173632
31027946 2161084
31755992 470348
22027348 482475
31755993 470118
31755994 486774
15147486 122313
30995581 122840
31755995 92391
31755998 95477
31756000 295527
31756001 451865
31756002 468523
28784191 98090
22021572 445273
31756004 146505
31000664 170566
5407327 142975
384140 65892
31756005 65892
222257 247392
31001763 340921
1841582 174013
31756007 209913
31756010 207244
31756011 99899
30995247 251760
31756018 275721
6355014 131310
31756019 72776
2581081 1417754
31756020 148971
31011267 660888
383713 226083
31756022 47642
6730917 21100
31756023 715442
31756024 288721
22275178 1625
31756025 142932
31756027 460251
31756028 216074
31756030 443467
384140 489201
31012481 884273
30996293 122363
31756031 131781
10443033 125483
31756034 248536
31756036 322284
31756037 392673
31756039 195505
31756040 99036
31756043 52722
30997275 97604
1909044 51716
22254371 199694
31756044 476784
31756045 795334
405451 342605
13239846 50087
31000848 36838
31756046 37409
31756048 458448
31001450 338947
2179637 342009
31756049 430299
28904379 358425
30997158 50958
13418229 56780
22061760 21879
31004485 307798
31756050 246686
31001004 51909
4703450 41132
31756052 37454
31756054 193974
31756055 43403
356976 383367
384171 79987
31756056 50516
31756057 141995
222292 224122
22020214 865878
2995693 275621
31756058 325244
31756059 322787
31755775 208721
31756060 268636
659894 201295
31756061 276324
31756063 602274
15327571 50517
31019146 370216
31756064 376075
696380 22485
31756065 181901
31756066 829997
30998505 189478
30997934 841674
31756067 325203
30996213 345149
13276497 337484
1847505 216937
31756068 363171
31756069 243663
28827901 218794
28827901 296099
31756070 5251
31756071 140104
14741314 161358
31756075 401793
14964011 136004
13404353 206621
31756076 316453
222266 216884
31756078 328942
21983333 105379
22017839 389158
15137153 58040
30996565 97127
30996998 273294
31756079 592007
15441443 288535
31756081 219889
31756082 126216
21965673 274126
31756083 43893
31756084 50960
13482927 222998
10613694 213166
31756085 698348
31010607 180223
31756087 53079
222267 440773
31756088 176541
22026914 515801
904021 197487
31756089 104403
31756090 99171
477567 172188
31756091 248617
31756093 53373
30996498 98662
3120381 345851
30998352 755999
30997299 1311632
22029722 102667
21970526 37782
31756094 57093
31756095 349661
1498629 177132
10439525 202586
31756096 93661
30996625 901051
28836951 322613
31756097 142031
31756098 401242
31756099 100905
31756101 203404
21977296 314780
328054 889128
316133 56375
31756103 324083
31756104 323991
31756105 144277
31001067 112245
31756106 327088
31756107 652252
31756108 95717
31756109 400462
22050623 227465
31756110 318824
15011144 97305
31756111 528891
31756112 109296
31756115 292923
31017014 1071981
22014062 5455
15630262 203358
28901326 115157
31756116 95155
31001851 200961
13241391 93143
14676842 248730
31756118 324931
1416102 248487
31756119 126761
31756121 142606
14563466 461364
31756122 149569
31756123 109421
10840612 19418
31010135 277557
31756128 99840
31006134 106431
2307282 842555
22001196 16412
31756129 17197
31756130 17880
31756131 95479
1708116 528922
31756132 268828
31756133 637624
31000639 5464
31013596 145106
31006072 367549
31756135 336159
31756136 218795
31756137 1027367
21613822 342138
21613822 173390
30996579 174404
31756138 324238
31756139 139100
31756140 263435
31756141 111506
31756142 235886
30998200 423315
3268493 1193911
31756144 205717
31756145 219572
31756147 201582
31009956 443337
30997103 219984
364378 108201
31756148 179329
31756149 831766
15498221 498756
31756150 287247
31013311 538729
22013503 343327
31756152 35775
31756153 99038
28963035 224060
30995873 299349
676287 336503
5822479 393563
31000777 314364
31756154 222723
13491265 346486
1792846 242452
30996591 5849
31756156 48669
31756157 236431
31756158 626173
31756160 369500
31756161 109558
31756162 100561
5616639 616661
21971847 881533
31756165 660211
31001628 308672
31006081 152827
30997140 308684
21967815 308723
22007391 36218
31756166 238001
31756168 83737
31756169 397001
30996741 201583
31756170 251545
31756172 16118
8234093 36479
31001624 104947
11977055 215891
31756173 221741
31009955 319302
31756174 120696
31756175 251767
31756177 36476
31009959 100775
31014809 41918
31756178 327305
31756180 315877
31756181 147358
22236866 640304
31756185 349070
31006034 14013
31756186 33128
5673165 648351
31756187 51075
31756189 328872
31756190 287828
5964790 242203
28815950 97775
31756191 729910
30998392 676001
31001768 336073
22022646 92190
31756192 101887
22166173 106456
22020090 43617
28905079 218113
31756193 237419
1089310 391104
31755933 130089
1188560 321766
31756194 20727
31005738 385926
13358759 526738
31756196 186118
30998006 430834
31756198 99522
387141 158897
30999043 67339
13384710 249692
10441947 365968
384836 316482
3611388 392813
22132020 53430
31756199 405085
31756204 112011
30995783 321018
31756206 322674
31756210 552813
364375 388788
31756212 552679
21976129 290915
31756213 828847
31756214 334563
22004001 109559
2214361 148599
30995748 93545
31001861 342868
31756215 52725
31756216 53776
31756217 223258
31756218 262045
31756220 53244
31756224 1329933
31756225 168952
13327334 140022
31756226 314050
31756227 137995
386161 199164
673139 345113
31756230 336757
31756231 98441
5529897 332122
5407326 361705
31756232 174210
31756233 231777
31005939 506948
4425747 216027
31756236 208417
31756099 227199
31756237 313191
31756238 1097010
995051 580708
21993511 188506
30997114 219480
31756239 376113
28844874 739318
13341743 160825
31756240 249951
31756242 170671
31756243 39079
31756245 599587
22017335 579146
30995725 165501
31756247 344423
31756248 49103
21973840 99640
2171819 339008
31756251 471045
31756253 201181
31756254 146506
31756255 172771
31756256 302501
28827745 435420
31756257 323778
31756258 95248
31756259 226406
30998267 1142375
31002110 320186
31756260 341484
31756261 435450
31756262 333633
31756263 739703
31000731 486996
31756265 353350
31756266 52285
31756267 267546
222268 141789
30998110 464379
22015644 224308
31756269 348489
31000366 341363
31756271 53189
31756272 426818
31756275 859621
31755871 293980
388484 455162
31756276 65894
31756277 101709
31756278 396697
31756279 50034
222269 467800
31756280 160827
31756281 86095
31756284 316966
994849 205334
22004539 30022
30998261 724972
30992655 278712
30995903 77366
21975652 190662
31756286 626250
31756287 53977
28811813 362660
31756290 279463
31756291 82828
28959377 507096
31756292 101166
31756293 99634
31756294 145801
31756295 231509
30594523 62320
384167 271664
31756297 100475
31756299 99705
31756300 80126
222256 391819
31756302 91891
31756303 483048
2868268 99469
5646499 274404
22019185 186884
31756304 352650
31756305 5342
30995965 73937
31756306 101597
31013497 170198
31756307 91906
1748316 443682
31756308 51181
31001769 238540
31756309 278825
31756310 150640
31756311 53245
28958423 160030
31756312 228579
22033482 135509
13240005 611938
31756313 267196
22273479 225330
31756314 8484
3120382 24809
28823267 30988
22205383 9966
31756315 12343
31756316 24915
28949508 25365
31756318 10099
384144 60599
31756319 53044
31756320 25483
30998476 32118
31013631 10545
15551636 316247
6381657 13587
31756321 25134
12228514 10923
30999465 6683
22272692 19421
31756323 23770
437407 11830
1953437 28807
31756324 13925
13247638 2508
31756325 8207
31756326 295254
31756327 7712
1454467 62354
31756330 12453
31756331 86786
31756332 86208
31756333 277764
31756334 316558
31756336 276008
21980085 633384
21996335 220615
30996019 102228
31756338 337956
31756340 211832
31756341 100358
262338 48931
4359671 511955
31756342 676040
14994845 121957
31756344 316068
31756348 436243
31756349 141974
31756350 385817
5013592 399613
30995326 577422
3436763 403793
28827789 95588
31756351 218796
31756353 389369
31756354 759166
31756355 929821
31756356 698250
994877 30625
31756358 31361
14519488 31450
31756359 181521
30994578 960097
31756360 224733
13241403 696794
22022140 221973
10440697 365527
31756362 136773
30999109 322954
31756363 58369
6758755 341073
31756365 51649
30996984 181694
30998119 841992
31756366 1515
31012540 121677
14565750 118656
997189 344954
31756367 1410
31756369 354986
5013595 770671
31001301 417362
22024840 353529
10643383 1053388
995612 846159
31006133 373057
30997065 581863
21967279 419413
3531144 253286
30996627 440642
31756371 442887
21883513 579153
30997155 444509
1841726 8485
31756372 6968
30996624 8614
31756373 24810
31001220 8729
31010726 299764
31756375 25028
12182056 24916
31756376 51593
30996902 14804
31756377 16018
13402303 45018
31756378 31716
31756380 5544
31756384 24216
30995791 7806
31000818 24304
386167 5655
31756385 509559
31001873 12224
686681 9967
15318393 12344
31756386 5620
31756387 10791
22198606 9723
31756388 29036
31756389 14556
31756391 26269
31756392 26781
31013932 11470
15002364 27082
22155298 27993
30996250 28177
31756393 28284
31756394 26161
31756396 6517
994850 500884
2454704 20836
4551698 136877
31010580 882781
4996041 193148
31756397 109692
31756399 473439
31756400 268806
31756401 1306087
1708116 493383
31756404 832596
4996042 102104
22023135 591105
30997948 493380
2653562 188261
31756405 197794
31756406 143600
31756407 171248
31756408 722019
31756409 843041
31756410 218906
31756411 133703
31756412 227038
31756415 393093
31756416 323468
31756418 104065
15300119 332345
31009673 346628
31756420 327056
31756423 786755
21996204 95894
30999447 99900
31756424 497290
31756425 1535066
21989254 295622
31756426 160909
31756427 756942
31756428 103865
4729756 363621
31756429 652381
31756431 824028
22000528 874198
31756432 1164671
31756433 529455
22221418 255429
1598651 643362
31756434 364152
30998394 638481
31756435 363584
31756436 295918
13236230 123271
31756437 606519
22000634 882825
31756438 764554
28957045 349126
31756439 93818
28788561 550698
31756440 179794
22022511 147111
22144166 629850
31756442 949434
673126 358957
31756443 126598
31756446 2163327
22023683 582710
6986948 327133
31756447 631042
31756448 93663
31000363 1219045
30995574 342011
31756449 542064
31756450 607424
4901650 4901694
22034786 100092
31756433 8026243
31756451 1253790
31756453 15223219
31755753 626369
31755753 363670
13382142 91965
31756454 333015
31756455 31756456
31756457 221030
31756458 31756459
31756460 9525609
10496095 10496099
31756461 6247236
31034065 26212814
22136213 1694085
31756462 172044
30996092 109956
28893278 325721
31756463 31756464
15064583 86472
696373 144485
31756467 52865
30999485 1198618
31756468 1201336
31756471 276737
31756477 9551228
31005773 402991
31028575 6625731
31002126 280483
31011223 1606435
31756478 108524
22020584 358948
31756481 322431
31756482 681815
31756483 226288
31756484 15649564
31756485 940741
31756486 146084
15598606 212156
31756487 328908
31756488 334912
31756489 369353
31756490 348206
30996208 295494
31756491 11430276
13243094 93768
31756492 355111
31756493 377298
31030747 2627410
31756494 24943881
31756495 821099
28937675 21460265
22024305 765034
31756463 24945229
31756496 11434093
31756497 11434330
31756499 11434399
383685 91428
659878 297869
13239376 13239380
31756500 31756501
31756505 4345449
31756506 7963659
31756507 15202221
11122397 11122405
31755778 24949348
28983501 4253589
13386198 8482272
31756508 161359
31756510 394806
31756511 26637927
30996963 618068
31756513 7238437
30995709 11439277
21977104 518999
31756514 261788
31756515 448310
30997270 225966
21977273 333016
31756517 553948
31756518 21748840
31755781 21744013
31019044 508306
31756519 26292977
31756520 12696394
31756521 8147021
31756522 1213020
31756523 466843
31756524 869911
31756525 1034791
28834920 26252551
674681 18440
31756526 28839314
31009714 18419
31756527 274624
31756528 31756529
31756530 335647
31756531 37295
28791250 6833
31755769 231964
31756532 136678
31756533 11361156
21995654 7049620
31756534 328837
31033115 20864940
30996601 77874
673125 90600
31756535 506482
31756536 181815
31756537 25918721
31756538 9642586
31756539 2385797
31756540 79928
31756541 844371
31756542 146871
31756543 627521
10590266 698350
31756545 26748111
31756546 17347764
31756547 20109099
31756548 698588
31019154 15182489
31756549 663912
31013248 401993
31756550 10219644
13248426 659232
31756551 31756552
31756553 1912198
15408845 15187418
30996328 344794
30996328 189568
30995374 30995376
30996853 93237
31756554 18350739
31756555 15186409
31756556 109422
31756559 2024119
31756560 217896
28985490 100051
2437596 3119634
31030838 20227391
31756562 346531
30997162 353125
2708211 1343619
30996643 344138
14428148 95424
28967229 324964
31756563 349106
31756564 479262
31756565 25496631
31756566 31756567
31756570 22161202
22001413 1577673
31756571 1950725
31756572 20715001
31756573 21591005
31756574 16268175
30996989 873260
10707356 362463
387580 2861
674686 336759
31756575 554680
31026172 9542196
31756576 3303267
13444303 1055056
4817005 4817104
31756577 5011798
31756578 9431525
30995145 30995147
31756580 189077
31001785 144517
31756582 19158680
31756583 65975
222270 581812
31756584 687344
13241396 10524813
31756585 230234
904021 52331
673124 1416111
31756586 2150656
8092796 8092809
31001883 342241
31756587 106762
13363598 41709
13245035 43593
31756588 332521
31756590 432469
31756591 1407007
21980082 627684
31756592 43573
31756593 31756594
31756595 21628385
7097008 865698
22027971 712781
31756596 96932
30997880 241627
22010472 22010474
31756597 10189571
28852279 200830
13242880 13242885
31756598 94688
31756600 1597314
31756601 31756602
13249459 13249466
30996797 319014
13960240 40362
22188843 22188845
31756603 20467024
31756604 9116689
31756605 570373
10441781 339827
31756606 27811030
696374 558978
31013265 339195
30998108 84946
31756607 151052
30996765 333689
13248498 135609
31756608 149278
222297 686492
222299 526204
31756609 6489963
222273 627857
31756610 12204473
31756611 275436
31756622 397229
13389803 12097021
13242871 11491459
15388292 12095668
15535408 11708093
31756623 219988
13242880 11492770
15388247 15388253
15405326 12854889
30997164 365385
13249806 13249811
13242897 13242902
31017012 117507
15388350 177515
31756624 188320
31756625 580476
31756627 2853383
31756628 86851
30997888 410104
31756629 624560
31756630 2041671
13240005 2762285
13242880 2754400
21991216 543844
31756632 399805
30997394 952930
22026871 419472
31756633 368402
1798162 2028799
15535413 4047666
10633890 2981082
10633890 10633893
10633890 1220750
13248701 3559919
31756634 13495049
14268759 862480
31756635 505114
31756637 657745
31756638 646530
30996970 814807
31756639 190650
31756640 420075
15388329 1044006
31756641 230008
31756643 683020
31756644 723668
31001306 207771
31756645 330405
30996530 26711392
31756646 827716
24340209 104609
31756647 907811
1451703 2322187
31756648 8777907
31011271 17774596
4012151 406216
31756651 142102
5857829 93598
31756652 328877
30997493 95481
31756653 58120
28784191 291632
31006370 419326
13325102 464928
2480364 393648
664212 364065
30996749 30996751
30997096 877767
31756654 8894701
22232236 1643208
31756656 19346029
618211 1357057
30995927 607758
31756657 999248
31756658 194959
30997445 101654
31756659 27340361
28920108 240303
31756660 3858137
31756661 12838762
31756662 1512892
22123163 226493
31033719 31033720
31756663 11528350
31756665 15234813
31010121 657006
22020094 203469
22191517 364369
31756666 365103
31756667 742107
31756668 284185
31756669 742099
30997436 670587
10503881 10503883
31756670 425041
31756671 5168064
22014803 101286
31006087 412619
31756673 365530
31756674 216671
31756675 1065859
31756676 423769
31756678 31756679
31037125 27567080
28873865 207400
31756680 51086
31006349 277415
31756681 275969
31756682 332490
30998036 1224319
30997356 666182
31756683 1309447
31756684 83945
2590198 96435
31756695 4779861
30999367 1536057
31756697 2912055
31756699 137998
685254 108929
31756701 49534
10439465 9736170
30997457 27596434
31756703 31756704
30996873 95107
28814990 11542362
31039355 9065998
31756707 400985
28906085 1954010
31756710 623552
31755979 363721
31756711 534503
31756712 320069
31035352 31035353
15466014 11546169
1406487 338373
30996457 546664
31001972 225594
31756713 31756714
31756715 235082
31756717 316440
1580513 720362
2272965 151328
31756718 321190
1797066 2611870
31756719 90543
31756720 67159
13244498 13244505
1836703 2642785
10590266 333951
1792848 402902
21883513 234893
31756725 628418
28942545 11554901
31756726 384487
301229 825733
22022290 220189
13337211 757890
31756727 57415
224132 694942
674699 343732
1498628 882209
31756728 11556378
31756746 55086
31756747 387019
22019628 332625
2590227 3226159
4581491 4593994
31756748 340059
1590484 2447596
31756750 31756751
222277 686197
31756752 51839
31756753 1250483
31756754 27374453
22158246 22158248
5808601 322359
31756755 11237560
31756756 12833663
31756759 316894
31756769 274532
31013285 15117368
2270248 19043
31756770 19603354
31037824 4688598
31756772 12110919
2090833 264212
13349293 41757
31756773 108338
31000361 90671
31756774 3274937
31756776 31756777
31756779 14618098
22241070 11564579
31756780 25626572
31042063 8090461
31756783 28145344
31039298 4176090
22216722 11565607
31756785 31756786
28949356 26159858
31756787 26189746
5529897 5530014
31000309 5530014
222294 686464
1447301 2315728
2590198 3226127
2590193 3226116
2590199 3226131
31756789 634572
31756790 31756791
31039349 20193709
2307281 3017957
31756792 36247
31756793 11567530
31756794 621209
31756795 246448
10565794 10565798
31041821 31041822
31756796 219629
31756797 9662862
31756799 25005886
31039301 20796141
31013933 28807010
31756801 11568536
31756802 31756803
31756805 28170998
31037826 28839377
31756806 17095949
2590206 3226141
31756808 3985315
31756810 3811267
31043221 26701985
31756811 21163
31037443 3864348
31756812 9873987
31042827 1801897
31756814 31756815
31756817 11570228
388957 999679
21995792 21995796
31756820 76166
22028122 332286
31756821 646550
31756823 28931473
31756824 107618
31756825 286277
22130568 52667
31756826 672448
31756827 31756828
3706077 932625
31756829 19223276
31756830 9141239
31756831 10702814
159407 500810
31756832 12386856
10612798 10612801
10275937 10275964
31756834 31756835
22077934 18046902
14444936 9182635
21906277 21906279
28935513 17529145
31005834 31005835
31756836 12137595
31756837 28842890
31756840 4950144
31756845 26254739
21991257 11574926
22101371 11574950
22242528 22242530
22121952 22121954
22276883 22276885
31045235 3837068
31756857 12895553
31756858 15257591
31756860 448219
31756861 344999
2608054 3239668
31756862 16760957
22223178 22223180
30996708 821737
31756863 28845828
31010622 21318329
31756864 627204
31001627 565259
31010139 243347
31041828 31041829
31756865 11577677
22223219 22223221
28949218 19786900
31015789 15104446
31046488 11577864
31756866 777460
13336973 13336976
31046557 15103962
31045728 15104670
3590398 3920847
30995929 295714
31756867 31756868
31756869 21480207
10440417 87761
31756873 1425826
31756874 1426732
14620201 1426831
31033689 18046925
31756876 31756877
31756878 17529162
4722919 4724761
436220 1084144
31756880 24538281
31041947 4624743
31756881 4633800
31756882 48776
31756883 4698247
14903235 4617503
31047427 4680592
31756884 10790
31756885 275722
31036082 12997017
31756886 7797746
31756887 4863167
31756892 9071592
31756893 12106134
673806 1416219
31756894 11581002
31756895 31756896
31046808 4788650
21992445 6594273
31756897 4536525
31048687 6635160
31756898 21673549
31756900 12239683
31756902 31756903
31756904 4090685
31756905 3859572
31756906 27221993
31010050 11581931
31756907 23303246
31756908 11582104
31756909 6240738
31049412 3856138
22023559 11423098
22248885 145824
31756910 11129782
31756913 943018
24343503 48995
22210032 22210034
15416806 15416808
31756914 19786861
31756915 4265220
31756916 31756917
31756918 31756919
31756920 14613197
31756922 11665264
31051499 20112710
31756925 31756926
31756930 28975717
31045782 8006819
31756933 31756934
13503969 13503989
31756935 11584233
31756937 11985499
31756939 385008
31756940 14901455
31756942 14901672
31756943 14902172
31019086 6435724
31046801 17150472
31756945 11585980
31756947 27925608
31756949 28896371
31756950 23806570
31756956 27145646
10840611 10343042
31009888 643269
31756957 31756958
31046863 31046864
31756960 31756961
222271 96155
31756962 11587724
31756965 31756966
21981993 53777
22004771 22004773
31756967 3683995
31049139 18120760
31756969 53574
31756970 9932246
31756971 6634304
31756973 11588850
31756974 101383
31756975 11588951
31756976 11589114
31756977 3859823
22006192 179491
13352305 352883
31009941 16975626
31756979 447165
22199916 22199918
31756981 18446462
31756986 31756987
14198064 3059545
31756988 11590820
31058352 31058353
31756990 454373
31054204 75532
31756992 19555466
31756993 11695063
31756994 487161
31756996 18619696
31756997 26366686
31756962 19227674
31756998 1754467
31757000 325374
31757002 21778566
31757004 432758
31757005 292352
15221784 11594065
31757006 13766920
31757007 274265
31757008 1428752
31033712 2302084
31056055 19664383
31757009 26380694
31757010 235512
31757011 25727884
31757012 31757013
31757014 406970
31757015 15571527
31757020 29448529
4429802 4473980
31757023 26722670
31757024 21261598
31757025 25905410
30993546 11596435
31013558 384102
31757026 1513485
31757027 26120774
31035959 5585301
31757028 27926666
31757031 11598402
31757034 316339
22098486 1430569
31757035 3436553
31040790 26120149
31755839 279688
222272 686128
222290 78628
31757036 27656007
222274 94518
31048078 9744678
103619 335704
31001642 1608517
31757037 947999
31757038 4400405
31757039 19052077
31757040 25903303
4723366 4725198
31009779 25801380
31757042 25583850
22027766 100437
22204426 4491291
6251801 6251861
1694361 2528443
22026385 423869
673480 1416163
22230230 21596843
31756962 29433988
31757043 241525
30997820 100438
31757044 31757045
31757046 14907210
31757048 14907100
31757049 11603341
31757050 597313
31757051 444554
31757052 21403302
31757053 1700630
31049668 11604555
31757054 10353036
31054206 13489501
22262120 310270
31757055 1198064
31013411 24263605
31757056 4161081
31757057 23842268
31757058 9755199
31757061 19499051
31757063 803556
31757064 27134298
31757065 428206
31757068 25731927
31757070 103761
31013638 561664
31046805 17368203
31757071 19603154
22134212 8902663
22052172 680987
4696617 945921
1960994 316724
31757072 606158
31757074 39565
31757075 121255
31757076 305747
31757078 68451
2440729 151981
22025312 1503484
31757079 108043
31757080 9823501
31061809 22010481
15220240 15220242
31755897 611155
31757082 1142152
31757083 25932659
10442970 99776
31757085 123272
13488936 434300
30997763 1787757
13246799 92575
13241394 866912
31757086 112149
21977670 224415
31757088 312632
31757089 102351
15334775 798178
30997029 383856
30997040 1207230
31018736 317168
28947374 2507514
31757090 448032
31757091 847871
31757093 593389
31757094 169956
31757096 295528
31757097 146349
31757098 104532
2590206 392254
31757099 902030
31757100 652753
2590228 121016
31757101 346487
31757103 84662
31757104 329360
31757105 721268
31757106 97000
31757107 160737
4617091 185879
31010747 1029049
31757108 600298
28882270 1029176
31757109 668654
13369055 170336
882903 158028
31757110 445152
31757111 191023
31757112 119881
31757113 96048
13246497 1089756
28799255 371901
31757114 332487
31757116 665570
31757117 118499
31757118 905072
31757119 83930
31757120 457201
31757121 63520
5076829 567050
31006247 219545
31757122 402962
31757123 285910
31757124 35780
31757125 505714
10442276 312042
31757126 153479
13399529 488274
31757128 332945
30996961 96194
31757129 127811
6394071 322225
31757130 309828
10440159 332574
10707438 339829
31757131 790488
31757132 33675
31757133 1101642
30996702 87925
31757134 251886
31757135 336867
31757136 495188
222693 688669
3531144 2868410
31757137 1596559
31757138 216735
30996805 324638
31757139 550642
31757140 858786
6185550 152410
31757141 295147
31757142 369674
28975368 636921
31757143 627086
1406486 217004
31000253 295620
31757144 340412
31001281 326496
31757145 622324
31757146 445275
22259115 662886
15298725 824379
31013550 358901
4996043 131950
31757147 333538
31757149 38739
22008253 98897
31757150 328733
30997359 575650
31757152 288913
31015516 683117
31757153 215185
31757154 53829
477567 557741
31757155 200870
31757156 376170
31757157 342242
31757158 331651
31000764 689208
31757159 95841
31757160 1199993
1091885 287978
28865252 1041305
31010141 594808
222278 396529
11409324 463127
22015110 339580
21992182 353763
791732 911133
15498095 1152353
31757162 602019
15339421 400700
31757163 300221
31757164 983731
31757165 21103
31757166 340531
22016262 1014628
13245038 379767
31757168 942906
31757169 666064
21997511 390789
31757171 1040909
14497017 643266
31757172 404904
31757173 621798
31757175 226499
31757176 19588
31757177 191590
30997725 196791
31757179 889479
30995961 84663
28793318 147077
30995628 275156
13424753 641037
31757180 44053
31000325 236423
4568826 659933
31757181 912426
4768649 125064
29372437 408101
30997965 185081
31757182 639025
30999360 21818
31757183 237606
12228501 276554
30996267 832123
31757184 58043
723247 185092
31757185 336682
4583396 216940
3589367 209081
31757190 326333
31757191 181262
31757192 324313
822652 238361
30997168 219607
31757193 377344
15385850 781320
31757194 455492
30997349 455493
31757195 455490
31757196 452575
15377943 301357
31016894 1004295
31009827 227576
31757198 488839
13248502 888455
31757200 417306
31757201 481294
31757202 408000
14623265 457068
28947331 336504
31757203 895931
31757205 1114870
11029944 225044
31757206 547734
31757207 1549230
222279 686235
1498621 1308125
31757209 940892
30996753 325412
30996058 634972
30997157 11107
222280 28484
31757210 33783
31757211 61429
31757212 23281
22010310 24015
2653348 24305
222281 23855
31757213 27790
14669090 29462
31757214 29370
31757215 27885
31757216 165464
30996141 341222
2171690 296965
674682 197943
31001876 1067262
31757217 534426
31001012 828566
31757218 220924
22002558 41456
22241071 198955
31757219 430033
31000574 137997
31757221 430060
30996180 396255
2590189 420224
2590186 146127
31757223 151138
31757224 146128
31757225 547869
994849 547899
31757227 222334
5479023 433230
31757228 238004
31757229 126066
21990069 72997
31757230 98936
1960994 26075
31757231 1000064
22007175 310403
30999494 334561
31757232 449795
31757233 91562
8242749 483012
31757234 108716
31757235 156762
31757237 52447
31757238 351530
31757239 87288
31757242 94966
22000329 396378
12645745 94850
13276418 94929
224133 350000
10583925 95250
31757243 97459
31757244 253462
31757245 91704
31757246 117205
31757247 252281
31757248 377302
1089285 271951
222282 208131
31757249 1134871
31757251 49353
31757252 791355
31757256 366446
31755815 620308
31757257 393256
22005473 257303
31757258 92266
31757261 162200
31757263 136136
387140 998484
31757264 133219
31757265 724416
31757266 38215
31757268 629623
31757269 208027
31757270 751750
22014120 291421
31757271 339069
31757272 57188
22025194 322105
3344035 624723
31757274 242209
31757275 20946
31757278 15210
30997684 1256537
22018027 1360188
31757279 406528
31757280 211890
31000990 105725
31757281 371247
31757282 630426
21971329 325204
8041875 435554
31757285 1345568
31757286 99470
9896969 30906
31757287 464493
477567 644721
30997585 109297
31757288 250412
30997115 622711
31757289 158139
31757290 867192
28888290 327307
31000138 818008
12228522 389937
22015742 364372
31001770 342243
13352233 108743
24425336 491130
30997179 19589
31002011 321188
28826136 227785
22087910 4409
31757291 92350
31757294 80422
28805140 98554
31757295 144990
31002117 278791
31757296 53778
31001641 149475
31757298 226084
31757300 689598
31006088 392386
31010143 100869
31757302 857514
28815397 349912
995608 100093
995608 387914
30997430 362518
31757306 246218
22228110 95003
31757308 313863
31757309 408563
22222417 1039545
31757310 123143
31757313 1850160
21998585 1704852
31757314 1544543
31757315 95104
14428136 659104
22009002 603099
31757316 1201097
28799450 324888
31757317 457808
13245962 366156
31757318 395419
31757320 94443
31757321 486914
22018880 41492
22001193 20036
30997166 82354
13245441 22827
31757323 2275
31757324 36070
28933382 677438
31005919 202410
28936910 22603
31757325 226289
15299441 166583
31757326 2746134
13246794 942907
387588 121063
31757327 600671
31757328 652953
31757329 637559
31757330 891632
31757331 624317
21989066 400984
31757332 483561
31757334 775164
31757336 2812
222283 330040
3579759 390688
7255507 384761
31757337 816185
4970504 338944
31757339 354419
22209188 122870
31757340 456831
30996824 428125
9011457 341836
31757341 566589
31757342 537431
30996308 54063
31757343 94108
31757345 124900
15477759 809731
22008638 49391
22026374 1019699
31757348 593840
31757349 336870
673589 237267
22013214 53191
31757340 356970
31757352 213690
31757353 98228
30995528 609808
31757354 215424
31757355 636275
31757356 95718
31757357 393786
31757360 407533
31757361 165791
31001201 1740701
31757362 324499
674698 399104
31757363 5316
31755863 160500
696367 418186
31757364 725509
2536132 636276
31757365 295422
31757366 463621
31757367 218799
13323224 224130
31757369 706082
22130256 459134
1085138 93665
386160 221975
2307286 394679
13423682 462367
31757371 226969
30995948 316427
31757373 38820
5338283 226595
6105863 890638
31012452 678396
31757374 55341
30999039 261456
15069821 102352
31757375 1466947
22243405 496883
31757377 630138
11076774 175614
31757378 50851
674688 339581
31757380 640262
31755866 306271
31001986 306140
31757382 979491
13360531 237870
31757383 902031
31757384 45820
31757386 18048
31757389 229603
31757390 46899
31757391 637466
31757392 333659
31757393 534356
31757394 505864
31757395 3126
31757396 534502
31757397 605222
436220 328519
31757398 605832
31001260 415567
31757399 49354
30994749 338794
222702 328980
31012470 250648
31757400 93769
5278877 360807
31757401 60369
31757404 468051
31757407 468047
31757408 103541
31757409 527199
31757410 98445
674697 106801
31757411 107819
22025925 1017588
31757412 643478
13428324 879762
31757414 788170
31757417 312634
14891073 169539
31757418 357437
31757421 164539
22028514 54561
31757422 156094
998481 358780
30999475 2143
22011814 164357
7610454 622371
31757424 520489
31757427 333745
224100 288537
31757428 388746
31013415 371894
30996906 552949
5860859 94383
31757429 691104
31757430 516064
21993248 96666
31755758 797339
31757431 321369
4580039 900808
30996890 276555
31757432 387985
31757433 203591
31757434 73389
30997037 477880
31757435 91300
21970145 276475
21982247 538653
31757436 216620
31757437 218118
31757439 200400
14280667 900946
31757440 365699
31757441 1003150
15305886 322357
31757442 555460
31757445 464629
287647 410279
15305886 443469
31000352 410310
31757446 952898
31757447 102300
31757448 891905
10590266 813300
31757449 345957
31757450 247643
5529895 859467
222275 606939
222276 325537
31757451 362662
31757453 649653
31757454 98857
4132638 384857
31757455 516196
4646710 874792
31757457 99175
31757458 641714
31013953 52924
31757459 874929
31757460 347617
28731025 323563
31005145 65976
8512371 619086
31757461 365095
22013962 186974
14888761 53859
31757462 1081787
21983942 361304
21980509 444375
31757463 398515
31757464 629594
31757465 1213198
30997454 893402
13394712 99585
31757467 1417786
31757468 299647
31006204 312012
31757469 521620
18554 94241
30998219 92949
30997415 318147
31757470 318153
13414803 271925
30995898 96159
30996106 875008
10590907 96481
31757471 109246
2653555 320100
31757472 192250
4995720 333539
696381 1451304
31000611 337605
31757473 52728
30996909 53002
15596682 96337
2271786 312323
674683 110045
31757474 477587
31000994 347079
31757475 1005204
31757476 332018
31757477 102920
31757479 866081
30997741 629060
13502564 52926
31757480 152942
31757481 302381
5278878 94967
1089311 175652
22025767 697168
22006256 473670
723280 328875
31005564 274299
31757482 348157
22015712 105529
31757482 402637
31757483 320101
22081540 676536
31757484 236044
31757485 193378
2516875 285911
31755761 98721
22267556 220672
31755753 648145
31755753 448747
2590191 333450
31757487 431575
31757489 628327
31757490 1081138
30998150 273286
2590227 651951
31757492 317432
31757493 367573
995047 196822
31005543 326041
31757495 328981
31757496 109247
21999843 367547
31012488 110601
31757498 519481
31757499 355720
31757500 873915
31757501 121326
31755763 343988
31757503 192377
31757505 273154
31011212 593435
31757506 513058
31757507 367612
31757508 743
31757509 1499385
31017008 594265
30996357 198543
30998537 651771
31757510 819147
31757511 219829
31757513 1382240
2590225 336225
879697 339915
21993209 232428
31757514 331779
31757516 111139
31757520 152634
31013281 313076
31757521 877435
4240694 389370
31757522 874793
31757523 92053
31757524 148061
31757525 978767
5989601 215892
31757528 584970
31757529 101175
30995712 701960
31757530 924533
31757531 1306449
30997183 830655
28950047 257078
31757532 142371
31757537 157953
31005379 390049
13245644 408220
31757538 321539
30996150 905527
30998452 386860
31757539 889271
222280 134983
31020395 498008
31757540 45733
22213829 589942
31757541 659788
12645746 481991
31757543 448649
31757544 97971
31757545 341486
22001709 339923
30997297 73774
31757547 303094
22024308 2623217
31757548 99332
31757549 1164111
3344032 164742
664213 917212
31757552 52405
31757554 745628
10707188 159033
31015786 132380
31757555 622164
31757556 284182
31757558 174672
31757559 132545
31757560 117204
31757561 784910
30996574 924634
31757562 584136
31757563 149071
4373669 860725
31757564 676263
31757565 1494355
31757566 219709
31757567 499452
31757568 1245049
31757570 252861
31001793 157654
31757571 236432
31757572 998418
31757574 532555
31757575 361086
21992125 2032894
31757576 917499
22002953 1682178
31757577 676825
31001723 273155
31757580 332653
31757581 959700
31757582 660082
674696 269882
13374513 932620
13243454 354672
31757583 225889
31012479 1640744
31001803 78058
13340539 345589
31757584 208771
31757585 352241
31757586 815199
31757588 189421
853287 859710
30997347 791074
22044968 899205
28814915 517130
28972402 108557
6105862 294241
30997337 157977
31757589 362519
31757590 104322
30997419 389371
13415586 218734
31757591 296993
31757592 63612
21975530 107977
30997980 790295
31009629 39080
22231881 19308
31757593 669335
31757594 97850
31004601 109600
31757595 197712
31757597 141598
31757599 597189
1841725 646331
31757600 385819
31757601 49531
31757602 884865
13245303 52142
30997018 134470
31757604 129417
22023072 59434
30995341 127078
22009000 134877
31001224 137008
31757606 95803
30997131 43998
31757038 57007
31757607 59467
31757609 131128
31005651 13707
31757610 35782
31757611 240932
22017668 500885
31757613 34489
13401479 336128
31757614 141571
31000271 213930
13247121 902402
31757615 505359
31757616 391701
1346682 125840
13492327 15330
31757617 130163
13421945 95296
31013383 206207
31757618 128474
30995723 47592
31757619 487338
31757620 201817
31757621 8362
31757622 144031
22138386 415568
31757623 411139
31757624 785675
31755764 524343
31757626 47076
31015765 168516
31006181 104526
1798163 332713
31006263 261495
31757627 261516
14632866 83243
222291 686418
11446665 96105
31757628 403376
2590221 382663
31757629 237269
31757630 365970
30999467 793951
31757631 340532
13246886 2162918
222258 685966
31757634 105190
31757636 385821
31000592 16216
31005117 611845
31757637 1147715
30997608 167266
31757638 858834
31001460 1304676
31757639 704530
22279921 333790
31757641 776216
31001298 4413
31757642 614602
22015862 335327
31757643 52927
31757644 658702
22002471 1277805
31757645 295772
30997294 670588
2653564 346052
995050 665684
31757646 243727
673124 628733
31757647 332680
31757648 147251
31757649 620309
15299436 109138
30997277 300804
31757650 203764
31757651 223088
14443093 896541
30997554 653203
30998057 384485
1855470 1124278
21980088 387018
222289 253285
31757653 21707
31001252 68046
22008363 639184
18261 92380
30997169 101551
21988449 1389157
3268494 258101
31757654 671647
30997111 127043
10710576 336452
15302098 623893
31757655 806963
31757656 322106
31757658 305516
28873639 769536
31006415 1102412
31757659 301151
15332612 1021727
760126 51835
21975584 36923
22028310 1552892
28803360 959448
674684 47456
31001774 532098
28947682 42806
31006033 397391
31757660 918210
2631846 263197
22116347 330882
30998548 53474
22116345 396291
222284 648636
31757662 1738750
1498623 678929
31013395 1993475
31757663 407626
31006411 328514
31757664 78660
2090832 946318
222261 685987
31757665 211430
31757666 1284530
31757668 675376
31757669 145233
31757672 459674
31757673 915713
31757675 841983
31757679 221976
31757680 584877
31757681 270894
31013417 635238
31757502 952720
31757683 120670
31757684 102747
31757685 495284
995052 206712
31001623 88601
31757686 193512
22014945 662626
31757688 329929
31757689 185406
31757690 922927
2653554 606581
31757692 310250
31757693 1143106
31757694 505392
31757695 652952
31757697 340096
31757698 283287
15402398 328983
31757699 315623
31020137 100439
31757700 1526671
22270722 93547
31757701 674553
13244294 579504
31757702 1001334
31757703 303063
30994824 1981967
5338282 2115502
31757704 378673
31757706 159425
30998113 226885
31757707 201488
31757709 401920
31757711 504611
31757712 370789
995320 348436
31757716 1591886
31757717 98514
31757718 606846
31757719 246119
31757720 365740
10608138 1756661
31757721 364699
31757722 927693
28787778 1069465
31001996 101776
28803341 1731072
30992713 912427
31757723 333068
31005570 317404
21976624 1112910
904016 504704
31757724 138490
30997177 99779
31001866 550374
31019152 549951
31757725 51083
31757726 314436
31757727 547291
384835 120911
31001764 363578
31757729 152008
31757730 830342
31757731 472352
31757732 107534
31757733 1039426
31757734 922857
31757736 220194
31757737 1600822
31757738 66897
31755865 550182
31757739 550095
31757740 478767
31757743 391993
383839 319357
31757744 861068
31757747 21894
31757748 1211801
31757749 325150
31005973 643581
31757750 866674
31757751 947411
31757752 2480207
24422273 104534
13244294 1419930
696379 690012
3135988 54273
31757753 339677
31757754 1191188
31757755 817500
22249654 576843
31757756 361946
31757757 881627
31757758 545186
30997386 517207
31757759 165239
30996971 21822
31757760 313124
222285 236668
30997316 65261
31757762 536093
22020432 321307
31757763 880117
30999108 604894
21997985 320316
31757764 178965
31757765 333791
3181792 322644
28864873 1154425
22014117 345994
22240481 53475
224132 694941
31757766 1171762
31757767 158523
31757768 1340493
2590206 24604
31757770 173635
31757771 2271521
31757773 324417
30997236 512504
30996804 92867
11032252 121064
674687 923662
2480375 445994
31757774 842056
30997383 478469
31001697 550053
30995715 109958
31757775 270305
31757776 215186
22004724 809696
31015914 20064
31757777 101373
31757778 670905
31757779 535736
31757780 676797
31757781 53431
31757782 328839
31757785 696400
31757790 446935
31757793 526094
31757794 448222
31757796 785639
31757801 190199
31757809 884909
31757815 1625313
31755777 961616
31755786 333018
31755789 295030
31757819 361807
31757820 49602
31757823 367042
31757824 171965
31757825 1706710
13247958 1243228
22000266 1437314
30996752 362799
31757826 54122
31757827 340661
31757829 573875
822652 1023437
30997383 1720187
31757830 417662
31757831 1513900
31757832 945401
13246208 62146
13249444 641379
30997101 331652
13370528 65897
31757833 1397172
30998178 145577
31757834 396169
31757836 1528591
15305941 836927
13276660 907333
2590191 3226106
28839085 342873
13238924 50852
31756005 127128
31757837 436040
1092630 347024
15300304 896207
31757838 643832
31757839 116315
31757840 299988
31000660 656743
22002153 866701
31757841 118561
31757843 614686
664743 494208
31001642 193651
31757845 109140
15478981 99990
995322 326970
31000558 347571
31757848 96196
15053234 350366
15053234 904794
15053234 843521
31757849 487359
31757850 255640
14974852 653903
31757851 318827
31005848 1300265
31757852 907229
31757854 385474
22275264 166167
10441798 346358
31757855 872937
995607 518933
14040160 1165749
13247954 157843
760124 940495
801916 83793
28810385 1308379
22237382 1289972
760118 357402
31757856 537556
31757857 1673925
21669075 835944
6508223 1311728
31757862 642504
