34315068 694634
15097687 261961
34315073 219515
32723212 320894
34315076 366192
30491855 49800
32722380 50513
34315196 685092
34318127 1241320
34318129 943608
34318131 2321545
34315189 186593
34318133 1602583
32721693 255620
34315136 111051
34315100 217184
34318135 101823
34315094 837206
34315143 256260
34318137 346814
34315146 899510
34318139 77153
34318141 328832
34315111 284691
34315108 133316
34315149 606764
34315152 99114
34315226 366316
34318143 598804
34318146 19305
34315154 745998
34318148 1667535
34315223 1058141
34315088 208770
34318150 40306
34318152 257338
32722404 746056
34315193 355109
34318154 815129
34315157 916975
34315134 128270
34315220 219822
34315091 85240
34315229 849955
34318157 280523
34318159 128056
34315103 691930
34315161 255760
34315139 1008018
34315215 97124
34315165 134292
34315218 291940
34315120 388376
34318161 98598
34315204 1030815
34315124 288085
34315171 884475
34315168 1298821
34315097 800324
34315126 161025
34315212 423314
34315174 1180284
34315199 233357
34315117 497904
32994081 1128704
34315114 479598
34315180 789725
34318163 1567579
34315183 604853
34315177 269850
34318165 355404
34315186 70820
32993975 376111
34315232 1795018
34315251 1901298
34318167 364191
34315235 1481241
34318170 31170
34318172 2189241
34315240 34682
34315244 362920
15020334 622370
32994454 328517
34315248 959509
34315278 1830552
34315273 632235
34315276 216887
15145075 954515
34315270 645262
34315256 820770
15178154 324478
15076875 664061
34315289 116088
34315292 95001
34315294 237024
32706403 604199
15049399 919385
15020777 496423
32706313 812037
15058906 1391402
34315259 1733437
34315265 665282
32706165 122164
34315297 906762
34315281 378505
2934110 384793
32706406 108930
32995024 167534
32787142 989988
32994355 523256
34318175 236343
34315262 41913
32706134 2570314
34315302 934730
34315321 212532
34318177 35461
34315315 2106501
34315305 245933
34315318 580974
34315318 288716
34318179 173059
34318181 327750
34315299 778419
34315312 2141485
34315309 969875
34315336 340336
34315333 128123
34318183 329028
32724534 55859
32725025 1281723
8018463 141845
32725054 896355
32725014 995345
32725030 861512
34315330 790487
34318187 340185
32725059 433482
15046627 1853326
32833757 220184
32725035 369088
34318191 1128579
34315374 654166
34315355 272438
34315352 102839
11119040 1128602
34318193 425129
31770455 723154
34315357 447907
32833769 894475
34318195 415953
34315370 384047
34315377 743858
34315348 424318
32704388 1094913
32717613 102966
34315407 543367
15016348 1543014
34315413 180451
32717309 228807
32717213 430153
32717277 21569
14928275 113126
32717289 8727
32717274 788484
32717264 171522
32716746 1974030
34315383 257737
32743757 392147
34315411 52665
32716755 363942
34315398 116478
32717249 116651
15116069 527873
34315409 248920
34315421 326796
34278241 107163
34315492 1710795
32709976 687453
34318198 137513
34318200 598805
34318202 608927
34315456 1307782
34315443 212664
34315446 482320
34318204 470082
34318206 675153
34318208 299823
34315459 1628308
34315495 100678
34315462 191343
34315502 862789
34318210 389938
34315468 1453002
34315536 1221850
34318212 106864
34315506 1190307
34315453 1641880
34318213 963530
34315509 512157
34315512 888264
34315431 1001529
34315473 361415
34315437 17966
34318215 42696
34318217 1026304
34315515 2332571
34318220 66832
32715591 61714
34318222 875647
34315479 100518
34315519 332289
34318224 58226
34318228 1006744
34318231 233845
34318233 233717
34315523 35359
34315482 234444
34315526 581833
34315434 607910
34315533 301954
34318235 849869
34318237 683305
34318240 1385731
34318242 107143
34318244 347850
34315449 393322
34315440 791505
34315529 927644
34318246 686569
34315489 1238757
34318248 517717
34315549 789299
14974754 194338
34315545 2880871
34315543 96929
15165856 459297
32725606 515968
34315554 551500
34315551 293250
34315762 35768
14936332 271535
34315587 106765
32726647 55924
15090548 600247
34315560 292799
34318250 231454
34318253 222469
34315557 231441
34315566 2248515
15132038 317060
14913113 721919
34315568 1415558
34315573 349089
34315575 1465036
34315571 2873710
15178584 389368
34318255 2313074
32716523 1813644
34315582 314071
34315578 123615
15013431 106917
34315580 396410
34315584 105275
32725610 1538631
34315589 317844
32725596 1019194
34315596 394804
34315598 222731
34315592 917464
14958962 290624
32725561 156446
32725551 1818879
32725603 158239
34315610 3070287
34315604 664404
34318257 378639
34315607 123478
34315612 363062
15063503 275083
15058578 541074
34315465 934621
34318259 1168975
34315621 53311
34315624 2389595
34315627 329573
34318261 832042
34315630 161527
15065079 499065
34315636 2213320
34315633 956940
34315639 576530
34315642 323525
32725635 333607
34318263 931899
34318266 1917969
34315646 1189365
34315691 987691
34315670 310918
34315655 280327
34315673 851232
34315688 233015
34315667 706052
34315679 100904
34315682 598108
34315661 47127
34315676 3487670
34315650 346959
34315685 1595160
34315664 46761
34315694 683284
34315658 348873
34315618 3818498
34315697 736385
34315699 436242
34315701 1925230
34315703 333658
34315706 1008297
34315720 102397
34318269 102428
34315710 35360
15140908 65452
34315726 714900
34315723 2637239
34315713 332388
34315729 1320380
34315732 860186
34315754 917437
34318272 454949
34315735 352058
34318274 867298
34318276 532830
34315740 2145
34315748 1687074
32727515 216204
32727529 685267
34315773 479423
34315776 749543
34315778 1520224
32727026 459985
34315787 1575689
32727518 764363
32727012 1417787
32725658 18113
34315795 730784
32727459 1553132
34315793 1848727
34315807 202106
32714661 746500
32713718 102532
34315800 1154158
14885809 2114755
34315805 833370
32714687 874078
32714675 609360
32713714 2486676
32714689 790264
32714685 743032
32714663 830532
15138467 1054996
32704364 3042637
32704377 2759390
34315839 660451
34315842 915830
34315880 671232
34315859 2560164
32994086 809998
34315831 1104313
34315836 337266
32723219 872350
34315844 1643883
34315834 301558
34315829 1506970
34315862 213274
15019352 98991
32723217 664124
34315869 1074247
32829892 774105
32714758 908366
32714794 686575
32994517 2864792
34315819 1115684
14913096 2500490
34315846 672747
34315867 2593899
15143194 1975566
32704370 1124903
34315885 2150722
34315896 1425205
34315893 624547
34315890 1343907
34315887 192686
34315905 662251
32742138 122804
15173482 666348
15157606 564090
32729835 907230
34315925 97409
34315910 1965913
34315945 424410
34318278 501441
34315931 251495
34315913 1998143
34315920 1420772
34315917 2706516
34315934 427355
34315947 1103354
34318279 2469057
15090773 1344610
34315955 19044
32712660 2793938
32713546 1947498
32994984 4198455
32994057 890428
32994413 667501
32994698 513638
32811629 1095207
34318282 22874
14770363 91908
14770346 910848
34315973 55529
14993903 344182
34315979 115590
15129372 838278
34315984 896424
34318284 992168
34315988 602539
34318287 448553
32994778 1255645
34315993 989248
34316001 1625171
14928154 1444576
34316004 829712
15106947 1160819
32994663 1160830
34318290 3430180
15146540 1446713
34316010 358361
34316015 868205
34316023 339832
34316026 222318
34316012 870743
32719217 394511
15171159 104407
34316048 900002
34316073 903666
32718813 689374
32719290 1659051
32737414 1613417
14965155 811493
32737427 602922
14991719 320407
14995153 699854
14982576 824428
34316103 2141779
34316067 2511039
34316060 931689
34316094 907049
34316075 790983
34316105 1309371
34318292 380815
34318299 1400982
34318302 511956
34316140 755223
34316142 1613560
34057161 2032887
34316129 3329299
34316123 508412
34316134 1192640
34316131 1021967
34318304 763155
32734519 428801
32734240 2843427
34318306 1993670
32734493 651806
32734509 1460498
15115448 1813618
15027509 875611
32734481 3947379
32725600 778232
32734523 718152
34316112 1152330
34316144 994891
34316149 2655627
34316152 865746
34318308 2026810
34318310 931395
34315809 1968731
32734606 1026762
34318312 603217
34316159 2250491
34316163 2164727
32994376 1263604
34316166 325109
34316169 362030
34316172 668984
34318314 899208
32720332 62106
32719580 152806
34318316 897969
34318318 1755648
34318320 175967
34316185 684567
34316188 1580220
34316195 1304874
34316191 2553150
34316198 314980
34318323 618261
34316201 915184
34316204 113530
34316210 506384
34318325 1999633
34316212 53050
34316215 1711984
34318328 1303390
34318330 2603286
34318332 1333344
34318335 3120941
34316262 878452
34318337 890115
34318340 597522
34316246 945918
34316250 636277
34316224 2039240
34316268 1853200
34318344 729827
34316227 909768
34316231 2010979
34318347 960675
34316234 2121881
34316237 1128501
34316136 3087567
34318350 618291
34316240 900747
34316265 412063
34316253 2392799
34318352 338722
34316333 1259952
32735052 657446
34316303 2390239
34316345 160315
34316356 345962
15025955 107144
34316341 1574158
15025962 934108
34316338 100236
34318354 606895
34316292 832046
14936082 677083
34316318 836099
34316287 2526459
34316313 1443238
34316324 3106137
34316327 1343604
34318107 666719
34316309 2182844
34316279 2063658
34316276 1611838
34316306 3221736
34316282 1955864
34316272 92274
34318356 963382
34316315 2697815
34316353 109749
34316350 1798257
14982107 1155082
34316290 861589
34316321 1066693
14909824 541463
34316295 1041609
34316299 647017
32994649 573956
32870468 866770
34316364 945873
34316359 510156
15126282 2790275
32710351 3062581
32729733 97856
15013068 1964200
32994646 877310
34316369 1436795
32994440 941953
32994633 97543
32747884 1912750
15166571 954075
32870466 1004942
14882710 2122147
15148735 1396015
32712645 2285310
34316376 3972107
32870458 1763559
34316381 366282
32994168 739299
34316398 2533532
34316390 1272227
34318358 388213
34316394 1140081
34316396 107849
34316400 883457
34318360 648352
34316409 353767
34316378 2272995
34316412 1797343
34316414 2725655
34318362 1954392
34318364 4891004
32733753 750800
32733760 1444119
14883211 3102092
15102624 3750846
14933097 1801068
34318366 962755
34316435 2155137
34316419 693034
34316497 2529015
34316491 8092
34316494 2989811
32994977 158292
34316488 342651
34316522 938850
34316525 1298077
794308 1584174
34316506 2418894
34318368 1280027
32994429 1941571
34316515 2491026
34318369 291829
34316482 413816
34316457 1468425
1417373 1493514
34316455 1447886
32704966 3328565
14763035 1625465
15142936 931319
15102917 877282
34318371 863792
34316444 1391482
34316513 413506
14931252 1029729
34316447 1634276
34316531 1964684
14984731 99845
32704982 721245
14291332 140185
15028499 663962
32704978 1106395
14763034 1749878
15052585 120914
32704985 1113909
32704972 394903
15108829 1314487
15108720 1239225
15123663 1104280
32733772 672536
4652047 692673
34316473 570049
32749062 739867
14938413 2152878
34316468 1391058
34318374 92103
34316511 334319
32994437 934576
34316509 663400
34318376 1746617
34316424 606621
34316535 1401889
34316450 880459
34316432 4888712
34316471 3894720
34316429 2477656
34316500 1164098
32837619 250656
34316438 216737
34316503 3272666
34318378 4888337
34316465 800247
34316518 1304588
34316520 101714
32733768 65756
32994083 1425982
32733749 824668
32733766 1426063
32731965 1117355
34316479 390121
34316476 1482439
34316538 2952357
34318380 365772
34318382 933001
34316549 346742
34318384 3628626
34316541 1724334
34316547 98899
34316551 236402
34316558 880402
34316555 517854
34316553 388997
34318388 2661076
34316543 740331
34318390 539204
34316567 4056080
32833982 95428
34316575 1532679
34316578 302670
15171989 45086
34318392 917389
34318395 391863
34318397 1704618
34316590 4883340
34316594 3422249
34318401 740212
34315789 2446946
34316603 1750061
34316607 4019632
34316610 603006
34316617 1240895
34316619 1976393
34316622 551477
34316626 760083
34316629 551678
34316637 553496
34316650 917040
34316633 3254545
34316642 189093
34316646 519740
34316654 1308033
34316663 4877436
34316686 3156557
34316680 1024530
32745185 2395460
34316683 1940650
32712152 94806
34316692 973794
34316690 313866
34316718 494961
34316797 1855106
32722890 2290098
32722947 409283
34316756 1345533
34316696 2923078
32722922 278398
34316734 4865716
32722928 3775592
34316741 4865667
34316823 961559
32722898 89893
32722892 917158
32722932 4865507
32722935 1889286
32742861 509037
32722924 217567
34316771 2132940
15013591 1799420
32722520 333209
32722910 883601
15110904 770804
34316774 1344572
34316813 1626177
34316807 121058
34316810 954856
32722944 3368180
15035225 2445234
34316818 1852582
34316804 2252702
34316850 1096670
34316846 110758
32722906 1354260
15085810 1140027
34316753 1144526
34316854 1138550
32722937 353629
34316828 1267760
34316722 824032
14990334 1267728
34316858 544938
15071684 335222
34316835 1267799
34318406 415562
34316801 722049
32722940 2887768
34316832 108047
34316861 2052922
32722913 2144458
32722886 2492067
34316785 743699
34316782 873291
34316794 333695
34316745 1026994
32722916 730166
34316779 3374375
34316711 904532
32722526 1267678
34316725 1740646
34316748 2038849
34316732 1272255
34316865 225237
34316872 545049
34316869 404771
34316913 875380
34318409 70296
34318411 2319330
34316956 849090
15057537 1723942
34316898 333825
34316883 1415
32736616 218192
34316890 1267776
34316989 2906754
34316902 669336
34316991 1648856
34316994 1688813
34316922 1166859
34316910 617147
32994637 664447
34316944 426398
34316979 816914
34316976 2166492
34316940 597889
34316949 772118
34316935 2038765
34316984 330102
34316888 2658526
34316952 1461017
32736684 1018063
32736687 322266
34316876 3446581
34317002 663271
34316999 350194
34317122 1694875
34317016 914625
34317007 915506
34317012 483785
34317018 2791041
34317028 1766754
34317043 2441039
34318414 141888
34317039 1822361
34317035 393193
34318417 607259
34318420 1221137
34318422 796850
34318425 322010
34318002 765459
34318427 915162
15171502 310674
34318430 2225703
34317053 2426748
34317067 112015
34318433 2510143
34318436 798822
34318011 3462254
34318438 944624
34318440 1390732
34318442 1813087
34318018 642734
34317071 1328142
34318445 2033806
34318005 678299
34317078 479054
15167399 341075
34317084 883871
34317105 65978
34318447 2459697
32736628 1110743
34318450 870492
34317109 227143
34318452 228062
34317112 338441
34317088 445544
34317099 1799038
34318455 664543
34317125 2333267
34317127 15217
34317135 219930
34317138 2254979
34317132 107252
34318020 389624
34317149 679166
34317141 345751
34317328 48474
34318024 1303335
34317332 370470
34317152 102874
794261 946532
34317147 22644
34317144 1426683
34317155 571189
34317158 1296128
34318457 873486
34317164 754251
34317167 1363532
34318460 1406372
34318464 563013
34318467 1198154
15135072 218739
34318470 889801
34317169 222908
32994115 19565
15012147 563632
34317174 2733300
34318473 558582
34317185 870782
34318476 629202
34317182 436830
34318478 666797
34317197 4361361
34317203 2235268
34317200 2580518
34317206 1417512
15040489 1417157
34318481 1995459
34318484 397804
34317224 297217
34318487 1165854
34318490 2656468
32736583 1830222
34317237 1193723
34318493 1916074
34317228 1589186
34318496 677087
34317214 191139
34317234 1645769
34317220 635021
34318499 2434847
34317217 858550
34318502 2038008
4948685 55087
34317240 1471884
34318123 1713234
34317231 1029692
34318505 404535
34317246 1381540
34317243 326855
32708960 817334
34317249 1594946
34318508 1162590
34318510 2501826
15009522 913533
34318512 235927
34318514 2037998
34317258 830997
34317255 626085
14942240 2234959
34317269 281056
34317265 606436
34317273 963113
34317262 564130
34318517 831694
34318520 3540491
34317295 1128369
34318522 1261485
34317303 1311219
34317276 685716
34317292 1040845
34317282 1520922
34317285 99588
34317289 895932
34317324 928661
34318031 1102245
34318035 1102343
34318038 484986
34317310 1839666
34317306 620072
34318525 1459116
34317336 2798170
34317321 1107800
34317318 2253599
34317343 637682
34317340 353389
34318528 1443078
34317346 563687
15025478 1006441
34317349 53917
15025468 1298382
34318531 1929369
14882796 385642
34317483 504948
34317486 566509
14972223 1007111
32736620 224935
34317471 336596
34317488 516973
32729735 1869691
14962884 570332
34318534 50861
34317353 153692
34317364 685180
34317372 152831
34317367 1467115
34317383 656942
34317391 1680454
34317387 857296
34318048 288731
34317404 328540
34317410 3273547
34317412 953377
34317421 219162
34318538 158293
34317439 1268137
34317442 1137632
34318541 4672788
34317424 992289
34317415 710562
34317427 303069
34317430 4782236
34317446 52154
34317448 225454
34318543 1793300
34317458 653341
34317456 1223967
34317454 509162
34317461 2221849
34318546 4721720
34318548 325295
34317500 223219
34318550 101507
34317513 370229
34317509 163061
15092005 877022
32737109 296246
32737063 914651
32993732 823901
34317517 918187
34317521 323634
34317525 323740
34318553 123567
34317528 964089
15092075 348389
34317534 1722754
34317539 1122041
34317553 93880
34317555 425282
34317559 86743
34318556 877187
34315129 3557529
32743681 2058382
32717341 3964537
34318558 1024435
34318560 2448033
34318562 1560310
34318564 323047
34317568 867561
34318566 391171
32738962 1594667
34317594 2084298
34317582 823097
34317621 434068
32714655 346565
34315813 3339139
34317573 590530
34317576 831170
34318063 78213
34317590 1443904
14922712 3629733
34318568 2512885
34318571 1009930
32715509 417366
34317624 1225405
34318573 3414426
34317634 103481
34317638 1741927
34318575 1489273
14938939 1625749
34317650 689119
34317647 1003234
34317653 1078267
34318577 196896
32744914 1097636
34318579 3712871
32994846 2522420
34318581 316117
34317668 1227655
34317668 790984
32744985 1340260
34317655 926637
34318583 1034109
34318585 1160303
32744019 1081409
34318586 1257268
34317680 197562
34317683 1907557
32994150 1447879
32994231 1304733
34317760 2171656
32994118 2708268
32994123 1452231
32994187 2394636
32994159 853272
32994154 2134399
32994176 2211903
32994095 1717861
32994286 943846
32994136 3648187
34317687 62982
32994226 774293
32994203 2571804
34317692 3500426
34317690 2851578
34317707 51653
34317696 1344670
34317703 1884042
34317754 1802964
34317740 428657
32994255 306865
32994131 276283
32994283 306828
34317721 809908
34318589 1486119
34317750 704400
34317729 105199
34318591 2861555
34317714 838193
34317717 1692420
34317725 447323
34317756 1998872
34317736 1758615
32746809 2302476
34317807 1909796
32746812 1976909
14964627 1462775
34317771 2205040
32746769 891268
2934112 1307249
32746803 2155542
34317821 251770
34317783 1853164
34317831 85239
34317827 314187
34317817 1666250
34317843 3213782
32746814 2291529
32746784 348023
32994932 1908361
34317803 1104998
34317766 1261356
34317851 3366862
34317795 874556
32746788 1427515
32710818 1844430
34317775 4472158
34317799 320345
34317788 3010352
34317864 1749961
34317867 2127507
34317870 3100543
34317873 695147
15073862 337082
34317847 2503569
15074417 876024
15022428 2726207
34317791 2292471
34317861 1546407
32746833 853465
32994404 2313686
34317876 3557772
34317884 2499695
32719280 3438153
34317878 882746
32745281 1309341
34317881 393912
34317888 1472091
34317900 863742
32994670 218242
34317904 646933
34317917 424752
34317909 823145
34317912 110846
14887723 273135
34316571 1010259
32745007 406618
34317954 243349
34317943 1734209
34317946 1147670
34316585 1907501
34317923 2922016
34317950 2593462
32745005 218297
34317960 810010
32745193 4605482
34318594 1579263
34317982 4444595
34317974 1044531
34317970 2086061
34317986 4880373
34317966 636619
34317978 3664839
34317963 923308
34316614 684972
34316259 213435
34316243 1402488
34318596 388267
15025283 709022
32743724 400007
34315338 962403
34318598 2492157
34316371 782113
34318600 3316070
15033996 142971
34316838 1536148
34315781 4884500
32745181 4200828
34316564 346566
34317046 824029
34318602 791023
15095702 1606730
15095702 899526
14921576 3914551
34315601 1392062
34315287 1568946
34316108 2312962
34317585 1418342
34318605 47042
34318607 789014
34318094 3031347
34317895 1581642
34318609 1526771
32705798 943929
34318611 658588
34318613 252964
31767882 1310963
34318615 363758
34318617 2886541
32745175 956660
14776112 1084683
34318619 291667
34318621 931775
32742866 1220545
34318624 1548340
34318626 1204765
34318628 2284944
32709968 1018691
34317360 1693336
34318630 1710455
32750155 2594055
32737061 735459
34318633 2879842
34317566 1518657
34318635 315395
32722522 810000
34315798 4894205
34315615 515286
34315486 2766719
15100515 2359951
32725585 1072183
32726680 284663
34315849 873263
34318637 2359109
32858700 461536
6125140 50652
34318641 1010234
32717353 2227093
32717280 2566383
34318646 34491
32715600 1125443
34318647 1209514
15126321 2032638
32729553 1588658
34318649 725552
34318651 2029611
34317658 909228
34317433 541593
34318656 344863
13429591 828571
34317298 1256524
34318659 2791240
34318661 1056133
34317763 2493922
32994212 780244
32994180 275084
32994280 312212
34317710 139192
32994091 1566457
34318663 1480379
34316908 58036
34317020 1091493
34318666 528599
34318668 2038943
34318670 291888
34318672 1166921
34318675 647453
34315379 408264
34318679 701498
34318681 747049
32858720 732272
34318684 94026
34318686 915836
32750151 2047819
32734503 595858
34317561 347573
34317369 1859267
34318688 709511
34317211 1047061
34317095 1271508
34317301 3365918
34317630 426632
34318691 2162799
34317010 425378
34318000 301477
32736669 215730
32736675 1246071
34318694 324510
34318697 1470941
34316996 712306
34316928 92263
34318699 1222168
32855216 930894
32994208 102842
34316768 338953
34318701 109606
34318703 446001
15025972 709393
34318706 151258
34318709 1453813
34318712 1264315
34317191 1009312
34318715 2418636
15020750 934602
34317059 909994
34318718 542226
32706408 480240
32706408 365834
34317436 1987198
34317062 1260086
34318719 1675211
34316816 2055565
32843730 660185
34318722 582556
34317075 1154859
34316666 2778944
34318724 1328330
32747377 528205
34315803 333666
34318726 372782
34318728 715489
32718805 2000890
32855219 702741
34318730 739806
34315341 247472
34318734 143835
34318737 1155386
34318739 255158
34318741 1155331
34318743 1472593
15180513 971957
34318745 835410
34318747 316455
34318749 1923765
34318751 1997311
34318753 2791277
34317778 834165
14957331 2023386
34318755 1429290
34316091 732995
34318756 100824
34318758 1199579
15091374 1735733
32994221 2010104
15162985 284184
34316183 709106
34318089 3346523
34318760 865760
34316582 212925
34318763 1634599
34318766 233359
34318768 265848
34316843 1467101
34316790 1799856
32704374 2842912
32736227 2043846
34316528 142772
34315427 1147742
34315423 1290943
32745187 95550
32717266 479921
34317672 206056
34318769 515853
34318771 719386
32994623 267179
32737422 478594
34318773 53610
34315082 854260
32994217 1264542
34318776 329106
34317395 651298
34317477 1127787
32736692 2037652
34318779 1082927
34318781 2459587
34318785 1662317
32736671 542855
34317465 1197739
34317468 2549711
34317475 2587260
32736639 1189734
34318787 599341
34317479 1858700
34318789 1277881
34317178 1742012
32719261 785169
34316441 620131
34318791 162465
32735074 1615030
34315284 909284
34318794 2029191
34317194 202110
15063499 244046
34317279 1628465
32736651 1473972
15025315 610665
34317004 338637
34317380 2995695
34318796 546176
34318798 3263604
34318801 6499476
32717320 1506273
15099073 1710332
34317356 1121174
32994245 734959
32994141 219987
32994680 792121
34317700 707153
32994242 1921951
15025031 1149896
32993954 722391
34318803 95161
32994261 1335337
34318805 206718
34318807 437132
34318809 930828
34318811 1082885
34318813 5639612
32708630 2313077
15174745 1487593
32719268 1723924
34318816 2208292
34316042 1097025
34317920 724883
34317926 1766236
34317935 2511726
34317892 1745580
34317939 1856678
34318818 1843115
34318821 1540546
32743066 1799446
15018518 628604
34315882 944351
34315902 5968194
34315899 329678
34317493 139277
34317497 1305805
34318823 1673527
34318825 3172703
34318827 396294
32719560 3807477
34318829 3540364
34318831 1012777
34318833 156775
34315964 101305
32744978 446978
34315210 239065
34318836 1608913
34316485 3220875
34318837 440649
34316426 1612705
34318839 4666799
34318841 699855
34317376 1664675
34316207 871801
34318843 1097465
34316387 3073933
34317024 3377821
34318845 1115689
32737076 2905937
34318847 2385773
32734501 6839442
34318849 3988655
34317118 3863513
34317092 4361862
34318851 861975
34318853 2128559
15109834 49068
34318855 353494
32995066 2927115
34316715 2630539
34315996 2246183
34318857 449676
34318859 3661992
34318861 2155139
34315785 1083367
32727740 243073
34318864 487061
34317854 860488
34317824 316179
34317857 750181
32746806 1069628
34316221 324978
32994401 2037053
34318867 2764892
34318869 1416831
34318871 2860638
34318873 2318323
32714770 3375775
34318114 2251013
34318875 3408814
34318878 960227
34318880 3860544
34318882 2238541
34316462 915362
34318884 106706
34318886 1901292
34318888 320891
34318890 2449102
34318892 916081
34318894 691294
34317958 3979040
34318896 3378565
34318898 961441
34318900 961561
34318902 1566934
34317996 1671194
34318905 6942035
32722916 354376
14984544 363015
34317996 135344
15132390 348636
32715197 13205654
14993497 1308656
34315207 2869448
32745189 2764608
34318908 1024818
34318910 1001471
34318912 1597622
34318914 1828487
32787740 1312876
15112319 2010018
34315531 996297
34318917 2273465
34316032 193546
34318919 5696284
14992917 2869903
34318921 1444380
15086290 3214515
34315952 1644080
34315998 728624
34318924 1810608
15081021 2496030
15079512 892245
34316098 3198676
32713726 1799106
15072503 1072738
34318927 1965604
34315949 2382137
34316007 889370
34318929 359088
34318931 4693488
34318934 344522
34318935 2092099
32723688 1161022
32719585 1675251
34317031 889767
15078120 2695667
15078150 805626
34315540 516969
32720345 440722
32720345 2707381
32719583 218182
32720348 1448
34317547 1968952
34317550 3636126
34318937 291494
15089504 882409
34318939 861708
32994055 3565999
34318941 109253
32994619 324973
34315976 3850373
34316366 1666263
34318041 3757674
34316175 392432
34316178 1005358
34315360 951667
32744995 340004
34318943 3369490
34318945 3764003
34318947 1231199
15162388 4761113
34315202 360119
34316101 102619
34318949 455332
34317418 677099
34318952 912243
34318955 1484973
34315826 1749976
32743446 957425
34318958 1943526
34317115 1294128
34318960 1091701
34318963 7248804
34318111 2681706
34316330 6608411
34318966 3488563
32994164 2230696
32993950 3131691
32994070 393908
34315967 936531
34318968 1845962
34316015 3415991
34316018 4685991
34316028 826502
34316039 7153037
34316021 3662714
34316030 4165579
34318970 6313554
34318972 6204619
34318974 2528310
34318976 1163172
15091632 2528359
34318978 6283070
34318980 918011
34316905 2207132
34318985 1760221
34317050 1705789
34317081 1188910
34317102 954458
34318987 2943901
34318989 219896
34318991 3571208
34318994 2120284
34318996 922010
34317252 3416599
34318999 1599121
34319002 1132121
34319004 1054210
34319006 1238050
34319009 1754956
15072934 2408915
34317840 1424959
32738964 2128329
34319011 2318088
34319013 7136967
32738969 548027
32733596 1756330
11526769 289232
15157197 302417
34315958 237740
34319016 675679
34316432 11811271
34319018 2236453
34319020 975604
34315871 231774
32715192 3733509
34315864 1853794
34319022 272343
34319024 484503
34319026 2102887
34319028 2733218
34315235 1548258
34317580 819768
34319030 4483001
34319032 168097
34319034 3306622
34319038 5123074
34319040 1364440
34319042 2219965
34317490 2095436
34319044 1750730
32994661 3568790
34319046 2262806
34319048 3657379
34319050 4053771
34319052 4707468
32704976 5765049
32733737 4104826
32725047 4379639
32725047 324567
34315821 2557326
34319056 457698
34315970 1791844
34317616 690139
34319057 2794331
34319059 1968160
34319062 2885879
34315962 2425206
34317836 119475
34317209 2021787
32749340 3766125
34319068 1759711
34319074 898905
34319076 1547651
34317505 1202455
34319078 462593
34315853 1525734
34319080 2845166
34318931 3075248
15099696 2891976
32725057 1901505
34316362 2527191
34315908 1461962
34319082 322800
34319084 680775
34319086 694201
34319088 1723094
34319090 1432632
34319093 3468951
34319095 2718844
34316522 2817330
15173383 886450
34319097 3032967
34319099 3141062
34317451 3725715
34319101 2019252
34319102 961557
34319104 4598533
34319114 50630
34319116 1004944
34316156 2208892
34316675 3217442
34318086 3936718
32736613 11632954
34317930 558676
32736678 766906
34317176 561128
32736695 563310
34319118 2137985
32723235 11634236
34319120 3069177
