32844244 32844243
15974739 15974741
15152104 15152101
15903771 15903773
15081003 15081005
33807326 33807327
31188801 31188800
1691637 874770
31189582 31189581
3333990 2741657
4846767 4846695
15929333 15929335
15927152 15927150
15927150 15927152
15161537 15161535
4079355 3839712
4079356 3839712
1388801 647709
4977558 4977551
4977560 4977551
15165663 15165660
14782711 14782712
14782712 14782711
6283142 6283143
6283143 6283142
7228281 7228240
7228240 7228281
15920540 15920538
15920538 15920540
3288425 3720102
3720102 3288425
11690198 11690199
11690199 11690198
1758525 1758524
1758524 1758525
15934722 15934724
4079911 3840303
3840303 4079911
15965539 15965537
15965537 15965539
3635024 3635023
3635023 3635024
15904556 15904554
4186483 4005382
4005382 4186483
30926690 30926688
30926688 30926690
7307636 7307635
7307635 7307636
6092923 6092922
6092922 6092923
9269167 9269169
9269169 9269167
15964211 15964209
15964209 15964211
8154094 8154095
8154095 8154094
15913698 15913696
15913696 15913698
15959825 15959827
15959827 15959825
15903388 15903386
15903386 15903388
8154093 8154120
8154120 8154093
15922804 15922807
15922807 15922804
14860018 14860017
14860017 14860018
14849072 14849073
14849073 14849072
3215946 2576076
2576076 3215946
15964177 15964179
15964179 15964177
15909658 15909655
15911575 15911573
15911573 15911575
15906503 15906502
15906502 15906503
15973110 15973108
15973108 15973110
15907335 15907333
15907333 15907335
13028506 13028485
15910968 15910966
15910966 15910968
15974645 15974643
15911611 15911609
15911609 15911611
14794192 14794191
14794191 14794192
15907499 15907496
15907496 15907499
15932357 15932355
15932355 15932357
4506793 4506794
4506794 4506793
30927782 30927784
30927784 30927782
12541087 12541086
12541086 12541087
30928870 30928868
30928868 30928870
15920177 15920175
15920175 15920177
15972190 15972192
15972192 15972190
15925323 15925325
15925325 15925323
15912679 15912681
15912681 15912679
6624452 6624451
6624451 6624452
15925338 15925335
15925335 15925338
15903801 15903799
15974643 15974645
15907114 15907116
15907116 15907114
15960953 15960951
15960951 15960953
30924739 30924737
30924737 30924739
15955002 15955000
15908810 15908808
15908808 15908810
15903826 15903824
15903824 15903826
15923654 15923652
15923652 15923654
8402326 8402325
8402325 8402326
15908556 15908554
15929116 15929118
9254368 9254369
9254369 9254368
15913437 15913439
15913439 15913437
15903500 15903502
15903502 15903500
15956346 15956348
30928288 30928286
30928286 30928288
7544631 7544633
7544633 7544631
15909115 15909113
15909113 15909115
15147995 15147997
15908867 15908865
15154761 15154763
33771431 33732780
15929033 15929035
15903413 15903411
15903411 15903413
15978556 15978558
15928079 15928077
15928077 15928079
15903754 15903756
15978558 15978556
15925718 15925720
15925413 15925411
15925411 15925413
15925720 15925718
15962148 15962146
15962133 15962131
15906410 15906412
15970597 15970595
15962583 15962585
15962585 15962583
15970595 15970597
15173615 15173612
15173612 15173615
15174589 15174587
15174587 15174589
15924793 15924795
15924795 15924793
15924788 15924785
15924785 15924788
2741657 3333990
15929118 15929116
4906662 4906655
4906655 4906662
15906822 15906824
15906824 15906822
15910743 15910741
15910741 15910743
6204822 6204821
6147127 6147126
6147126 6147127
6204821 6204822
4512091 4479069
15956021 15956019
4537945 4512108
4512108 4537945
15906363 15906361
15906361 15906363
15930418 15930416
15930416 15930418
15906241 15906239
15906239 15906241
4388747 4309836
4309836 4388747
33732963 33732962
33732962 33732963
15908865 15908867
15962146 15962148
15962131 15962133
15906412 15906410
15929926 15929928
15929928 15929926
4479069 4512091
15956019 15956021
15911109 15911111
15911111 15911109
15147997 15147995
15910803 15910801
15910801 15910803
15910792 15910790
15910790 15910792
33732966 33732965
33732965 33732966
15908490 15908488
15903488 15903490
15903490 15903488
15906832 15906835
15906835 15906832
15908488 15908490
15909796 15909798
15909798 15909796
15911136 15911138
15910849 15910847
15910847 15910849
15942657 15942659
15942659 15942657
33732994 33732993
33732993 33732994
15933436 15933434
15933434 15933436
15909283 15909281
15909281 15909283
15947942 15947940
15947940 15947942
15911022 15911020
15911020 15911022
33733014 33733013
33733013 33733014
15911107 15911105
15911105 15911107
15910191 15910193
15911138 15911136
2714032 2714031
2714031 2714032
15905694 15905692
15905692 15905694
15977211 15977209
15977209 15977211
11079088 11079087
31189509 31189510
31187772 31187771
11079481 11079480
11079480 11079481
9012524 9012523
9012523 9012524
8168672 8168644
8168671 8168644
8340827 8340826
8340826 8340827
31191989 31191988
31191988 31191989
31189233 31189232
15912340 15912338
15912338 15912340
1212013 513695
513695 1212013
33575365 33575364
33575364 33575365
33734174 33734173
33734173 33734174
31189232 31189233
31188800 31188801
8168644 8168672
8168671 8168672
8168644 8168671
8168672 8168671
11079087 11079088
31187771 31187772
15956348 15956346
33565308 33565307
33565307 33565308
33841422 33841421
33841421 33841422
33734602 33734601
33734601 33734602
15910839 15910837
15910837 15910839
15956423 15956421
15929035 15929033
34037435 34037434
34037434 34037435
34055836 34055835
33644011 33644010
33644014 33644013
33644013 33644014
33834666 33834665
33834665 33834666
34055835 34055836
15903756 15903754
15950994 15950991
31190194 31190193
31190193 31190194
15941816 15941814
31187217 31187216
31187216 31187217
31189581 31189582
6032802 6032822
15962787 15962785
15962785 15962787
15918214 15918216
15918140 15918138
15918138 15918140
15918216 15918214
15906582 15906580
15906580 15906582
15918241 15918243
15918243 15918241
33834870 33834869
33834869 33834870
15956421 15956423
31192826 31192827
31192827 31192826
15956634 15956632
15956632 15956634
15950991 15950994
33834972 33834971
33806945 33806944
33806944 33806945
32804965 32804964
32804964 32804965
33807010 33807009
33807009 33807010
32844358 32844357
32960632 32960633
33807057 33807056
33807056 33807057
36558389 36558390
15956513 15956515
14925896 14925898
15974741 15974739
15929313 15929311
15974804 15974802
15974802 15974804
15947722 15947724
15165660 15165663
15974495 15974497
15974497 15974495
15906858 15906856
15947724 15947722
15924823 15924821
15924821 15924823
15908224 15908226
15908226 15908224
15934724 15934722
33834971 33834972
31186786 31186787
15905775 15905777
15905777 15905775
31931467 31931468
15916369 15916367
15974797 15974795
15974795 15974797
4995401 4995407
4995407 4995401
15906053 15906051
15906051 15906053
1101736 1972105
1972105 1101736
33736787 33736786
15905855 15905857
15946757 15946759
15907513 15907515
15907515 15907513
31931254 31931255
15930689 15930687
15913583 15913581
15913581 15913583
15941234 15941236
15948377 15948379
15930687 15930689
15941236 15941234
33740905 33740904
33740904 33740905
15956595 15956593
15956593 15956595
15956368 15956370
15956370 15956368
647709 1388801
15918363 15918361
15918361 15918363
33736786 33736787
33142395 33142394
33142394 33142395
33142404 33142403
33142403 33142404
15904785 15904783
15929704 15929701
15963279 15963277
15963277 15963279
33742341 33742340
15963453 15963451
15963451 15963453
31931080 31931079
31931079 31931080
15955000 15955002
31192568 31192569
15903810 15903812
15903812 15903810
15905958 15905956
15905956 15905958
15905841 15905843
15905843 15905841
15905934 15905936
15905936 15905934
15905857 15905855
33644010 33644011
15956589 15956587
15956587 15956589
15956337 15956335
15956335 15956337
15956433 15956431
15914401 15914403
15914403 15914401
15956744 15956746
15930166 15930164
15930164 15930166
15956643 15956645
15956645 15956643
15956413 15956415
15956415 15956413
15956380 15956382
15956382 15956380
15929335 15929333
15956515 15956513
15961492 15961494
15961494 15961492
15957271 15957269
3670795 3218262
3218262 3670795
15908641 15908639
15908639 15908641
15930106 15930104
15956987 15956985
15956985 15956987
15930059 15930057
15930057 15930059
15956746 15956744
15916367 15916369
15929311 15929313
30909899 30909901
30909901 30909899
31930421 31930420
31930420 31930421
33846980 33846981
33846981 33846980
33743875 33743874
15947836 15947834
15972698 15972700
15972700 15972698
15908353 15908351
15908351 15908353
15971405 15971403
15971403 15971405
36558395 36558396
36558396 36558395
36558403 36558404
36558404 36558403
36558411 36558412
36558412 36558411
15906951 15906953
15906953 15906951
15961684 15961686
15961686 15961684
36558413 36558414
33847168 33847167
32823922 32823923
36558414 36558413
15940149 15940151
33847167 33847168
36558419 36558420
36558420 36558419
15957269 15957271
15931147 15931145
15930104 15930106
15937741 15937739
15937739 15937741
31934459 31934458
31934458 31934459
15931145 15931147
36558423 36558424
36558424 36558423
32849117 32849116
32849116 32849117
15963992 15963994
15963994 15963992
33847602 33847601
33847601 33847602
15903783 15903781
33748665 33748664
33748664 33748665
15599998 15599996
15600020 15600018
15599370 15599368
15598979 15598977
15599141 15599143
15599980 15599978
15599987 15599989
15599996 15599998
15600018 15600020
15599368 15599370
15598929 15598927
15598977 15598979
15599143 15599141
15599978 15599980
15599989 15599987
15598927 15598929
15599016 15599014
15599014 15599016
33748958 33748957
33748957 33748958
30904333 30904331
30904331 30904333
32844243 32844244
15904840 15904837
15904837 15904840
33848626 33848625
15952584 15952582
15952582 15952584
15905119 15905121
15905121 15905119
32812136 32812134
32812134 32812136
33645165 33645164
15937657 15937655
15937655 15937657
33645164 33645165
15974206 15974204
15974204 15974206
15965479 15965481
15965481 15965479
15923882 15923884
15923884 15923882
15941214 15941212
15941212 15941214
15941177 15941175
15941175 15941177
15906856 15906858
3670794 3218261
3218261 3670794
15906273 15906271
15906271 15906273
728642 240650
36558429 36558430
36558430 36558429
33576834 33576833
33578319 33578320
30910613 30910611
30910611 30910613
15947034 15947028
15947028 15947034
32818109 32818108
32818108 32818109
32795061 32795062
32795062 32795061
31280149 31280148
31933190 31933188
15908481 15908479
15905721 15905719
33848625 33848626
31933188 31933190
15970866 15970864
15970864 15970866
15969035 15969037
15968349 15968347
15963595 15963597
15963597 15963595
15962526 15962528
15962528 15962526
15968347 15968349
33752051 33752050
33752050 33752051
15908316 15908314
15908314 15908316
15909727 15909729
15919738 15919740
15909729 15909727
15919740 15919738
33576833 33576834
15909655 15909658
33576841 33576840
33576840 33576841
15965553 15965555
15965555 15965553
15967215 15967217
15967217 15967215
31280148 31280149
15976243 15976241
15976241 15976243
15947834 15947836
36558433 36558434
36558434 36558433
15903773 15903771
874770 1691637
15902261 15902259
15902259 15902261
15955691 15955689
15955689 15955691
31939408 31939407
31939407 31939408
15905754 15905752
15905752 15905754
31938158 31938157
31938157 31938158
15953850 15953852
15953852 15953850
15962175 15962177
15962177 15962175
33645522 33645521
33645521 33645522
15931901 15931903
15931903 15931901
15911075 15911073
15911073 15911075
1103563 448273
448273 1103563
31190701 31190702
31190702 31190701
33752993 33752992
15925736 15925738
15925272 15925274
32823923 32823922
33849968 33849967
33849967 33849968
33755528 33755527
33755527 33755528
15932577 15932575
15932575 15932577
1541395 758670
758670 1541395
33171033 33171034
33171034 33171033
32828300 32828299
32828299 32828300
15948379 15948377
15950215 15950213
15944525 15944523
15944523 15944525
31938273 31938272
15969392 15969390
15902898 15902896
15905634 15905636
15964460 15964458
15964458 15964460
15905636 15905634
15964374 15964372
15964372 15964374
15962106 15962102
15927267 15927269
15961305 15961303
15961303 15961305
15906761 15906759
15906759 15906761
15903799 15903801
15924196 15924198
15927269 15927267
15924198 15924196
31938272 31938273
33784738 33784737
33784737 33784738
33645662 33645661
15906643 15906641
33645720 33645721
31934621 31934622
31934622 31934621
33645661 33645662
33807327 33807326
33645721 33645720
33645733 33645732
33645732 33645733
31186787 31186786
4977551 4977558
4977560 4977558
4977551 4977560
4977558 4977560
3897917 3554351
3554351 3897917
36558438 36558439
33768088 33768087
33768087 33768088
33768094 33768093
33768093 33768094
15935420 15935419
15935419 15935420
33645976 33645975
33645975 33645976
15931242 15931244
15931244 15931242
15958488 15958490
15958490 15958488
15916314 15916316
31191660 31191661
31191661 31191660
15928734 15928732
15928732 15928734
31187254 31187253
31187253 31187254
15904569 15904567
15910624 15910626
15904567 15904569
15913186 15913184
15913184 15913186
15916316 15916314
15905041 15905043
33752992 33752993
15918514 15918516
15918516 15918514
15921457 15921458
15906829 15906831
15905043 15905041
15906831 15906829
15909499 15909501
15921458 15921457
15936388 15936390
15936390 15936388
33771089 33771088
33771114 33771113
15945448 15945446
15945446 15945448
15904554 15904556
15921867 15921865
15921865 15921867
15909257 15909259
32836203 32836202
32836202 32836203
15906970 15906968
15906653 15906655
15906655 15906653
33771164 33771163
33771163 33771164
15906371 15906373
33771113 33771114
3635065 3951282
3951282 3635065
15906373 15906371
15915956 15915958
15915958 15915956
15906968 15906970
15908831 15908829
15906641 15906643
15921681 15921683
15921683 15921681
15909259 15909257
13028485 13028506
3074555 3074543
3074543 3074555
33559498 33559497
3625354 3945162
33559497 33559498
3532113 3883635
3883635 3532113
3945162 3625354
31192569 31192568
15902896 15902898
15924593 15924595
15146414 15146416
15146416 15146414
36558390 36558389
15957167 15957165
15957165 15957167
31931468 31931467
33955014 33955013
33780364 33780363
33780363 33780364
33578320 33578319
33990460 33990459
15925889 15925887
15161535 15161537
33990472 33990471
33990471 33990472
15071692 15071690
33771753 33771752
33771752 33771753
15910098 15910096
15910626 15910624
15910096 15910098
33771825 33771824
33771824 33771825
33771842 33771841
33771841 33771842
31939426 31939425
31939425 31939426
33771901 33771900
33771900 33771901
33771990 33771989
33771989 33771990
33772005 33772004
33772004 33772005
33772011 33772010
33772010 33772011
31932068 31932067
31932067 31932068
240650 728642
15956431 15956433
33561810 33561809
14925898 14925896
33565387 33565386
33565386 33565387
33561809 33561810
15903781 15903783
4268209 4268216
4268216 4268209
33955013 33955014
33990459 33990460
15925887 15925889
32844357 32844358
31189280 31189278
31189278 31189280
32855287 32855286
32811375 32811374
32811374 32811375
33222977 33222977
33222978 33222977
33807376 33807375
33807375 33807376
33807380 33807379
33807379 33807380
32855286 32855287
33807387 33807386
33807386 33807387
15937842 15937840
15937840 15937842
15928550 15928548
15928548 15928550
15903883 15903881
15911557 15911559
15903881 15903883
15909501 15909499
4846695 4846767
2741582 1969923
33851387 33851386
33851386 33851387
33803737 33803736
33803736 33803737
33851405 33851404
33851404 33851405
15976016 15976014
15976014 15976016
15908082 15908084
15908084 15908082
31931255 31931254
3839712 4079355
4079356 4079355
3839712 4079356
4079355 4079356
36558442 36558443
36558443 36558442
15908554 15908556
15943019 15943017
15943017 15943019
33773521 33773520
33773520 33773521
15921452 15921454
15921454 15921452
15924595 15924593
15908479 15908481
15911559 15911557
33743874 33743875
15928073 15928071
15928071 15928073
15938149 15938147
15938147 15938149
33773717 33773716
33773716 33773717
15941373 15941371
15941371 15941373
15911040 15911042
15911042 15911040
15916437 15916439
15916439 15916437
15904882 15904884
15904884 15904882
15904793 15904790
15916200 15916202
15916202 15916200
15904790 15904793
15904783 15904785
15905143 15905141
15905141 15905143
15905128 15905122
15905122 15905128
15903405 15903407
15903407 15903405
15905038 15905036
15972157 15972155
15972155 15972157
15905036 15905038
15941814 15941816
15940151 15940149
15908468 15908466
15908466 15908468
33771088 33771089
15976728 15976726
15976726 15976728
15930952 15930950
15930950 15930952
15969388 15969386
15969386 15969388
33774094 33774093
33774096 33774095
33774095 33774096
15969390 15969392
33774093 33774094
15929701 15929704
15915220 15915218
15915218 15915220
15903869 15903867
15903867 15903869
1969923 2741582
15081005 15081003
32787370 32787369
32787369 32787370
15925274 15925272
36558439 36558438
15942520 15942518
15942518 15942520
15949459 15949461
15949461 15949459
33244869 33244868
33244868 33244869
33774841 33774840
33774840 33774841
33812192 33812191
33812191 33812192
15911599 15911604
15911604 15911599
15911263 15911261
15911261 15911263
15903398 15903400
15903400 15903398
33774908 33774907
33774907 33774908
15909985 15909987
15909987 15909985
15911564 15911562
15911562 15911564
15912013 15912015
15912015 15912013
15925740 15925745
15925745 15925740
15925738 15925736
15978162 15978160
15978160 15978162
15978539 15978541
15978541 15978539
15952985 15952983
15952983 15952985
33646626 33646625
33646625 33646626
33775112 33775111
33775111 33775112
33955947 33955946
33955946 33955947
33646635 33646634
33646634 33646635
15905658 15905660
15905660 15905658
15972379 15972381
15972381 15972379
15949073 15949071
15949071 15949073
33990620 33990619
33990619 33990620
33775160 33775159
33775159 33775160
33775164 33775163
33775163 33775164
15925382 15925384
15925384 15925382
33775241 33775240
33775240 33775241
33990632 33990631
33990631 33990632
33852518 33852517
33852517 33852518
15908829 15908831
15912958 15912956
15912956 15912958
15907732 15907734
15907734 15907732
15905719 15905721
33775538 33775537
33775537 33775538
15910193 15910191
15946759 15946757
15928780 15928778
33852800 33852799
33852799 33852800
15955676 15955674
15955674 15955676
15928778 15928780
33742340 33742341
15950213 15950215
33852982 33852981
33852981 33852982
2135005 1257423
1257423 2135005
33956258 33956257
33956257 33956258
32960633 32960632
33562265 33562264
15154763 15154761
6032822 6032802
15071690 15071692
33562264 33562265
2741473 2741474
15152101 15152104
2741474 2741473
