36657464 89120
14670881 14670883
35464041 35464042
36657467 1331802
29609664 29390625
36657470 36657471
36657474 36657475
36657477 36657478
36657480 36657481
32794255 459767
36657483 36657484
35480404 35480405
4922603 991207
36657486 594637
32823912 32823914
36297247 36297248
3623551 7458
28589908 1766510
30753764 200627
36657489 28664432
29046361 29046362
36657492 28193205
30745705 30745706
32827037 1131038
968151 811531
3966842 4160567
36657494 7690730
13675983 1252522
32786660 32786663
32786661 32786663
35830963 35830965
13788850 13788853
1830655 2637328
36657497 1046819
36657499 36657500
32825726 68047
2635363 2883894
36657503 2011021
31870406 31870408
30747386 30747389
36657506 89468
35817581 1128746
36657510 36657511
32836214 718126
36657513 36657514
36399842 1651773
13620171 13620173
32806117 775090
36657516 4381971
36657518 36657519
30783404 3473011
31853321 25568
4967085 4967093
2299576 612385
36402269 36402270
36394877 36394878
216235 656394
36418462 36418463
36657521 36657522
32873023 4073127
4739484 4073127
30752941 30752943
32806126 21471
36657525 36657526
35798274 8693999
36657528 29760871
36657530 1278523
14281140 14281143
36657533 1184140
3958697 715562
6826655 6826658
36356165 479194
30776742 30776745
12218543 1585915
36295969 36295970
30782631 2020072
36657535 36657536
29047574 29047575
30743442 525958
30771646 832901
36657538 36657539
36657541 175904
36657543 36657544
29050393 702399
36657547 36657548
4081118 4234687
36657550 376547
3160683 3631100
32799236 32799238
36657555 29764517
10958359 10958362
36657559 36657560
35801083 457093
36657562 36657563
36657565 36657566
31841308 469377
36657568 1921681
36657571 36657572
10655446 10655449
10929331 110723
42054 173031
36657574 36657575
36657578 36657579
36657581 475930
13486980 13486982
36657583 36657584
29041063 29041065
29047604 29047605
10044991 37240
15015225 15015227
35814662 35814664
33038146 33038150
157871 497450
32795381 32795382
23156526 23156579
36657586 1161418
33677154 13477151
30760181 450872
36657589 36657590
36657593 36657594
29047543 29047544
36441502 541401
36657597 247250
28401292 58528
2592951 1015
368658 1015
32812110 32812111
35798605 78913
36657600 29772906
36657603 36657604
29049772 2709941
36657607 1512493
36657609 36657610
35868116 35868118
35868115 35868118
36657612 36657613
36657615 36657616
30766046 30766047
30698766 1279515
35451654 35451656
36657618 238921
298351 822417
4931703 4931735
14621426 14621431
36657620 36657621
35828922 35828924
36657623 36657624
36657626 36657627
30781384 1588611
36657629 32824500
29040592 29040593
36657631 36657632
36657634 36657635
33045733 33045735
36657637 29373545
10042463 268626
4739486 3142755
36412513 36412514
32791084 32791085
36657639 36657640
36355342 235482
36657642 1159128
29050798 29050799
30779026 9632
173887 9632
36657644 13477111
36657647 36657648
30321032 787674
33576739 1151902
29041732 292649
15243087 292649
36657651 36657652
36657654 36657655
13712499 13712501
13321958 13321961
36657657 36657658
35079873 35079875
36657660 36657661
808369 71978
36657664 36657665
30359710 756640
36657666 1166197
36657668 36657669
32846102 2148950
36657671 835527
36657674 278174
32855436 32855438
36657676 36657677
30786952 264647
4137690 128952
36657679 36657680
36657683 36657684
33058803 33058805
32810872 32810874
32804332 32804333
36309984 9395757
36657686 36657687
15233034 495164
35073639 488769
32802747 838816
32803543 838816
36657689 973562
13467758 13467761
36373131 36373132
35471185 2098914
36657691 36657692
11736578 11736580
36657695 36657696
36657698 36657699
29047477 147744
36657701 36657702
36657704 36657705
36411174 271480
13674958 489169
4983389 734449
36291842 1665733
13477434 259773
287765 802342
29049257 238881
29043009 29043010
36657707 36657708
11684563 11684567
33044365 33044368
29047590 29047591
36657710 36657711
3178890 611475
36657713 36657714
36657716 1152805
1006708 1857208
5353712 5353747
9688440 471441
35804048 471441
1748252 715258
1964877 2734793
36657718 36657719
462131 1126707
28383458 28383459
36657721 36657722
36657724 36657725
36657727 29381229
36657730 1462927
36657733 28539618
35439400 254038
36313933 36313934
32816620 32816621
4957459 474925
15923 10688
29050816 29050817
36657736 29792079
30758476 3484725
36657738 36657739
34236087 34236088
1052824 1915332
29043834 764009
16456 84450
4974916 4974923
35815464 1117242
35414096 35414097
36657741 36657742
30771156 30771159
1716335 2551729
36657744 36657745
36657747 29383340
36657749 36657750
30754271 2464784
36657752 28454378
13215616 13215618
13620010 13620012
36657754 4027188
2302470 3015027
29610125 703552
36657757 36657758
30773955 732317
36657760 853852
30775130 30775133
13873387 13873389
36657762 1101329
32844716 32844717
36657764 36657765
562142 328435
36657767 328435
36348669 199489
32832626 32832627
36657770 36657771
14735303 14735316
36657773 36657774
29046433 132008
35802532 29797275
32854536 1463512
36657776 1651845
36657778 36657779
1165 15762
35808729 35808731
36657781 36657782
36657785 36657786
29046411 29046412
16469 84573
36657790 306847
35823068 35823072
36329542 36329543
35468105 35468106
30783639 244955
36657792 29800317
36657794 36657795
32813054 29800333
29043816 56836
36657797 36657798
32789904 753457
36657800 36657801
36657803 29800656
36657805 36657806
36657808 730099
16465 6335
36426559 36426560
21896 120544
36386597 2698580
30767574 183335
36657810 36657811
1099963 1970139
32756620 32756623
30769613 1126486
29042966 1126486
29046290 1157039
374291 977252
35803057 35803059
36657814 36657815
98933 328162
32870035 32870037
13787479 3255580
36657817 36657818
35819574 35819576
4908787 576400
36657820 1181462
4917182 4917187
3463834 3835922
36657822 36657823
30764765 30764770
32787006 177616
36657825 36657826
36657828 36657829
13510044 13510048
36657831 36657832
978986 1153394
36657834 36657835
36657837 36657838
36657841 29805373
36405103 1221466
29042987 1221466
4640274 459275
36657843 36657844
36657846 36657844
1093794 128249
287690 128249
82107 284032
29043875 843540
1808398 130284
36657847 36657848
36657850 36657851
32787315 32787316
32789923 1016
12326540 12326545
32780852 280506
30742973 2792274
36657853 29810070
3725161 4005698
36657856 455365
32826692 1107064
4958461 600996
31872189 31872190
35821456 35821458
31891021 31891022
36657858 2620663
11965178 11965197
36420016 763414
32794802 32794803
969129 14811
122552 14811
29609672 29609673
30764414 3468179
36657860 36657861
35814888 449170
36657863 36657864
36657867 2034454
29715381 29715410
36657870 2041276
36657872 36657873
3224021 3674850
36657875 36657876
29039195 29039196
15725745 15725749
32803611 764113
32807098 10201576
936962 268068
1699 20302
36657879 36657880
36657883 36657884
36657886 1047075
34235357 34235359
34235366 34235359
4978585 4978615
35806597 175654
122629 402275
444903 1095745
15217776 15217788
29053660 29053661
36657888 1985262
36657890 2049242
28776540 1214206
4948621 135218
29043869 29043870
36657893 36657894
36657896 2002910
30345643 30345650
36657898 36657899
36657901 1837379
35415308 35415309
30754316 239377
36657905 36657906
5325714 5325723
36657908 36657909
35834028 1267510
30751676 30751677
36657914 36657915
36657917 36657918
13633387 13633389
36657920 36657921
32825615 32825616
36657923 36657924
36657926 36657927
36657929 36657930
656649 1399040
32814262 29391084
35833406 35833408
968965 1808354
2144298 1573664
3110653 3592237
36657932 36657933
36657936 36657937
36657940 36657941
29047546 29047548
36657943 36657944
31905174 234834
31889063 31889064
36657946 36657947
36657949 29993841
36657951 598052
36657954 36657955
36657958 36657959
35790292 1478832
36657962 36657963
36657966 36657967
36657969 509161
36657973 36657974
35835427 35835429
32829557 540187
36657976 36657977
21689076 21689081
30744027 30744028
36657980 36657981
727083 25890
36657984 10775283
36657988 36657989
21884882 21884891
31890044 185183
35798345 35798347
28161050 28161052
36657992 36657993
36657995 1470437
36657997 3025498
36384942 36384943
118892 88841
36658000 1279213
29039165 367296
36658002 36658003
29039959 1977304
32807399 250369
36658005 36658006
36658008 29826882
33045128 33045131
1931134 430597
36658010 36658011
10657355 10657438
15592623 2494478
510686 418775
35805202 1130729
35803029 35803031
34011120 1354474
35831748 10202555
9424512 553157
30784193 598538
537143 1256074
36658014 36658015
968945 1126365
35789607 35789609
12860464 156825
36658017 36658018
36658020 36658021
36658023 1228281
82105 284027
14222135 14222138
32815100 1386610
29027919 29027920
36658026 1114282
13813000 13813002
35792022 10211648
13805516 13805519
32845754 32845756
36421492 36421494
36658029 36658030
35822534 29832514
36658032 36658033
32823309 4471719
36658035 36658036
35455865 35455867
36658038 36658039
32858766 28497440
36658042 36658043
36658045 268505
36658047 36658048
35787852 29972298
35793776 157655
15258464 15258467
4977322 4977331
36658050 36658051
36658053 36658054
36658056 36658057
13649518 13649520
36658061 36658062
36334545 36334546
36658064 36658065
36658068 36658069
35790132 89691
35830096 30430028
28278380 28278382
36271938 29837282
35828456 2472854
32825608 32825609
4973626 983895
36658071 36658072
32807836 32807837
30769631 1202892
15232532 1202892
13209906 13209915
36658074 1115862
36658077 36658078
1809405 2621126
36658081 36658082
34277132 28174165
36351564 36351565
3590373 3105210
36658085 36658086
36658088 36658089
35811463 35811465
36658091 488271
10040946 10040949
36658098 36658099
36658102 36658103
32847783 1143462
32796323 6254
29046262 553067
36658105 1182439
36658107 36658108
4930056 75039
4974653 4974658
36115305 132325
4960694 4960803
36658110 36658111
36658114 36658115
36658118 36658119
36658121 36658119
4634563 177219
36658122 36658123
13547367 2398599
16468 84565
32810698 29342802
32855106 491091
33090019 33090022
32817695 32817697
10042815 154431
36260 142829
29047582 532099
32858784 32858785
35816174 205990
36658126 36658127
13695919 13695921
36658130 852125
31888373 31888375
30745867 1240354
36658135 128427
33680427 33680433
30779532 1544421
13759618 13759620
36658137 1115794
36658139 36658140
35797478 3361877
36658143 36658144
21888365 238822
31903358 31903359
36363445 3596617
36658147 258228
36658150 36658151
29041313 29041314
5021980 5021987
36658154 1106887
29043790 29043791
29046219 29046220
2935806 3469988
35817918 1987463
36658157 36658158
36658161 697384
36658163 36658164
30760456 30760459
36658166 1271400
968924 4874
36658168 36658169
36658171 36658172
32814687 318107
30747839 30747840
36658174 36658175
36658177 36658178
36658180 36658181
35806113 35806115
30763627 474329
36658183 36658184
32790730 72435
36658186 36658187
31892117 31892118
36658189 36658190
36658192 4226102
16484 84619
29042963 29042964
36658194 36658195
36658197 36658198
1714 20341
32810145 3883877
36658201 28619016
13472514 13472517
13972726 7808
32853881 32853883
15724206 15724208
35464360 35464362
36658203 36658204
36658205 36658206
589 5021
216259 656685
4987954 250918
36658208 36658209
36658211 36658212
32843243 1163718
35452859 35452860
36658214 449297
10594742 1171808
36658217 36658218
30335418 4331228
31849391 31849392
36658220 36658221
29046369 29046370
30327770 254088
36658224 254088
36658226 852171
29046372 29046373
4034500 4202928
29046335 29046336
289934 808085
15023199 89607
15049184 135708
35806401 3948883
32841698 32841699
36658230 1573062
15414343 15414347
36658232 36658233
36658235 36658236
36658238 36658239
36658241 36658242
36658244 431949
35795397 35795399
36658246 36658247
36309899 36309900
34097217 3385234
35822454 35822456
36426910 36426911
4899807 4899831
3791514 63983
36658250 29628832
36658252 36658253
35440309 35440310
28401226 28401227
36658255 29376866
36658257 36295468
36295467 36295468
36658258 36658259
32812324 1117598
1816921 2627620
32845349 135884
15209795 15209802
3663793 483501
35794554 483501
36658261 3594252
30781206 305655
162136 511586
10039430 10039434
32810951 40273
36658263 36658264
36658266 36658267
30760041 30760043
36658269 29809817
29046423 29046424
281415 163615
36658272 36658273
35826733 304953
36658275 36658276
36658278 121155
36658283 36658284
33051005 33051008
29049296 29049297
36658287 29867451
32806014 29867451
36658289 36658290
3966968 4160668
28401292 95105
3606967 3930861
36365625 29868309
32872176 29868433
36367509 36367510
298354 822426
29046775 431802
32820570 276517
2707448 93930
35796250 35796252
32805021 32805022
29046257 29046258
36658292 36658293
16485 84622
35807812 35807814
36658295 36658296
30756198 30756200
11626919 11626930
31902669 31902670
36658298 36658299
32824266 4029835
1045628 1907850
36658301 36658302
36658304 36658305
115066 77179
115078 241773
33046959 29762866
36658307 3363196
36658309 1535352
2568377 3207869
5626193 5626199
36658313 2436842
36658315 36658316
29343372 29343375
13153331 13153333
4811677 1260156
36658319 36658320
36658322 36658323
36658325 36658326
32786603 32786604
15725564 311019
14139845 14139847
30756644 4224687
36658327 36658328
9645399 9645413
36658330 197675
29045722 29045723
370743 970844
216290 34877
31905594 31905595
36426906 2082808
32849630 1352744
35473097 29874342
36658333 36658334
29039199 58370
28822585 28822595
36658337 36658338
36658340 1167424
3245328 3690818
36658342 36658343
35800687 35800689
36658345 36658346
30760214 30760216
727106 8216
36658348 36658349
10466957 10466962
36658353 36658354
36658356 36658357
36658359 36658360
35476423 1571416
33027078 1571416
36658362 36658363
30761525 30761527
29042926 29042927
1695942 89590
36658365 1386729
36658367 36658368
10571839 10571855
30749097 30749099
36658371 36658372
32810169 32810170
22144123 909278
36658378 36658379
1807405 78466
36658382 29880660
35451893 35451895
35818221 4335550
14247504 14247508
32811011 29725874
3850252 4085699
29043836 29043837
36658385 36658386
36658388 36658389
369157 597539
31846927 1339020
4301412 34014
1100283 1970643
32873493 32873494
30768276 780724
30752602 30752603
32834567 973546
36658391 36658392
36658394 11667281
11065790 4143660
15729437 15729440
36658397 11676192
35828134 29882833
36412359 1454350
35813947 239865
36658400 36658401
35831158 1169030
23156527 23156585
15616616 15616619
2903077 3443982
32066423 177741
14666032 14666036
4950184 4950189
30771721 30771722
32832336 808048
784536 1570948
4378350 4437242
36658403 29884236
32791274 205880
35414063 148496
32786495 29885094
35801531 2030800
30779612 30779614
36658406 1082700
36658409 29885909
36658411 36658412
23156525 58554
36429782 58554
9276879 9276882
29045726 611480
32828554 32828555
36658414 36658415
36658419 36658420
29049274 461309
32839034 45401
30772388 11833
36658422 1553393
35827589 35827591
36658424 36658425
3546968 3892283
35797540 35797542
35465572 35465573
36406174 1467538
28362516 28362522
36658427 36658428
36658430 89564
36658433 36658434
3647821 3958717
36658437 62375
173889 537182
36658439 36658440
34259194 30597932
31868795 246577
35821435 35821437
30494553 30494575
29039206 29039207
32872974 10200859
28303810 308125
36658443 36658444
33035760 33035764
36658447 36658448
15240603 15240605
29046461 29046463
36658450 36658451
36658453 2775365
32873511 1058961
36658456 36658457
32802542 2341790
32803163 2341790
32803180 2341790
32803186 2341790
32803188 2341790
32803220 2341790
35832450 35832452
30763524 30763527
32803182 1242288
28666749 1127453
36658459 524604
36658461 36658462
35820689 259179
36658464 36658465
35828089 15366580
36658467 2849432
36658469 36658470
32750200 241110
32858392 32858393
36658474 2726769
4923014 461516
4168851 4296783
36658476 36658477
36658480 146958
34296137 34296138
35464693 35464694
21869732 14905854
9618392 9618404
14560935 157082
32777972 3815082
36658482 36658483
36658485 29896722
35827633 1169936
32800103 1169936
35805307 821312
36658487 212315
36658489 36658490
2620255 4499
30752507 4499
1667 6529
34361838 34361841
30784057 128442
36658492 36658493
36658495 36658496
23156512 23156533
281715 791468
30329967 20276
36658498 36658499
36658501 29902977
36658503 36658504
36406514 135081
36658510 36658511
36658513 36658514
6536211 542448
13217666 13217669
35421744 129451
36658517 36658518
12225385 12225387
35543140 148250
36658520 459908
30766616 2004819
36658522 11163818
30756431 1154703
10042615 10042618
36658524 36658525
36658529 36658530
36658533 36658534
82115 127778
36658536 127778
35810518 127778
313572 849741
36326967 1573364
35439405 35439406
29043151 259788
35822700 29906437
36407388 36407389
36658540 36658541
35803334 459706
16462 43835
35816861 78738
35812971 35812973
35823066 1815531
585272 1129270
33111670 33111672
34011099 132546
36658544 36658545
808247 470429
36658547 36658548
35458529 35458530
36658551 72844
36658555 36658556
28205158 28205159
13747026 13747028
30322111 1259732
36658558 36658559
36658561 36658562
30766165 14273960
14276223 482195
3108670 3590969
82057 158571
36658565 36658566
35831307 175933
32799797 32799799
36658568 1473063
36658570 36658571
32832769 524262
32650564 32650567
36658573 36658574
36658577 36658578
8929544 89712
36658581 1181072
32842725 29913263
36658584 36658585
36658588 28733827
36658591 36658592
36658594 36658595
32805274 719488
35832175 3662130
35460537 35460538
36658597 377695
2614938 3244545
29041221 29041222
921898 1730181
30754702 3777332
30396169 246938
39627 162424
10905814 10905835
30245158 30245160
36658599 36658600
10634619 479148
30323576 30323579
35455347 35455349
36658603 1815474
36658607 3462240
13445917 201339
36658609 201339
36658611 36658612
32839307 464804
35803025 35803027
36658615 29917318
36658617 421182
32799992 181735
32775854 32775855
36530397 36530398
36658620 36658621
36442539 279934
36658623 29918276
36658626 36658627
32795560 32795561
36658629 36658630
32795336 29918779
36658632 36658633
29045468 1268898
36658635 29918992
36356059 36356060
31875568 31875569
29043901 29043902
35813151 35813153
36658637 29919895
4901524 4901531
5949439 712392
969057 29263
7258398 7258427
16458 84464
9244539 715645
2130849 2878078
4585198 4596948
13253120 13253122
28739968 410142
4168816 2017883
4823129 38293
510693 492024
36658640 7936943
13757959 13757963
5626243 5626286
32853881 421791
36658643 2021592
32810911 32810913
30298950 1142696
652306 1394469
4968442 236109
36658645 29924623
3980426 4168958
29046346 29046347
36658648 36658649
36658651 36658652
35829504 35829506
36658654 36658655
30763513 336414
32808251 32808252
1907869 2686448
4995311 4995317
32813400 3296982
36658658 29927210
36658662 36658663
30747072 13282040
3967125 4160902
36658665 36658666
36658668 36658669
13222497 13222499
36658671 36658672
36309531 36309532
36658674 36658675
34280628 34280629
36269691 36269692
36658678 1460573
36658680 36658681
3958711 258424
36658683 36658684
36658686 36658687
4923224 4923320
35793357 1004702
36658690 36658691
32794078 1321476
30758566 1321476
32791247 29931063
32817513 10203041
3642827 3955762
36411893 282686
4938924 4938962
36658693 646513
32829824 463966
36658696 36658697
36658699 3820475
36658701 36658702
36658704 420874
36658706 36658707
36658709 399674
36658713 36658714
32799776 32799778
36658716 36658717
36658719 36658720
36658722 29758170
36658724 31787345
82085 82633
36379005 82633
36115811 465500
32836347 32836352
36658727 36658728
11487025 11487031
30784238 3849275
32791020 3039622
35804067 35804069
36658730 36658731
36658734 36658735
29049887 29049889
36658737 542969
4908053 140000
36407001 36407002
32855164 32855167
989338 1835175
36391910 36391911
36658739 29730768
4899910 3041047
32852282 32852283
36658741 461342
36658743 2210725
36658745 1127985
30761127 9417
36658747 30079171
36658749 29940515
32789323 32789325
28766159 1470162
1402087 177768
32855063 468504
30778511 479736
32873520 32873521
2416334 3103508
36658751 36658752
1093795 1959863
36658754 36658755
32832562 32832563
32806544 29942276
36658758 29942278
36658760 30599154
4987926 479207
36658762 36658763
11472559 11472563
35811196 35811198
4993282 4993339
36658765 36658766
35787215 179332
36658769 531208
35789527 35789529
36116289 753364
36658772 29944333
409688 247213
35424570 35424572
36346133 36346134
32806243 1213242
36658775 36658776
29049789 29049790
36658779 36658780
36658782 36658783
36658785 36658786
30745327 797652
36658790 29387932
36658793 36658794
15731434 1532651
30758557 59756
295374 59756
36405126 29948445
29043863 29043864
36658796 36658797
35823079 29390192
36407065 36407066
33046465 314397
32851521 1137719
4957392 3160298
30751375 546173
35827593 35827595
32807962 70617
35418657 35418659
36658799 36658800
36658803 1288821
28549432 28549437
35463525 35463526
29608456 29608465
7837404 7837413
36658806 36658807
36324263 244158
36436925 244158
2641307 3264027
35446089 35446090
32808350 1945791
14383082 14383083
401998 1015728
36658809 36658810
36426916 89730
2542783 1815863
30764418 30764421
13220370 13220372
4996341 4996393
999793 1848408
36658812 136495
36658814 1532655
2188527 2927423
4906773 4906832
10563782 10563787
32873508 269247
370744 450058
36658817 450058
36658819 36658820
290450 89733
32807104 89733
36394975 36394976
36658823 36658824
34427071 34427072
11238662 11238668
1806842 646801
2429578 3113147
22767304 771232
968513 1807781
35425783 35425784
290455 70440
36658826 36658827
33127902 33127903
36658829 36658830
36437538 90338
13761269 3041554
486989 1165089
3399109 855998
36658832 36658833
29042980 29042981
36658835 36658836
140791 441221
36658839 29375085
33027071 29955829
33022462 451021
36658841 36658842
36658844 36658845
36658847 36658848
35818575 1266798
29047505 29047506
36658850 1998235
32852292 753565
36658852 36658853
30767641 30767644
36658855 36658856
36658858 36658859
36658861 36658862
32841636 29373256
15227475 15227478
3952946 4151435
32682253 4280858
36270539 36270540
21256 88690
35791636 35791638
9615859 9615862
3572133 3908469
32815340 89438
36658864 36658865
36658867 36658868
30766401 30171
592658 30171
36658871 36658872
36309802 36309803
36658874 173459
36658876 36658877
36658880 36658881
14266939 267982
73978 267982
29047497 29047501
13522205 13522207
338167 928230
32858651 30762073
30762071 30762073
36658882 36658883
3831460 4074031
35797674 127388
32691409 32691411
36658885 143216
36658888 36658889
35834229 3827733
15736124 15736128
36658891 238432
36658896 36658897
36402285 29644449
770913 1553558
30307758 30307760
36658899 36658900
32788875 32788876
32873435 2784234
36658902 979896
35813864 30599637
14588795 14588805
36658904 36658905
15309214 15309219
36658908 36658909
507956 1201444
35809621 35809623
415437 1055251
2838962 3399118
35425177 35425179
35342563 482921
30338171 64908
36658911 36658912
36658914 36658915
36658917 1229919
36658920 36658921
33049238 3595544
36658923 30439339
36658925 36658926
36658929 36658930
36658933 29966612
30764876 480202
11623011 89405
36658936 36658937
35476079 35476081
36658939 36658940
35820906 1262098
36658942 1140908
36658944 36658945
29049643 1053330
32787641 157428
13681668 13681671
36658947 36658948
16463 84523
14239240 457218
13457138 13457140
32858378 32858379
3647744 23433
30779521 231511
36322895 36322896
36658950 28176012
9546290 1010114
4930379 177794
36658952 1473926
32786747 32786748
34009373 34009375
36658955 36658956
35465128 35465129
36658958 36658959
4985231 4985248
36402732 1109545
36658961 36658962
1285215 2163438
36658964 177806
36658966 29971539
29046326 29046327
35801483 89062
35829771 35829773
36658968 36658969
36658971 29972773
36658973 36658974
36293634 29822831
36343798 36343799
11965176 2052628
9685432 89740
32795604 32795605
32836365 29656179
1835594 716098
35822998 35823000
36658976 35823000
32839298 1547991
31837358 31837359
1713547 514027
32813009 514027
36658978 36658979
35474370 29644421
29599569 29599573
36658981 36658982
36658984 36658985
36658987 36658988
30771849 1654688
13677628 89788
35341579 35341580
36658990 36658991
36658993 36658994
36658996 614526
29047522 14684
36394483 1065736
36658999 36659000
36659003 36659004
32778555 74885
35479156 35479157
35810572 35810574
36659006 36659007
35823783 845196
1325 16760
30755104 30755105
36436987 36436988
36659010 36659011
29045715 29045716
13041621 13041624
21685804 268627
35826351 35826353
14506107 14506109
36659014 2344045
36659015 36659016
36659019 36659020
35834219 35834221
796328 247644
15123291 1239439
32872521 1154334
32800112 32800113
35471143 35471145
4908510 1759168
36333163 75796
32873489 516346
34036186 34036187
36659022 36659023
1035609 1899474
32780734 32780736
36659026 36659027
4924201 42186
36659031 36659032
15573432 243240
982683 1825852
36385093 36385094
21283 14566
38 266
32807044 30600315
36659034 36659035
36659038 36659039
36659042 36659043
36659045 36659046
35789280 647052
36295211 2433972
15733808 16761
1713401 2543341
3958699 4155083
36659051 4369518
36659053 36659054
36659056 36659057
31870761 31870763
30748778 89479
30678579 89479
15372228 15372238
35076045 35076047
36659059 36659060
36659062 14962114
36659064 1387955
4968821 4215791
4986703 1265319
35793196 35793198
36659067 30600511
34126938 34126939
32845977 32845978
34236546 1233822
36659070 381214
30341617 30341622
30373276 1148739
32813335 1123656
36659072 36659073
36659075 36659076
287627 609150
4628531 609150
36659078 29991114
36659080 2894686
36659082 29991121
32844990 32844991
36659084 29726626
36659087 36659088
33784947 2052371
22546645 244902
3790617 76851
29043800 29043801
36659090 3378756
33015417 33015419
36659092 8941841
36659095 36659096
36659099 1349954
36659102 3151952
36659105 36659106
36659108 36659109
33042070 1066882
32815303 749346
15242715 1494634
30784273 706817
982867 1825999
35803340 35803342
29043895 29043897
36659111 2052312
35794460 749660
30773949 975189
30767047 1158292
32873186 1291114
35821080 35821082
30320067 64957
21676050 21676096
36659113 29996331
36659116 36659117
4042302 258505
4370779 258505
35800479 35800481
36659120 36659121
36659123 36659124
2582260 3220339
35790971 4400289
3967686 1567024
36407041 1148022
15611679 15611682
32838075 169024
30759958 30600701
36659127 36659128
36659131 30000001
30776861 30776863
36659134 30000021
35786638 371717
4995094 371717
823272 1631191
29046469 275542
36659136 36659137
36659139 36659140
30396123 846780
36316033 36316034
35800074 35800076
36659142 36659143
35799298 35799300
36659146 2089496
4973372 1161340
30762873 30762875
15530737 763312
32795134 32795135
2592951 713985
14717942 14717944
29041308 2792666
4979438 4979499
35813320 1339546
36659150 5018688
32873195 1992528
36659152 36659153
35794384 35794386
13705935 13705937
4342799 4410961
36659155 36659156
36659158 36659159
969074 206278
35807241 35807243
36366874 1142237
36659161 36659162
36659164 419119
32812206 32812208
20226 18254
14560946 458487
32801010 30005754
280675 44112
36659168 36659169
36659171 36659172
36659174 30006152
36659177 36659178
36659180 36659181
36659183 36659184
16470 84577
36659186 3306709
82117 284061
35809584 35809586
30808860 30006977
2476459 3151297
36659188 36659189
36659194 36659195
36659197 36659198
9854038 9854045
32849405 32849406
35794374 35794376
34484783 269036
36659203 36659204
32812347 32812350
1808465 50056
371441 971533
36659206 30008311
36659208 765748
36659211 36659212
368312 966903
36659214 36659215
36659217 30008980
32825391 32825393
82116 284056
36659220 36659221
4930380 4930400
141473 446088
34126976 34126977
35790962 462645
35801769 35801771
36115830 36115832
36659223 36659224
1690 20236
15726412 15726416
29046438 29046439
36272687 36272688
30374001 30374005
36659226 36659227
36659229 36659230
36659233 36659234
36659236 1003330
36659238 36659239
36343954 36343955
969018 254320
32780982 1144922
32824231 277330
35820720 35820722
36377299 36377300
29047469 204625
35833203 35833205
36659241 30013386
36363986 36363987
36115878 1156212
36659243 36659244
30780017 760754
29610323 29610327
30760078 1988276
36659246 36659247
5004522 5004532
4952664 4952722
29050253 29050254
32796473 32796474
29043829 29043830
36659249 36659250
21990777 21990780
36659252 36659253
36659255 36659256
16460 58834
3647744 171042
4908503 4908511
36659258 36659259
29052795 29052800
4507916 1154936
36659261 29725486
36659265 37460
36659267 36659268
35821119 35821121
36659270 175236
33040885 175236
36659272 175236
36659274 175236
36659277 175236
33033843 175236
35790289 175236
36659280 36659281
33027062 489013
36659284 36659285
36292921 1654413
36017670 36017673
14677539 147838
36659287 36659288
4986286 4986293
29046999 29047003
29042995 1263465
36659294 1166596
36659297 36659298
36659300 30019240
30780111 30780123
4996956 4996971
36659302 36659303
32791115 611482
36371253 611482
36659305 36659306
36659308 30230030
29041293 29041295
36659310 28184396
115072 38470
35814763 35814765
9630040 9630046
2199348 78629
36659312 29620623
33036300 33036303
298328 822265
33049166 33049169
36659314 36659315
36659317 36659318
36659320 4360816
15241967 2788019
969112 485640
36659322 1999165
36659324 229107
36659327 89713
2436008 280168
32802724 280168
36659331 199192
36659334 36659335
32776013 3161191
36659338 36659339
36659341 310504
36659344 310504
36659347 36659348
36659350 2019670
35101795 35101797
36659355 36659356
36324899 36324900
36659358 36659359
36659361 913187
32818820 2753036
36312496 2659609
36659363 36659364
32816826 716084
35335556 542001
35787629 35787631
30748881 30748882
35809355 35809357
36659366 1271903
36659368 1992798
9785833 9785847
36659373 36659374
18256 92323
32839326 32839328
4231335 4338812
35793930 35793932
32807786 30601407
13401146 13401158
32839979 32839981
32807957 453128
32808152 32808153
1611327 2461361
36390247 3381281
29042937 472354
29049753 29049754
30780271 30780272
968999 1808365
33048656 3639822
36659376 36659377
14989637 1460786
36659380 36659381
35822633 2009603
4927545 72287
36659383 36659384
36659386 1464051
29040794 29040795
28197792 28197793
36659388 36659389
32846240 542501
35343177 596438
29039468 546049
36659392 36659393
29050866 29050867
36659395 36659396
36659399 36659400
28229521 764978
35813101 35813103
21960077 21960081
36659402 1240286
36659404 36659405
30782471 785757
36659408 36659409
36659412 36659413
36410980 199400
36659415 36659416
36116505 36116507
32872527 32872528
36659418 28219771
7506978 7461
32815252 32815254
33051209 33051211
36659420 36659421
14514229 1049325
12213951 12213977
36659423 13153624
2080142 2835023
4925037 4925060
35804592 35804594
29047512 462472
32858074 3483540
36659426 36659427
23442511 23442514
36659430 36659431
15564942 1287678
4738087 1135
4973371 1135
10041878 10041883
32780783 1121318
36659433 2566189
30784962 30784966
36659435 468476
36659437 1168157
36659440 36659441
35834591 35834593
32810891 462536
29043814 71781
32850864 30156609
36659443 798158
32814677 1804527
35543416 35543418
36659446 32709780
36659448 544950
36659451 36659452
36659454 36659455
3606821 726065
36659457 36659458
32829737 580824
112937 1018
3058723 1168158
28303810 8732
15262692 15262712
21665068 21665082
36659459 36659460
32802364 169584
32803418 169584
4042159 1529105
36659462 1502952
36659464 545004
36659467 30046199
36659469 30046229
36659471 36659472
36659477 4063274
4902029 239397
30341301 239397
36659479 36659480
35468891 35468892
35469696 2033921
32795461 32795462
36377806 36377807
29039001 29039004
3958708 2064779
36659482 36659483
29046285 29046286
35414167 35414169
36659485 36659486
5012178 5012183
10045972 10045976
4972353 319422
14259071 492276
13786610 70618
36659488 36659489
4985893 4985901
32818425 32818427
32841705 72083
32850673 32850675
2285034 3007053
30323594 709330
36659491 36659492
29050359 2052782
36374857 36374858
32780781 467060
3931499 1162600
30761536 30761537
35801103 254329
36659495 36659496
36659499 36659500
21319 119209
36659502 36659503
36407244 36407245
29611596 29611598
29046416 29046417
32800784 38534
36659505 36659506
36659508 36659509
32829395 32829397
36659512 1117867
15183038 15183047
22026453 22026456
30757327 30757329
5092019 5092037
36659515 29726908
35809687 35809689
32800853 32800855
36394771 522157
36659518 36659519
36659521 36659522
30758573 1235406
283688 794555
36659524 36659525
36659527 232252
34472986 232252
36659529 33557876
35455765 35455767
36659531 36659532
32777894 32777896
35808122 35808124
36659534 36659535
36659537 36659538
35824447 35824449
36659541 468676
34994748 468676
34994749 468676
29039204 810325
30308810 129887
36659544 36659545
32872845 32872846
32849222 32849224
29046359 1472893
13554857 13554859
36313961 29387105
36659547 36659548
21317 31085
161886 31085
13587580 13587583
3696168 3988283
36659551 36659552
35787323 35787325
12069765 89518
35811508 35811510
32194958 30057943
36659554 131850
35824903 3808190
36659557 36659558
30747648 30747650
36659560 30058329
32854010 32854011
35452421 2209271
35455793 35455794
36428355 30059299
36659562 36659563
36659566 36659567
36659569 36659570
4425378 1008067
28161702 1331451
36115780 2141267
32815210 712410
36659573 36659574
30787539 30787540
35828056 233927
3151231 2798578
35822588 143913
36659576 1157455
13744854 810689
282735 793360
32781852 32781853
36659578 36659579
36317065 36317066
36659581 36659582
32873182 32873183
28158928 28158930
29047496 29047498
36659584 36659585
29049266 431023
36659587 30214173
32858615 28279558
35786904 1655339
35421327 1119356
35811421 35811423
36659590 1169169
29046296 1825440
36659592 36659593
21919523 21919525
15225840 455019
30785985 30785987
36268529 1153280
14560937 89761
36659596 36659597
968906 249251
36659599 1461445
32822822 32822824
36659601 14217125
32842803 2210678
15839216 15839218
13507502 13507509
15731351 592994
1227 15924
35425565 35425566
9335290 611510
36659603 36659604
4377530 1465123
36659608 250775
36659612 5004433
5004422 5004433
36659615 36659616
33252536 1208138
36659618 258427
32873471 1613992
21709102 259053
32854140 4431388
1552462 249531
36659621 815085
36329566 1233789
16466 84555
15245236 1135936
36659623 36659624
5022527 5022531
32844271 32844273
32794099 32794100
36659627 1472846
32838107 32838108
32858619 32858620
29047491 1010105
77586 274807
11123153 258302
36659630 36659631
9624247 483904
36659633 36659634
36659636 36659637
2081425 88679
33875563 33875564
36659639 36659640
28777181 312
36659642 15058264
36659644 36659645
36659647 818618
31758675 31758677
36659649 36659650
32814224 1161216
5014212 5014215
30761723 30761724
28760244 409155
32820217 148030
13854427 13854434
32781552 32781553
36659652 36659653
32852286 1473864
36659655 36659656
36659658 36659659
35794343 30070756
31770176 3355876
36659661 36659662
36659664 36659665
36659667 36659668
36659671 971294
1538702 259538
36659674 555196
36659679 3775773
32848667 32848668
33994286 33994288
36659681 4453995
36659683 30072285
30778391 30778403
12860474 259810
29049286 28390
36404956 36404957
13455644 13455646
30293839 30293846
36659685 36659686
36659689 2945891
30343739 30343740
141292 444929
10043200 10043204
4962500 48258
35822379 35822381
29043840 29043842
32850266 30074330
36659692 1534436
36065758 36065760
13733300 13733302
14214888 1909349
187035 259204
161435 259204
32872549 32872550
36659694 36659695
36659697 36659698
1283271 89456
30753258 30753259
296693 819268
36659700 612398
36659702 2616735
36659705 773968
36659707 36659708
35834425 551782
13500248 26479
374963 26479
29043777 26479
36659710 26479
14765055 26479
31866816 26479
7047452 7047478
36659712 36659713
36659715 36659716
2506526 89776
36659718 2228836
796278 1587588
36399001 36399002
15719693 259358
32791131 304607
29041301 29041302
32801913 273686
32815657 174311
32825728 489147
36659722 1333460
32811239 32811241
15765 81545
36659725 29736035
82670 285291
36659727 36659728
36659730 29381141
1956827 64909
2435849 3118023
36659733 36659734
36659737 36659738
2780 35467
5883156 2625703
36659743 36659744
36659746 36659747
36659749 36659750
35438860 543390
29608481 15117034
187035 232372
33173009 232372
32857973 32857974
32793838 489148
36659752 455833
1715 20346
36659754 36659755
36374589 29373341
36659757 30082498
35464625 30082532
32810883 1291280
216252 542289
36659759 36659760
36289290 714474
1956827 24308
381810 2517
30779835 1988174
36659762 36659763
30767441 1141549
284031 794816
36659764 616173
36659766 30087686
36414948 36414949
187035 180958
35809838 1468069
35809047 2553127
82123 250053
36659769 36659770
36659772 36659773
36659777 36659778
36659780 36659781
36659783 36659784
30319329 258775
30325337 258775
36322175 36322176
36659786 36659787
36659789 36659790
36659792 36659793
32802846 778753
32802932 778753
32802934 778753
32803040 778753
32803048 778753
36659795 2450956
1593826 2450956
3888487 1477256
36659797 30089523
289944 123
36659799 36659800
36659803 36659804
36659806 1272323
9453907 9453935
30773728 1479323
36659808 36659809
29046472 185583
36278384 36278385
2335438 2709645
36460798 36460799
35833686 2505986
34096620 34096625
30760289 304289
36419998 36419999
6077097 6077112
36659812 36659813
29039530 29039531
30771181 30771183
33783248 33783249
36659815 276156
35831446 35831448
4922985 4922993
8820004 64176
29046269 29046270
35817994 1923596
35475774 256280
3793977 4044463
14560962 1171242
36659817 36659818
36659820 36659821
36659823 36659824
13776170 1220469
1806588 2618357
36659826 36659827
29046450 29046451
29045719 29045720
13714667 952862
187035 256397
36659829 36659830
35542187 35542189
32823322 89561
29045713 1479263
36659832 2711935
32723130 32723132
2402998 3092928
36659837 1506988
35788354 35788356
36659839 541462
30746998 715272
28303714 1483835
36659841 36659842
36659844 36659845
10661303 13200
2618558 13200
2594847 13200
28710554 28710555
30744308 30744310
28158769 28158771
13695372 13695374
31855418 1732499
30774834 30774836
36659847 36659848
36659850 30098637
3547039 3892332
36659853 36659854
35815927 1266635
36659856 36659857
35817550 35817552
34237238 34237240
282020 792437
36659859 1009627
36659861 36659862
32807041 64910
14280802 14280808
32721397 32721403
30248639 30248641
30776992 1815227
35789186 35789188
36659864 36659865
36659867 2944222
36659869 36659870
36659872 305344
36659874 36659875
36659878 36659879
1894 21043
36659882 21043
36659884 36659885
36659887 36659888
604482 271020
36309843 10195559
36659890 2013457
15248112 1356033
32814171 32814172
36659892 36659893
32820047 200180
1006648 1181558
36659895 838259
6957 59346
36659898 36659899
29050703 547454
36659901 36659902
36659906 36659907
34097201 1277685
36659909 36659910
2815589 3383430
4933557 725012
36381073 36381074
14447427 14447432
969092 9530
36659913 36659914
36659916 63611
36659919 36659920
30758897 30758898
35477699 35477701
36659923 1082634
16457 84457
36659925 30603809
16455 84445
13640851 834399
36659928 774130
36306918 36306919
4976980 463924
289932 808078
32834572 75032
35823802 75032
36402342 36402343
36659932 410350
36659934 1138845
36659936 36659937
30753244 10209068
32718615 572752
36659939 36659940
36659943 1388671
36659945 36659946
36659949 36659950
35801700 2429856
32825342 32825344
808986 291728
969840 121679
32818385 11217
36659952 36659953
29046342 707949
29048551 29048554
36659955 36659956
36659959 30450125
29355049 29355054
36659963 36659964
36659967 88171
30747183 30747185
36659970 36659971
36659973 36659974
36659976 36659977
36659980 32932
36659982 834921
32800467 32800468
36659985 1276177
29043797 29043798
36534600 3306909
29047611 28207099
35834786 981603
22110953 22110960
36659987 36659988
15609183 15609185
36659990 36659991
35830111 545028
15820638 2114993
28362517 28362526
29043818 716154
13753052 130696
14259305 130696
29043775 3250061
36659993 36659994
33652867 33652868
36659996 30112389
36659998 36659999
31899277 2616854
36660001 36660002
36660004 36660005
30772253 30772256
35835072 29916654
2590164 1332706
29042621 29042625
36660007 36660008
36660010 239629
298658 823057
36660012 36660013
36660015 254395
36660017 36660018
428184 1072227
30339245 3363389
990973 1837085
29049918 29049919
36660020 36660021
36660023 36660024
36407008 36407009
13619085 422586
10793854 10793874
36660026 4152011
13487970 954581
15144188 15144195
30495652 30495653
36660028 36660029
36660031 28183625
29039766 29039768
30787767 30787768
29046281 29046282
36660033 36660034
36660036 2043660
36660039 36660040
36660042 36660043
2619392 3248198
35804690 35804692
281666 128853
36660047 36660048
11334636 11334660
36660050 710195
36660053 36660054
36660057 36660058
36660060 36660061
36660065 2957438
4920875 4921104
36660067 36660068
287669 89433
36660070 36660071
65323 250868
35454295 35454296
13488481 13488483
36660073 115983
36660075 115983
20483 115983
115658 115983
33866525 115983
29042957 115983
87380 1019
3601514 70801
35807679 35807681
30765057 30765059
36029472 36029474
11722242 1235121
36660077 29352086
36660079 1124209
30743865 741825
36660081 36660082
36660084 36660085
36660088 2002901
35791617 736332
4134373 736332
1801877 2614939
35807571 35807574
36660090 2330136
2156845 617337
35456823 35456824
35833542 35833544
4959804 1689
32837526 32837527
36660092 36660093
5012497 5012503
4039166 75869
32786187 32786188
15233266 15233277
33041568 33041570
101838 333724
29046456 522784
36660095 36660096
85882 293633
35787053 211907
36660097 36660098
32846043 32846045
30766355 82877
35807760 1402618
36660100 467803
36660103 36660104
21893900 1331920
13843235 13843237
32789113 32789114
29042975 29042976
36660106 267809
36660108 36660109
36660111 36660112
36660114 36660115
35338236 35338238
4930044 4930057
12861 75688
15820645 2698812
36660117 254236
36660120 36660121
36391600 36391601
33058749 33058752
30100077 30100087
35869469 35869472
36660123 36660124
32814808 32814810
15722291 15722294
30757030 258239
11435653 1625148
33804115 33804116
30764497 484830
36660126 250297
34011123 1810686
36660131 58970
36660133 36660134
29046395 29046396
561966 1282195
36348580 36348581
30324567 2759823
28728844 177931
36660136 708043
36660138 36660139
32870878 32870879
36660141 36660142
36660145 36660146
446628 1099935
33875554 1184124
1611325 2461356
36396359 306765
29046419 3758796
36660148 36660149
36660151 36660152
29042954 1286258
35787189 35787191
36660154 36660155
10046287 10046291
32872587 32872588
36660157 10209428
36660159 132941
33993371 33993372
32824033 1980433
35545090 241818
33808943 33808944
36660163 36660164
32787644 2753910
36660166 1477961
162862 513070
36660168 36660169
32814602 469137
36342033 36342034
30765125 30765127
31887670 31887676
808108 70003
7412122 7412134
36660171 36660172
35820782 1179488
36660174 36660175
36660177 1166653
36660179 36660180
36660182 36660183
36660186 36660187
29043809 552906
8347140 8347149
13377948 13377972
9317421 9317435
36660189 36660190
36660192 36660193
30780600 544285
16695 45529
28366818 3064598
36660195 36660196
36660199 36660200
15151685 248654
36660203 36660204
36407381 2336980
23156523 23156571
3653352 1167873
36660206 15334
36660209 15334
32842830 598724
36660211 409742
7721570 7721573
36660214 36660215
36660217 2706055
29042950 29042951
15226839 463751
15890382 15890384
10709665 10709685
36660219 36660220
36660222 1117870
36660224 36660225
4997689 11218
32807824 11218
30752531 30752532
978457 1822005
36660227 29816051
36660230 36660231
30770848 28191527
36660234 36660235
36660237 36660238
36660241 36660242
36660246 36660247
36660249 36660250
9300746 1117751
36660253 36660254
32807091 615507
32804292 32804293
36660256 36660257
36660259 317736
36660263 3174534
32850818 4015841
32851262 29918773
13230547 13230549
36660265 4532014
35800146 35800148
30762621 30762623
32828097 32828099
36660268 250987
35822792 35822794
36660271 36660272
36660274 36660275
35476085 35476086
36660277 36660278
13625759 13625762
32834034 32834036
36660280 3343153
9317730 258836
35465568 35465570
35544016 35544018
29043766 29043769
32837783 1176139
36660282 36660283
36660285 36660286
36406847 36406848
36388571 259480
380407 10804
32858659 32858660
35803684 35803686
36660288 36660289
4917295 4917323
33027306 773620
36660291 36660292
36660294 1261776
29042917 1107986
14584203 850530
30180860 30180864
36660298 3291002
16439 84377
33046817 475710
36407411 36407412
32832711 32832712
29047465 29047466
35425172 1566675
6672300 6672308
36660302 1977305
36660305 1475028
32849649 32849650
36660308 36660309
36660311 1010389
4924519 1107643
32794262 1162477
36660314 36660315
29043773 1166839
36660318 36660319
117849 1020
32854609 32854610
32814097 32814099
29041297 29041299
32849241 1336509
29043004 29043005
2445039 477446
36358514 36358516
35794379 35794381
36660321 36660322
30751612 572508
32802503 32802504
32802509 32802504
36660324 36660325
36115791 36115793
36660327 36660328
35473138 35473139
3958700 4155085
35790787 35790789
36361016 36361017
36660330 36660331
36660333 36660334
36660336 36660337
36660339 30155496
36660341 248320
4960677 144783
31861069 31861072
2753164 3343720
36660346 36660347
36660350 4138929
36461772 36461773
2839009 1130424
30742979 1130424
36660352 36660353
35439195 292650
36660355 36660356
36660359 36660360
15569084 15569103
36660362 259092
36660364 3462350
3223952 1474107
36660367 36660368
32775976 32775978
12151099 7723618
36425248 1676752
30809588 30809589
36660370 36660371
35811963 35811965
36660374 36660375
35803592 35803594
35797647 4456280
15016975 15016981
28531752 833489
173888 537174
36660377 1063999
30394749 30394751
36429145 30155571
216294 656877
298961 823772
32846235 134387
32842839 32842840
35413986 647066
125595 409508
401995 1015723
32843870 32843871
36660379 36660380
36660383 36660384
15099018 1494479
28160887 28160889
32794974 30160638
36660386 36660387
22164164 22164167
32841163 305483
36660390 29389141
32854021 32854023
36660393 36660394
1576610 2435488
30758373 30758376
29344824 29344825
12051565 12051573
31838026 31838028
30752991 318073
10605469 10605597
36660398 36660399
30759910 30759912
33875580 1463771
36660401 30162712
31907823 1140845
36660403 36660404
14496600 2368228
36660406 36660407
36351360 36351361
4900096 4900116
36660409 3715295
36660411 36660412
36660414 36660415
371437 971505
36660417 36660418
15230491 481831
36660421 36660422
3607357 477459
36660426 36660427
32836346 2018228
36660429 36660430
36660432 399731
29046488 434994
36660434 36660435
84552 138000
36290718 837516
36660438 36660439
29046273 492172
29707847 29707851
36660441 36660442
36317649 36317650
3051431 515904
216280 656838
32832610 2180199
36660444 36660445
32826455 32826456
35789576 542911
36660447 463756
29049261 23139
4969017 241902
35835000 177989
36660449 36660450
36660452 1649781
15208859 2207451
35807061 254171
30546345 30546347
36388061 36388062
36660454 36660455
4913906 4913911
36660457 36660458
36660460 30168052
31855484 733058
36406968 36406969
13649579 13649584
35815467 35815469
36660463 36660464
31858857 143198
1667324 38516
36660466 36660467
36660470 36660471
3262926 3704549
36660473 36660474
36660476 36660477
36660481 36660482
4998755 4998808
36660485 1355563
36660487 36660488
30757500 4059743
32806232 417719
36660490 36660491
33989163 1242298
36660493 36660494
36660497 36660498
4914810 1331112
32854735 2009135
36660500 1163062
36660504 36660505
3985987 4172324
36660508 36660509
33993365 33993366
36660513 36660514
5006171 5006180
9918140 9918152
32687175 456369
9088527 9088536
32795226 32795227
4043692 3149442
36660516 3246058
36660518 36660519
36660522 36660523
12307357 482230
36660525 36660526
36660528 458750
36660530 36660531
35833880 35833882
36660533 36660534
15377828 15377830
36660536 36660537
36660539 36660540
16471 84586
14225040 14225042
30498140 30498142
36660542 1146524
29045707 29045708
36660545 1076008
36660548 764238
36660550 489987
32873504 126104
14235132 478333
30756425 478333
4995504 4995566
29046222 29046224
369348 969332
4936737 4936772
36660552 36660553
32833999 2160732
30755654 30755656
36660555 36660556
30765995 1355268
3188270 1570298
36660558 36660559
35439936 35439938
32846231 32846233
36660561 36660562
32794331 2050512
36660564 410661
36660566 36660567
33676918 33676919
36660569 36660570
29047594 29047595
36660572 36660573
36660575 2048540
32791671 32791675
32835308 32835309
35810228 35810230
30772133 1668712
36271058 36271059
36660577 36660578
32828615 32828616
36660581 36660582
29041283 29041285
36660584 2770575
2529068 3188275
36660586 30088776
36660588 725392
3520761 476053
36660591 717636
35423167 35423168
4991845 4991851
36660593 36660594
36441806 4274809
9546300 1474217
5005249 5005261
36660596 36660597
36403923 1806004
8524825 4334396
36660600 739936
30881317 30881319
36660603 36660604
36660606 36660607
36660609 36660610
36660613 36660614
36660616 36660617
32066722 32066724
15049189 1494892
30768987 30768988
32778697 788711
36660619 36660620
32808148 3639811
36660622 36660623
36660627 36660628
36376754 36376755
29046333 3035705
36660631 36660632
36660635 29383570
36660637 1938066
33778944 89338
36660639 36660640
36660642 491410
32810177 32810178
36660647 2332732
35833165 1180218
29042997 29042998
35469303 3360422
33024477 33024480
35812488 35812490
30765319 1920312
36660649 36660650
32849645 1575367
2188230 1274746
3174660 153922
30373044 30373047
36660652 178036
82089 13338
36660655 13338
35833468 35833470
8809380 1080895
36660657 36660658
13958372 1921289
32800120 29388343
32829987 32829989
35416275 1009180
32834010 30455288
21835051 21835083
36660660 89766
36660664 36660665
36660668 36660669
36660671 38022
36660674 36660675
36660677 1075249
36660680 36660681
28368574 28368581
36660684 36660685
36660687 3775691
36660689 30017572
36660691 36660692
29039210 29039211
4993261 4993333
29049609 519053
36660696 1181359
36660699 36660700
7523202 741333
36660702 2343722
36410207 36410208
23156516 487607
9429432 487607
28162140 28162142
36382219 785511
112526 122329
36660704 36660705
36660707 36660708
450681 1107759
808928 738629
15059451 476065
36660710 132244
36660713 483193
4953191 4953233
20432 115821
15757431 115821
36660715 36660716
35824212 35824214
32826158 453592
33024320 33024322
36660721 36660722
32799757 1804674
36660725 36660726
21881735 21881738
36660728 36660729
35798572 35798574
36660731 2755484
30352922 334943
23156515 23156542
32787637 23156542
36660736 1303
35818742 4953592
36660738 30896473
36660740 36660741
9442663 9442665
4934118 4934123
1535950 799805
35826869 35826871
36660744 36660745
6446938 231489
35811972 35811974
35802289 1132490
36660747 2084091
808597 7132
32790885 232113
36660751 15109424
34269101 34269102
15733163 15733166
35802187 35802189
4280365 4369443
4948799 614472
36660753 36660754
1956567 2727835
36660756 36660757
29046399 29046400
34404998 34404999
1695946 989487
36660759 36660760
36660763 36660764
36660767 3236160
9286039 9286061
1183181 2055949
36409475 30725055
4979560 4979581
36660769 36660770
32808786 1479248
32808788 1479248
32807096 143159
3399107 991933
15049192 726912
371456 971575
36360383 36360384
191717 586184
4988904 4988950
13760269 13760271
36660773 36660774
36660778 4453194
3590043 2273620
33058766 1271618
36660780 36660781
36660783 35716223
36660785 36660786
32820223 2731012
34339605 34339606
36660789 36660790
32807814 32807815
36660792 1466916
12339092 1546908
32781810 4071996
32955970 32955972
36660794 36660795
36660797 36660798
3987230 4173547
36660801 36660802
36660804 36660802
36660806 36660807
36660810 36660811
32872736 32872737
4945227 1467258
32873112 32873114
36660813 1458299
32816013 32816015
1303395 2181956
441030 1088627
87640 63459
1807870 2004523
36660815 1155070
7994631 7994645
32848097 32848098
36660817 36660818
36660820 36660821
357494 954276
21835077 21835098
36660822 36660823
36660826 1221143
4963819 4963856
30405406 30405407
30763476 474908
36660829 1112413
29043858 29043860
29046227 29046229
36660831 36660832
30775253 3368343
32836356 3130249
32809134 1332761
36418707 36418708
7685546 713863
29043002 116957
36660834 36660835
36660837 36660838
21735867 21735870
36660840 36660841
5839313 110706
2483027 110706
36660843 36660844
35806035 35806037
32795728 32795730
36660846 36660847
3510371 847830
29611466 29611469
35816751 1565
12623824 12623831
35795123 3287783
36660850 36660851
29041644 29041645
36660853 36660854
36660856 4061793
35801350 2154919
36286370 36286371
30297130 1573083
32840590 259619
28519952 28519955
36660858 36660859
32836148 32836151
36405034 36405035
32858808 1635
35821640 35821642
36660861 36660862
36660864 36660865
36660867 36660868
36660870 303552
10986557 10986561
4950593 4950599
36660872 36660873
35811328 35811330
35802117 35802119
3981976 303891
36660875 1158839
36275788 36275789
32849266 32849267
36660877 36660878
36660880 36660881
36660883 308261
1724871 2561213
33036281 33036285
35797290 35797292
36660885 36660886
30760344 30760345
36660888 36660889
36434575 13230554
978979 835117
15617524 15617526
36660892 36660893
36660896 89581
10325035 4135743
36660898 36660899
32846008 32846009
35823282 1121961
9424523 273651
36272977 36272978
36660902 36660903
4983548 4983558
35829061 35829063
30766508 30766511
32873218 11220
16472 11220
32858781 1022
