4996060 3218977
14440305 14440308
3128635 3605181
3884323 4108159
7343952 7343961
16947 87401
2346 24039
2346 24040
7495317 7495323
952 14365
952 14366
13303 76299
7267768 7267780
13447462 13447465
13447462 13447466
2360 25392
888 7006
2355 24829
2355 24830
16969 87523
954 14590
954 14591
12275305 12275313
7383 60778
7383 60779
9866110 9866118
9866110 9866119
39401 161589
2423 31281
2423 31282
886 6721
886 6722
2415 30542
2415 30543
13209440 13209444
902 8758
902 8759
12006786 12006791
12228076 12228094
3239700 3687510
6253524 6253531
3024905 3533276
13144124 13144128
926 11499
2345 23929
2345 23930
12506872 12506878
7928486 7928494
139451 434073
9938773 9938779
2418 30836
1237 16040
1237 16041
2358 25166
5940850 5940861
943 13357
943 13358
13473657 13473662
13473657 13473663
13473657 13473664
10002258 10002266
10887768 10887775
16571 84913
933 12249
933 12250
2449 33698
2449 33699
18385 93056
10964167 10964170
915 10274
915 10275
5533075 5533090
14549573 14549575
8480785 8480798
7683670 7683686
2351 24435
5177475 5177491
14798529 14798532
2430498 3113917
2430498 3113918
927 11612
927 11613
5717376 5717387
5048505 5048515
8462214 8462222
5937574 5937589
10799460 10799468
8547610 8547628
5474247 5474264
8405843 8405857
14571221 14571224
5809173 5809184
7250515 7250524
14295752 14295754
6890568 6890573
10671243 10671253
732032 1503324
7727179 7727185
9890024 9890030
6814812 6814825
13193389 13193394
4115760 4260687
7129548 7129566
36770620 36770621
7628430 7628449
1443926 2312207
11008436 11008443
13462769 13462772
14339125 14339128
5671734 5671740
2456498 3135210
11361432 11361436
10724317 10724326
14301038 14301040
6697689 6697699
6800054 6800062
1301822 2181183
252903 745656
14296251 14296257
5820575 5820590
5250185 5250196
14302765 14302767
7382398 7382412
5179129 5179136
9939587 9939596
382203 991523
11135973 11135979
9647042 9647053
868516 1682426
11162517 11162520
7268240 7268250
11213062 11213068
12149237 12149241
14295811 14295813
14414905 14414907
11162872 11162878
153731 485160
5391192 5391218
5320690 5320697
5419570 5419581
6757659 6757668
14298397 14298400
5976001 5976015
6755578 6755590
54362 222127
863842 1677724
85032 291168
1242674 2121312
8580654 8580670
6279193 6279202
197779 594164
9787200 9787210
1891 20962
809406 1611641
12596857 12596862
36322656 36322657
7325216 7325226
11667610 11667616
9481060 9481070
5226035 5226081
11667613 11667628
2374 26800
2374 26801
2060239 2819632
920 10823
920 10824
930 11971
930 11972
1530906 2389004
1307514 2183338
3237158 3685772
2373 26704
11021602 11021608
12060767 12060772
6471199 6471204
6106956 6106968
5382591 5382641
6019021 6019041
9283778 9283786
2725592 3316954
14709919 14709922
919 10708
919 10709
7294086 7294120
905 9188
905 9189
6584623 6584636
6800024 6800033
5392266 5392289
2456445 3134987
4638071 4646272
1457605 2328233
5051246 5051262
7213871 7213886
6689315 6689325
685129 1438593
12871717 12871721
14309144 14309147
11217811 11217817
6573856 6573867
2629801 3255584
14581434 14581438
14501556 14501560
8098669 8098679
1605 19454
11640379 11640385
7281256 7281267
6148099 6148136
5518138 5518149
826170 1635133
9881084 9881096
32982824 32982825
8854314 8854324
6719465 6719472
50610 214405
6914369 6914379
12545575 12545579
335711 918434
34513 136584
2456504 3135299
826187 1635635
2456441 3134952
14044203 14044213
14849652 14849655
11238970 11238977
7367107 7367121
10030006 10030017
426412 1069551
426412 1069552
140223 435855
5273802 5273812
13240434 13240439
11128156 11128162
262336 760316
8853938 8853947
6346453 6346463
3020630 3530530
826189 1635670
7695546 7695593
2480316 3154533
4598389 4609134
5239550 5239560
14374910 14374914
6558904 6558916
4664368 4670128
288313 803450
5226027 5226032
11979674 11979679
6091895 6091906
14306515 14306520
7809938 7809945
5531757 5531772
11530518 11530524
14526068 14526071
22069 120943
85979 294000
85979 294001
3500276 3858263
960182 1797104
5031970 5031997
467864 1135346
5592634 5592645
7706473 7706485
5274050 5274057
34514 136699
6735766 6735775
824177 1632516
312572 848410
826192 1635738
585766 1316299
15192100 15192104
7754905 7754913
5434173 5434197
35535541 35535542
220298 677926
6907819 6907828
9897977 9897988
7743187 7743199
995037 1841519
5572220 5572227
6619122 6619137
10703263 10703269
11464461 11464467
433819 1080765
585767 1316313
6910240 6910251
6880251 6880262
14353073 14353079
6363639 6363649
6573566 6573578
5342923 5342942
11491043 11491057
914 10134
4215605 4326276
9133076 9133086
2816115 3383802
4821847 4821943
5642365 5642374
1081321 1943159
54148 221308
112423 368098
5358843 5358854
1207939 2084385
5687835 5687847
5149397 5149412
806622 1606675
5458100 5458118
2376161 3068260
3196477 3652974
5814183 5814195
5706348 5706357
8151837 8151852
213137 649680
2480324 3154603
10994717 10994724
5649310 5649320
14432348 14432350
7555730 7555742
6177945 6177958
2465110 3143938
2465110 3143939
14705067 14705069
7204286 7204293
5066065 5066083
5603034 5603045
7276504 7276521
5970999 5971020
11830010 11830014
12860151 12860155
9987438 9987446
6045933 6045954
7226135 7226145
3738874 4012788
11201828 11201835
676148 1418903
7021550 7021562
5945895 5945909
2879428 3427685
851061 1666074
4121712 4264373
5230297 5230305
222665 687770
36770623 36770624
9046138 9046148
6929515 6929532
8007587 8007600
7337290 7337298
10745672 10745691
5638712 5638729
196616 591436
87664 298247
19363 110345
382222 991569
9981037 9981044
7599122 7599136
803201 1601870
5586031 5586053
6946081 6946092
196615 591407
14401758 14401765
9939972 9939980
1505475 2369337
11674438 11674444
7135973 7135987
329337 892827
1915952 2693160
3533255 3884298
11608241 11608247
1292172 2169477
2436 32523
734056 1505480
589559 1322067
5920956 5920968
5638437 5638451
5350644 5350681
30884847 30884848
318353 856561
3686404 3981572
2693152 3292195
8240101 8240110
591630 1324927
5339557 5339570
1053508 1915957
809792 1611943
372374 973855
587530 1318939
2914079 3455117
7467369 7467376
7030818 7030831
2693150 3292186
5621491 5621504
11656003 11656010
11248519 11248523
6858240 6858246
5231767 5231778
196618 591462
7227300 7227317
2621052 3249447
337391 925703
6576986 6576991
11836914 11836919
2577259 3216644
2577259 3216645
10688005 10688009
2721432 3313842
6998631 6998646
13240167 13240174
2456508 3135364
394973 1004835
384598 996314
6710394 6710415
84080 289092
825262 1633932
5628093 5628113
1932334 2707776
12835062 12835066
5561079 5561112
803910 1604248
6612681 6612692
21777182 21777184
21777182 21777185
12820182 12820186
5853118 5853132
3104755 3587745
2947839 3478066
6741858 6741877
9850613 9850622
7210744 7210760
9078107 9078117
3548834 3894179
4275838 4366116
10677125 10677133
5379244 5379254
435905 1083901
11833910 11833917
5693757 5693779
5807082 5807101
1793012 2609623
6231653 6231669
6231653 6231670
4345065 4412631
12228074 12228083
6821601 6821630
14392351 14392354
288464 803952
8706816 8706823
4259 41962
11333069 11333076
679414 1421919
7000648 7000662
5303530 5303545
5176609 5176618
6601314 6601325
3482429 3850800
2874558 3424212
5367720 5367735
5458039 5458052
7394873 7394887
9664741 9664747
8129091 8129099
10719242 10719247
6499353 6499370
10412951 10412959
10412951 10412960
5235554 5235568
5378234 5378260
7347080 7347090
223505 691946
5433668 5433687
1571957 2430872
12441868 12441877
5970899 5970911
10688863 10688870
6809862 6809876
5947719 5947730
5111769 5111783
6654538 6654549
5912343 5912357
4141032 4278998
7927301 7927311
5126906 5126920
2604473 3237978
5537714 5537747
7280443 7280454
136956 428459
9322915 9322922
298654 822988
6419591 6419606
6087320 6087332
940632 1772067
387857 998978
8028759 8028771
5634017 5634036
45231 195517
20874 117340
20874 117341
6427679 6427693
6127216 6127238
6127216 6127239
298955 823748
14360928 14360932
728452 1498048
5928285 5928297
5526898 5526909
5972584 5972607
5972584 5972608
20445 115847
8671570 8671577
13961898 13961905
5709890 5709902
11328546 11328552
221937 684711
5878739 5878760
11070577 11070581
3967040 4160794
13163854 13163859
12557007 12557013
6637999 6638006
4956951 4957034
7609236 7609254
8733827 8733841
5044854 5044862
7590551 7590557
6179805 6179825
1416276 2289104
14307852 14307860
8453552 8453560
9523869 9523888
110244 354452
7907798 7907807
7907798 7907808
7907798 7907809
7086776 7086789
30357749 30357750
13473414 13473420
5970665 5970693
10609293 10609301
9813179 9813191
5114552 5114568
137186 429402
5832422 5832439
14302877 14302881
11232229 11232235
5839795 5839803
8087870 8087878
9071929 9071937
5929455 5929465
298453 822499
4905846 4905876
6660971 6660974
170619 526609
6131673 6131684
6849498 6849514
14345449 14345451
7302817 7302828
5756010 5756021
5264636 5264649
5393230 5393238
5523365 5523387
7417905 7417915
10669217 10669224
11030691 11030694
8336777 8336795
7230510 7230515
5504966 5504972
191322 585622
191322 585623
191322 585624
6397251 6397257
2322117 3026464
5328338 5328350
14302331 14302334
6521919 6521947
8864963 8864972
6990682 6990696
5248641 5248653
5587499 5587509
12648756 12648759
1207939 2084386
6096713 6096744
166836 520374
6631286 6631294
5540678 5540695
135651 425147
5646362 5646368
12066247 12066253
12066247 12066254
6975249 6975264
5386888 5386898
11635969 11635972
5685662 5685687
7324667 7324671
6236115 6236123
6728691 6728707
5340486 5340500
6839282 6839299
12229063 12229066
36770626 36770627
13448382 13448386
8664971 8664978
9169379 9169392
10976149 10976156
1005464 1856115
447852 1102730
18555 94318
14337967 14337972
5845575 5845608
13218101 13218109
7345557 7345570
222667 688003
358212 956053
6080637 6080646
3184396 3645308
7291701 7291714
7553814 7553824
4729343 4731173
4466608 4501429
14303752 14303755
10946646 10946650
11639384 11639392
10294840 10294851
8128541 8128548
4856918 4856962
7537960 7537966
3760999 4026835
11413383 11413387
1282790 2160352
4207913 4321310
1449568 2319376
6765610 6765622
4958797 4958860
4233907 4340092
5029708 5029719
12049715 12049719
6653901 6653910
5239566 5239589
9981520 9981528
5923981 5923993
839227 1650268
7743107 7743119
5955350 5955358
11774909 11774913
9073335 9073343
11368738 11368742
11128408 11128411
10703407 10703418
5495960 5495975
6667247 6667263
14238823 14238825
7111747 7111754
5545879 5545899
5187839 5187859
14308078 14308082
7846755 7846765
6987167 6987178
430150 1074538
2169466 2908922
2272861 2994250
11581667 11581670
7964577 7964583
9026550 9026562
7190409 7190420
1256871 2134459
9962431 9962443
1744915 2572116
6400831 6400868
8210458 8210467
1279385 2155510
11491258 11491262
5787178 5787200
8706222 8706235
5531297 5531306
10377493 10377496
5677714 5677726
5463149 5463162
14314244 14314249
14399627 14399629
11915995 11915999
6705863 6705878
6415514 6415527
6646604 6646616
5949122 5949129
7264662 7264670
2314715 3023266
5305210 5305218
9154628 9154638
45175 192902
8618579 8618590
5595384 5595393
6433596 6433603
5930168 5930178
7050791 7050799
11629439 11629445
7952482 7952490
4996060 4996101
5776997 5777010
10393885 10393893
579792 1296792
10673339 10673343
5398776 5398800
5173960 5173974
5761749 5761761
5514336 5514344
5705863 5705916
5451161 5451174
7437183 7437196
14833741 14833743
14324768 14324770
7354977 7354987
5522881 5522894
5718087 5718100
6170649 6170664
5458638 5458649
9934547 9934556
5827010 5827028
587203 1318692
7354908 7354922
6158666 6158688
12193206 12193209
603033 1340200
4688478 4692530
243882 732046
8010023 8010030
6726322 6726335
125888 410152
11689356 11689362
5638514 5638526
13166039 13166043
13668631 13668637
6485718 6485736
5757760 5757779
6339562 6339571
11517959 11517963
1061890 1923476
79970 278664
8597254 8597264
6832425 6832432
13171322 13171327
809374 1611614
657392 1400022
9661816 9661824
14343939 14343945
3219263 3672216
1002827 1852729
222441 686834
222441 686835
14400697 14400702
5421937 5421947
14571223 14571229
13105649 13105657
3903799 4119319
125995 410491
10665729 10665734
5883 50672
11108745 11108750
4464504 4499800
243880 732006
252854 745556
6854661 6854667
14333631 14333633
7218966 7218973
54369 222924
54369 222925
14279731 14279733
2375 26903
14424432 14424443
5869279 5869290
5694754 5694774
832454 1643112
9939539 9939547
7879535 7879543
9919436 9919454
14471068 14471072
803694 1603314
11648576 11648584
7690514 7690528
1955390 2726913
6178320 6178351
5750346 5750369
5875432 5875445
11220931 11220936
5430118 5430136
9136770 9136780
106249 348887
10668578 10668581
336011 918993
6950259 6950270
7734428 7734446
6251788 6251820
1705657 2536118
826937 1639727
10314362 10314381
222042 685189
11597641 11597644
7768106 7768110
14516480 14516483
6332241 6332265
3200491 3659537
6988657 6988674
6140475 6140486
5796300 5796320
5796300 5796321
5638801 5638807
10010454 10010458
7069949 7069955
10668559 10668563
5463737 5463752
5716776 5716786
136794 427561
5179942 5179951
5906234 5906238
14298108 14298111
6764388 6764400
12064555 12064563
13239912 13239923
11247765 11247770
723291 1484770
879857 1695745
4147333 4282331
5784586 5784604
8938121 8938128
10800538 10800541
2286387 3007443
12880819 12880827
7716611 7716622
7045003 7045019
7592511 7592539
214382 652454
1413555 2285533
6898023 6898032
14679229 14679231
5150798 5150838
14404355 14404358
13015178 13015184
6716416 6716457
6998370 6998387
21658293 21658295
5117029 5117045
9919368 9919380
3524061 3878598
5511750 5511778
742450 1513327
9329338 9329346
8832359 8832366
8256696 8256701
13195604 13195611
5274443 5274459
6351466 6351491
7142603 7142619
7142603 7142620
8848 65921
5295673 5295681
7771821 7771832
2509721 3177386
2509721 3177387
3642600 3955641
3435877 3813849
6118474 6118487
9923891 9923901
12156970 12156974
297422 820900
3197793 3654452
4801285 4801491
7706333 7706353
3081988 3570923
424091 1066140
5977505 5977512
9250738 9250758
9250738 9250759
5864824 5864833
21675712 21675714
4136581 4275371
2609366 3240655
13239015 13239022
3102954 3586686
6277462 6277477
5240455 5240470
36770629 36770630
36770631 36770632
9076511 9076516
6634587 6634594
5402464 5402478
904192 1715166
11161407 11161412
2399 29156
2399 29157
6188793 6188803
5517381 5517396
5869036 5869083
376055 979566
8130633 8130640
6486028 6486040
24404420 24404422
106032 341676
2995263 3510797
14405214 14405216
6333623 6333632
216505 657694
5677912 5677916
5992245 5992257
5870575 5870590
5616235 5616248
41059 169611
11161420 11161427
5248457 5248470
5518603 5518611
2318739 3024827
223442 690141
9387741 9387747
1431830 2302336
6519826 6519833
9373155 9373162
6233076 6233090
203116 609770
9086704 9086711
9076692 9076700
2724688 3316178
11769881 11769890
6705945 6705954
5710776 5710791
8309946 8309954
8107352 8107362
1696054 2529706
4265793 4358041
14344773 14344778
5660760 5660784
983749 1826561
14264332 14264344
1316375 2187360
34864045 34864046
14396166 14396168
4073553 4228810
14566146 14566149
5423072 5423087
6925261 6925268
510926 1205729
2397150 3088772
186823 576257
7550446 7550453
5721040 5721052
6766008 6766032
5711104 5711129
446931 1100865
6300092 6300098
6921193 6921206
4997464 4997483
5774011 5774028
1279575 2156077
7025734 7025743
6864218 6864225
106352 350393
6829633 6829645
3630095 3948556
746706 1526054
5930898 5930906
7500703 7500711
9431081 9431090
7065746 7065754
2825293 3390598
7397467 7397474
3536934 3886357
1204229 2080114
10859373 10859378
30786376 30786377
5445501 5445524
6620979 6620987
44481 189116
10720359 10720363
30321411 30321412
7774927 7774937
7231411 7231418
2930204 3465610
1431831 2302355
7500717 7500729
5495750 5495758
4998786 4998867
6287065 6287116
130406 416699
10719175 10719180
10889572 10889577
11521637 11521642
12368593 12368596
6616589 6616599
4047116 4210839
10887192 10887197
11157525 11157529
14857123 14857125
6518093 6518110
1342527 2216130
8211485 8211490
6378054 6378063
11467147 11467153
7842770 7842784
3107152 3589671
14341702 14341704
8026206 8026211
6088305 6088329
8254239 8254249
4826030 4826120
887137 1702200
8942854 8942862
14374868 14374870
10743573 10743577
14430759 14430762
9070353 9070361
8400273 8400278
7203694 7203704
5949659 5949670
11239684 11239687
5925643 5925658
6185098 6185119
6739231 6739248
9772997 9773008
6422892 6422907
1293358 2171094
13449450 13449457
13449450 13449458
14354292 14354298
6725138 6725154
10279837 10279846
6110870 6110885
14422492 14422496
7631521 7631536
21853666 21853668
6002662 6002744
11839561 11839567
7709227 7709237
10766242 10766251
3200492 3659580
21879163 21879165
675532 1417602
1603221 2453592
11116968 11116978
6921613 6921630
112385 367975
6484742 6484764
14354821 14354827
9817338 9817345
2405 29747
13240888 13240897
329711 894157
6902733 6902739
7858220 7858240
2953907 3481936
13238891 13238901
4870459 4870489
7009696 7009719
1954480 2725822
6565700 6565707
11597238 11597245
1604339 2454266
7764924 7764929
5980114 5980140
6811755 6811781
4653031 4659860
5768750 5768778
5477510 5477544
437847 1085002
12325393 12325410
958065 1792283
6980976 6980983
7718623 7718631
14351729 14351732
8847397 8847402
5318843 5318856
15393713 15393715
11848880 11848886
11848880 11848887
13245593 13245599
805154 1605153
13243774 13243781
6121029 6121039
2500167 3169432
1781032 2597428
14401383 14401387
13242248 13242252
14359590 14359593
21810326 21810328
12853186 12853190
14489104 14489108
21677856 21677858
12212654 12212658
6330111 6330122
14575327 14575330
13451907 13451913
13451423 13451429
14684851 14684853
13241857 13241863
6233035 6233056
4366140 4428048
4435663 4478729
7637748 7637766
826195 1635783
12886326 12886333
14418920 14418923
10789621 10789627
12161421 12161430
12161421 12161431
14711955 14711958
8431083 8431103
4367550 4429343
14404790 14404794
6525043 6525064
1452214 2322322
1452214 2322323
293932 813650
293932 813651
8181266 8181273
6535028 6535057
3805338 4051512
4305045 4385893
11170703 11170710
10684032 10684040
2339 23459
12915161 12915166
14582293 14582297
6652741 6652755
13103677 13103684
376668 980131
14353548 14353551
7809969 7809979
1080858 1942222
14333703 14333706
13451361 13451365
5999099 5999114
8286520 8286526
6740665 6740679
9949017 9949026
2640885 3263656
6558157 6558168
6240333 6240342
36770633 36770634
221824 684503
2060263 2820055
13298 76124
13298 76125
13467324 13467332
6608273 6608287
5717637 5717653
750559 1530943
11636280 11636287
11665873 11665878
14375475 14375478
9889294 9889302
15558741 15558744
13523864 13523875
2339 23460
7927961 7927972
5688813 5688830
6340201 6340215
14451304 14451306
201751 604979
5730590 5730593
6871982 6871992
14366418 14366422
11002228 11002231
297252 820714
7208713 7208721
5515900 5515915
6405017 6405025
11025511 11025515
11242113 11242121
14441472 14441477
8202254 8202265
12536814 12536819
14398804 14398806
5588404 5588408
11028710 11028713
14333021 14333023
2321315 3025829
1188645 2062965
5412130 5412142
9155903 9155908
13440530 13440533
11200109 11200115
223450 690419
7036923 7036928
14648966 14648968
5934573 5934583
7525251 7525258
9968471 9968478
11005170 11005174
2320870 3025720
7830365 7830373
6292927 6292954
6685024 6685039
2219011 2951508
7287240 7287251
10687443 10687446
14337991 14337993
13166759 13166764
5529080 5529088
5465077 5465095
7092235 7092247
11717981 11717985
7749485 7749490
9536522 9536529
6961189 6961203
6349955 6349960
8674077 8674092
30001 131525
5902608 5902617
5639146 5639155
36770635 36770636
5678080 5678088
8377022 8377031
6399554 6399561
9873602 9873612
5622372 5622431
140390 439861
5622391 5622470
5817124 5817133
6899746 6899756
36770638 36770639
6319512 6319519
9451491 9451497
13167611 13167614
6886590 6886600
7068396 7068403
3784603 4039266
9552289 9552303
9642495 9642504
7722912 7722920
6367201 6367209
5662368 5662379
9153409 9153419
11821838 11821842
30345696 30345697
5063985 5063996
15350814 15350817
34863852 34863853
5067373 5067380
6679629 6679637
14410251 14410255
13210442 13210447
5600312 5600327
381932 991118
5202839 5202851
8599671 8599686
7474050 7474060
15636395 15636398
8618361 8618364
5080196 5080226
7126616 7126625
1711344 2541765
5774164 5774186
30376952 30376953
5812558 5812567
14519129 14519134
7294084 7294097
8837782 8837792
10919227 10919234
5903779 5903783
11536271 11536276
7497781 7497791
36770641 36770642
12068187 12068194
7484332 7484348
5191196 5191206
8506107 8506119
36770643 36770644
34864090 34864091
24340108 24340111
8005645 8005659
10433415 10433420
1438092 2307321
8340369 8340384
14314901 14314904
8577720 8577731
11650091 11650096
24397162 24397164
373319 976093
11597100 11597108
7577751 7577758
15464888 15464892
215238 654519
3407027 3797980
12560725 12560736
5056272 5056287
10435692 10435700
7354302 7354318
9092612 9092633
5948536 5948552
12399866 12399873
1482110 2349827
8139337 8139348
7865278 7865288
14353821 14353825
24403928 24403930
2058838 2818222
8840037 8840042
6659173 6659185
140579 440473
140579 440474
140579 440475
11552438 11552443
9961106 9961113
14457594 14457598
8601380 8601386
8011747 8011754
11659180 11659186
15277290 15277300
8157490 8157504
6825150 6825169
4236750 4342432
8821313 8821323
13190510 13190513
291150 809390
6388993 6389039
9164601 9164608
6474560 6474576
11217189 11217195
2916745 3456905
6984817 6984829
8697130 8697138
11207045 11207051
15334816 15334819
10710848 10710853
8466958 8466966
892799 1705476
6553663 6553674
3553792 3897604
10744201 10744206
10413663 10413674
15624416 15624419
3531603 3883234
5971184 5971192
5107143 5107155
9357441 9357449
4106284 4255240
10432728 10432732
5364373 5364386
14479999 14480004
34847 138029
10438215 10438221
11613517 11613525
7915081 7915090
11202405 11202408
14750291 14750295
10416952 10416962
6949525 6949532
12696847 12696851
13187688 13187692
10435019 10435026
14447800 14447803
14354452 14354455
5306895 5306909
6127104 6127115
11124552 11124556
30384526 30384527
4320749 4396062
11471344 11471349
13187713 13187716
1789096 2605129
1789096 2605130
8536835 8536844
15663470 15663474
34864188 34864189
24346133 24346135
5280960 5280967
8237997 8238014
9356939 9356949
11337447 11337451
10421247 10421255
2419929 3105811
10730372 10730376
7514707 7514716
7563318 7563333
11227526 11227532
11227526 11227533
6301070 6301082
1559985 2419945
4442940 4484195
11226707 11226719
5224083 5224095
6815510 6815520
13187720 13187723
11292488 11292492
8915231 8915240
8517909 8517917
12406138 12406143
8795197 8795207
8636153 8636164
24405411 24405413
14682252 14682254
8414910 8414920
11065267 11065273
11151702 11151709
6468344 6468354
10414244 10414249
7492379 7492393
11803936 11803939
7650767 7650779
7988788 7988799
3065040 3558887
3065040 3558888
8389547 8389556
10770592 10770596
3100427 3584543
10714208 10714218
956281 1787803
36770646 36770647
14761226 14761228
10413394 10413399
14375985 14375989
136795 427613
3032542 3538175
11055885 11055890
11055885 11055891
12715230 12715235
5700754 5700765
15281071 15281074
7314420 7314435
10932952 10932955
11001745 11001750
6007077 6007085
24404578 24404580
14455189 14455191
11126477 11126485
14498637 14498643
6844701 6844716
10430360 10430369
13190272 13190279
8937648 8937660
15277288 15277292
8819602 8819612
11630764 11630770
11381725 11381731
8178458 8178469
13091705 13091712
15275352 15275354
1398083 2272189
6178 55552
6178 55553
6178 55554
8523985 8523995
7298517 7298529
10432933 10432937
10432933 10432938
12043175 12043181
2878870 3427345
6697590 6697599
15569670 15569672
34865504 34865505
2292744 3011563
9023422 9023431
5092305 5092322
8995504 8995511
8827492 8827499
5126075 5126091
9415166 9415175
12187989 12187995
7833676 7833690
8111245 8111254
11827863 11827867
14560026 14560030
7828123 7828135
15270022 15270025
6343329 6343340
14329026 14329029
24403888 24403896
6893916 6893932
10432960 10432970
7794326 7794341
5111987 5112013
10418152 10418159
11441067 11441075
6248425 6248438
11031794 11031801
8822748 8822753
6964511 6964535
6972337 6972352
2507253 3175575
7352750 7352758
1559131 2419328
30359924 30359926
12033371 12033376
6302568 6302583
10423272 10423277
1095775 1961662
11385510 11385516
10433755 10433760
5186778 5186795
8539263 8539268
6333506 6333526
5940281 5940294
6312309 6312321
8927273 8927281
2706997 3302577
13189706 13189709
5087498 5087509
10430421 10430429
5979674 5979682
4417468 4464055
14505026 14505031
7716653 7716671
2718902 3310460
5126055 5126067
5691033 5691094
7540066 7540075
10417000 10417006
7231958 7231967
11230402 11230406
10422035 10422041
5940434 5940450
11623938 11623944
3102590 3586428
6504617 6504645
8499052 8499060
15268819 15268824
6657845 6657853
9515861 9515878
24403449 24403451
11458252 11458258
8529083 8529092
11137925 11137929
9984806 9984814
15268804 15268806
5612940 5612951
5429374 5429392
5798742 5798756
3684357 3979750
3684357 3979751
9517681 9517692
8341891 8341907
2636121 3259864
7965471 7965482
8757906 8757920
11064732 11064738
7866517 7866526
2686229 3286756
7542867 7542878
34864309 34864310
10796173 10796178
14504209 14504211
10417192 10417199
5718203 5718216
7848783 7848818
7848783 7848819
7848783 7848820
11696149 11696155
8643172 8643180
8643172 8643181
3731538 4008852
8783924 8783933
7976784 7976809
10438169 10438175
14682665 14682670
11021454 11021460
15655261 15655264
24426035 24426038
7728560 7728569
5188401 5188412
6569910 6569954
9006414 9006423
3325985 3745059
9152041 9152049
5446664 5446675
8336435 8336480
11754626 11754631
12068199 12068205
10415882 10415889
6720306 6720321
1365 17153
7768742 7768772
7095970 7095985
7260526 7260540
36770650 36770651
9006432 9006441
12448254 12448258
8327251 8327261
5886863 5886877
7825198 7825208
11060702 11060705
11060702 11060706
8945471 8945500
8046585 8046597
11543789 11543800
6368141 6368151
34864070 34864071
8124649 8124667
12450934 12450938
7469379 7469395
5669837 5669854
15316314 15316317
10425560 10425568
6113323 6113340
8924150 8924157
6058501 6058535
10429111 10429118
7587589 7587607
9041058 9041067
6517005 6517015
6349640 6349651
24397077 24397079
7199456 7199462
5112035 5112044
13668224 13668233
10428499 10428504
9132996 9133003
8032278 8032294
6070598 6070621
10429851 10429859
11631209 11631216
5912150 5912169
1750748 2574461
5082457 5082500
10101839 10101849
6602191 6602200
8605493 8605500
3507939 3862901
6569938 6569984
10432827 10432835
8836233 8836239
8440833 8440843
6213373 6213386
2837007 3397722
11199397 11199401
8823995 8824003
9220656 9220664
6515679 6515687
7473862 7473895
5097342 5097357
7184034 7184056
685133 1438901
11479451 11479461
8578517 8578534
8519629 8519642
7130454 7130468
9022987 9022997
6935206 6935217
5464033 5464044
6662039 6662054
3236840 3685489
3975227 4165780
7496225 7496236
24387118 24387120
9282974 9282986
8477564 8477576
24403424 24403426
1588914 2446177
6330046 6330054
14707216 14707219
5411388 5411413
4821961 4822088
5364613 5364657
5898909 5898921
6143556 6143575
7763216 7763227
8437806 8437817
3972470 4164042
8407365 8407374
6597218 6597234
1391459 2264920
14682649 14682653
5697593 5697618
11653187 11653193
11957784 11957789
744253 1521815
744253 1521816
11210567 11210573
5607953 5607963
298279 822186
8720365 8720387
6302491 6302503
8308553 8308562
9513138 9513146
7866214 7866223
5968858 5968877
751605 1532616
33125127 33125129
1015359 1866775
5831205 5831218
6314656 6314696
13189902 13189908
5633064 5633094
24393904 24393906
6870481 6870501
10712622 10712627
6360914 6360922
11248333 11248339
7331791 7331805
1820277 2630483
34863916 34863917
7627084 7627110
14497296 14497299
24404277 24404279
5302868 5302883
391747 1002457
2211051 2946942
9029624 9029636
5957060 5957071
8979883 8979893
7998134 7998145
5706316 5706328
7686823 7686834
5169551 5169580
7795899 7795914
7867935 7867945
6877195 6877202
32995629 32995630
10766528 10766535
10760130 10760133
7806727 7806768
7432689 7432774
6287270 6287353
6769306 6769326
5394522 5394538
14491598 14491602
4118493 4262482
5838097 5838120
14691229 14691233
8568548 8568565
15265686 15265690
6680947 6680973
7389802 7389829
8145381 8145389
8724341 8724357
6474302 6474310
11051645 11051651
10756821 10756825
8168318 8168330
6508567 6508580
8544249 8544266
10744171 10744178
10778497 10778501
3126334 3603591
24393964 24393966
11314661 11314666
8695140 8695150
9035338 9035348
8123252 8123258
6412472 6412485
36770652 36770653
9044560 9044571
8314833 8314844
4836221 4836343
6300023 6300038
14474540 14474545
10438091 10438098
5763541 5763560
14525791 14525795
10704857 10704861
8712202 8712217
7299522 7299538
7589147 7589160
10670782 10670787
14682159 14682162
7095865 7095875
4848781 4848837
4848781 4848838
12281584 12281589
14469052 14469055
8375408 8375418
13101366 13101370
6585547 6585563
8252259 8252269
3539577 3888489
8365502 8365511
2820143 3386687
12182717 12182721
7095052 7095061
12007258 12007262
3988387 4174265
14404370 14404376
36770657 36770658
7156371 7156383
6822876 6822891
9880642 9880648
1094330 1960145
6471829 6471847
12066986 12066989
14527144 14527146
8598652 8598666
29016164 29016166
28690751 28690752
6880035 6880046
6880035 6880047
6404442 6404450
31095755 31095756
10018870 10018878
13205391 13205394
8351339 8351344
6326173 6326181
36770659 36770660
11137521 11137532
7744333 7744343
6800076 6800086
5259401 5259443
1814589 2625418
30300138 30300140
7349492 7349505
5846184 5846197
6262463 6262477
2610128 3240933
2587195 3223183
6621100 6621107
7481324 7481336
11817959 11817964
8870408 8870416
7844363 7844372
6546725 6546735
10775935 10775938
10751769 10751776
6296856 6296866
11362233 11362239
6883063 6883087
14350592 14350594
11511917 11511920
2566145 3206511
5054034 5054053
11261790 11261793
5273752 5273767
14302373 14302380
76149 271092
76149 271093
7420138 7420152
7791436 7791443
286571 799215
201707 604011
5704494 5704501
14369504 14369510
1413544 2285202
7325099 7325106
1450672 2320709
7829096 7829104
2871697 3421443
10880884 10880889
441643 1090211
8281542 8281555
5430803 5430816
5914133 5914147
6893825 6893854
14343703 14343706
6421979 6421990
7842190 7842198
9312761 9312776
14329700 14329704
14399805 14399810
9409960 9409972
14425276 14425278
11247707 11247711
11297874 11297878
5476331 5476362
6838804 6838824
5717841 5717861
5438678 5438689
10009021 10009028
7321841 7321852
6514789 6514795
5239702 5239714
5983928 5983943
5854551 5854561
38002 155453
5075598 5075607
55997 230479
55997 230480
5697699 5697719
12211938 12211942
11287368 11287374
8974883 8974891
5658415 5658424
74 683
12646710 12646714
9242959 9242978
10010927 10010937
955 14706
955 14707
8223864 8223877
5452408 5452419
698218 1454617
697746 1453733
12179694 12179702
10754698 10754722
10754698 10754723
5890528 5890539
6224998 6225005
6702370 6702391
591706 1325117
6547194 6547208
6823944 6823955
14474617 14474619
1046874 1908956
7401415 7401423
12962541 12962548
15560849 15560853
8662795 8662802
6980389 6980400
6174601 6174621
11241798 11241802
7321947 7321960
9096131 9096141
5905869 5905884
9644191 9644198
14405103 14405107
5391198 5391240
14399279 14399283
8666596 8666601
803248 1602512
7003601 7003613
6011333 6011348
3756600 4023716
5103308 5103340
14348340 14348342
7232988 7233000
14400299 14400302
609634 1347352
13349828 13349833
9616614 9616619
7041118 7041124
7170492 7170501
13164082 13164085
9303184 9303193
2363 25686
2363 25687
6705960 6705969
1626277 2474041
14422740 14422746
7056011 7056019
6480075 6480083
934959 1763074
11727148 11727150
5539202 5539214
6252611 6252637
6428066 6428083
11284024 11284041
13194132 13194136
8027082 8027093
9956588 9956595
6122346 6122357
6552308 6552320
6562262 6562277
5105738 5105755
10014537 10014544
6440287 6440298
5750251 5750263
9076453 9076458
10774584 10774592
1614002 2463853
2694005 3292759
9807443 9807451
5431517 5431547
135653 425304
2444 33247
676139 1418280
6272314 6272319
119330 381271
948 13945
319374 863032
319374 863033
2995 36853
8828158 8828170
5680078 5680096
7224499 7224509
614009 1352070
614009 1352071
11195170 11195179
897 8124
897 8125
891 7290
891 7291
11369409 11369415
411112 1048758
995038 1841629
995038 1841630
55134 227644
387185 998512
54697 225359
2834464 3395971
2427 31635
907 9432
4363 43115
3083162 3571622
7171763 7171767
728454 1498182
140818 441701
14354376 14354380
10731330 10731333
918 10579
918 10580
583729 1304217
932 12129
932 12130
1100832 1971394
499 4441
18019 91527
1782724 2599102
353974 947069
272497 776686
78795 277206
78795 277207
2439 32839
887 6868
21475 119367
21475 119368
815969 1620380
18291 92510
18291 92511
225403 697932
137061 428829
906 9319
1634882 2480409
691371 1446227
603031 1340053
3270817 3709766
5621812 5621825
237238 723184
237238 723185
141547 446467
8324 64567
500412 1188232
110277 354816
2340 23569
3272690 3711213
819548 1626346
2440 32948
2440 32949
193636 588591
2062641 2822019
54361 222078
9406846 9406863
141418 445569
52750 218829
6845365 6845380
669755 1413460
2438 32730
2438 32731
1774819 2590769
11209739 11209746
603030 1339959
956791 1788338
11537026 11537030
332151 903948
6195231 6195254
7128746 7128756
5606489 5606520
2377 27099
2377 27100
2445 33346
3386891 3784861
55596 228757
5600095 5600146
6770733 6770740
6609736 6609747
120063 383727
557 4904
557 4905
425109 1067975
13325284 13325290
9972876 9972886
9972876 9972887
222442 686985
222442 686986
222666 687878
222666 687879
2472 34892
7145738 7145753
133284 421120
133284 421121
29753205 29753210
3477674 3847782
5583491 5583518
10552940 10552952
1693332 2527372
10413319 10413324
214237 652221
2448 33591
6631807 6631820
15530 80719
29026949 29026950
15665395 15665399
12751183 12751188
5774131 5774171
8671993 8672003
6713513 6713527
7813218 7813224
7028733 7028737
3988390 4174310
14405700 14405704
12662075 12662081
5789617 5789630
7518433 7518439
7463687 7463695
36770661 36770662
7711535 7711541
9127213 9127219
8687085 8687120
6289856 6289867
6747656 6747675
3011287 3524024
12840891 12840898
13243534 13243540
2657390 3275001
5082964 5082973
7165767 7165777
11926305 11926308
8735782 8735794
14270217 14270219
9971530 9971541
9971530 9971542
6981013 6981029
140295 438239
10793529 10793559
11108637 11108640
6890182 6890202
7314464 7314474
9375830 9375836
12222206 12222209
12222206 12222210
7187279 7187300
7187279 7187301
10740391 10740397
14504698 14504706
14667495 14667499
15241954 15241957
15241954 15241958
6805597 6805609
7761058 7761073
14448143 14448145
9159666 9159671
11669790 11669795
32968816 32968817
6259739 6259760
9451440 9451451
6719169 6719213
7647590 7647602
13239002 13239007
437106 1084740
80574 280293
7008287 7008297
12769770 12769776
6606435 6606443
14517514 14517516
4705604 4708755
9766687 9766720
9766687 9766721
10352099 10352120
6758795 6758808
5320948 5320955
8657234 8657238
10981264 10981268
14426819 14426821
4502193 4529133
5938442 5938455
30343440 30343441
6574347 6574356
14425656 14425659
5804998 5805017
1946036 2719812
13349580 13349585
120140 388115
3312703 3735697
10347945 10347951
3625755 3945455
120166 389340
14702954 14702957
7392941 7392954
7024214 7024223
6958256 6958270
5757145 5757150
14468810 14468812
4136996 4275645
7526202 7526210
13238070 13238075
1847769 2651240
12858855 12858858
2456446 3134998
11199207 11199212
6835248 6835266
14282027 14282030
11848897 11848902
7761159 7761172
8972016 8972028
10343597 10343634
11581398 11581405
21670229 21670231
439967 1086866
439967 1086867
6801229 6801246
10787820 10787830
9192115 9192127
7152087 7152097
7628554 7628565
21889850 21889852
9800235 9800241
13525195 13525204
12612679 12612685
5980599 5980612
8974411 8974421
7514276 7514289
6817820 6817836
6927270 6927284
3536937 3886450
5518316 5518335
826174 1635297
120123 387234
15433558 15433561
15433558 15433562
14409665 14409670
11838144 11838151
11838144 11838152
7712651 7712663
2156184 2898008
9913958 9913969
9913958 9913970
7617642 7617649
6114651 6114661
8162885 8162893
11320394 11320414
5624064 5624075
3831283 4073851
338078 928135
7664914 7664931
5988591 5988599
7550105 7550113
14426260 14426265
4849215 4849284
12989529 12989531
6321818 6321826
9000505 9000514
985189 1831426
7549667 7549674
348533 935749
10771032 10771039
2819891 3386510
1314627 2186242
6772639 6772652
3786797 4040348
15318178 15318182
6688073 6688083
14374655 14374660
8036073 8036087
14743148 14743153
6526216 6526232
13024169 13024175
1341933 2215055
7244651 7244663
7447753 7447765
6205525 6205541
65806 253188
6501486 6501500
142199 447916
7119793 7119806
14419775 14419779
5619909 5619922
8741615 8741632
6912816 6912826
3661942 3965663
3661942 3965664
7572441 7572449
7286778 7286791
6186290 6186300
9149034 9149039
14313531 14313535
11251683 11251691
4323976 4398381
9289992 9289998
6339803 6339813
9848227 9848236
7707613 7707622
13070943 13070950
6509276 6509286
5702857 5702878
11237958 11237964
10614279 10614289
85713 293134
14660261 14660263
6936739 6936747
8447628 8447638
12610838 12610840
5038471 5038531
7269279 7269284
4972544 4972559
10770776 10770779
7285209 7285223
7285209 7285224
6755371 6755387
36770663 36770664
13203512 13203518
5900012 5900028
7022699 7022710
5485574 5485584
6010100 6010109
7383476 7383487
10861890 10861896
2895065 3438232
2895065 3438233
2895065 3438234
8559132 8559142
9479945 9479958
5532746 5532759
14467271 14467274
1832729 2638837
1833451 2639522
6571999 6572015
5065426 5065440
7035521 7035532
1832735 2638855
5394992 5395010
1637194 2481202
3461842 3834765
14637641 14637645
5314890 5314901
201658 602730
5358030 5358132
5667614 5667634
7035114 7035122
11522523 11522527
11633123 11633131
10367918 10367927
34759799 34759800
345666 934132
10033877 10033885
853400 1667864
5571470 5571484
14214803 14214806
7273636 7273651
7515727 7515740
13186230 13186233
6458464 6458478
281032 789068
5970345 5970358
5807474 5807485
931700 1755021
14399611 14399614
8637218 8637229
11533528 11533533
7610599 7610605
9201864 9201874
9893833 9893841
7288830 7288838
5877694 5877704
6579669 6579688
38874 158810
223531 692886
10901073 10901077
9209680 9209689
8781991 8782001
5678790 5678842
7398998 7399007
10670112 10670117
9179111 9179121
30336619 30336620
28386101 28386102
9197456 9197462
8684111 8684123
7003435 7003447
6775411 6775420
36770665 36770666
5074608 5074619
14750917 14750919
8943602 8943612
13183906 13183909
6296083 6296097
14714408 14714410
6159984 6159995
21066 117965
6236645 6236659
3031014 3536916
10672754 10672757
7708657 7708681
4648960 4656006
7018613 7018625
14068324 14068326
8666237 8666250
11256405 11256410
6382322 6382333
8693313 8693326
4291538 4376239
11244567 11244574
11170118 11170126
4376221 4435766
9605927 9605938
6651003 6651009
11313076 11313081
10441515 10441533
7489726 7489739
11246635 11246640
2122820 2870354
6848899 6848915
11037996 11038000
7192810 7192830
66018 253603
14372218 14372220
8394331 8394338
11451956 11451962
7059701 7059723
7590123 7590133
15327910 15327913
14343399 14343404
9212604 9212611
10011837 10011845
9854742 9854751
9996639 9996646
7716500 7716510
3943551 4146174
2326955 3030072
14666569 14666571
358920 957602
358920 957603
7780744 7780756
211264 639977
13469482 13469488
5177479 5177511
15546999 15547001
9810512 9810516
5560090 5560122
6921061 6921094
42248 174100
42248 174101
10396246 10396251
5476669 5476683
10780253 10780261
8984852 8984863
14403838 14403843
36770667 36770668
14422890 14422892
12766236 12766240
995259 1842594
7470738 7470765
14697046 14697048
9253913 9253918
8260096 8260100
9081435 9081443
10373537 10373546
7227992 7228000
7227992 7228001
7997726 7997731
746562 1525861
2444 33248
9414937 9414950
4966418 4966566
6044900 6044910
1279565 2155809
9329350 9329355
6472084 6472094
221797 684186
13117927 13117944
4574414 4588236
9964828 9964836
13162960 13162963
345916 934270
5438161 5438179
5068006 5068019
6200131 6200153
6780036 6780047
36770670 36770671
36770672 36770673
5165339 5165347
6452809 6452819
6762834 6762850
14622303 14622306
8735564 8735568
5029839 5029851
6680755 6680765
14330208 14330210
12530279 12530283
7604420 7604433
9392445 9392451
7411468 7411477
5663278 5663307
11015311 11015318
2084765 2838505
2084765 2838506
5487419 5487427
9569397 9569406
6945553 6945565
5891536 5891549
2439 32840
732063 1503370
14230022 14230024
3803707 4050624
14747645 14747648
14369509 14369517
7879001 7879011
3198062 3655814
11619623 11619627
5443921 5443930
30314034 30314036
7665324 7665333
6580787 6580799
8475657 8475669
11121935 11121941
14492876 14492880
7678190 7678203
36744277 36744278
13153720 13153725
5397159 5397166
32882655 32882656
11051332 11051336
5937274 5937294
6126894 6126908
30388008 30388009
5895723 5895739
5493974 5493992
5937276 5937318
2441646 3123535
5232850 5232891
8592692 8592700
6581889 6581901
5873544 5873554
6134572 6134584
2456539 3135455
14493833 14493836
3860913 4091640
10706362 10706371
10781960 10781965
7618570 7618586
28383216 28383217
11453927 11453930
43008 178320
5453719 5453751
5453719 5453752
1001066 1850068
11323165 11323169
1438094 2307396
779576 1565799
4467831 4502423
51763 217121
14732512 14732516
10815269 10815273
4535253 4555456
14754332 14754334
6701488 6701507
7708413 7708423
12232124 12232129
2797684 3371543
11154734 11154739
11083578 11083585
21246 118422
3003 37301
3003 37302
2825164 3390473
116450 374950
116450 374951
13243220 13243227
889057 1703624
889057 1703625
14755260 14755266
14243038 14243045
14295200 14295207
141491 446140
261645 758109
261645 758110
3075799 3565887
9051156 9051160
2445 33347
87999 301390
10933108 10933112
1816814 2627167
2033769 2797693
13244034 13244039
9867750 9867762
6719172 6719218
11642991 11642996
7040066 7040086
5578843 5578866
2821 35635
2436 32524
934880 1761543
18511 93492
3753698 4022324
686550 1440656
34132044 34132045
2384 27806
5578843 5578867
16686 86037
11632212 11632216
10911998 10912003
57986 237424
2468 34636
4361 42952
7675407 7675417
8764578 8764590
11209752 11209773
31121852 31121853
141532 446371
271467 775105
4570560 4584869
6551532 6551549
7258350 7258385
6462434 6462473
4399557 4451824
5029554 5029557
9537664 9537684
272080 776016
2400 29280
6525581 6525596
13518910 13518915
1244515 2123624
21865758 21865760
21865758 21865761
11838282 11838288
9940525 9940538
5208420 5208476
5208420 5208477
5634871 5634889
82572 285003
379220 985112
2080047 2834987
2741775 3334213
11587304 11587308
5073027 5073034
11277655 11277662
30370383 30370385
819543 1626309
819543 1626310
4908433 4908452
4908433 4908453
795767 1585702
21812236 21812238
21812236 21812239
32965239 32965240
13243027 13243032
14207656 14207658
14207656 14207659
7847723 7847731
42780 176605
545685 1268598
545685 1268599
3014390 3525888
7107242 7107250
240629 728416
4596700 4607531
6811634 6811654
9890270 9890279
7456926 7456945
140254 437071
13238241 13238246
1069499 1932464
1069499 1932465
6715300 6715313
9321985 9321996
30770616 30770618
36770674 36770675
10033484 10033498
13236134 13236137
6430420 6430445
5329539 5329570
13456000 13456004
7726952 7726959
15666842 15666844
8569155 8569166
8257541 8257551
13523873 13523884
4160744 4291675
30388512 30388513
10745672 10745692
9950967 9950973
14205119 14205123
30359651 30359652
10812967 10812972
14405187 14405190
5928628 5928654
15435413 15435420
5772931 5772950
14207788 14207792
9970798 9970804
6589627 6589651
7478506 7478512
8559723 8559732
36770677 36770678
30402190 30402191
11568349 11568355
14399142 14399147
9130868 9130882
21923982 21923984
438974 1086053
13240186 13240191
13243064 13243068
3314100 3736564
14738503 14738507
2610385 3241050
983757 1826865
12073717 12073724
15465600 15465603
2448331 3128854
32979555 32979556
11735313 11735319
7753683 7753691
10560041 10560052
3896138 4114830
12606907 12606910
7372712 7372727
803473 1602952
9802233 9802239
14704412 14704415
120120 387096
7436739 7436763
5129987 5130003
7244921 7244934
5437880 5437888
10968839 10968844
4534456 4554637
14687477 14687481
12023467 12023471
6353298 6353310
10661201 10661206
12863822 12863827
12854155 12854160
28640017 28640018
12497101 12497105
9802233 9802240
12535087 12535089
4477912 4510790
14422598 14422601
7179321 7179329
6722396 6722407
2613677 3244045
14207708 14207721
14207708 14207722
7374223 7374231
4013828 4191173
6516159 6516167
3979743 4168618
8437301 8437318
997191 1846677
7523825 7523836
14347475 14347478
5392644 5392659
14595700 14595703
8416476 8416496
11840310 11840314
7761186 7761200
12321140 12321159
6976598 6976610
826837 1638921
11340502 11340507
13238792 13238798
7859939 7859949
14501682 14501684
8390543 8390553
9902163 9902175
6561611 6561624
957566 1789988
11819637 11819644
7582898 7582903
10865318 10865321
14403506 14403510
14745689 14745692
6724203 6724230
14213658 14213663
5260392 5260399
9797771 9797790
37909 154644
3030957 3536804
5880465 5880479
12153715 12153721
14405814 14405816
255905 750577
13181316 13181318
9247420 9247429
8830271 8830279
5180078 5180094
1094691 1960755
29001907 29001909
7731689 7731702
14404263 14404265
14484616 14484620
6336248 6336259
14440619 14440621
7193573 7193583
6265506 6265514
7633108 7633117
5271190 5271198
5290901 5290912
699169 1455938
7677644 7677658
8480791 8480809
1413553 2285491
934915 1762244
1448821 2317989
14028714 14028716
7298467 7298490
14408263 14408267
8322301 8322311
6819316 6819325
8389005 8389016
7665397 7665402
7287940 7287948
8924747 8924753
36770679 36770680
14742356 14742358
14413683 14413685
7375194 7375201
7158890 7158898
9117249 9117255
5548956 5548966
13186059 13186065
7820367 7820376
14542676 14542678
5371414 5371437
8262625 8262631
6433259 6433267
9535326 9535340
30364329 30364330
7140401 7140453
5702592 5702611
8768314 8768321
2603531 3237550
8923861 8923872
5918385 5918396
750912 1531548
28996222 28996224
8543998 8544013
9170270 9170280
8307627 8307635
7496546 7496557
10389443 10389457
13876016 13876026
8200529 8200536
8396414 8396428
9246008 9246018
7579076 7579088
8227412 8227424
7220962 7220968
36694958 36694959
6788361 6788374
7817993 7818005
7495230 7495238
6776486 6776496
7140399 7140424
849549 1663605
6476042 6476050
1746012 2572709
6486141 6486163
24425031 24425034
36770682 36770683
5215691 5215701
7702350 7702358
1800847 2614379
28691794 28691795
10006812 10006818
813821 1616544
813821 1616545
13434178 13434182
5033160 5033168
5034521 5034533
8541522 8541532
14211918 14211920
14748845 14748848
11328775 11328780
8498246 8498261
10420232 10420235
129542 415905
5716875 5716891
895903 1708014
7704321 7704336
7576664 7576671
11349033 11349040
5124724 5124735
7238943 7238953
5250687 5250700
6637563 6637580
5252974 5252987
5872513 5872523
11970659 11970662
5689699 5689707
6480578 6480590
11032067 11032076
3248596 3693161
30378360 30378361
1256872 2134540
9901687 9901695
6529726 6529736
7563060 7563071
2413272 3100971
13394975 13394983
7399295 7399305
5976139 5976148
6091241 6091258
5884600 5884620
11415755 11415758
10017415 10017423
8761219 8761231
892802 1705489
7543478 7543498
9632685 9632708
4297332 4380202
6594638 6594649
12671602 12671607
6017909 6017927
9830967 9830971
11736872 11736876
7526466 7526476
7526466 7526477
8329352 8329368
8833672 8833679
6192730 6192739
5477139 5477151
5713161 5713176
14413546 14413548
11421101 11421105
3671570 3971554
7748647 7748663
8733523 8733534
803167 1601136
7282739 7282750
30331822 30331823
7539812 7539826
7280878 7280891
14752340 14752344
5398098 5398111
5717686 5717697
13190164 13190168
11602097 11602105
7066395 7066405
5784210 5784221
1764876 2582069
7013700 7013715
28481185 28481186
12970994 12970997
3440334 3816472
10950858 10950863
9261820 9261825
765816 1550200
765816 1550201
9958521 9958529
13231456 13231459
6761785 6761799
5957238 5957247
15403004 15403007
6816328 6816348
8433890 8433895
14205415 14205417
3539289 3888339
443439 1092619
351685 940039
5302708 5302722
5893143 5893157
983774 1827386
15446212 15446216
5841524 5841532
5467964 5467980
8717557 8717563
13241492 13241497
323727 875439
929035 1746378
1413587 2286219
7332634 7332641
12860192 12860197
1069507 1932593
13877304 13877316
10023296 10023303
14212786 14212789
7867266 7867283
7867266 7867284
7555330 7555342
13523860 13523865
10862125 10862132
5538581 5538594
331521 902933
331521 902934
331521 902935
14248147 14248151
11861528 11861533
11861528 11861534
11850342 11850348
11850342 11850349
7838301 7838311
12881559 12881563
6652741 6652756
7498236 7498247
6545681 6545690
9318299 9318305
9981187 9981196
6490823 6490838
6504369 6504380
5556914 5556921
36770684 36770685
9971579 9971586
120099 385952
120099 385953
6759372 6759382
2951912 3480505
14297385 14297387
9210626 9210633
11772367 11772371
329699 893667
4662561 4668531
7129977 7129989
6202577 6202588
6331206 6331217
7765910 7765924
14328992 14328994
8685146 8685158
6614404 6614413
5347820 5347832
14695891 14695894
13190940 13190945
30348416 30348417
7838954 7838960
6895383 6895394
7881539 7881549
8248492 8248503
3396846 3790661
9842153 9842158
10819273 10819278
10016764 10016773
6506270 6506275
14717763 14717766
14537127 14537130
6445808 6445819
9556259 9556267
6609305 6609312
14440244 14440251
8482594 8482621
14281113 14281117
6823711 6823726
5052573 5052579
11131943 11131948
8674939 8674946
1092915 1957899
9396964 9396973
6837301 6837310
15207783 15207792
9300519 9300528
5287856 5287870
7482475 7482484
7616592 7616602
2321907 3026255
4939486 4939496
11383578 11383582
30339283 30339285
7734034 7734044
2274283 2994768
11504544 11504548
11556270 11556274
7461160 7461168
7148007 7148019
7609002 7609015
5979919 5979927
6920750 6920762
9832996 9833003
358522 956414
6411534 6411542
2456450 3135054
8131065 8131079
14696797 14696800
2725586 3316843
7267273 7267297
5031149 5031171
13298115 13298117
13298115 13298118
12307772 12307779
5686727 5686741
5635010 5635023
7871299 7871305
6905854 6905865
6366423 6366437
34995999 34996000
5038365 5038375
14825844 14825846
7054269 7054280
9993394 9993412
8831161 8831170
12332325 12332327
5253486 5253498
6157244 6157254
9643444 9643452
14132690 14132696
14045016 14045019
7861206 7861215
7264089 7264110
5089312 5089318
11398018 11398022
14214226 14214230
7784447 7784456
8279569 8279575
9062042 9062052
6942165 6942176
5676417 5676431
10701806 10701811
5668806 5668815
8324114 8324124
14881615 14881617
36770687 36770688
8693024 8693032
8239125 8239143
9443358 9443364
14426070 14426073
22989950 22989953
7268975 7268986
14426101 14426103
6085843 6085860
1282283 2159683
8691617 8691632
9651892 9651896
10366632 10366634
14692262 14692266
11497900 11497903
11154163 11154169
23274731 23274733
6710233 6710251
9773827 9773840
2301442 3014844
7659333 7659337
28452257 28452258
7303454 7303468
9045869 9045878
7538693 7538699
8700605 8700615
23381397 23381400
28368419 28368420
11476790 11476796
8293598 8293609
224379 695898
32887744 32887746
6164516 6164528
28803531 28803546
14214182 14214186
6175592 6175599
6800540 6800551
8661296 8661302
8382726 8382739
6035246 6035256
13078222 13078229
14712758 14712760
8547010 8547020
3442721 3818055
214213 651689
9636709 9636713
9229391 9229400
14221137 14221141
9540033 9540043
9858559 9858567
10001318 10001328
11434162 11434165
7629266 7629282
11714510 11714518
36770691 36770692
11172922 11172926
14693836 14693838
13174895 13174898
36770693 36770694
9152960 9152968
8763226 8763235
14015141 14015150
8159654 8159664
12159202 12159205
2571186 3210942
1842524 2648031
4320127 4395604
936272 1766688
14403471 14403474
4431886 4475283
10955065 10955071
36694922 36694923
1526074 2384433
6698293 6698305
7126616 7126626
14868043 14868045
2195960 2932587
36770696 36770697
9558084 9558090
2618309 3247442
5338895 5338905
5064088 5064095
5921106 5921119
6963675 6963685
8142827 8142835
3220197 3672677
7276423 7276435
5412475 5412492
6697717 6697722
5921812 5921826
6681266 6681279
14295247 14295249
4821763 4821841
5452350 5452365
8019900 8019913
434056 1081337
8693403 8693416
2079032 2834425
36770698 36770699
5456640 5456652
6715389 6715395
253387 746951
7791358 7791366
5711102 5711115
1776640 2593211
5731057 5731071
10283624 10283631
9995469 9995478
3175561 3640522
6062880 6062893
8479559 8479563
186943 576493
223986 694461
15287498 15287502
8822759 8822767
4727 44948
701882 1459585
14298896 14298900
676888 1419824
6603494 6603508
1506565 2370210
1636887 2481140
7638425 7638439
9507306 9507314
7416300 7416313
14426753 14426756
293388 812626
7491499 7491513
5432436 5432451
2134974 2881712
2134974 2881713
5679723 5679739
11158237 11158243
1203264 2079042
7839456 7839469
14399837 14399840
10723293 10723296
749449 1529789
54363 222203
7615477 7615489
5725905 5725919
5480360 5480367
8382544 8382575
8382544 8382576
54938 227357
1832728 2638830
7345372 7345380
5454772 5454786
6869693 6869702
85713 293135
8688186 8688194
11178154 11178163
802965 1596564
5921087 5921097
31145570 31145571
5754695 5754708
5228178 5228213
522310 1227256
11265200 11265205
5815343 5815360
10727900 10727906
11606744 11606751
10695036 10695041
11144581 11144588
14535064 14535066
6313678 6313692
9931729 9931745
11842057 11842061
6167594 6167604
14369445 14369448
11108723 11108733
5671629 5671647
5928525 5928552
5427128 5427155
6083162 6083193
5228066 5228083
8253657 8253663
7471207 7471218
2870659 3420679
32968809 32968810
8729135 8729147
5627448 5627457
1449551 2318983
11605587 11605591
3020063 3529897
9651260 9651270
12343858 12343865
11544081 11544084
5910381 5910394
2582033 3220221
5237094 5237107
8019645 8019653
8966081 8966095
5711057 5711072
5951852 5951858
15306908 15306911
11605589 11605600
5647931 5647939
8507438 8507446
8729772 8729779
6496126 6496133
9019178 9019187
7828126 7828154
8360530 8360542
9323960 9323967
5138638 5138645
9536524 9536538
14333269 14333271
7532266 7532275
111287 358647
1449553 2319021
5774129 5774143
5595029 5595035
6230782 6230795
7352802 7352810
13382158 13382161
691840 1446992
9169381 9169419
7220842 7220857
1449557 2319147
11618484 11618491
11618484 11618492
11650534 11650538
298223 822062
10705427 10705438
10978529 10978537
11618293 11618298
5931485 5931499
10418969 10418978
8824332 8824339
11057391 11057396
125620 409595
7860313 7860324
7267672 7267682
8429252 8429262
12873700 12873704
7435754 7435772
6245103 6245118
9888690 9888699
5783610 5783642
6557801 6557813
7965072 7965079
2452362 3131569
2428288 3112290
437970 1085184
6622365 6622385
1391733 2265172
7860608 7860614
8021321 8021331
5754417 5754435
6650902 6650909
106177 347027
12046438 12046443
15355274 15355278
10433383 10433388
10025501 10025509
6750097 6750107
1413579 2286079
771543 1554213
14415804 14415808
7014397 7014401
4302234 4383953
11463770 11463776
9947269 9947283
2378002 3069633
11210595 11210601
5329537 5329548
164103 515290
5838227 5838243
8538834 8538845
14304982 14304986
691907 1447145
6603445 6603462
7115068 7115080
10032965 10032972
6929869 6929881
6480401 6480418
36770700 36770701
9076653 9076684
5835353 5835367
9414782 9414789
3983081 4170882
14494154 14494157
7556032 7556040
6658000 6658011
6753840 6753851
5726367 5726378
7618657 7618667
76230 271222
24400677 24400679
5354458 5354474
10922476 10922481
14303471 14303475
5373923 5373934
5613522 5613530
6030115 6030126
533581 1246512
11731288 11731293
11631315 11631323
13051241 13051248
14558825 14558828
11587751 11587761
54364 222368
13294 76015
13294 76016
13294 76017
791721 1582126
5807929 5807941
9276089 9276102
10745248 10745255
6589902 6589910
7269148 7269156
10033656 10033665
5724443 5724456
11167040 11167053
6517971 6517979
7698170 7698181
14339249 14339251
691694 1446731
84075 288573
14406792 14406796
6271435 6271444
1717103 2552439
14396894 14396898
353973 946966
14353521 14353523
2939006 3472591
14364924 14364929
7104248 7104256
8020990 8021000
255387 749755
5226034 5226055
5709912 5709922
8124317 8124325
7387438 7387452
106016 340781
10724319 10724340
9176083 9176099
7694829 7694835
6439406 6439417
14477081 14477083
7985788 7985796
9210572 9210580
14392518 14392520
6486622 6486631
11551633 11551637
445716 1096968
5644727 5644752
9076648 9076661
3608282 3932202
684945 1437830
11220947 11220953
2916746 3456925
806608 1606315
7311941 7311951
4139335 4277424
12043162 12043166
4788299 4788665
8727779 8727791
1413550 2285428
2986549 3502529
7995848 7995854
6228558 6228568
1186573 2060701
929172 1748274
929172 1748275
1390762 2264132
36770702 36770703
6376907 6376915
6462432 6462450
8406041 8406050
6702556 6702564
11082270 11082276
288462 803778
603034 1340278
1342534 2216353
5604093 5604125
14300821 14300823
14393099 14393104
10741669 10741675
15286083 15286087
1806437 2618293
1806437 2618294
5500232 5500266
1229188 2107847
140367 439592
6449997 6450006
14362780 14362783
5073758 5073770
14336663 14336665
10715165 10715172
10767950 10767955
6737045 6737055
9545816 9545826
8245710 8245714
5895718 5895729
476708 1149650
6925938 6925949
4938098 4938139
2171602 2912433
6506681 6506688
8037298 8037308
7792381 7792392
6769680 6769694
10433619 10433628
7799960 7799976
3819623 4061111
11037396 11037400
9661507 9661520
8512726 8512731
214162 651480
8554255 8554269
6768563 6768581
41879 172822
10688475 10688479
694398 1449355
7121561 7121591
10784174 10784178
140337 439080
6651013 6651018
12175997 12176004
7889917 7889927
4772230 4772859
12233513 12233516
10975697 10975703
6293720 6293730
8267861 8267869
10692129 10692140
31091470 31091471
1045079 1907510
2186821 2924550
12845232 12845237
8281361 8281371
8578114 8578126
11057506 11057514
905480 1716735
7579208 7579218
9237125 9237130
5172325 5172335
14365667 14365669
6146647 6146655
14303801 14303808
6687101 6687123
10423860 10423869
85042 291371
9866110 9866120
2134974 2881714
186943 576494
2993 36701
2385 27920
15242625 15242627
7772 63040
7772 63041
2453 34030
2453 34031
278989 785904
278989 785905
80111 278961
80111 278962
7394 61356
921 10953
921 10954
12832 75464
10002163 10002173
7024348 7024363
14373692 14373695
5351042 5351055
14221547 14221550
6500386 6500401
8279641 8279651
2572131 3211789
13087035 13087041
5805677 5805687
7555475 7555490
13303224 13303227
1766179 2582446
2820176 3386754
10673483 10673491
37269 150135
9295708 9295716
15428822 15428824
13503216 13503223
15629185 15629187
8147218 8147224
5385904 5385998
10826398 10826403
13201714 13201718
2541790 3195743
11468200 11468204
6361579 6361596
8214583 8214594
7286735 7286746
5080450 5080462
6828380 6828391
128689 414866
7820659 7820666
8031017 8031026
14293771 14293773
400279 1011256
6840584 6840616
13739561 13739564
13145105 13145110
62470 244093
963 15137
5293621 5293642
5248699 5248710
11759439 11759449
13373651 13373656
7811388 7811398
8315835 8315844
11910232 11910236
8533402 8533418
7268078 7268090
7536021 7536034
3884315 4108140
35540418 35540419
8277567 8277579
9921278 9921285
367926 966354
13177629 13177634
7763065 7763074
510928 1205740
7435000 7435014
5763637 5763654
9421959 9421967
9246334 9246341
8696237 8696245
3479081 3848542
1832730 2638846
9968961 9968972
12882102 12882109
7875024 7875033
12328003 12328009
5350077 5350091
5948854 5948864
6696715 6696725
11450940 11450943
6974044 6974054
7648859 7648866
223989 694577
10309152 10309178
5902806 5902831
11007886 11007897
400277 1011204
11028215 11028224
11028215 11028225
9049963 9049969
9919175 9919183
742757 1515558
7934170 7934183
3977473 4167425
8128049 8128059
8518308 8518315
6705537 6705551
8482777 8482785
8816468 8816476
31103578 31103580
15287563 15287568
1811671 2623221
14468598 14468602
14860362 14860364
7738182 7738201
4181090 4304322
4181090 4304323
7871231 7871243
36770705 36770706
1525230 2382613
7928297 7928311
6604636 6604640
11129406 11129412
9632976 9632985
14445151 14445154
9393632 9393642
5596325 5596339
5356291 5356309
8386306 8386314
2782108 3362483
14429140 14429142
14232456 14232458
803697 1603434
14304982 14304987
9956591 9956601
8946092 8946100
32115009 32115015
9966528 9966538
6990181 6990189
5226035 5226082
6837315 6837321
6679121 6679136
7170494 7170516
12890140 12890143
7391100 7391110
5696190 5696479
8670930 8670950
9119294 9119300
11460283 11460289
207440 618606
9789584 9789590
8345878 8345885
222664 687686
15363738 15363740
5758030 5758041
5833709 5833724
9206557 9206566
11429550 11429553
9958525 9958536
6150626 6150640
6538140 6538149
1449591 2319778
14367436 14367439
14367436 14367440
8843554 8843560
7437265 7437278
36770711 36770712
5729377 5729390
33115358 33115359
353989 947611
21806905 21806907
10813423 10813426
3015099 3526183
8333374 8333379
9576221 9576230
11493833 11493843
8737587 8737593
12232768 12232771
11475374 11475378
5220602 5220611
3007944 3521215
14439102 14439105
14420541 14420546
30384541 30384542
6115779 6115796
9661424 9661438
5428436 5428457
8847885 8847896
5814352 5814402
12342674 12342679
8375636 8375645
11742347 11742353
10867707 10867720
9875539 9875548
9875539 9875549
11472392 11472396
5911884 5911914
10614982 10614995
3956252 4153519
14439353 14439357
50928 215456
5355976 5355998
14399995 14400000
11939386 11939390
2122255 2869061
1316242 2187247
2399163 3090914
6664125 6664142
11898187 11898192
7849313 7849322
5721588 5721600
607665 1344187
36770716 36770717
983767 1827179
7904705 7904718
11427927 11427932
14463197 14463199
14435768 14435771
8134940 8134957
7873237 7873251
8758224 8758235
7873545 7873554
36770718 36770719
8634512 8634517
32610992 32610993
11491040 11491046
11484029 11484035
6938730 6938738
14336223 14336225
5460189 5460201
12543105 12543108
6665092 6665098
298222 822043
5775089 5775097
12324560 12324567
6203313 6203326
21727583 21727585
14439926 14439928
5467035 5467055
4550499 4567839
10817234 10817239
9140717 9140728
5466869 5466887
11197701 11197706
5641137 5641148
3370439 3773719
9019303 9019308
13247751 13247754
14696631 14696634
11873337 11873342
13248227 13248234
14670286 14670289
8352393 8352403
14414006 14414012
11987894 11987900
21708136 21708138
5080398 5080412
14577058 14577062
14204338 14204340
5295480 5295493
7175379 7175391
822114 1629473
9236280 9236293
8922545 8922553
8737613 8737621
2375 26904
6492289 6492299
217783 665035
36770720 36770721
22615806 22615809
9664761 9664770
14448377 14448381
12227756 12227759
13474136 13474143
28999642 28999644
14657050 14657052
6465473 6465484
3504616 3861533
8616249 8616256
120089 385315
11069061 11069069
36694586 36694587
5943588 5943604
6310616 6310629
6310616 6310630
13462813 13462817
9470542 9470548
648182 1389226
3251341 3695296
7332789 7332806
10032681 10032686
18670 100007
12224777 12224781
7376268 7376277
8658172 8658179
24374858 24374860
8596581 8596588
14203592 14203596
8536548 8536557
1405905 2279455
9528323 9528333
7227021 7227028
7421693 7421707
2131394 2878648
14517586 14517589
12270928 12270932
10483763 10483770
14711947 14711950
12940106 12940111
11502534 11502539
7077387 7077395
6878145 6878152
7578948 7578964
6014661 6014708
12801520 12801527
14235669 14235671
9211293 9211304
10002321 10002327
14207706 14207710
11868027 11868032
13188710 13188714
8679963 8679970
5635322 5635332
11875695 11875699
36770722 36770723
14451098 14451104
13060603 13060607
2419927 3105800
13193689 13193694
9833318 9833323
1835403 2641419
8967128 8967139
8824928 8824936
6061358 6061379
34894394 34894395
329756 895189
9322010 9322019
8265075 8265083
3526175 3879800
7037122 7037134
766388 1550918
12622347 12622357
8739741 8739752
8187802 8187823
8689651 8689662
36770724 36770725
9106987 9106994
5987495 5987520
5044572 5044585
11487729 11487733
813954 1616629
813954 1616630
10998521 10998528
24403703 24403705
4968740 4968762
12828678 12828683
11499295 11499301
12880378 12880382
8484347 8484359
11672332 11672347
9425315 9425324
9352238 9352246
7837971 7837980
6678984 6678994
10864513 10864518
583718 1303621
5512480 5512496
7786985 7786995
7529962 7529972
12159456 12159464
944685 1775306
11576775 11576781
14647577 14647580
15537993 15537995
6822068 6822084
6728238 6728243
7171559 7171569
12762641 12762648
28740793 28740795
3220712 3672879
11447101 11447105
15261057 15261059
9234959 9234968
4110964 4258352
7252156 7252171
21802513 21802515
21802513 21802516
11760805 11760810
9153654 9153659
9263375 9263388
14292857 14292862
9487552 9487563
12211954 12211956
5837249 5837266
3072041 3562643
11546431 11546434
14208659 14208661
7534250 7534257
11558504 11558510
7431547 7431553
36770729 36770730
14407882 14407885
16743 86342
13474238 13474246
6418193 6418213
6643087 6643115
4659234 4665377
4659234 4665378
30786869 30786872
12667067 12667070
6427883 6427891
6697246 6697263
9307619 9307628
441481 1089852
3548883 3894375
14653148 14653150
36770731 36770732
5945177 5945196
14224650 14224654
111286 358571
8830673 8830685
35865468 35865469
14714864 14714868
5609648 5609672
10724663 10724666
220302 678022
10928442 10928447
8401728 8401737
7454458 7454466
1443802 2311925
14434328 14434332
36770733 36770734
191000 585140
5270699 5270753
14472525 14472527
12869185 12869191
8835679 8835692
7651120 7651131
11868437 11868444
929042 1746550
12214992 12215009
12214992 12215010
4981839 4981927
10604441 10604447
9150205 9150214
14204676 14204678
5728313 5728335
5728313 5728336
6685623 6685634
5462301 5462312
7556320 7556329
9069664 9069673
15568266 15568268
8913623 8913644
14483740 14483742
36770735 36770736
41874 172735
9287579 9287587
12296282 12296289
13194681 13194684
108973 353024
28377632 28377633
9643907 9643911
13113149 13113155
14467256 14467258
9173763 9173775
7487308 7487318
14760758 14760763
14760758 14760764
6955843 6955849
13145154 13145157
14305305 14305310
9536110 9536119
6071071 6071084
8275415 8275423
36770737 36770738
5981605 5981614
7690266 7690306
9559555 9559561
12212557 12212568
12212557 12212569
12080448 12080452
14207974 14207976
15397936 15397938
14724750 14724753
7302123 7302127
7176166 7176175
6248425 6248439
9318142 9318151
14679665 14679667
8944029 8944037
988845 1834654
14477566 14477568
8696253 8696261
4030780 4200994
9238555 9238565
9312434 9312448
10951877 10951882
8879421 8879430
15415405 15415412
13518080 13518085
6925400 6925409
6060121 6060127
12343295 12343300
8171079 8171092
6930578 6930590
6581870 6581882
649977 1391625
3256113 3698586
5918842 5918855
10860929 10860943
14531777 14531782
14701935 14701938
7527297 7527308
9318584 9318590
8936676 8936682
8413719 8413730
12291824 12291830
14362789 14362793
6008487 6008510
8593020 8593032
5825595 5825619
826248 1636978
14869094 14869096
9410746 9410756
3547875 3893423
4996652 4996679
14212524 14212528
6444236 6444248
12799916 12799920
143752 452400
6957040 6957053
7928322 7928335
6326759 6326774
14211145 14211148
11593982 11593987
21924520 21924522
14445303 14445308
7458562 7458570
10033414 10033424
15377778 15377782
5074719 5074760
5794231 5794271
5439 48316
9285429 9285437
5344863 5344873
2124205 2872116
8847775 8847787
9379805 9379816
8870770 8870776
120518 393120
6451146 6451158
14474477 14474479
7011101 7011117
9057201 9057209
7289151 7289169
9876990 9877002
893219 1706464
11974972 11974977
14754123 14754127
11604961 11604965
6966158 6966169
8770078 8770088
8208337 8208345
12298965 12298968
3527956 3880950
9592416 9592426
3792930 4043878
12956286 12956290
14213539 14213543
7325536 7325545
583720 1303729
11385850 11385855
6598984 6598992
113512 370530
298319 822243
6047851 6047866
5785774 5785820
6259416 6259429
6212283 6212303
36770740 36770741
12667017 12667023
14509575 14509578
3465228 3837158
11438840 11438846
6485979 6485992
14212367 14212371
12335567 12335571
7547272 7547279
5681557 5681577
6554804 6554811
10897858 10897861
14432298 14432302
11732371 11732374
10882064 10882068
9525942 9525949
6771884 6771892
6838666 6838681
2216191 2949569
11179320 11179326
7344354 7344360
9933525 9933532
3555541 3898633
21897585 21897588
10007559 10007562
14445824 14445826
9890056 9890061
2376454 3068464
3195841 3652490
939799 1771017
743754 1521126
8894158 8894174
1605866 2455859
36770742 36770743
14498659 14498662
15573001 15573004
9251877 9251889
10682424 10682431
8385636 8385655
33310040 33310043
14509246 14509251
11565305 11565313
12748009 12748012
9865122 9865125
14380131 14380135
14681229 14681231
14485131 14485134
8480394 8480402
4990356 4990411
36770744 36770745
2321315 3025830
11576600 11576604
11591863 11591867
9453896 9453911
12303754 12303756
201730 604497
36770747 36770748
14230399 14230403
14483912 14483917
8741163 8741176
7658492 7658510
36770749 36770750
2594079 3229153
1774527 2590245
10034330 10034343
36770751 36770752
10815795 10815801
9411646 9411658
14632629 14632635
11867194 11867199
11867194 11867200
13419301 13419305
8755708 8755722
6843409 6843420
14350734 14350738
8950441 8950449
9929878 9929889
4201872 4317425
8805182 8805191
5432882 5432892
11733231 11733238
15500873 15500876
7829810 7829823
14203480 14203482
12274859 12274862
14519476 14519478
14310351 14310355
9150095 9150101
30663282 30663286
9136371 9136380
15513829 15513833
14279099 14279101
34936802 34936803
14680002 14680006
9586744 9586749
5920868 5920878
14220356 14220362
14241848 14241850
12343716 12343720
32891601 32891603
1609015 2458472
10773280 10773283
3523248 3878132
8560514 8560527
21859829 21859831
14548196 14548198
9889297 9889314
10364923 10364927
13001959 13001964
13459578 13459584
3064842 3558706
14527218 14527222
14227625 14227628
9055834 9055842
30354635 30354636
2728177 3319092
8964690 8964700
10870065 10870073
8159047 8159053
12506872 12506879
14371358 14371360
7453322 7453329
7453322 7453330
14448766 14448770
5959526 5959553
8598895 8598905
7170644 7170650
9080751 9080764
8929235 8929254
5567276 5567293
8989762 8989768
15867612 15867616
15499288 15499295
4502815 4529580
14225484 14225488
7384030 7384052
7384030 7384053
8224342 8224353
32620447 32620448
7021964 7021982
65051 250342
65051 250343
36770759 36770760
12958114 12958119
7373414 7373423
14213779 14213783
13177094 13177099
11859989 11859992
9484102 9484112
6071377 6071387
36770761 36770762
10479805 10479857
1483024 2350650
14622428 14622434
14622428 14622435
13024336 13024341
8113299 8113311
4671745 4677117
4671745 4677118
13428406 13428411
13428406 13428412
11537881 11537884
11864366 11864373
9614637 9614649
8037154 8037172
8037154 8037173
8892688 8892714
5884163 5884189
1898062 2680295
15455100 15455104
8985387 8985399
9407600 9407607
9805617 9805624
8976167 8976177
9347930 9347940
14657575 14657579
935028 1764198
5233076 5233615
1340698 2213621
8571022 8571031
1483023 2350616
13197725 13197732
34864384 34864385
9225877 9225889
14262855 14262859
5174207 5174220
9446990 9446997
11536195 11536199
6318526 6318541
8482594 8482622
12966915 12966919
2317419 3024422
1243931 2122902
9000022 9000032
14332120 14332123
12700997 12701001
14453858 14453861
14507292 14507295
12176189 12176192
10890813 10890817
8402260 8402272
22555470 22555472
4438158 4480313
9067205 9067216
6359979 6360000
326621 885894
10840153 10840158
33450994 33450996
12778729 12778733
45182 193316
5583213 5583229
7559074 7559080
1930842 2707014
14206856 14206858
5750484 5750497
9950977 9950986
15779378 15779380
723694 1485176
5276190 5276199
14243642 14243647
6738851 6738855
8798423 8798434
10921614 10921621
9842344 9842355
12348036 12348041
14664264 14664268
12251376 12251381
21956711 21956713
8914061 8914070
7818121 7818132
9128379 9128389
32975067 32975068
3245747 3691284
36770766 36770767
13134221 13134226
11823096 11823101
32621397 32621398
15479497 15479500
14551306 14551309
30709198 30709204
12963207 12963212
12777788 12777794
11286768 11286777
8148776 8148799
10922980 10922985
11974074 11974078
5464692 5464704
9915140 9915145
10710810 10710814
13470579 13470586
821403 1628662
8136190 8136200
10795702 10795708
13354566 13354573
9467806 9467817
14544673 14544679
14544673 14544680
30294021 30294022
8391172 8391182
15811653 15811656
7253719 7253727
34856185 34856186
8790448 8790459
15370058 15370061
7701097 7701119
7701097 7701120
9248744 9248751
6041821 6041838
8912685 8912694
21834999 21835001
24402878 24402880
9652562 9652566
5226035 5226083
11814403 11814409
9645752 9645757
7844901 7844910
314359 850402
14228225 14228228
173886 537079
14308087 14308091
7386676 7386688
10370944 10370948
7111658 7111666
7657568 7657572
1761848 2581219
5114998 5115034
6654922 6654931
15476936 15476939
13030345 13030349
11739482 11739485
6393649 6393660
15441012 15441016
45187 193572
11135882 11135894
10927430 10927434
36328187 36328188
12226855 12226860
11692894 11692898
9662012 9662020
16970 87552
14224032 14224036
8307720 8307733
33792489 33792496
9185826 9185839
9563457 9563465
5854227 5854262
8060397 8060408
14612780 14612783
14272260 14272264
14234559 14234567
1188924 2063241
11822927 11822932
14513905 14513910
10965563 10965566
36770769 36770770
3230683 3680372
14690838 14690841
10946162 10946167
7295937 7295951
7311913 7311924
1340580 2212533
9485308 9485313
11039884 11039897
5780549 5780560
11825594 11825597
9950949 9950957
9950949 9950958
9080912 9080924
11778899 11778904
6214612 6214623
14225486 14225492
223575 693518
10627246 10627346
12201195 12201201
2919771 3459414
15615547 15615549
15420704 15420708
14452225 14452227
7048749 7048757
5779644 5779660
15493252 15493254
15629892 15629895
7732115 7732127
34079406 34079407
14230039 14230041
11458999 11459005
9053039 9053046
10019472 10019477
6344390 6344407
9297001 9297010
21613839 21613841
9624455 9624461
9648209 9648218
9555200 9555211
524929 1231524
8582618 8582634
14414849 14414853
318623 857266
15503350 15503353
14524324 14524329
6630222 6630236
15659992 15659994
15498002 15498006
36770771 36770772
6091613 6091634
14544190 14544192
5277946 5277965
15505972 15505974
14524954 14524957
14537891 14537893
13152240 13152246
14231978 14231980
10360009 10360015
13380624 13380632
45234 195598
11287259 11287266
14269452 14269455
14564554 14564557
8802570 8802579
9389596 9389611
8088727 8088736
9361309 9361317
14613658 14613662
13443308 13443314
12903852 12903854
9358412 9358423
12972221 12972229
15449978 15449981
14243221 14243224
21732671 21732673
12541278 12541283
21956711 21956714
14270859 14270864
12552877 12552882
11891621 11891625
14269452 14269456
2590186 3226079
33821085 33821086
9226145 9226174
14612099 14612101
12995773 12995777
14244106 14244113
6898976 6899010
9456299 9456315
34793793 34793794
14243159 14243165
15578322 15578324
33364861 33364863
12158032 12158038
7253363 7253374
8633098 8633110
15562161 15562163
12162406 12162411
11724039 11724044
8673802 8673829
8951767 8951780
6130481 6130509
21959789 21959791
4685760 4690025
14503309 14503312
9348001 9348008
11992483 11992488
14453333 14453335
8927253 8927260
36770773 36770774
14594650 14594654
11718861 11718865
449009 1104721
14263254 14263257
11970669 11970672
14256326 14256330
9764663 9764669
8516323 8516331
6434491 6434509
7019341 7019353
21792532 21792534
14240868 14240872
11897812 11897815
21837841 21837843
21837841 21837844
9387812 9387821
30339282 30339284
15538369 15538373
15538369 15538374
10571116 10571123
35445788 35445790
35445788 35445791
9368733 9368746
36770775 36770776
9796900 9796919
14667957 14667960
12783470 12783476
9796900 9796920
14456945 14456947
12290493 12290496
11438771 11438775
14285066 14285068
7928956 7928967
11029865 11029870
6416711 6416737
11560210 11560214
14564688 14564690
9767829 9767838
11888402 11888408
9383286 9383298
9987174 9987183
14260008 14260010
14214016 14214022
28758837 28758838
9395014 9395018
9202639 9202653
15245428 15245442
14519224 14519227
14519224 14519228
14543934 14543939
15588563 15588567
9853763 9853774
3532000 3883583
9484820 9484828
36764273 36764274
316111 853402
14397361 14397365
12170732 12170739
14548326 14548328
9597553 9597558
29345180 29345189
14543453 14543455
9827406 9827417
28581997 28581998
15519100 15519102
36770778 36770779
9407110 9407121
13354566 13354574
14258565 14258568
14654215 14654219
3608299 3932436
8458014 8458052
8458014 8458053
9608355 9608362
42197 173683
813998 1616683
813998 1616684
14254691 14254693
12307073 12307078
14520833 14520837
14520833 14520838
12148043 12148048
33653118 33653119
9540464 9540477
11778678 11778681
9786872 9786878
9786872 9786879
5981621 5981634
11837072 11837079
11837072 11837080
13202620 13202623
12210595 12210598
14587562 14587566
9429753 9429757
12146614 12146618
14578503 14578505
5557744 5557749
15526207 15526209
234608 717740
12867215 12867221
28585966 28585967
34005060 34005061
7191637 7191641
15567998 15568001
15567998 15568002
5728951 5728962
37698 153117
14251004 14251008
3859242 4090642
13491434 13491445
14654980 14654984
14674091 14674093
21725609 21725611
21725609 21725612
14226330 14226332
21884851 21884853
12042454 12042458
21821982 21821984
7025947 7025955
446247 1098821
15222741 15222746
15222741 15222747
29048756 29048760
6432929 6432942
8415826 8415841
11704057 11704063
36770780 36770781
12325263 12325267
21750397 21750399
21750397 21750400
34914655 34914656
14630457 14630461
12781173 12781179
9660960 9660966
13049407 13049412
14260103 14260106
9633192 9633199
9307372 9307383
14716697 14716703
12720324 12720327
14654041 14654043
14457992 14457994
9298487 9298497
14595932 14595935
36770783 36770784
8424375 8424383
14597027 14597029
7050090 7050106
11736233 11736236
5217192 5217198
36770786 36770787
5011580 5011623
7270188 7270201
15181464 15181467
14612537 14612539
9340896 9340904
9448192 9448205
9241544 9241552
32969015 32969016
9531898 9531905
36770788 36770789
12718120 12718123
9411501 9411511
1058389 1920145
28441929 28441930
21655321 21655323
11030220 11030223
14634207 14634209
12173427 12173430
14608104 14608106
14280455 14280458
11970322 11970325
5507756 5507803
14434454 14434458
10374171 10374174
36694963 36694964
5700191 5700198
14607461 14607463
36770791 36770792
14609723 14609728
36770793 36770794
14267159 14267161
14264475 14264478
12974368 12974374
2351827 3049117
7477008 7477023
13062871 13062875
11804778 11804781
11207536 11207542
9488628 9488636
14263735 14263742
14495206 14495208
31777388 31777389
14264330 14264335
14411609 14411612
36770796 36770797
15531912 15531914
33656608 33656609
5722284 5722292
14626517 14626519
30297214 30297215
93054 316112
14600321 14600326
3262569 3702682
8404978 8404985
7841850 7841858
12332600 12332603
12180717 12180723
14837572 14837574
10750875 10750878
11949610 11949617
9502968 9502977
11125834 11125839
21929137 21929140
14272538 14272540
14546998 14547001
14546998 14547002
36770798 36770799
228275 703925
228275 703926
9626150 9626158
6432929 6432943
6432929 6432944
14623467 14623471
11569048 11569054
227428 702317
7491941 7491949
14649541 14649543
14628820 14628822
32173743 32173746
9388147 9388154
14285764 14285768
14277256 14277260
3798972 4047915
14618982 14618985
14626665 14626667
14280365 14280369
14285870 14285872
5056119 5056155
11824055 11824062
14625280 14625285
13490086 13490120
10577277 10577283
21710368 21710371
21853826 21853829
9792359 9792362
9510466 9510474
9441934 9441945
14272532 14272534
3024902 3533261
12956200 12956209
12018212 12018217
14628870 14628872
14679705 14679710
14629262 14629266
14601732 14601734
14207708 14207723
14207708 14207724
15651822 15651825
12348168 12348172
11135890 11135911
2851300 3407911
15547373 15547376
9819625 9819638
14483756 14483760
14286120 14286123
10331805 10331809
36770803 36770804
14462219 14462221
6356210 6356217
8821702 8821712
11812901 11812910
4240099 4344427
12030701 12030704
9474296 9474302
35654710 35654711
36770808 36770809
6638920 6638935
7763346 7763350
14654562 14654565
6640843 6640868
9490757 9490767
36770811 36770812
3289240 3720664
13301 76247
12190475 12190483
36115953 36115955
1413597 2286396
14642691 14642693
11960831 11960839
12274234 12274238
9146833 9146844
36770814 36770815
15238006 15238009
3063170 3557591
10719177 10719186
9655089 9655095
6702104 6702117
21677400 21677402
28434258 28434259
32979552 32979553
14649234 14649237
21716035 21716037
11805146 11805152
12622675 12622679
36770818 36770819
9594941 9594952
36770821 36770822
5239553 5239572
14556671 14556674
12200172 12200176
9648280 9648284
7513001 7513014
9140503 9140509
14657762 14657765
12268804 12268808
5458881 5458897
14653661 14653663
9661483 9661492
9660833 9660840
15368258 15368261
14656064 14656066
9659946 9659956
658843 1400819
14679845 14679847
28601446 28601447
10501282 10501290
14544677 14544689
15666342 15666344
14668871 14668878
11561949 11561959
9614816 9614826
14585448 14585452
12291831 12291839
14544678 14544694
7140446 7140471
15628204 15628207
12144810 12144814
12321439 12321444
36744041 36744043
14678983 14678987
14288117 14288119
195700 590309
195700 590310
11996413 11996419
36770823 36770824
12361142 12361144
14288681 14288687
14638530 14638535
2361572 3057837
15251063 15251067
10306163 10306168
36770825 36770826
14658670 14658672
9644161 9644166
5020275 5020278
12696764 12696769
21853525 21853527
36764157 36764158
8678146 8678154
12675047 12675056
6659803 6659821
14662871 14662874
5711109 5711138
14674304 14674306
14672567 14672572
15239201 15239203
12613011 12613015
9665300 9665304
8281310 8281319
14676645 14676647
12313561 12313566
36770827 36770828
12245496 12245502
15592442 15592446
30779817 30779818
34894407 34894408
8020166 8020187
9633192 9633200
36770829 36770830
12336573 12336577
14679968 14679970
21923805 21923807
36770831 36770832
33327732 33327734
9663246 9663254
15243193 15243195
14293706 14293709
6271325 6271330
30306085 30306086
15327917 15327919
14577599 14577601
36770836 36770837
