36868844 6595653
36867987 36867988
36869154 36869155
36867570 36867571
36867509 36867510
36868998 24458328
8334639 8334640
35806355 35806357
36867629 36867630
36867721 36867722
36868527 36868528
36867623 36867624
36868072 36868073
36867732 36867733
36867807 36867808
36867804 36867805
36868914 36868915
36868872 36868874
36868545 36868546
36869156 36869157
36869158 36869159
36869140 36869141
36868335 36868336
36868214 36868215
36868320 36868321
36869113 36869114
36867980 36867981
36868303 36868304
36869161 2056704
1183788 2056704
12560631 12560638
4278929 4368645
36867424 36867425
36868791 6850967
36868955 2548567
36868837 911932
36868507 4903857
36868833 5306029
35049972 6383378
30313351 4254881
36867376 5407431
36868030 2291129
36869162 5411931
36868730 879578
35605681 302545
36867719 531968
36869163 6119520
36868727 5104494
36868713 9768195
36868250 5589779
36868992 35105356
35579913 1394847
36868869 8766259
34452593 871520
36867357 5649865
36869124 10418256
36867541 10843744
36869127 4572113
36867567 7112805
2489270 3161624
36868554 1793763
36868551 2435994
36867469 6800996
36868824 36868825
36868827 36868828
31930119 31930120
36868953 36868954
36867619 36867620
36868580 36868581
36868432 36868433
36868368 36868369
36869021 36869022
36867521 36867522
10889119 10889129
36868035 262005
10680722 10680732
36867728 11323844
36869019 27416810
759383 1542221
36868996 28930165
36868945 16259603
36869164 7406851
36868553 8246346
28623528 25758035
36868441 7825634
36869165 6588614
36867863 9312873
36867832 2301524
2392310 3085004
36867865 12099974
36867739 11396228
36867839 12293553
35563059 9506661
36867743 8156900
36520438 5451464
36868023 5235133
36868980 7195764
36868628 17669968
36868983 8778921
36867873 1660476
36867718 5833792
36868344 1326009
30865593 1660232
36867861 9821592
36868970 4169944
3982113 4169944
15149714 15149727
36869017 9183416
36867436 5060069
36868555 7761662
36869166 8674159
1055436 52956
36868556 903463
36868064 4519841
36867406 4956502
36869167 11344539
34257858 3616298
36869011 5556432
32828932 3831240
36869168 8697906
36867615 2345356
36868792 3579833
36869169 3041141
15289565 2037511
36868067 1335776
10410699 1506347
36869170 2143927
36869171 3165210
36867616 710155
36867671 2003346
36869172 710140
36869173 465233
36867317 1634615
36868447 3474283
35585058 3631455
36868737 231389
36867929 3639339
36868348 2861130
36869174 212276
36867636 2138178
36869175 36869176
28716821 28716822
36869177 36869178
36867359 36867360
36867757 36867758
35609062 35609063
36867918 35609063
36869179 36869180
34257857 331074
36867340 36867341
34257862 34257863
36869181 36869182
29361388 29361389
35591175 48773
36868851 2411196
36868541 36868542
29052356 29052357
36867818 36867819
36377577 36377578
36868877 36868878
36869183 36869184
36868766 36868767
35609051 35609052
36867829 36867830
36868529 36868530
36663950 36663951
36869185 36869186
13475435 13475439
36868680 32891220
10889132 10889139
36868127 36868128
36868342 36868343
36867968 36867969
14664737 14664740
34724793 34724794
36867746 36867747
36867787 36867788
36868739 36868740
36869187 36869188
36868734 36868735
36869107 36869108
36867826 36867827
36867633 36867634
5027036 5027039
36868775 36868776
10405085 922834
36868093 385576
36868789 2232910
36869189 5204046
36867348 902856
36868055 2319887
36868041 2777463
36869190 1536322
36869191 3271653
36869192 6492725
36867422 364702
36868435 5038458
36869193 510678
36868334 1692263
36868053 8544681
36867799 366165
36869195 194482
36869196 3457641
36867760 3018215
10405030 10284436
10188589 324766
10407149 5207803
36868402 367754
36869197 1907215
36868407 1305469
36869198 93677
36867471 2357245
36868070 6705115
36869199 312784
36869200 11622752
36868610 3551577
36868089 2748709
36869201 701494
36868060 11404328
10409251 1352445
36868907 299663
36868612 620905
36868921 1438963
36868919 1974669
36868156 2277166
36869117 9902567
10404874 1250448
36868486 100313
10403819 100313
10405095 3328477
36868917 1845612
36869202 3052728
36868731 1539154
36867659 3468552
35596184 13244468
36869203 859315
36868396 978396
36869204 6869773
1183781 2179
15636564 1327719
34257875 8905902
13430207 13430209
36868430 2296720
35609080 313993
36867470 3480964
36868006 1768138
2489268 3161608
36868399 3161608
36868069 3766125
36868959 394616
10410248 3241907
2861377 444231
10889118 5487725
15624412 15624414
36868931 2267659
1183798 2056713
36869205 6151005
36868325 5627264
36868666 2488837
36868952 5511651
36868208 322063
36868042 604010
36868012 759758
36868397 1095375
36868398 1095375
36869206 5213867
36867585 3238917
36867864 5071519
1203608 2079410
36867992 360392
36868649 1557377
36868420 928353
36868151 1793498
36867612 4424334
36869207 2313145
36868487 1702669
36867645 5751000
35563473 3572343
36869208 1712901
30781874 11464186
36867664 3623031
36869209 4430432
36868400 1762222
36868384 2754073
36460875 7428993
36868586 4430158
34257844 3674315
10188663 915164
36867759 5591764
36867660 5887252
36869010 2991805
10410200 5114971
36868937 901102
36869210 670116
36867825 894854
10410703 313929
36868137 925308
36868138 925308
13342094 358300
1646656 2489260
36868835 396620
36868044 348822
36868074 1505621
36868425 4979143
36867592 225728
36867970 1249841
36868426 8203914
36869145 1499105
36869122 389167
36869153 3241609
36868664 11622920
36868916 5142851
35596183 2316548
36868422 3926838
34257860 5722132
36868594 7391944
36868438 6407333
36868866 10331594
15325392 2288711
36869211 1418412
36867939 3820102
36867940 3820102
36868058 3359587
255755 750433
36867781 3187603
36867977 1514819
10401540 1607321
36869212 2581479
36868404 2858584
36868427 2899474
10410250 2602272
29363250 1181248
36868122 2053856
67292 255738
35582882 2594036
36868973 883358
36868567 1532936
36868861 3504757
36868862 3504757
36868863 3504757
36868864 3504757
36867895 883267
836189 883267
15031332 3767904
36867942 3445525
36868534 747466
36868912 3140644
34257842 3596261
36867332 2306278
36867507 4146084
36869000 1590466
36868995 987498
36868540 801657
36868382 916851
36868920 3321078
36867377 1181194
36868669 2053936
34257867 2946705
36867591 2466169
36867742 2043599
36868936 3275471
35595959 3596040
36869213 3445585
32994905 791286
508974 1203475
36868601 3116427
36867650 2306284
750259 896728
36867414 3356226
36868536 107102
10411094 890571
36869149 3236467
36869214 3980824
36868248 3356249
34469531 2279077
36868683 3116217
35568480 590462
4908568 898905
36868744 1974167
14315931 2433542
36868758 1547651
36868764 1766511
36868008 2291481
36868022 2218264
34257881 1641339
36868543 4117805
36867809 3023463
36868331 1493378
36868423 2946692
36867653 956575
30765044 1393209
36867944 2145963
36868962 2145963
36867748 975856
497894 337493
35609079 1547642
36868639 1783054
36868496 444816
36869215 819735
36868164 219784
35609061 1931319
35609048 584515
34720371 584515
10680745 3820123
36868016 2813332
36868071 1181200
36869121 4061402
36868497 1855420
36868357 535335
36869216 652413
36869217 652413
13433666 652413
15121470 2565461
36868309 3767938
35609078 2210863
36868560 2813274
36868249 2003504
36868253 1574029
36868579 2946754
1231097 2110033
36869218 2433552
508497 1202455
36867786 4169146
36867504 443483
10405052 3414515
36867655 336199
36867605 1914836
36869219 1957579
36868037 2083650
10405120 2084774
10405056 2709516
36868374 3445615
10405097 3381375
10411035 3819982
36867662 3381380
13446790 3242429
36868924 867197
35609072 608013
35609076 1181209
36868524 3980810
35556722 994987
36867684 2210878
36868315 432257
35609041 3906749
36867547 831364
35609059 3080129
36869220 2730532
36869221 935377
36868401 3445596
36868525 2433557
36868484 3596491
32841948 1584407
35596429 462559
35609047 3317183
36868503 3445562
36460640 418126
36868494 2457637
36868495 1995897
36868493 1775411
36868360 1146719
36868798 398103
2056706 2816104
31934688 314247
36867993 926094
36867736 1226444
36867381 824740
36868523 3477402
36868836 3115978
36869222 889269
36868585 3116460
10405118 2382324
36869087 462571
36868812 3445576
36868267 948918
36868270 948918
36868272 948918
36868230 1138821
36867508 3179710
36869077 905364
35609055 3569845
36867989 2049243
36868631 2325808
36868255 941516
36868663 3219019
36868461 856949
36868480 856949
33575730 1649056
36869223 462486
36868768 2049241
36867355 2502590
36868574 699877
36869224 3685165
10410207 1777383
36868050 661638
35563432 441879
35609070 627258
35609069 1578226
36868015 1044182
36868429 2290536
36868036 665945
10410203 1992069
36868403 1785633
15645505 2572943
36867694 894201
36869225 3215827
36867324 437863
36869110 2512586
2861361 3413470
35596679 2049244
31061085 962308
36868715 2308223
35616779 2053944
36868743 3121190
34305396 2424742
36868696 2433261
13409922 436482
35609060 692569
36868290 1857909
36868651 2433568
36867554 2705194
36867665 1777989
36868575 3484410
36868661 3569831
36868643 1928015
36869226 1412075
36869227 1562404
32809017 496845
36867999 1693554
35609038 304524
35609044 561831
30781861 2053884
36868946 1593975
36868521 2053865
36868941 4029645
35609077 2905093
36868927 320272
36868326 1492741
36869038 3924092
36869024 3924092
36868332 4029655
36867958 1396111
36867540 3154474
36868313 2249237
36868558 1741186
36867561 942097
36868376 1749382
35609068 1396044
36868254 2801270
36869228 2905100
36867888 596698
34257865 1525734
36868390 7767360
36867642 2602909
36867920 2291509
36869229 1785646
34257847 1785646
525370 1232565
36867313 97815
36867465 2905109
32828939 1739853
36868428 1362838
32826528 869671
36868424 2904729
36867315 1975527
36867328 3356233
36869230 1675209
36868117 2529228
36869231 2645512
35609057 3116009
36867996 2813297
36868391 3819995
36867372 3381351
10192777 3275515
36868505 660313
36867889 1390124
10405111 3149969
36868901 3191356
36867488 2177517
36867475 1340380
36867478 121481
36867556 100407
497908 1183774
34721424 977755
36868923 2465376
36869232 2465417
10407207 1154359
36869233 3359711
36868807 9577204
15325380 975627
35596687 975627
36869001 3236410
36867345 65195
36867482 1615531
36867400 616117
36867677 3445622
36867668 2465410
36867715 3381326
35617000 2592897
36867848 1491863
35586850 1407569
13487715 3596450
36867516 898906
36868482 2813309
36867466 1513953
36867971 2602232
35591014 1785652
36867588 1390275
35609046 2755606
36867935 1778800
36868394 1156444
36867490 3349592
35609053 2540227
35609054 1284969
36868000 3685196
36868520 1556169
36867491 3477411
36868460 3056419
36868372 1793101
36868935 2502397
36868667 3419855
36868559 2267822
32841947 1289809
36867493 1959329
36867494 1959329
36867586 218519
36869234 2429864
10401538 2429864
36868659 830471
36867670 3767943
36868154 2163604
36867336 2197613
36868103 2946698
36867479 3007037
36868251 1181238
36867954 3527296
36868148 1376867
36867477 1419532
36869235 45586
10405124 453135
36868419 1685451
36867419 2905116
36867914 1436857
36869236 2748717
36868388 2813314
3413498 3596258
36869237 3237281
36868821 3428142
36869238 1362860
36867344 3896153
36868570 380763
36868110 3665474
36867675 6802250
36867667 2306580
36868518 1850906
36867812 1771204
36868531 3550203
36868500 101076
36869239 3968973
36868677 1555460
36867685 3099556
36867680 1303195
36869240 3331994
36868940 3330308
10410118 926323
36868185 7481635
36869241 4556192
36867483 988131
36867560 2834289
36868660 1639921
36868654 3445655
36868411 373058
36868582 2408731
35609050 4170850
36868136 3395823
35586849 986666
38669 158142
36869242 3459946
35609082 3172591
36868209 3268070
36867484 891078
36867384 1967461
36868599 1880134
36867657 1198209
36868859 3481248
36869243 7214567
36868481 1087711
36868431 6788803
36869244 2536628
36869006 3502073
36869007 3502073
36867382 396846
36868533 869919
36869116 3752572
36867468 3523640
36867876 3523640
36868800 3523640
36868057 1490849
36868517 8448914
36868516 4490373
36869105 7733563
36868310 807352
36868595 1414283
36868596 1392827
36869245 388272
36868086 67635
35609056 1548686
36869151 5457622
36869152 5457622
36868968 1823238
2816110 1365563
31934850 4192813
36868885 1658833
36867953 4193068
36867855 3243690
36867854 902056
35609075 3215658
36867800 1720662
36867773 1530691
36868682 3860072
36868600 1225048
36868416 7291411
36868258 1686370
36867492 4751519
33237595 2948577
36867512 2948577
1239882 2091196
35556784 3189113
36868038 2650043
35609073 8026975
36868618 3285501
34257853 1338634
36867810 2743369
36868668 6077849
36868607 1937916
36868265 4019190
35576158 626752
36869246 1937929
36868119 3665526
36867574 2772073
36867590 1257567
36869247 2579730
35573329 861950
36867584 626780
36869248 890067
36868515 3805366
36868918 4656575
36868672 853334
36869249 1634232
36437887 300806
36868418 6707511
36868723 1702682
36868692 904526
14986259 4409249
34056449 156322
36868909 3435180
36868908 102252
36867714 685623
36869250 876853
36868898 3329424
36868965 2291234
36868847 2502240
3588858 1317464
36868926 386181
36868079 7045524
36867734 914582
36869251 1944776
36868085 1478996
36869253 2465395
36868075 850261
36868796 3155751
36868788 1127133
36868449 2402189
36460966 192094
36868150 3695039
36868229 1727278
36868993 1894622
36868191 3165928
36867905 2547067
36869255 2496081
36868774 2829438
36868700 1830709
36868759 1682873
36868777 6239452
36868754 1090260
28716796 224421
36868698 3542094
36867892 1776779
36869256 1114926
36867842 36867843
36867964 2958236
5026598 947509
2816099 1689645
36868094 3038361
36867678 994589
36867669 1651288
36869257 2812376
36868379 3021141
36869258 1651300
36869131 3162258
36868260 288202
36868386 3760568
36869259 1587643
36867640 687468
36869260 1607053
36867538 1987016
36867539 1987024
36868047 2770717
36868699 3078898
36868848 2215412
36867778 219985
36868644 2784125
36868587 4027076
35568703 3923970
36868987 1297605
36867878 3196515
35582460 3505980
3383782 1079446
10412521 2494028
36868810 944777
35595958 2861032
35609071 1830778
36868797 1179740
36868383 2177134
36869261 2053057
35586848 1225097
34720432 3413218
32810008 3923995
36868932 3363770
11155683 2812277
36867329 2494179
36868421 2587938
36868373 3841019
36867789 2053078
36868930 1987035
36868557 2444985
36868287 2812442
36868483 3778839
36868102 2543428
36868928 2494072
36868490 2770692
36867921 1884676
36868665 750234
36868589 781812
35609040 2758860
34385682 3202815
36868356 2641163
36868781 3596297
36869262 1041308
36868891 4199662
36867966 2770724
36867331 1987066
36868808 3358382
35609037 3542100
35609065 3063725
36868578 3899876
36868414 1853682
36867371 1651311
161645 509116
1054455 1916737
31930511 3347556
36868576 2654538
36867952 3055314
36868509 1089766
36867813 3354819
36867802 2507516
36868648 3307682
36867769 2053106
36869263 2755934
36868675 3175799
35609535 1812516
36868879 998855
35562879 1806970
36867915 2073817
36868563 3467430
36868841 436046
36868899 1982989
36868818 3243363
35585059 1884210
36868532 634865
36867587 2169642
36868817 2455543
36868361 918426
36868293 900972
36868626 1693435
36867749 4272121
36868903 3923987
36868059 3484969
36868709 7654801
36868371 2494042
36868752 3724630
36868614 1180464
36868757 915936
36868753 2812427
36868756 2561358
36868842 860337
36868976 3539629
36868902 95298
36867967 2977798
12253154 4630336
36868975 8889686
36868662 2891656
5903033 5903036
36868670 99259
36868671 4832741
36869264 7274246
36869265 867492
35556717 6030267
36868922 6757371
36868362 3567731
36869046 2868818
36869266 265756
36868591 9335816
36869267 1562671
36869268 2467965
36868893 760178
36868161 6014260
4775715 364318
13466702 6897897
36867652 2844371
36868153 1434715
36867555 2310534
36868736 2573238
36868370 5269239
36868815 1732570
36868860 4193775
36869118 36869119
35047431 2127664
36869269 333615
36868565 467919
36869270 2918392
36868537 3357115
36867326 3357261
36869133 325725
36868819 1755014
36868577 698852
36868951 1304633
36869271 2774352
36869272 3034395
36868616 3766481
36868823 1018776
35609064 3641669
36868655 97992
36867523 2063289
36868442 651925
13457319 1574999
36868876 2482086
36867658 1786499
36868843 136014
36868158 2364170
36869273 685403
36867421 2007182
36868548 1485669
36868549 1485669
36869274 4020657
36869275 467988
36869096 3766352
36869276 849100
36869277 3744174
36867380 351937
36869278 916763
36868944 933759
28707951 933759
36868613 692268
36869279 468000
36869280 2296009
36868886 3756904
36869281 2007268
36868967 2774156
4556848 3311569
36867729 874816
36868259 3013017
36867962 1135564
36867938 2556094
36868155 2556094
36868140 3690587
36869282 1911604
36868621 2628557
36867549 3357171
36869283 1105536
36869284 5346774
36867997 3357349
36869285 2076577
36869286 922238
36869287 150471
36869288 1135485
36869289 2991063
36869290 1640966
36869291 4560904
36869292 660277
36867663 389378
5023130 3014257
36868794 4277977
36868795 3130540
750286 1101255
9877425 953695
5023149 2734514
36867776 3577696
36868349 3505293
2112306 2861419
36868598 109314
36868271 1582300
36868328 1418486
31033383 70580
30870589 1693289
36869293 3015070
36869294 2300021
36869295 3015071
36869296 3015081
36868415 3015079
36869297 1059785
36868933 1432632
36868602 3014281
36868457 1871254
36868186 3014279
30758119 3015075
36868857 3014280
36868452 511366
36868855 1432651
36868124 895701
36867672 3014282
34257870 677074
36868063 38413
36869298 38413
36869299 1538040
36869300 5166744
36868561 2536337
36868604 3071390
14247520 4433015
30495474 2901990
35603591 672653
36867831 3170742
36869301 4304203
36869302 2540869
36868056 1710636
36868078 2718844
36869303 4690314
36869304 1641257
36868568 890430
36869086 674822
36869305 3330033
36867370 327782
36869306 3533547
36869307 2637021
36869308 3170917
36869309 4433078
36869310 2500056
36271787 607398
36868947 869795
36869311 1790926
36868160 2817330
36868943 1881139
36869312 3691467
36869313 3027678
36869314 909605
36869315 1455215
36868966 252800
36869316 3027713
36868895 11359888
35611917 18444
36869317 867037
36868867 670994
36869318 1731152
36869319 2952202
36868097 3674249
36867497 2275150
36869320 864164
36869321 2650673
36869322 6539418
36869323 1089592
36869324 3215315
36869129 1500122
36869325 1571878
36868990 1611704
36867373 887235
36867374 887235
35586291 1284968
36869326 2843987
36868650 1780372
36869327 1344411
36869328 8853418
36868364 3122358
36868605 3170633
36868710 5968591
36869329 2024604
36869330 3294499
22251213 3412190
36869331 54133
36867545 2347519
36869332 2223767
36869085 1822238
36868956 878063
36869099 1038286
36868327 3761101
36867858 2813177
36868716 3329261
15639277 1157840
15639279 1157840
36868033 1662227
36867979 1421852
36868512 1836493
36868938 931647
36869109 2751697
36869333 2029782
2816105 2501324
36868095 2648388
35609045 2542661
36868573 2053716
10405054 854061
10240206 2859491
36869334 1730072
36869009 3891783
36867797 1056559
36867978 1659482
36869335 3478337
36868410 869659
36869336 1984779
36868906 1410450
36869337 940837
36868897 2053753
36869338 2813212
36867515 1984797
36867505 2053722
36869339 2053722
36869340 1487012
36868048 1184584
36869341 84226
36869342 879452
34257868 997813
36869343 2329299
36868492 2072494
36868765 1444753
36868873 391861
36868884 1657639
36868905 672813
36867551 2029801
36868291 3545849
36868116 3412237
36867514 1181125
28717324 1112843
36869344 2813143
36869345 1660498
36869346 6007188
36867597 1579142
36868822 340297
36869134 340297
36868793 394385
36869347 6804764
36869348 3629738
36869349 767358
36869350 2991319
36867498 890035
36869351 1067299
36868231 351173
36867643 224968
36867913 635272
36868445 1581854
36869352 9270372
36869353 338384
36869354 9199468
36868892 918017
36867649 316526
36869355 1736012
36868506 2684433
36869356 219219
36867386 2210248
36869357 2304917
36869358 11626672
36869359 1136762
36868550 1579720
36868385 660527
36869360 916649
10410701 1760794
36867727 4312787
36868606 7942674
34413708 1966989
36867589 328137
36868448 9082284
36867641 1612099
36869361 1753993
36868809 3403908
36869362 5649049
28714812 1707798
36869363 1707798
36869364 6001591
36868508 15431458
36869365 3689381
36869366 2290547
36869368 11626715
36869369 2992917
36869370 440094
36868159 3442139
36869371 896489
36868292 872940
36868305 3896008
36867553 1659101
36869372 11626771
36867544 3843022
36869373 11626778
36869374 336837
36868439 4119764
36868880 978597
36868881 978597
34721914 978597
36868882 978597
36868640 6612052
36867785 4982554
35556371 15670556
36868686 1798101
34052675 12102730
36868804 676984
36867768 24022444
34720528 686153
36868771 5245082
36867369 1248772
35556718 7316169
36868611 620740
36868658 894791
36869375 239668
36869376 1612077
36869377 1496211
36869378 7687843
36869379 1737324
35609534 1750261
36868729 2290994
36867917 3841598
36868166 6431299
36868934 1421501
36868444 2536516
35621294 14902255
36869380 2727358
36867782 633387
36869381 3172093
36867847 4735301
10410192 7075871
36869383 1447888
36869384 591202
36869385 11626938
36867689 2435633
5024602 5024605
30492955 4164286
36869386 5592496
36869387 4751668
36867506 3733009
36869388 11626970
36869389 7306302
36869390 5454589
36869391 6095730
36869392 11552219
36869393 1811423
36869394 4291916
10405116 4708066
36868381 2063836
36868865 1641629
4899121 386973
36869395 883806
36868780 669921
36867644 110847
34257845 827722
36867412 2933739
36867323 4395967
36867972 674422
36869396 10250532
36869397 3507846
36869398 953640
36869399 1730956
36869400 10316930
36868726 2522554
36868988 2327535
32715217 195734
36869401 2909057
36869402 5727740
36869403 3961646
36868261 687573
36869404 5755308
36869405 698161
36868787 1692585
36869406 857197
36868714 1709754
35611878 3959762
36868456 2812459
36869407 3012844
36869408 4790255
36869409 2707054
36869410 1400663
36867679 8214794
36868641 136973
36868979 1674119
36869411 3535612
5027991 1849231
36869412 3715621
36868572 827688
36869413 831912
36869414 701642
36869415 1640699
36869416 1599122
36869417 5177604
36869418 6850834
36868950 4126662
36867834 1358053
36867793 1716459
36867946 2478813
36868522 4512619
36868814 1671986
36869419 397046
36868805 1577903
36869420 6445041
36869421 6320449
35573340 1103976
36868312 7998920
36869422 7747577
36869423 7946805
36868974 664947
36869424 4255398
36868801 5107881
36869425 7454452
36869426 827685
36869135 9179031
36869427 2593367
36869428 684683
34723872 1050052
36868380 52342
36868619 6525214
36868077 438503
36869429 916108
36868803 517618
36868609 3932100
36868322 362523
36869430 3223375
36869431 1690564
36869432 4231670
36867550 5458370
36867543 5496010
36867542 2624670
36869433 5569229
36867828 324664
35609049 7344868
36867476 6408524
36867405 3649189
36868782 2653193
36869434 1580619
36868981 36868982
36869435 906871
2861373 3413486
36869436 7639480
36869437 1974286
36869438 6117333
36869439 1856369
36868588 1744974
36868149 7192713
36867974 2554791
36867322 411849
36867959 9600780
10889117 10273834
36869025 3303652
36387949 5594776
36867737 2049
36867337 66790
36869440 1596598
36869441 809910
36867334 7969176
36869442 809915
33576986 678800
36868163 660422
36869443 11627372
28724314 859364
36869444 859364
36869445 173577
36869446 173577
36868301 3790276
36869447 5509309
36869448 5680791
36867413 2460596
36868017 3009281
36869449 206934
36869450 3722666
35617093 1974457
36868657 7222517
36869004 5209379
36869451 3985154
36868997 2084410
36869452 2440570
10410246 226758
36869453 9876506
36867947 441873
36869454 1553113
34257855 1547833
36869455 1337152
36869456 1547867
36868571 1594068
36869457 3582277
36868034 702110
36869458 859984
36867327 3388005
36868393 1280743
36869459 763919
36867472 36867473
36869460 1547677
36869461 3077534
36869462 53016
36869463 875573
36869464 2649749
36869465 536097
36869466 226512
36868597 1774322
36868958 2552850
36869467 1141120
36869468 2408132
36869469 763930
36869470 1522971
36868395 2408095
36869471 763955
36868165 1157886
1183794 2029807
36869472 1790396
36868676 2506051
36868339 52050
36868911 2408152
36868858 2223916
10410190 1248998
36868569 2628017
36869473 1547944
36868856 1383948
36867674 1768037
36867352 3388012
36869474 1836644
36869475 2374687
36867960 3297067
36869476 1729227
36869477 2305031
36868678 3096799
36869478 1982232
36868043 8904243
36868007 1547857
36869479 3254672
36869480 2842602
36867943 1547824
35570225 858251
36868451 592170
36869481 2407949
36867531 1692559
36868547 395092
36869482 1581227
36867991 1923881
36867761 859768
5012416 1533364
36869483 53787
36868910 876335
36868101 329525
36867552 906097
10405045 861287
36867487 2088963
36867489 3254679
36868408 4686443
36869484 8663254
36869485 858168
36869486 605944
36867338 2449413
36868177 2792227
36867822 2785225
36869487 946583
36869488 2538533
36867770 859316
36867763 2166402
36869489 1250262
36869094 1288911
36867683 1189309
36869490 2012638
36869491 763898
36869492 3446549
36868593 939139
36341831 3185798
36867423 2166439
36869493 1288919
35609039 900299
36869494 764055
10410198 3725734
36867850 1414474
36869495 2408016
36867330 3988961
36868333 2906693
36869496 3174284
36868337 3582284
36869497 3096869
36868409 3426248
10410252 3446561
10405114 4385369
36868745 876437
36868712 2266634
32828942 9573970
36868957 366323
36868999 2586247
36869498 860300
36868210 1407189
36868846 237996
36869499 915039
36867945 1035148
36868652 2287463
36869500 2314089
36868939 2102478
36869501 906621
36867647 1591938
36868806 1458128
36869502 1306566
36869503 325605
36869504 2279214
36869505 334434
36867378 127990
36867613 1828420
36869506 13044490
36869507 4433867
36868615 6419772
36869508 3671858
36869509 6678351
36867717 923752
36867716 3361915
36867356 907588
36868679 916853
36868412 904877
36868913 848483
36868377 395786
36868211 824531
35562841 1647930
36867480 226459
36868387 396178
36867358 17893643
36868732 28908568
35616717 11628023
36867772 1745066
36868603 898082
36868750 96477
36868608 881698
1266151 457368
36868645 1722790
34372267 2512634
36868623 6113149
35609526 2995862
36438090 904519
35556376 99537
15318039 84909
36869510 4671828
36867791 225438
36869511 6120466
36867775 2920893
36868511 1455477
36869512 4466825
36868647 2514245
36867711 36867712
36868697 5176887
36869513 1005909
36869514 4701498
36869515 853157
36868510 3976791
36868635 4670889
36868871 3883365
36868636 3334546
36868638 5706297
36867777 865493
36868633 5633563
36869516 4685624
36869517 900718
36868584 353430
36868583 1598326
35582063 675655
36461000 384480
1530380 448442
36868889 1612136
36868890 861209
36869518 4685987
36869519 3508231
36869520 1491488
36869521 824321
36867404 1730305
36868358 9629048
35586880 3389139
34257876 7119019
36868617 218252
36869522 4659599
36868838 98462
36869523 2289676
36868488 99344
36868489 99344
36868341 3250762
36869524 882782
28724218 10830224
36867849 10830224
36868120 5050264
36868455 11252232
36869525 2437585
36869526 979352
36868115 4486563
36869527 3015036
36869528 9563969
36867986 366318
36869529 7978440
36869530 1640519
36869531 4104149
36869532 857229
36867618 857229
10889120 828409
36868562 2614618
36869005 14591304
36868355 1738270
36867666 390880
36869535 8295306
36869536 7654007
36869537 1696235
36868504 3590640
36869128 904122
36869538 4409733
36868620 5756039
36869539 2817550
36869540 1831011
36869541 961557
36868352 11611356
36868883 8670103
36868392 2077645
36868673 8891327
36868139 13441054
36442941 1705778
36869542 5000986
36401814 5000986
36401851 5000986
36869543 857123
36869544 3068528
36869545 868585
36868854 4117953
36868852 7434923
36869546 1967177
36869547 6922656
36868849 2655058
34305397 2655058
36868850 2655058
36869548 685554
36869549 3068518
36869550 4488044
36868853 607072
28724549 351761
28724550 351761
35573326 1003195
36869551 1677359
36868900 1175460
36868061 848707
36868066 5388564
36869552 859839
36867346 94860
36869553 371913
36869554 3630523
36868929 951294
36868755 2923815
36868868 347354
36868870 3225697
36868405 1633207
36868778 4466663
36868711 695835
36869555 3504589
36867648 52011
36868443 6430431
36867654 896464
36867546 4194005
36868839 4536012
36869556 1641289
36869557 4598533
36869558 4645550
36869559 386188
28724294 3241044
36868329 3241044
36868340 4020992
36868769 4358283
36868773 11557466
15493565 3652629
36869560 13607538
36868760 2292068
36867353 3652861
13409925 3508791
36867726 3535613
36867811 964358
36867724 1797728
36867725 1797728
36868323 3728085
36869561 2513347
36867713 2538662
36868681 4623156
36867814 5417598
36869562 3815545
36868811 889449
36868813 3090153
36868972 997847
36868799 997847
35573330 997847
36869563 1015291
36869564 6346514
36869565 853340
36869566 1018336
36867638 679216
2369978 219059
36867502 631111
36867503 2328754
36868437 3420720
36869567 466374
36869568 5033333
36869569 393457
36869570 389989
36869571 96927
36868826 445639
36867926 2584869
36867673 1328217
36869572 3862695
36869573 875038
36869575 937318
36869576 1874175
36869577 13760721
36869578 2468062
36869579 2318453
36869580 3932353
36868062 9462703
36868045 6394079
36869581 3162649
36868790 1842150
36869582 4737625
36867887 699931
36869583 910297
36869584 690094
36867354 12596689
36867481 1456541
36867528 7642941
36867529 7642941
36867738 14836585
36869585 5287587
36869586 526136
30765564 5088187
36869587 4162986
36869588 3553760
36869589 877680
36869590 5478306
35573327 8241998
36869591 13012667
36869592 6542538
36869593 1705759
36869594 7074962
36868353 850054
36868566 5071187
15011863 884158
36868173 2516085
36869595 722504
14855695 722504
36869596 7566251
15617071 1463912
36869597 2656426
36869598 5085246
36868634 6732205
36867661 2656930
36868378 409973
36869599 1736731
36869600 853139
36868367 6674350
36867656 862943
36334700 3238572
36867941 8760320
36868213 690301
36868225 2817555
36869601 953669
36868485 2667113
36869602 4686606
36869603 766868
36867651 766834
36869604 6517395
36867646 1755060
36868302 8217527
36869605 1686628
36868080 1847365
36869606 819829
36867496 1854494
36867823 36867824
36868345 36868346
755706 1538004
30330582 30330583
36867365 36867366
36867730 36867731
36869607 30426209
800980 1592576
36867927 36867928
755707 1538010
14315940 14315943
