28273062 1054278
28191519 2146996
28196208 235983
28273609 1999158
28195962 28195965
33547008 33547011
28212208 7458
28212381 7458
28192243 15123311
28196084 3304004
28193204 2444389
28192898 1661421
28192454 133397
28196853 1176092
28197913 89310
28191022 89310
28270983 89310
28196106 1128746
28191009 718126
28269317 1283062
28275210 856038
6922785 6922796
28196517 21471
28223168 21471
28218665 21471
28192532 2494426
28191663 28191666
28273549 244540
28191562 487477
28196532 56471
28188476 56471
38360460 38360461
28221722 28221728
35874717 35874719
28196095 594713
28190905 234566
28212206 234566
28192524 238562
28269744 2507395
28269983 110723
28212578 110723
28208074 110723
28191003 146953
28275990 521219
38360462 38360463
36020403 36020408
28269967 271976
36037802 36037809
28196713 1224092
28193232 37240
28197942 37240
28207446 37240
28208060 37240
28196277 497131
28227836 28227838
28188422 450178
28227839 28227857
35880841 35880844
28192645 1230397
28190993 58528
28191005 303688
28196202 1278276
28191622 787359
28207439 1519
28191677 28191679
28275563 76946
28207435 76946
36003598 268626
28199513 1261651
36860434 36860437
36860438 36860440
28201970 9632
28277852 224090
36020404 36020412
28191643 28191644
28272604 318132
28197935 128952
28191524 128952
28191596 128952
4147658 17969
28193170 17969
28191008 258511
28279897 600987
28199418 3052
28279389 3052
28192463 147744
28201958 1128969
28201965 802342
28276671 802342
28191020 31261
28191564 417685
28191674 847233
28279873 2331073
28196257 28196260
28196554 56741
28192833 56741
36024808 36024810
28193473 28193476
28197859 488734
28216995 28217003
28277820 471441
28188420 72777
28195969 28195971
28191828 474925
28279593 151982
28193390 151982
28190943 28190945
28191017 764009
28270997 2515
28275562 2515
28191075 2515
28192249 92204
28270595 2635637
28191618 410986
28199519 1123718
43789 184599
28193134 328435
28196280 199489
28196279 199489
28187945 199489
28275135 199489
28207445 199489
28196034 1154228
28193463 1476161
28273379 161735
28202059 161735
28192937 811558
28196498 134019
28192861 134019
28221715 28221721
28221718 28221724
4580469 4593171
28196759 454968
35403104 35403107
28187874 1218568
28212232 74542
43787 56836
28221745 28221751
28275127 730099
36860441 29392440
28191039 6335
28191034 183335
28188569 411097
33547168 33547171
36020446 36020454
28196261 28196264
36020409 36020420
28207146 291853
36020449 36020458
28273969 253973
28190972 253973
28232622 28232670
28274101 1121037
36037801 36037806
28196006 28196009
28212368 7130
28190719 3777325
33547873 33547876
28191630 206569
28190941 128249
28212554 128249
28212214 128249
28192812 128249
28191065 128249
28219916 28219920
28270631 429922
28212222 24609
28193479 280506
28212243 434931
28190984 1243616
28197919 14811
28272152 14811
28192560 475974
28192955 705364
28276934 3366572
28197917 518865
36037810 36037816
33546841 33546844
28190982 75278
36037803 36037812
28196062 28196064
28196800 757666
28207543 470402
28197868 20302
28187859 20302
28207428 1125429
28193228 1124443
28197872 220318
28192401 220318
28190952 220318
28212106 28212108
35403097 35403100
28192677 3544845
7822145 7822160
28191032 135218
28191041 135218
28212211 135218
33547402 33547405
33547588 33547591
28212203 89414
28190990 733223
35931877 35931880
28270775 28270780
28228518 172246
28193360 88677
28193136 88677
28191164 88677
28191491 3174327
28196795 2154409
28192869 131129
28191791 2658617
28273470 1221487
36860442 1128415
28193223 763965
28192894 89521
28208061 89521
28196556 4438280
28191179 88841
28188468 88841
33547068 33547071
28270903 2783584
28188552 133686
3072452 133686
28221759 28221765
28189101 28189103
28193477 2344818
28193169 146182
33547218 33547221
28193471 593905
28201955 753363
5727479 4456251
28205322 1272856
28202013 218299
28221741 28221748
28193433 4407101
28192897 1114282
28221578 592970
36020405 36020416
28193231 1148186
28191802 973649
33547535 33547538
33547238 33547241
33547775 33547778
33547769 33547771
28190968 435052
28207441 157655
28207291 157655
28273396 157655
28188432 157655
28192324 157655
28196830 3498772
33547788 33547791
28273299 28273302
33547680 33547682
28275527 173081
33547640 33547643
28192896 35097
28187856 35097
33546905 33546908
36860443 36860446
28221701 28221705
28212216 89691
1796421 2611178
28274452 544840
28196273 527413
28191004 527413
28273101 527545
28193227 43770
28212255 43770
28191514 411196
28196283 981860
28196607 4360932
28193188 9633
28191079 9633
36009893 36009895
28196101 249777
28273185 610820
28193443 9635
28222490 9635
28275528 9635
28193189 413493
28197857 75039
28212523 75039
28207523 75039
28196234 89686
28207431 177219
36020455 36020460
28221762 28221769
33547808 33547811
28270911 238853
28193222 709376
33546947 33546950
28199525 1329415
28190828 1240354
28191089 328011
28193237 1152161
28212372 238822
28276668 238822
28207429 238822
33547086 33547089
4559918 4386786
4306815 4386786
28196796 3371761
28192343 121383
36860447 36860450
28207248 1147440
33547686 33547689
28221725 28221732
28276984 3823821
28225909 237955
28193179 525756
28191561 239509
28189170 3472876
28196229 89601
28272710 991920
35879741 35879742
28196863 2759391
28197877 130951
28187915 130951
28275298 77482
28276022 58317
28201994 20341
36860451 36860454
28196212 461281
28212196 90189
28279576 90189
36020435 36020445
33547284 33547287
28187857 75380
28187934 75380
28191058 75380
28196080 258637
28187569 1334772
38360353 38360355
28201953 7809
28212191 7809
28191592 7809
36860455 36860457
28201986 241908
35874496 35874499
28190958 135708
28190902 135708
28270696 28270703
28197922 97075
28192643 97075
28279865 153772
28191746 2625747
28270974 526477
38360464 38360465
28195957 1477969
28192188 1223169
28207541 1223169
11652772 3296245
35950619 35950622
28193181 63983
4306815 4386787
28273745 1065685
38360466 135884
28190991 1148168
28270973 82592
33547496 33547498
32677508 1276779
33547252 33547255
33547358 33547361
33547477 33547361
33547782 33547784
33547700 33547703
33547714 33547716
28196612 44094
28191057 1125338
28207426 95105
28275995 93930
36020429 36020437
36020413 36020424
36020421 36020431
11652759 3337798
28190971 833051
28269638 242084
33547515 33547517
28205406 201377
33547457 33547460
33546771 33546774
28193209 475418
28193166 64947
28196265 230235
28192340 1111118
33547099 33547102
33547337 33547340
33547490 33547492
28193190 268623
33547839 33547841
33547231 33547234
33547720 33547722
33547801 33547804
28212199 34877
28192238 34877
33547028 33547031
33547726 33547728
33547265 33547267
36860458 36860460
28221729 28221736
33547795 33547797
28212220 104610
28192642 104610
28212383 104610
3595515 3923465
33547528 33547531
28226304 10224882
28202077 1053839
28270730 28270735
28279903 65481
28185800 128025
28191559 1354683
28196461 89590
28188568 89590
28191693 279790
28221733 28221740
28278953 3995224
28275110 198875
28212229 198875
28221737 28221744
28191204 909278
28191518 552310
11652770 3085329
28201976 78466
28212212 78466
28196491 78466
28196092 739149
28190997 1472672
35900919 35900922
28191006 771259
28279622 771259
33547225 33547227
35934799 35934801
33547140 33547143
28187890 89538
33547595 33547598
28273942 3775689
35963480 35963483
36860461 29882995
35951790 35951794
28192206 231180
33546756 33546759
33546770 33546759
28191175 148496
28207432 599461
28193147 254082
33547567 33547570
33547245 33547248
28199515 1131132
33547365 33547367
28272452 1186802
28191608 1186802
28193439 14911288
28197865 1170977
28212567 89497
28185546 710074
33547304 33547307
33547508 33547510
33547371 33547374
33547189 33547192
33547852 33547855
28193430 2885110
28202004 456955
28193192 229992
28196533 229992
28191054 229992
28193098 1465122
28192870 89706
28191669 1649677
28276145 89790
28190998 89790
28271061 1529462
28221706 28221711
28221708 28221717
28196228 1417
28207517 1417
33547548 33547551
33547827 33547829
28196807 2341790
28191606 248188
33547763 33547765
9186239 9186267
33547815 33547817
33547647 33547650
33547821 33547823
30396372 30396379
33547502 33547504
28191667 2153959
4649050 259179
28191181 259179
28212233 259179
33546967 33546970
28196531 241110
28192554 241110
28191021 241110
28207209 241110
28208065 241110
28191016 614487
33547311 33547313
33547154 33547157
28270782 3761824
28212366 157082
28212568 157082
33547750 33547753
33547833 33547835
28185799 20276
33547845 33547848
11652749 11652755
28196851 28196852
28193207 169106
33546834 33546837
28191793 28191795
28188520 148250
28192443 57222
36860463 36860465
33546919 33546922
28193457 846000
28193150 259788
28191590 259788
33546806 33546809
36860466 36860468
28190974 422623
28191631 316997
28191049 88775
33547668 33547670
28193201 840785
33547661 33547664
28193213 131192
35903674 35903678
28197912 596595
28192301 76947
33547615 33547617
4425337 4469478
28201956 848163
33547542 33547544
28201962 1473063
28279867 1160566
28193388 2361837
28197874 89712
33547106 33547109
28190956 575087
23044125 23044130
23044114 1291468
38360356 38360358
28193217 1174730
35903680 35903684
28277089 204498
35874489 35874493
28270641 28270647
33547478 33547481
33547707 33547710
28193218 789593
28221707 28221714
28192366 158589
28191657 3453498
28196529 181735
28191541 181735
28207544 181735
28270687 3706493
28201996 2065767
28270574 82876
28191588 82876
33546792 33546795
28193184 88520
28191011 88520
33547396 33547398
28270751 2134004
28279909 712392
28192359 59051
33547344 33547347
28207455 6836
28191173 6836
33547054 33547057
28270604 1060690
28228365 38293
28199547 38293
28192239 492024
28229109 28229117
28193183 243836
33546926 33546929
28279868 119276
28276155 119276
28191827 1973521
28272154 77181
28192248 89587
33547919 33547921
28197892 2026867
28197939 304345
28190930 1120033
33547317 33547320
28193238 1060604
28191061 1060604
28193135 64798
33547409 33547412
33547514 33547412
28190989 2118878
33547634 33547636
33547674 33547676
28191629 611526
28208075 47462
28270744 28270749
38360361 38360363
33547521 33547524
28192962 267284
3035122 3540293
28270716 28270721
28191611 128927
28205277 28205282
33547061 33547064
28194546 28194549
28219774 28219777
33547196 33547199
28193196 753003
28190954 753003
33546827 33546830
28225730 28225737
28196172 242088
33547581 33547584
593934 1328848
33546982 33546984
28199123 85691
28191048 85691
28218655 28218657
28270650 1909685
28271100 1402158
28193187 88638
28193362 88638
28188403 88638
28191135 120447
33547324 33547326
28270638 4335683
33547555 33547557
33547278 33547280
33546954 33546956
28192939 1524666
33547259 33547261
33547211 33547214
33547385 33547387
28199524 179028
33546733 33546736
33547732 33547734
33547001 33547004
38360375 38360377
33547574 33547577
33547628 33547630
28270723 28270729
36860469 36860471
28193392 254084
28202146 254084
28202112 254084
28196471 7605
28196530 7605
28196616 34448
4340480 4409649
28280029 1120248
33546856 33546859
28208079 230007
28191583 230007
28278903 230007
28271122 76112
28196810 487368
28191823 238424
33546884 33546887
28191623 32599
28270737 28270743
28197928 179332
33547022 33547024
28191591 78387
28191617 78387
33547015 33547018
28279201 1117029
33547127 33547129
28272511 1805155
28190996 247479
33546994 33546997
28196844 835421
33547912 33547915
28191533 28191536
28274379 6218492
28195960 28195961
544762 1267456
33547133 33547136
33547744 33547746
28270661 28270667
28190909 132992
28191579 1077575
28188409 62394
28207448 62394
28228481 28228487
33547378 33547381
28229103 3540362
28196791 514325
28278708 89733
28191174 16350
28271755 28271757
28192800 1232515
28191539 90338
28191081 90338
28196217 855998
33547470 33547473
4234394 4340482
28187911 78120
28192417 78120
28191001 78120
33547561 33547563
33547035 33547038
33546898 33546901
33547042 33547044
33547048 33547050
28192147 1824797
28196733 303883
28212209 30171
28272528 132485
28280058 63994
28196847 28196850
36860475 36860477
28196512 259633
33547298 33547300
28191053 775012
28193193 143216
35945206 35945209
28191040 148064
28212227 75841
33547602 33547604
33546863 33546866
33546870 33546873
28196787 28196790
28202200 973737
4353051 4418228
28193154 258752
28273484 258752
28212195 258492
28212237 77039
33547757 33547759
33546813 33546816
28208062 244838
33546891 33546894
28275088 89400
28187921 259795
28275295 232371
28192639 232371
28276069 232371
28227987 28227991
28190988 89738
28196160 433060
28267891 1666449
28212241 303621
11716574 303621
28192895 258494
28207774 258494
28192618 258494
36860478 36860480
38360372 38360374
36860481 36860483
28279870 514027
35950464 35950467
28191803 59510
28191014 13590
28191584 13590
28207427 157745
28207515 74885
28191798 1113852
28192890 1076733
28268263 1168207
28191508 151949
28207217 151949
28207682 258579
33546763 33546766
28271218 58371
28201964 36768
28187897 36768
28278967 36768
33546988 33546990
28191800 89741
36072113 29979850
36072119 29979850
2933436 3467924
28276475 28276477
28212213 284487
28207202 284487
28191757 150292
33547330 33547333
33547738 33547740
36860484 36860487
28273739 259083
28269984 259083
978325 1821913
28278880 1212618
28196156 2098528
36072117 3920706
28196088 247576
28280204 1335889
28274706 546227
28279077 2306207
28191176 485753
28188425 485753
38360369 38360371
28201961 1265319
28192134 524683
28196104 268912
28192824 268912
28192334 1574463
28201967 138116
3467828 3841408
28196467 609150
28191168 133446
28212238 133446
28270843 28270851
28188747 174518
28187903 88549
28222471 28222474
28196237 476766
28190894 244902
28196464 76851
28212200 246947
28191213 3378756
28275533 232112
28192892 258478
28272131 28272139
28208081 1114401
28187567 468382
28191129 421483
28196710 2210944
28193138 419147
28228536 8218
28191817 177816
28199569 73612
28275122 72677
28187571 28187572
28191569 175057
28188571 43806
28198861 1145934
28191169 259747
28190895 250684
28273662 36839
28185549 36839
32655782 32655787
28196141 28196143
33546749 33546752
28196496 206278
28278906 206278
28192940 148290
28212522 25780
28226686 18254
28196275 89746
28196552 89746
28273661 89746
28273540 89746
28196213 75031
28192140 84577
32677741 32677747
33547080 33547082
30396371 30396375
28192245 371597
28197869 1263684
28279872 47286
28279862 273763
33547093 33547095
1496711 2361741
28190995 1612263
28207449 50056
28205305 306881
28191010 1125242
28201954 1129308
33547073 33547076
28191100 610461
28271097 2120741
28201982 714054
28196516 36430
28278941 467978
36021496 36021500
9194811 9194845
28191799 1108473
28191013 273796
28193153 254320
28187888 372136
28190987 204625
28190946 258503
28191637 258503
28207519 258503
28196028 28196030
28193435 1138148
28274422 181778
28212231 181778
28212577 181778
28190818 90638
28196866 435451
28279623 38370
36037407 36037410
38279930 38279932
38360383 38360385
28207442 175236
28212230 239597
28193481 973563
28197918 131583
35777989 35777992
28275762 259781
28192936 2771365
28227719 28227721
28196754 28196756
28196206 787622
28207285 611473
36537732 36537736
28193216 485640
28207518 1999165
36109307 36109310
28193212 199855
36860490 36860493
28276052 199192
28201997 482245
28202012 177841
28191553 34971
35776096 35776098
36109308 36109312
28196574 13494077
28212566 242124
28196868 28196870
28212204 733027
28273889 259110
35868535 35868540
35949406 35949409
38360390 35949409
28279105 72287
28191015 89539
35874309 35874313
28192275 43645
28196235 199461
28207540 1997615
28196220 80274
28201995 646776
28219770 28219773
28186508 64839
28191043 250212
28191557 11948
28273554 1287678
28193198 71781
28191045 71781
28192559 249508
4360892 244842
33546778 33546781
28201971 28201972
28222388 232445
28212165 7462
28193459 28193461
35891536 35891540
28196022 28196025
28228514 457154
28196154 1474691
28188976 1124073
28197873 239397
28193163 239397
28191616 239397
28191825 2064779
28207141 452544
28191131 452544
28193097 1665889
28193361 258420
33547894 33547897
28196695 850755
28193195 186061
28279964 186061
28272430 253827
28188469 152355
28187904 254329
28270567 254329
1463141 2333205
36860497 36860499
28273902 119209
28192938 38534
28219778 28219781
28275738 2756794
28192349 89653
28201998 706741
33546730 33546732
28275760 543182
28206189 9636
35883249 35883252
28192210 2864447
28275741 233832
28196098 259357
28207140 248650
4076382 4230712
28196221 1970573
28193172 583384
36860501 36860503
28190759 2896965
9194842 9194884
28191568 126161
28191641 2151190
28202000 127129
28187902 1121823
9194802 9194815
36860500 9194815
28212364 143913
33547901 33547904
36860504 36860506
28277337 2123381
14268882 58409
33547147 33547150
33547908 33547150
28190888 686269
28279532 247261
38360378 38360380
28192873 249797
28191589 249797
28192361 592994
28192323 592994
28191167 77650
28207447 77650
28272684 181203
28187916 1135936
36860507 36860510
28196845 748731
28188573 138252
28195986 28195989
28187801 88185
28190756 409155
28202003 409155
28193176 2111216
33546848 33546851
33546855 33546851
28187909 354970
9194802 9194816
36860511 9194816
28212524 485394
28187858 733112
28196831 28196834
28273832 259538
28192382 1212238
28193437 474644
28202010 156380
28193482 1077694
28273569 48258
28196737 28196740
28280036 1856624
28190973 143226
28273927 259204
28193456 466694
28191063 435131
64610 248896
28196813 2348537
28192143 551782
28201985 89776
28197909 266547
28273604 259358
28276178 259358
28212228 259358
28191056 304607
28269944 1757815
28270587 241199
28193364 788881
28192235 241631
28212236 241631
28221513 1062089
28271121 255621
28225430 28225433
28212365 543390
28193466 28193469
28202001 20346
33550348 33550351
28197871 16642
28192122 457440
33540453 1533680
33547880 33547883
28207430 180958
28207436 250053
28202006 1982598
28274693 28274696
28278955 745222
28193478 271272
28192935 241469
28196082 303846
28207207 198585
28273357 198585
28199458 123
28196018 28196021
28187863 303943
4418216 4464570
64611 248903
28193485 28193488
28279456 28279459
28192899 234540
28193203 293612
28192345 268614
28279746 256280
28197907 241837
28191038 241837
28196714 1169980
35946175 35946178
28269590 28269595
28191526 1168985
28199517 741401
28212192 741401
28196214 1548222
28191626 256397
28202168 256397
28196083 13391615
33547120 33547123
33547291 33547294
28275487 13200
28207522 13200
28191593 13200
35047059 13200
28197937 1141423
28269526 2528766
28222470 434860
28190823 1993319
28192348 12535157
28192841 1227146
28208080 613257
28192865 613257
28188542 762526
28279856 718305
28196163 1259775
28196224 244786
28273328 244786
28196225 2435119
28196278 9530
28269586 28269593
28188962 2098294
28276051 304794
28193215 89165
28191615 1110429
28272825 121679
28207206 11217
28192144 809794
28187837 88171
28196148 1085500
33547113 33547116
28199117 463992
28273640 48396
28190734 259607
35867188 35867191
28227905 3431340
4458600 4495444
35899332 35899335
28196267 28196270
28207247 273778
33546785 33546788
28206190 239629
28272366 239629
28197908 258486
28197858 23434
28190893 410883
28193200 616210
28188431 616210
28207516 616210
28191545 981910
28196501 143368
28192156 429972
28199518 89661
28189047 73580
28212221 171149
28193444 1174414
28196111 128853
33546742 33546745
28190978 89523
33546799 33546802
28279441 133066
28191532 133066
35870207 35870208
28196492 89433
28190813 787664
28191558 268569
28202100 115983
33547887 33547890
28427580 28427585
28279616 130164
28192161 736332
28279860 736332
28271219 1105129
33546820 33546823
33547391 33546823
28187852 1689
33547351 33547354
33546933 33546936
28202130 75869
28269245 1124188
28196002 28196005
28196067 554695
28196276 82877
36020417 36020428
28207208 105966
36020425 36020434
28189183 543097
3093528 3579952
28202002 55866
28188407 1143853
28214636 58970
28191161 177931
28190898 177931
28201957 15284
28272355 15284
28280202 15284
28273810 2463243
28207210 89235
28191632 315099
28274380 28274383
28193359 4321
28188405 4321
28196205 475482
28278453 48131
28279966 242117
28191812 2767700
28191047 2013689
28193224 70003
28191563 70003
28196103 47412
28190904 47412
28273831 1468905
28272765 253782
38360395 38360397
28199534 36104
33547436 33547439
33547182 33547185
33547485 33547185
32649761 32649763
35877953 35877955
28427582 28427589
28193220 409742
28196804 574629
28208066 1147478
28188044 28188047
28206196 11218
28279961 470532
28270310 253870
28276054 253870
28191697 28191700
2227324 1651761
28279962 238622
28195579 28195580
28193157 21460
28275970 21460
28195990 28195993
33547203 33547206
33547210 33547206
28202262 2201804
28227906 2472989
28275903 70453
28207453 70453
33547175 33547178
28192960 10804
28195559 28195561
443142 1092327
33547416 33547419
28197945 3036360
28190980 312265
28277536 28277538
28202266 130394
28212551 24612
33547271 33547274
28188961 541132
28196692 1123666
28193391 526499
28190722 28190726
28229500 463991
28270568 248320
2227325 1323060
28207454 258344
33547464 33547466
443183 1092390
28192900 292650
35910944 35910949
36037827 35910949
28185794 100616
33547161 33547164
33547693 33547696
28187930 259804
33546975 33546978
28196066 2142724
28193434 2034072
28273443 740740
28196146 28186079
28192862 44088
28275159 241578
28205325 221004
28192941 612470
28187947 89678
28212382 123619
28228624 123619
33547866 33547869
28188073 1035007
28275905 1086358
4469481 847642
1092324 1956913
33546960 33546963
33547654 33547657
28275526 434994
28270981 138000
28202009 515904
2227323 2374478
28212254 495838
28190874 459023
35910944 35910950
36037828 35910950
33547859 33547862
28207514 23139
33547450 33547453
28197860 177989
28193428 9496030
4271794 4362575
28202124 3511699
28196090 1142558
33546912 33546915
28279905 28276135
28191648 1161453
28188435 2855753
28272676 143198
28193214 38516
28191855 188831
33547443 33547446
28190994 63827
36020442 36020452
28191577 13592
28199750 13592
28274529 3038263
28195998 28196001
28191680 2015152
28207204 456369
28196736 708267
28196615 810903
2227326 2957510
35870852 381397
28191042 133067
33546877 33546880
28197930 291696
28275564 468491
28280203 2494464
28220138 28220139
28201966 23857
33547423 33547425
28193146 1173227
28192392 492267
28208078 13337
28275643 545806
28196502 89327
33547429 33547432
2227327 2957514
28278409 2789477
28212215 8219
28279965 8219
1550894 2410816
28196867 5127349
28192381 239269
28197915 1108460
28196460 45402
28207452 128630
28190859 28190860
28188518 454899
28191627 454899
28193383 2142844
28279899 32505
28207205 32505
33547608 33547611
28196495 24613
28279055 24613
28193233 89338
28199520 89338
28207681 491410
28191837 463757
28199514 126831
28193197 488742
2227328 2957518
28191706 28191709
33546940 33546943
28193171 4148
28199740 28199744
28196144 708746
28199270 28199273
28212160 80008
28193219 186976
28187684 186976
28279902 186976
28193438 3882022
28191529 2492446
28207456 732325
28195491 28195494
28191055 115821
28273327 115821
28191172 115821
28275739 115821
28199281 115821
28191607 115821
28190856 4069808
28207150 28207153
28196170 28196171
28227713 28227716
28191587 170533
28196149 28196152
28193363 174943
28191052 174943
28197940 231489
13301934 13301946
28214628 259513
28188719 28188722
36020438 36020448
36020432 36020441
28193133 273551
36860516 36860519
28190977 203243
28191718 28191721
28208076 8734
28207203 1479248
33547621 33547624
28227640 28227642
28187850 726912
4272013 4362831
28199682 797216
28190938 132655
28191180 132655
28191580 132655
28279119 132655
28191329 212482
28279968 273742
28212201 244536
28273635 244536
28275665 28275668
28271009 203229
28190911 116957
28212371 116957
28191686 28191689
28196274 1133086
28201969 247077
28192135 847830
28212569 770758
28207531 28207533
28207526 307104
28197938 1635
28192472 1635
28208077 1635
28192544 1097213
28270812 4474985
28212202 277156
28196108 3200273
36860520 36860523
28196011 28196014
28191609 80385
28192891 1120203
28272151 717079
28275779 835117
28212572 89581
28196069 28196070
28272603 979937
28221752 28221758
28221749 28221755
28221756 28221761
28276269 991378
28197910 11220
28199456 11220
36004819 36004825
36004818 36004822
36860524 36860527
