3833215 5469
3607124 42322
39226824 142065
15494774 327667
21855167 131582
39226826 55337
34010327 55338
21709455 317138
39226827 538635
21991158 261554
39226828 1069261
39226829 391907
21846273 218110
39226830 659233
39226831 73818
39226832 706070
21737108 51715
39226833 113657
11886445 384674
10349352 1693004
15434114 710127
39226834 632026
39226835 95476
14610548 395314
39226836 694634
39226837 299643
21811864 322259
39226838 66148
11879668 103323
21735135 2367093
21645340 2731
15592600 339674
14202500 101822
21710500 1407006
3930437 374496
21916481 261961
37907828 1578154
21863039 4658185
34026179 945110
21726670 98273
39226839 14152781
21763741 238233
39226841 361362
21622790 95005
39226843 97966
3130325 515763
39226844 94513
11879448 635239
21659806 21715
9990919 64945
21828602 78397
34042414 126905
34026389 359082
33729883 1033108
21729114 465774
21654668 119556
21956061 8502178
34025768 97406
33729761 1182519
11862721 429253
21916893 225542
21851640 532587
39226845 1243770
15583267 822492
34010436 93116
34025673 394314
39226848 85829
21813030 5813313
21641606 355631
34074964 295847
33729906 359078
21731460 55339
21667151 512145
13152165 216758
21887539 442981
15454472 1043458
4288102 218188
15480498 267323
21677122 611529
13149288 270892
33948945 703880
9785600 7134648
21692946 1730431
21889138 36178
21681035 1038876
21745315 364030
22198527 363583
21788191 312772
15500885 6734297
34026562 186593
39226849 347078
21649694 41541
9931911 1725570
21808052 260843
1908448 339675
21754703 274343
21641737 397434
9972840 112008
21898728 333203
39226850 275802
21908040 948268
15433776 70616
15584013 5156509
21749202 955936
39226851 3703013
39226852 62372
39226854 910273
21625545 7762729
11865371 93763
9866782 34680
21703565 75157
11879248 102227
39226856 1088568
21814640 97967
21750954 2876480
21701230 4275298
39226857 3555389
15592687 3143985
33805004 2961247
34026238 606764
21818340 353317
21619055 471927
21773213 2450032
11906468 131191
21830589 320843
21857139 1701356
21888320 128023
21858347 3979097
21809054 138761
39226858 608798
21624962 4436507
39226860 872757
21904603 297868
11833142 226588
9783201 172287
21778311 1381131
9847856 42323
39226861 361646
33947573 138858
15454394 654165
21850812 355957
21921329 4194412
21929205 524081
21614230 1012835
21839122 1787595
15410337 65891
1189376 92390
39226862 230942
21620993 127867
39226863 192886
12862661 66234
39226864 38852
21692700 324174
15569932 75030
21947177 96101
21663651 2171707
33656619 134292
9813530 125121
39226865 135080
11859663 100050
15401062 98597
34026419 394471
21851294 1403
15538466 3952544
21959530 330879
15550636 6493208
21726107 5542368
21618075 529195
21722747 94441
12258062 349041
11847648 110313
21951595 1843657
21935683 98598
21742291 1595018
21782630 1249675
21698869 2398104
11871022 41577
34025816 52443
10044286 1030815
39226866 721721
378545 312773
21657025 584416
21631041 181904
21723739 137390
13156549 7451548
21630362 21630365
9815077 2876146
14703665 638955
13146734 3896077
21952917 212582
15410750 17122
21623182 6709243
10346421 87869
34026839 48859
21918515 153889
15409605 112353
21946686 9958246
21910199 252442
21829336 1047616
11892770 97968
11860500 109872
21903534 341569
21656808 95420
39226867 427949
21670806 144659
21817091 5001212
34009725 53912
15315869 1481241
39226868 6658331
22007491 531025
39226871 822253
21648863 350850
21739349 4660500
39226872 362064
1606873 53309
4693243 94379
33667415 2193172
39226873 95719
34042443 110842
11842627 100173
3454405 3830775
21793918 4647582
33870402 2213452
21914026 366153
21746489 1387030
11973411 1258695
21623162 865168
34034511 265798
34026274 140562
13113298 557888
15570446 675855
34924365 416660
34075124 465050
21919253 134384
33947604 7944851
34025759 70130
21734806 87926
37871579 688070
39226874 102869
9786335 52505
21729982 307295
33956646 112766
21701135 878633
15548960 198445
21633726 29376
21674104 1011018
21851835 109136
11892733 384682
21791188 101773
21664996 352627
13145520 1034051
15481183 137091
39226875 418448
21635431 253506
21679099 678955
21857506 237024
9842120 1394
21712609 53112
13154093 930166
34010828 107816
12834300 8437884
11848880 181952
21841489 430757
34042736 472267
9930492 340407
15587593 575854
21713947 207149
21946180 1815368
11853793 330019
10270606 1703554
21837207 361577
15433608 127306
21629455 2565708
13149718 325104
21745213 1610936
21624954 1243285
21793366 339070
15485435 54617
21803685 1489902
11867753 98894
9988005 919385
13151725 4390378
11845965 124601
21933352 166801
9763362 227326
21901386 675059
21919892 190414
34042504 128628
21885273 233355
11856997 218350
33729893 131194
21617330 324977
15569270 129758
21940376 130826
9875977 1527230
21700036 1187074
33729947 72679
21902589 1488841
14565705 760150
15583506 2184498
21678118 392706
11872846 81079
39226877 130755
11850342 38601
21652993 12581534
37681152 52399
21946746 922380
21678223 391224
21783651 109460
39226878 1737910
9971516 52283
39226880 957149
21823525 482475
9763318 939247
4768746 4769410
39226881 1180091
21663614 694667
9760999 105095
11837016 235251
14559884 53235
11840021 218184
21682656 191142
34026818 95437
21721726 990578
9867036 207674
11883850 221179
13158053 113141
21856622 30021
21694276 338367
21925748 109361
21825407 86953
21713461 88045
21662139 783393
21695696 1775362
21742293 8694818
34010397 151676
21880685 159430
21786122 9956969
21682824 335602
34027105 867372
9980154 121061
21876685 10278326
9799952 295527
37873004 345201
2498586 784329
21655566 94642
21690389 191873
21732282 707324
21764542 104028
11880489 1373938
21621804 111052
28885276 224048
21694343 737758
9783144 478401
21769319 105471
11853321 852853
13449450 99992
21775990 136229
21782661 5314046
21707461 8023542
11878300 266066
15568259 95421
21694683 432260
14670714 451865
39226882 689658
39226885 6000
39226886 1135597
33782373 787402
21925146 85355
36028450 6968896
11880389 619124
21958539 675651
21928167 272793
21765940 10681303
11872008 462428
21673324 347117
39226887 1263137
14704630 3208014
11855300 65259
11855373 70132
11892296 848553
4138241 445273
21747596 396814
21858303 7126734
21737315 361082
21658184 42273
21620822 116901
21697117 220478
21864159 1397676
15524710 2734839
21696952 2737502
21879171 3116827
15384244 36140
21875542 684819
15433734 95844
13155676 424661
21679436 2573222
21757007 218351
21706184 1028769
21930402 571153
39226888 1165171
21954953 1596003
34027045 391992
21770678 107847
21617117 19568
21649333 5149566
1606868 5574
21720770 2295989
15584491 319306
21919431 1249406
21927696 3219022
13149744 5382200
21803650 35770
15481656 910410
33864119 1752133
21917016 340095
21917311 308389
21707286 1846937
21758872 173059
34025809 2385922
34025694 288308
15590674 142975
39226889 532832
14547560 1404
21650597 214916
12161421 65892
11846917 65893
14570408 19699
34010186 111529
21627600 94802
21616611 247392
21690640 5002069
39226890 953720
33730000 232179
21805650 1637623
2481919 340921
15409312 185098
11836650 606239
39226891 600484
33782379 918712
21753866 6105332
15404751 16954
15395538 105228
39226892 403860
39226893 548620
11875073 44231
13160409 2566063
21939501 892314
826184 313069
34026677 741738
9762377 17965
15563937 1921195
21768325 50507
11843759 571365
39226894 6232703
15481645 490955
9814905 54271
15540601 770258
33870368 115808
9790588 896548
21742463 213723
15508914 4137356
21810592 56306
21737297 3073040
21850261 207244
39226895 1277720
21633090 10688502
9760549 654
14409929 339406
21632063 56882
21769542 2916189
39226896 291921
2274664 164414
33838592 7037763
21926697 1446821
39226897 98599
37680727 99899
21645222 1128602
21680041 944047
21873827 36136
39226900 333064
11890618 8224736
21726492 14169356
21957263 700871
21749695 1421332
15584286 92648
15385752 133581
39226901 105525
21935560 6010128
21820679 131310
21747451 5814773
39226902 395550
11830948 192468
21876523 1034647
9881038 460478
39226903 113126
21622002 2587258
21730663 285750
21614040 788405
21675389 543728
15411111 153107
14259978 54483
21840222 101824
12864756 38610
15592141 4371074
21903038 164479
9842370 534666
21680483 51072
15483298 52284
4768173 72776
15454425 282590
11878904 874028
11873220 324697
39226904 20525
21882831 8058217
37681400 1160597
33869348 364371
34025680 107691
33653895 225653
21833563 684936
331521 77324
11901070 3748255
39226905 117897
15477454 100356
34042411 1417754
39226906 344256
39226907 786350
39226908 962526
21691100 465982
34009022 6088217
11846565 536794
21900780 1694619
21770631 192153
21850721 659890
34027029 70121
21880637 7165255
39226909 913265
34025766 217532
33730092 604481
12893384 3272275
21635561 14172028
39226910 92392
21833709 756255
8865671 45764
39226911 262197
14655874 402597
39226912 664571
21789168 3271751
15559691 345071
21841719 77788
39226913 38891
39226914 659850
39226915 10731110
21848303 103517
21697180 99249
34042403 497615
15448216 1240557
39226916 1314486
33870382 99838
13876188 10057310
33729709 95422
34026892 135379
39226917 152049
15381475 896100
34026381 443470
14554897 1744215
9873125 290456
13877453 126763
39226918 126762
21794374 2742465
39226919 829159
15454448 237811
21923838 1706226
12889308 148971
39226920 395918
21792806 1710795
9766687 89888
21797922 216889
39226921 5915093
21763990 660888
21725501 100560
34026401 442889
21799721 437122
21614770 654396
21690686 325747
21873166 325279
21939980 98440
33947599 487422
39226922 384615
21950613 137513
21797772 50514
11883771 353349
34026108 587903
11862257 5997278
21621112 1686831
21635044 1677358
21844456 143461
21961015 549879
21683729 10287027
39226923 825230
21780292 9664975
12861925 5283622
15551978 221631
11884795 1339
12325393 54525
12870515 21100
21928687 2615053
14638188 79784
7882920 80182
39226924 1202934
11829399 67999
21749597 1397382
33876913 395954
34026122 209830
15456956 78774
21680896 612418
21841026 443467
21684645 228407
39226925 293086
9841967 72968
21648604 42219
15540652 214201
15588071 612420
39226926 741
15394859 346863
15529770 1620063
21694424 388326
21776828 878308
15384543 47953
39226927 390787
4582367 295146
15247525 905523
21761688 131781
15381172 799546
14651941 2037887
33730076 83126
21807088 592006
21825352 792149
21882695 2273550
21742261 130949
21838718 3076610
21685390 199766
21700340 917625
39226929 35307
34026194 730213
21849368 98318
15032500 50642
11830237 859917
15433465 1104616
12907539 1641880
21628185 215260
21650167 407934
21920305 72676
15410614 64154
34025934 831035
34042401 3917202
35335491 913693
2252328 100679
21883993 322284
33653799 858117
34050537 675509
21959145 218112
11884165 836461
84480 53974
21744080 882544
34025734 1312344
21694395 51716
21857680 209341
15583092 134679
21672840 2576535
39226931 2739038
21678566 930130
15411199 226189
15385075 848935
9971388 790120
8458014 79193
2594953 336221
21907893 278273
2594955 70843
21684188 2022983
33653822 875647
12879303 19582
34027102 64541
15433662 70879
5584456 100677
21679371 339004
21902974 50087
21796202 877964
9785825 56927
33958234 730362
11880369 219932
15438893 95716
15394217 71289
15550228 4703402
14431843 37581
21770006 1934778
35788836 46897
11889599 2507
14024799 16994
11845712 215784
13454429 36838
39226933 233831
11875289 37409
21819681 19808
21632215 233636
21653999 23548
15484014 458448
15401186 194015
21881440 46122
21683788 37974
21811910 232339
21639860 489772
9791004 60164
21927619 1673244
15583758 816811
21653930 338947
39226935 1226537
21777432 441674
39226937 519633
21635230 1208062
21690926 883809
21818857 341221
21958213 328730
21805737 90911
39226941 20034
21645024 859766
11856659 63515
354106 137740
21962286 328582
9971619 358425
9899426 50958
21638905 1535593
11859175 56780
9911882 56166
21848980 1898447
21628505 21879
9763246 500717
39226944 759511
39226945 659966
21852187 277547
21834413 756110
11878885 653
21944101 100354
33729939 390357
11811439 51909
15433443 199936
21740958 188811
34027128 41132
21660874 549605
34027189 415691
15568495 1720516
21741363 1098014
34042438 773659
21863226 826592
21639363 1280180
21679505 461821
39226947 521134
11928638 93717
21943677 884317
21754336 798604
21775523 233171
11839249 47455
21744051 678614
11844227 344676
21670263 485799
39226948 470760
9875501 875751
39226949 2875179
11883379 212530
39226950 849869
33832552 444845
39226951 383706
21864732 2685
33656558 668626
39226953 923721
21622826 107143
21872015 1244855
39226954 1187106
39226955 347815
15385257 582470
21875131 3156290
9761502 117648
21657081 1746910
34027308 1389189
12273294 383367
11850757 221879
21709506 1238253
15569336 109689
10097576 261454
21635774 6428
21784173 889218
21627157 94293
21731617 50516
11889237 596550
39226956 917700
39226957 362270
21829413 1448482
39226958 889680
34025705 1000683
21865099 45959
9888746 98796
21793888 345202
12267180 462514
21816874 1720186
39226959 362800
21826232 363756
34026838 407821
21946795 296431
36108696 52563
15484308 909799
9875945 124131
21859722 218292
21670597 58553
21676616 432971
34029434 227406
21874766 224631
39226960 428797
21647598 96046
21705050 141995
4690041 93764
2658120 224122
21659055 680536
11857164 170047
21915143 2221925
21797113 1005373
21837120 595603
34026357 251924
21917382 490894
21897633 432714
34026359 51424
21756468 1028182
34026495 945360
39226961 1405780
39226962 641948
21929570 392117
11855536 1073671
11830856 800026
4428001 41409
12875619 54314
11869137 180832
15588557 816702
39226963 35768
39226964 1536225
21917798 425273
21942918 275621
12907541 339918
21642605 234632
21942998 322787
4694844 330373
21833072 1468906
11872927 52869
33838729 273913
9980123 44907
9785580 527714
9787799 2099582
21738404 208721
21951591 1704303
4711562 268636
34025722 2873710
21836227 2313074
39226965 1415403
15384266 497929
15396202 67174
11884116 219514
37870163 1426853
21851870 1405194
12167121 224513
21899339 1427374
34027006 326857
11873552 1427754
21801685 576537
21753259 1427946
11828190 35963
15479788 878243
21685347 354667
11865279 153674
21770845 394934
21914285 193147
21861612 606765
39226966 574914
15392613 370216
34032155 95893
9763237 248621
11841376 35869
4588636 535579
21778123 877514
15568112 53602
11874613 2052
11879119 911710
21669608 1701158
21626335 22485
39226967 807951
9799982 76395
9764539 131049
11853656 230461
21686414 293444
21811542 322262
15538369 216891
21733517 823945
34027281 964061
39226968 237871
21951997 181901
39226970 1021521
21625746 362462
11865122 220722
21831838 829997
21781292 584226
21773521 584200
15396974 456341
21685564 553440
21710620 1177737
11888892 987566
34010899 338948
21615166 841674
21625173 418104
21950007 510350
11740699 79283
15389687 347343
21703371 792228
34042711 282591
11838119 609431
21677677 1484348
21776575 606725
10343861 141402
15489364 1037615
21626981 360582
11838228 216937
15803053 1146730
21763379 363171
21638640 101071
15481389 342010
11847090 109522
39226971 1536534
11837780 119697
39226972 356917
21876666 160352
4586032 213165
15384411 316509
15384633 361465
15384667 243663
34027060 243827
21766000 897709
11842539 218794
39226973 218472
9839107 458300
9790999 5251
34042531 2291737
21623832 54186
21871078 1652051
39226974 2032826
15407619 684816
4536816 603335
37681069 1353517
21894599 1033166
21786743 39344
21639214 106407
11844067 161358
3154280 507776
39226976 55085
21868003 264076
4792723 1031139
15540002 37053
21923901 344072
21811961 839428
33729711 242561
33729824 838888
34026559 206621
21944967 53603
21770167 52188
21776779 101549
11852404 231113
15384779 335325
21768232 1505003
21938303 261141
11863943 112083
21632696 221883
11849714 21888
21906920 332652
21732308 2261212
21928859 477547
7624352 64126
38640117 241436
34055190 55340
11836426 216884
11843392 328942
21619773 1351531
21842644 639403
9783609 105473
39226978 396954
4598454 325719
39226980 2083331
11847628 1506443
34026385 51831
13153168 19042
21791624 230687
21777878 318640
9796548 198837
11880839 202482
34025830 332346
9761815 226888
4619062 58040
39226981 859872
21682619 1956576
34042522 341487
34026807 906009
21765935 546874
4911958 328833
21929814 216475
15385707 284728
39226983 749511
22143764 53243
15598115 65974
4650163 51429
21848154 239805
15485238 465952
14510193 197711
21625945 1653866
33677783 397072
21707716 879509
15397298 288535
39226984 396654
21945631 3665802
39226985 90300
21845778 722799
11851119 44865
9993626 224632
9786758 647405
33947627 850338
7719194 1105085
9991268 540080
3502346 1680505
15531988 309692
21913398 861207
21700044 471568
21661934 96103
39226986 77422
21641659 2348097
21688106 37872
21769767 947656
39226987 347877
5532041 17123
21620614 219478
12307146 274126
21904774 749081
8458084 579095
7624386 224732
15391134 131815
21613170 405151
21873188 43893
15571258 894616
15572092 41578
21868605 5457
39226988 97340
4110274 333822
11855778 50960
21700117 1387281
11844175 222998
13154223 811006
21936435 213166
11608228 376072
21956037 300803
21629297 219824
11807549 333687
11867194 51519
9799793 46272
21956868 41917
21800921 1271337
4911308 551462
21786366 43323
21951010 273740
11888274 325409
14706040 252045
37680174 607255
39226989 507054
21882935 162460
12562173 440773
21758395 1992017
21628512 395840
39226990 429226
21925108 190572
39226991 149958
21892364 427669
21753232 50136
9817199 17050
21835954 166626
39226992 35774
21829325 22602
21727074 844943
31994385 858359
21823408 137241
34026186 286485
34042540 17051
11843826 104743
21722791 579807
37878844 877434
33653801 511735
39226993 1436303
21940198 315220
39226994 283933
33947565 93874
33870412 720995
15409463 109982
21661945 3289926
21612899 104469
9805300 1174430
11862851 2031914
15395970 28898
21849661 362166
21655617 56469
11889780 880102
15385165 54017
21783634 110094
21665260 727256
11870015 855621
13149095 618136
21635041 50388
39226995 1122647
21959680 128212
11844621 224261
11851398 154403
39226996 846881
39226997 2329032
4229142 42883
39226998 702189
11884562 65452
39226999 639957
15393478 1311632
21882878 2580031
15567968 370851
21789211 941449
39227000 72229
21644166 1039110
21712593 349805
21937674 220312
15558181 105582
21690477 1320380
34026390 42616
21666895 1802694
7020313 972022
21681446 43404
21871606 37782
21797258 893146
21616324 556219
39227001 649669
21848998 42697
34010847 2577869
33653863 284243
21697327 1293364
39227002 522560
21947141 349661
21619767 961526
21949696 99244
39227004 330181
21624570 658031
21912788 177132
21921775 941263
21950175 40039
21628876 52916
21852640 316575
39227005 1168722
21668013 498039
21829462 793209
21818604 1431129
11842702 142914
21955933 434743
33947530 117433
11839561 93661
34010748 421399
39227010 901051
21768631 1822287
21793750 546833
39227011 2555285
21896570 64173
37681014 322613
32056450 335394
39227013 2087615
36021097 525909
21851096 455061
21662483 1306853
11840944 203404
13152791 1329679
34026975 466085
21867945 523886
15505069 112010
21642069 1024265
21804848 453067
21654131 110039
4605780 102870
15568153 846961
21723094 1949079
15497133 19583
9971526 104229
15385822 52723
39227014 107282
14946648 96047
11797247 705234
21700208 672222
13146311 223002
21932999 3323195
21761626 639057
37682810 2176610
21932116 1007501
37680830 299709
1826258 65703
15550285 2276514
21863473 357528
719617 186737
39227015 2141684
39227016 705281
39227017 737014
21629145 22247
21687283 360934
21846310 95100
39227018 654707
15514849 346598
21718008 1813120
11406075 407822
11887800 946438
21795627 603757
8513982 22826
39227019 1300470
34026811 47074
11840337 53857
21612530 670411
21652336 1286129
21838606 2367441
11911007 59525
37890070 318508
21640461 551499
39227020 479410
21784527 898556
33654140 343433
39227022 916473
21790349 17124
21889678 2025887
39227024 195366
39227025 353765
21955039 608160
9955397 686810
21935745 163738
21850970 1420168
11849143 96570
11852259 279083
21762512 109873
8567308 330444
11846694 668961
39227026 53047
21744499 100411
21679387 313488
15457236 203358
21941190 1674321
21809417 115157
21808534 170726
15392797 95103
14541753 441056
33656371 345651
33653841 194474
21869596 454950
21908336 263552
21623229 392845
21691061 871197
21948221 1154158
39227027 665749
21657858 192080
15241954 200961
13234391 215666
13155465 964634
4652779 47040
21684561 96826
21885816 1477448
21878752 219820
34042413 101650
11807551 281986
34026321 126764
21889835 342186
3611928 322550
34026382 512556
4618700 126765
11883642 138324
34026738 1382584
11844140 461364
21861054 2948843
34027070 312861
11859522 77552
21690235 2418863
21758520 1764250
21640245 322138
39227028 277557
15592647 881147
39227029 999290
39227030 929413
9670000 2345532
1857095 135079
11864546 384486
2594896 3116600
33838661 268828
34895009 2511931
21734338 3048497
21736716 1194291
11838046 21989
21703464 1425221
33947710 332218
11865512 43405
11897596 1406447
34027089 2656873
21683685 666348
15453788 110971
21851431 3960796
9767085 19415
33729700 898057
39227031 395957
21930496 215184
39227032 86646
21812236 123841
15551547 931895
15557885 447555
39227033 933042
34026168 23039
34026584 1027367
9982137 55524
21751813 1087800
9798162 427355
39227034 1845280
34025946 849532
21926648 1303490
39227036 672615
12876474 187404
21886741 229904
21864184 675677
21820859 5466
34026412 51643
11882490 207675
39227037 846635
37895548 235856
39227038 988720
34027013 388993
9872307 287360
39227039 818554
39227040 1648941
11868612 135339
21909134 1193911
21737162 478443
33947596 34875
21760618 391381
21671551 195704
33729792 288724
12148183 205717
11855770 62373
34025712 1446713
15414413 329314
11852059 868205
11882334 53048
902911 218065
21929931 201582
33730084 104407
21716103 288449
11873781 893059
15434098 75956
21681969 324932
21785625 861310
15408077 63824
21872487 219984
21736513 342104
21678250 60295
39227041 961052
34026120 598947
21815053 480440
34025638 332062
21948370 1090793
21936073 1110397
21962160 339199
39227042 3538829
33864162 677965
21678260 2331311
21649852 2331329
15497112 498756
21615161 225050
21674429 1409936
39227043 347572
39227044 340762
21728972 288095
7408841 225051
15410951 325607
37866776 104678
39227045 1524054
9799967 226496
21757655 143276
9991345 2275147
39227046 307017
21684037 351868
21665294 290225
39227047 215088
21957912 611880
21886007 2253099
39227048 1949063
21646758 173213
39227049 329031
21748925 343327
34026400 501440
21891351 396559
33838638 957481
21825328 54865
14568455 394895
15453842 2348220
21738044 222733
9934976 78274
21752632 393700
34010132 330474
21886873 431841
21925647 2426354
39227050 1169935
34026330 157292
21680881 222723
34018214 501271
14944980 106701
13149359 44178
21621687 62429
21925627 92465
11884014 665646
11853231 352270
21799465 340600
21678330 1831920
21719175 5849
34074269 1309814
39227051 1948624
14529732 276394
9974078 1938988
21622455 17881
39227052 109558
39227053 100868
34025826 849715
21876735 1042785
39227054 1372345
21878569 251763
21957726 1256975
21661823 221026
15478223 22248
15433708 394570
12291555 367801
15592574 340923
21855776 1111275
39227056 464113
39227057 169809
9842319 910208
21641344 206087
39227058 1007146
21881194 226592
39227060 388377
21700423 90718
13149543 660211
11839544 112305
3710378 308663
21925622 906819
39227061 3685127
21837727 488906
21858983 35682
9841952 152827
21693888 3374532
21722044 793424
9788513 135432
21915234 196550
21632995 308695
34010086 828913
21839547 1305516
21740477 2184881
3606492 121293
21705172 308723
21669995 164078
21646469 832043
15408658 343396
21712621 194339
15592738 376225
21662009 634500
15592697 246536
21831143 207621
21617028 364582
15537418 945872
21748147 36218
21856793 910905
21673248 122803
11885180 5597
11879750 54948
9832180 676802
21931953 2133610
21960647 87060
21732121 340763
4556820 523782
9893212 121189
21752937 513635
11882689 83737
4612263 1450856
15173023 98393
9477995 43100
9971423 54973
21797345 885543
15445768 16118
33729954 706147
37897312 1240564
11878227 243780
9799837 36474
34027000 90390
33729756 330650
21948562 224128
34034517 221741
33729932 243744
21677705 621179
11836914 1881052
39227063 1333812
21936873 333694
13155568 319302
15568280 1195271
4046910 100270
21834967 286637
21777845 36475
21650552 1214253
14634816 36476
21647995 36472
34026116 99993
21904106 144456
21931977 512855
21639101 395464
21721668 216411
9760452 49227
39227064 700276
39227066 1003030
21698031 392146
39227067 1754499
21767111 2359134
33729938 939335
15587433 916073
21681779 2116147
15557934 435837
21636410 99398
21614168 607224
21654944 344675
15568222 859512
34025710 5160
21934735 902169
21840838 325610
15449857 1560388
39227068 1600770
11823272 342240
21613504 1407
21660328 364504
11884761 2133124
15412389 265418
13453240 246537
10278790 349478
34026938 3202975
21641667 84855
12897791 2138797
15415205 612552
21821244 664125
21620345 640304
21838652 1083529
21698522 394254
11884666 35289
39227069 651773
21758318 24713
21740132 901282
11849948 381839
21726158 995957
21887009 324801
21746037 261710
21662586 648351
21669635 6514
21960057 1288278
15433875 21574
33838585 390877
11878171 103466
21933417 1288260
15401098 163239
21633725 314744
21691072 248910
21881602 660932
33947622 1687362
11871828 240412
21958532 1559821
15587634 408517
39227070 50000
39227071 2397756
15407408 336073
21819631 472598
11857353 92190
11914680 51999
11871412 237605
21837393 190196
21939279 1712508
11826278 249895
39227072 2654344
34026422 373532
21842093 189402
14895514 505652
15409479 218113
11842383 240413
15574410 3641843
21716809 391104
13467160 130089
21811097 1854496
21831268 215089
11850306 128344
21885909 101897
21768068 385926
22232641 526738
15456053 142724
15433545 430834
15433616 17961
21757591 1945346
21710548 55525
21655000 1641293
39227074 944066
11884699 275945
39227075 672351
21911061 754170
9973735 224835
15661071 188217
21732793 67339
21657584 298995
21956824 249692
21959900 1198356
21748466 961707
21903615 890668
22033255 249624
21758608 876434
39227076 249770
21902624 48890
15395951 199191
15550683 365968
34010863 597678
21899741 53430
34010295 2502065
39227077 1186078
39227078 497738
21944828 56781
21937536 2201470
7234203 249683
11868967 112011
34026284 389626
39227079 869294
15523609 962606
21765042 287398
6352918 2596862
34010064 2453699
11859266 52395
15540539 51277
11873307 1306609
21699586 144080
21799906 191433
21755410 2611476
21840201 149455
39227080 866285
21816788 388788
21756047 51520
21627380 201657
11852469 1266679
21957318 552679
39227082 1510765
11879164 190416
21677689 848890
13149304 72376
21962838 602409
21958730 337889
33819818 4048522
21898675 1025983
9846589 49652
21666148 320267
39227084 352059
21738592 72377
11885284 53776
34025993 641757
34026285 898349
21724863 262045
21705347 1329933
21877336 57299
33677787 168952
33729712 140022
15433838 325611
21779967 2578446
33838617 1040912
21772534 508128
21961173 829258
21914326 199164
8873144 72378
21715466 1406972
21931142 863824
9786402 862116
21883370 107740
21802047 995363
21740312 1317827
21848341 2527163
4506207 72379
21937723 1713871
9786404 336757
21692913 333079
21835646 347777
34026799 169560
15481611 72380
9787110 918419
39227085 1231512
34025706 361705
21661218 3202498
21693280 1725456
21616223 1660225
21710146 678469
34026989 1574158
39227086 621310
34010448 624442
21907822 606895
11975245 677083
15405461 84112
21760444 1492036
11848436 231777
21636389 2503015
21747949 131519
14567758 4242023
1638553 51187
15483984 369673
37889082 501573
21616140 43482
11838277 216027
21766464 208417
11917900 46802
21829720 109955
21825647 633762
15457243 824252
15479656 1050895
34026270 3249895
21773087 38611
21848808 313191
11884752 1004942
21896273 83568
39227087 1701013
21618266 249565
15592603 273224
21682706 1536320
21703514 917416
11861352 580708
39227088 367524
34042432 72843
11876128 188506
21634973 1410094
21753185 44312
15384314 157929
33838594 1310713
39227089 351860
34074816 2538244
21629258 462448
39227090 2658620
21762249 203501
21769914 145543
39227091 1987465
37908699 107849
4625437 1248774
21785800 160825
21684253 170671
33838598 713788
33829009 1681472
34027166 3070394
4565502 55532
15192152 943400
21802636 443338
9866763 329459
37861490 333042
12861918 475107
21936634 1518881
21895902 2543823
39227093 194695
34025703 442193
21946275 188490
11888071 325538
21794048 3102092
34026293 100557
21833017 825235
21827284 51717
21789527 401336
21697234 115238
21915762 99640
39227094 1033509
21878615 225522
33805000 1304541
21873290 663876
39227095 3612041
21713601 1375417
9980016 157427
15450066 135244
33664893 35922
21616942 1298077
15411799 1056326
33870427 505712
21617579 1984567
39227096 118038
21744174 57066
4138410 172771
21773795 302501
5584454 1031691
21699447 260369
21871838 2230901
21873572 94849
12029230 1261316
21655365 384172
21854537 241665
21962356 2947093
8743649 2127551
39227097 3098886
8165549 21710
21911830 140189
13156736 663210
21704042 219518
34027130 2043799
12870512 146736
21684382 21102
39227100 332550
21717684 219933
34025902 35679
11920611 2487327
21850458 598389
21685775 785189
34026904 870470
15250000 102967
34026661 785223
21637930 341585
21809092 313932
21621881 562029
11850368 622595
21837503 636145
11791426 923802
11858414 48506
9403978 710762
11855169 3063172
15385815 1746617
15389706 739703
21671521 120290
21809301 60040
33870370 240202
21946896 353350
10339759 991790
34032472 4279085
9769447 128473
21751852 3272666
15414857 35569
21648167 141781
21626017 257942
39227102 2596641
11886923 141789
21867882 104829
21917239 129480
11868985 159309
21764864 995366
4510433 464379
21895571 2477424
21749907 42551
39227103 204698
12006627 28899
39227104 52233
15551452 249923
39227105 19732
21860140 3215874
21616635 740603
21826425 249559
13418174 218436
9765922 155956
11885273 1693676
21856556 348489
33656487 740393
21796436 740388
21663595 341571
21793695 673148
34026366 330581
33730074 2666219
21868113 465386
39227106 426818
21645163 646689
21666667 249859
21962312 365475
34026586 399384
34026665 249707
21633662 740841
21698932 98601
21814534 76047
21790586 1085501
4417058 71955
13228315 389830
15482412 741050
21906837 97894
21851330 1157931
21694634 1659184
21737095 391863
39227107 396697
21770165 1249541
21861406 793216
21665398 249912
39227108 351669
21619508 669375
14670020 2729570
21961921 72096
3606491 474180
39227110 868122
21619492 2773100
21855807 2568688
21695356 410386
39227111 4883340
21815653 116944
39227112 577914
39227113 1589924
21899396 3128077
21901536 2128218
21635415 124797
21695156 445641
11884877 4882659
11860163 73819
21740038 341731
36069664 4532249
21872378 887708
39227114 22871
33730081 99117
21716566 649935
14281068 249892
39227115 1730954
21733379 316966
15550622 205334
15568073 30022
15585457 654502
34027088 231234
21769485 2325412
33729736 1484719
21811013 126373
4650208 3625229
14284463 350365
34042416 425607
37680319 249909
21688054 1659676
15411775 92138
11837030 109741
12222037 364584
15584076 626250
34027196 734036
21908090 53977
39227116 362660
21940866 180397
21716498 96193
39227118 64958
21860064 53645
21629470 2151191
21696988 99039
9813520 139147
21741565 502180
34027043 318363
21782912 397075
39227119 1001777
21738699 228737
21790323 551891
34029365 1992554
21716466 507096
35339948 725781
21753322 1122244
15568043 101166
15601153 173144
21779519 344717
33656391 193650
3137291 2366060
39227120 537475
21755110 4218559
21916288 1063200
21892777 51996
15433490 17127
15592567 2506677
21628112 223920
9926731 174758
21770969 4139724
9832842 91465
21653841 913633
33729784 770073
21940356 111681
21936328 1632409
11850271 988548
21755898 1852878
21888846 392779
9814354 66524
14907643 961089
21904036 61752
39227121 3717467
21763799 189980
21908316 391819
21685997 397542
21808613 392050
11758254 19408
11849707 290827
21861303 86011
39227122 898625
21904123 5828
21680065 2025994
39227123 2075935
21770739 339672
39227124 946267
39227125 204038
39227126 98275
21633849 2933656
11904580 213527
21839058 4412
11911994 562162
11853960 334000
13465193 566090
21953407 3375853
21782006 2527902
21787730 102297
11852362 194310
21774267 2197194
15434086 78076
21796703 219905
34061492 101597
37898895 1816061
21691566 1577505
34026360 1815273
15569260 54559
21885246 205643
37862874 172249
21871711 1666037
21838435 851041
21887765 92197
21703021 2115898
21747733 76048
21877436 562497
21874092 395719
21782039 2505564
9851322 43834
21652385 559605
21847356 1739712
21812741 109243
33959169 1665980
33997737 278948
21721873 278825
21714965 192828
39227127 67095
15526369 53245
21951538 1466812
21777239 668477
9817283 281607
21724925 53045
21945278 300336
2479923 44159
39227128 2633450
15587903 278511
21635107 98162
34042391 14555
21916414 25767
21653422 995997
11890749 20887
21654795 392539
15408738 6967
21743360 1446716
2594597 9519
21677198 440648
39227129 874807
34026030 120916
21746926 30814
21756612 1855106
39227130 30988
11862357 194270
21761246 1002
21762455 217567
15482433 9966
21656671 12343
21718895 25027
21662770 339646
21630745 4864391
4434599 5545
9923125 38439
21833676 9623
21705266 13326
9990831 1267728
21884028 13085
15590702 1520261
15393604 25483
11888092 2880635
15187312 32026
21943576 679291
37857631 669426
11873438 27081
21773999 32118
21765577 10440
15454546 1275433
21660747 390740
21934510 273132
21876171 50508
39227131 67747
21617766 10677
21936203 1880790
1854894 226585
11878136 13587
21791302 12865
39227132 860546
21612256 189500
21706407 149816
21707633 528299
15415004 1260654
15404779 9157
21683342 102232
21699182 9726
21748728 1054866
15409416 25665
15560913 11038
11889377 201264
15580017 2266889
21742476 1390732
33654255 31715
21848891 678299
21809537 32818
39227133 353388
11838129 139708
21807394 8207
39227134 2970500
34027293 1703656
11845537 23365
21776931 55684
11827933 236759
15587837 62882
21638078 664543
21877245 118192
21830958 51718
33838607 4852911
13149902 1013852
11722625 86786
21724590 389624
33947720 118498
21917371 55923
9851002 223608
33729923 561775
34025928 277764
15550312 1028013
21890738 2206089
34074671 82235
21869631 392390
5340685 563064
34026282 299987
34026290 6371
21755021 2580518
9974270 15333
15214222 22249
9848382 316558
33729965 696292
21930576 220615
21693823 119945
21956706 53049
21898388 37672
21661959 964839
21796679 102228
21908576 104321
22179095 485071
4982186 52286
21948736 485052
15404770 56376
11871871 18305
15592707 98442
21749767 2860108
21911990 216076
21740250 91341
11989808 46217
21660022 112447
34025736 511955
39227135 1311219
21797591 52402
21960945 323739
11860186 54415
13145955 571186
14114954 307997
11849166 216939
15549003 1240406
12212654 146805
4748195 504948
21932523 1660054
9993586 336596
21779304 193789
21900949 388373
15552474 1491980
21725956 296324
13157288 382908
14572217 1693182
11869545 144278
21754126 399613
21643095 140106
21817415 389369
11880859 809459
21781209 1640067
34034518 2176758
15434303 152034
33729738 31450
39227136 4575418
21782497 234241
15592680 256851
21721421 102720
39227137 2578633
11797984 37582
9764910 35961
21885999 303201
21725339 58042
11885814 914651
11868978 353351
12203338 960097
21819923 237700
12886533 10098
15552497 221973
11855410 788376
21775491 37294
21688743 58369
21920643 226497
39227138 1055990
15400337 3243712
15454458 43689
34018223 881164
39227139 1675084
21757661 341073
21683457 1722754
9760585 2162321
21725678 51649
21705708 181694
21891118 841992
1826252 2585006
21865999 145641
21681068 242467
21889760 3811978
21702253 73418
11913493 323564
21894170 441526
9478013 354792
12394382 108582
21834670 312779
21934639 349145
13150542 66527
14570434 3130697
11892305 1101643
9866728 3078874
34025893 2442998
39227140 95249
39227141 367521
21871171 890890
21857892 290980
21939224 95098
11885336 245325
21863188 24418
21758547 802518
12884791 5315
9991761 344954
11826516 46681
15486737 1410
21728587 123488
39227143 941719
21622928 361513
39227144 1484176
10504534 1024435
9994002 745065
21872999 1060231
15583519 762679
39227145 354986
13145835 392959
21895327 201485
11873372 770671
3959853 3630179
11885398 429255
13155458 4657674
21939411 399701
11797502 102299
21738601 395220
21779712 5795
21880171 21167
21680923 610262
11979223 1476524
21760522 102968
1593065 675243
11881363 399695
21673064 391287
21850012 323504
9975758 749728
21639389 581863
9786304 104607
21663659 598824
35884507 3276957
39227146 346293
21916641 345401
11909642 164118
15550960 1293479
21676534 363943
39227148 777747
39227149 3713789
15481757 485199
21797324 220308
9786380 46167
39227150 349479
21845891 253286
21923094 1194399
21905533 385818
21737551 1100402
21792051 828912
15410445 12037
21862127 2240995
9794445 1009884
9272612 242153
33671201 908043
39227151 2440314
21878409 1735472
15433675 52190
21873916 1771837
21629763 2512885
21748551 692314
21630912 871024
21644393 3351105
21754895 870971
35951886 216120
11854038 68554
21645620 8614
12315759 25028
9786555 225155
21713480 1087266
34026901 296280
21879764 2216240
21709094 915495
21700651 9026
34026061 3204097
39227152 55002
21945665 322788
21816452 66614
21868853 1708183
21903233 31716
11862972 25250
21747430 261451
9980085 2509
21624239 3390027
21641678 61341
21726533 30717
34025872 284362
21814615 3653535
21758578 31259
21947779 101444
21678075 3261410
11859704 7806
15393609 24515
39227153 2571804
21749624 888448
15550966 2658382
3196156 42613
807435 94105
21849521 5655
21627398 1256459
21653588 33674
12907542 12224
21832172 9967
9853695 187513
13145524 12344
21819463 1673736
21831418 704441
21686593 60600
9789304 1716656
21792939 329060
39227154 1546446
11857242 25567
11841469 187524
15416744 5620
21865690 1812879
21864438 315951
34027022 800328
39227155 1257139
39227157 890913
21881341 7261
39227158 2733901
21897344 76284
15480391 810249
15558669 2917134
21667514 14556
21663200 1434765
15587662 681401
21763079 23549
11885870 1740892
34025821 29254
15402069 102223
21640206 4870886
21844934 3010352
39227159 23426
39227160 11470
21702989 959622
39227161 1743916
34026311 29638
21614791 7121
9786521 624993
21902682 51078
21828205 1829312
34025947 2313686
11860176 27993
11848155 11831
21956892 220316
11856775 25885
15591046 220195
34027077 756479
14520747 51994
21874073 1852596
21640092 327306
15537391 83929
21657226 441933
14238738 1798682
15127933 93766
21890298 360319
12267177 891575
21871512 776658
21756972 336190
21620567 102103
15385070 639225
11838164 80515
13149751 2142
39227162 580551
39227163 646960
21828564 811862
14519224 110252
34025919 692751
14106748 402579
11874650 221881
39227166 327632
9882087 2235733
21910369 760153
21680297 343904
21680755 14967
34025832 2808318
9972102 387542
21926088 1182548
13153393 1679712
21701125 3510205
21859520 1257212
21732894 21732896
21616462 21616464
37873620 37873621
21818252 21818254
21622368 21622370
39227167 39227168
21822597 21822599
13155441 13155444
13155586 13155589
33873193 33873194
21878996 21878999
21921708 21921711
21828477 21828480
21691202 21691204
21756144 21756149
21828768 21828772
21874995 21874997
14581406 14581416
21664285 21664287
21611890 21611892
15550789 15550794
2635386 3259024
21737341 21737343
21638808 21638812
34026946 34026947
21898319 21898322
21945873 21945875
33653792 33653793
21869150 21869152
21865968 21865970
34019667 34019668
21771073 21771075
21686842 21686845
14602599 14602607
21737429 21737432
21616757 21616759
21853202 21853204
21760725 21760727
21755143 21755145
21818673 21818675
21757914 21757917
15151457 15151479
21708156 21708158
12214985 12214995
21614665 21614669
39227169 39227170
15191181 15191186
13877336 13877350
39227171 39227172
21844874 21844877
21788091 21788093
15196871 15196876
34010490 34010491
21615009 21615013
15568119 15568123
39227174 39227175
21812412 21812414
9791432 9791440
39227176 39227177
21894239 21894242
21947541 21947543
21802778 21802780
39227180 39227181
21911607 21911609
21706491 21706493
21620964 21620967
21808914 21808916
21717741 21717746
15584471 15584474
15551955 15551958
21628101 21628103
21941579 21941582
15539986 15539991
11976015 11976019
33656515 33656516
22234765 22234770
14546998 14547005
9786757 9786768
21744413 21744416
21888199 21888201
39227182 39227183
33869372 33869373
21941025 21941029
33729961 33729962
21934258 21934260
21746792 21746794
21755226 21755228
21831287 21831290
21779637 21779640
21934177 21934181
21779496 21779498
21828219 21828221
21643181 21643183
11977552 11977563
33656461 33656462
15517512 15517517
39227184 39227185
21819095 21819097
15550577 15550580
21651965 21651967
33947513 33947514
11848287 11848291
21678348 21678351
15550346 15550349
15538430 15538434
21913737 21913739
11824055 11824065
4637729 4645776
21855612 21855614
15567489 15567492
21902632 21902634
12889310 12889333
21909064 21909066
21841189 21841191
14110771 14110782
21708444 21708446
21911392 21911394
15583210 15583213
21733303 21733305
21908795 21908797
4768748 4769419
33819892 33819893
39227186 39227187
21674604 21674606
21643690 21643692
21909957 21909959
22214476 22214479
21758976 21758981
21750336 21750348
13160800 13160803
15584278 15584281
21837511 21837515
13150384 13150386
21656016 21656018
15568607 15568611
11854252 11854255
21769549 21769560
21784349 21784351
21635999 21636001
21743331 21743333
21648193 21648195
34026565 34026566
21858503 21858507
21690787 21690789
21653767 21653769
11969396 11969399
21654156 21654160
15191580 15191585
21835111 21835113
21711876 21711883
11830925 11830930
21940767 21940769
34075041 34075042
21656523 21656525
21696554 21696556
21887137 21887139
21734536 21734538
37873614 37873615
21785329 21785331
21772585 21772587
4433378 4476559
21871895 21871897
21807906 21807908
21963144 21963147
21843579 21843581
39227190 39227191
15554036 15554039
21740511 21740515
15588342 15588346
15550536 15550539
15592090 15592094
21828280 21828290
9789311 9789315
15216765 15216774
15550989 15550994
21790626 21790628
21635783 21635785
10278788 10278823
21621988 21621993
21720373 21720375
34019726 34019727
33819880 33819881
15577456 15577460
11884052 11884061
21639750 21639754
15592722 15592726
37868849 37868850
15592595 15592598
21876253 21876255
21871619 21871621
12296106 12296113
4556821 4573268
21813302 21813305
21767389 21767391
15853805 15853810
21650771 21650773
21948702 21948705
21948603 21948605
21900357 21900359
12205814 12205824
11885365 11885370
21927399 21927401
10642558 10642569
21761312 21761314
39227194 39227195
39227196 39227197
21627141 21627143
15407873 15407876
21723807 21723809
21928133 21928135
21871594 21871596
9786872 9786881
21804890 21804893
21826287 21826289
33947523 33947524
39227200 39227201
21717432 21717434
21872649 21872651
11880244 11880251
21682602 21682604
21729626 21729628
21727043 21727047
33819824 33819825
21802246 21802248
21925512 21925515
21672271 21672273
21845986 21845991
21806000 21806002
12861920 12861942
39227203 39227204
34026361 34026362
21842862 21842865
21698391 21698394
11818070 11818076
21808493 21808496
21653650 21653652
25380885 25380895
21787479 21787481
21852328 21852330
21750660 21750663
21825639 21825641
15559681 15559684
33656577 33656578
21703635 21703637
21828977 21828979
21918207 21918209
15539988 15539999
21838093 21838095
21868741 21868743
37868719 37868720
21912221 21912223
21766824 21766827
21838772 21838774
15584269 15584272
21683642 21683644
21819576 21819580
21929332 21929336
39227206 39227207
15588641 15588645
33819914 33819915
15552120 15552125
11819257 11819261
21696386 21696389
21847860 21847863
21960615 21960618
9814069 9814072
21852387 21852389
12399160 12399172
12067724 12067732
14508951 14508955
34026568 34026570
39227208 39227209
21948419 21948421
1118608 1990166
37907536 37907537
21680843 21680845
21856787 21856790
21931894 21931896
34019664 34019665
39227210 39227211
21945523 21945525
33653885 33653886
11787055 11787061
15563702 15563706
11845036 11845041
11886590 11886595
15239674 15239679
39227212 39227213
21699738 21699740
7410354 7410370
21855814 21855817
39227214 39227215
34010362 34010363
1692158 2526551
21652930 21652932
21671008 21671010
21724916 21724919
21893286 21893289
34026934 34026935
21704590 21704592
21625553 21625555
39227216 39227217
21867154 21867156
21800764 21800769
21853358 21853361
11797982 11797988
21763673 21763676
21629185 21629188
21653095 21653098
21909391 21909393
15224139 15224144
6716325 6716331
21675551 21675553
9786924 9786931
21642640 21642642
21957069 21957073
15568403 15568406
14670017 14670030
21649559 21649561
21785908 21785910
15592774 15592778
21777465 21777467
21723129 21723131
21865229 21865232
21619501 21619504
21640876 21640879
21620355 21620357
11979642 11979646
33653807 33653808
21839850 21839853
21867767 21867769
14563398 14563417
21867072 21867074
12153272 12153275
21781975 21781977
21734356 21734358
37873275 37873276
21686183 21686185
21667278 21667280
15223461 15223465
21800200 21800203
21926631 21926633
21631010 21631012
34029382 34029384
10464550 10464567
15137858 15137879
12861926 12861956
111451 365922
21721238 21721240
7806691 7806701
11725717 11725723
21830320 21830322
21676306 21676308
21632220 21632232
4120985 4264086
21870752 21870754
39227218 39227219
21689940 21689943
21666763 21666765
21770477 21770479
21768378 21768381
21865737 21865739
21793377 21793379
21691090 21691092
12907532 12907546
15243948 15243958
21902428 21902431
21909281 21909283
21913789 21913792
15592661 15592665
21696559 21696561
37873605 37873606
15191214 15191219
21627428 21627430
21625769 21625786
21939560 21939564
21926042 21926044
21913403 21913405
21727475 21727478
35981437 35981438
21911572 21911574
12278023 12278027
21671493 21671497
21674743 21674746
39117898 39117900
15579984 15579986
21728409 21728412
21773125 21773128
33997716 33997717
21870717 21870720
21618695 21618697
12389258 12389262
12216088 12216093
15196967 15196973
21625768 21625778
21791269 21791272
15584970 15584973
12193792 12193801
15590745 15590750
15191266 15191270
21750367 21750369
21689198 21689201
21813489 21813491
12045746 12045749
21890992 21890994
21888095 21888098
15586451 15586454
21841305 21841308
10349355 10349368
21889345 21889351
39227220 39227221
21667493 21667496
12888959 12888967
21742433 21742435
21671706 21671708
15219464 15219469
21655879 21655883
21849839 21849843
21645083 21645085
15223984 15223988
39227224 39227225
34010564 34010566
21829193 21829195
21630432 21630436
14201694 14201706
21828099 21828102
21669836 21669839
21710000 21710002
21714037 21714040
39117191 39117193
15219357 15219360
21631782 21631786
21682518 21682522
21834844 21834847
15190952 15190957
12399068 12399072
21735962 21735965
21640205 21640211
21636047 21636055
39117123 39117125
15242002 15242005
21619104 21619106
4358996 4422333
21852516 21852520
21742187 21742190
39227226 493379
39227227 996157
21916855 188261
39227228 1750181
21711006 406526
21904749 493378
21740555 394368
21620286 897470
21946034 346488
21828034 344644
39227229 3882455
34091948 338529
39227230 434037
39227231 79168
21946261 143600
39227232 348490
21784943 962588
21902915 171248
21639375 923722
11845518 1109958
21647333 3588026
15453886 96338
21772001 1564677
33997710 218297
21671356 58259
15579448 1311168
15557955 1730061
39227233 905550
21860121 672742
21792329 672838
21821746 1831489
34061524 3817983
11861542 133703
15455627 1005945
9760529 597428
33838582 323468
21823557 308442
33665735 985210
11853041 578102
21749429 104065
11838050 80303
9842331 360804
33959234 102233
14520833 219249
21876890 625187
39227234 204541
21759405 354969
33956648 1798334
33950109 573797
21769740 2839693
21632349 908229
9852950 50519
21913261 186180
21959215 427634
39227235 331027
33958482 1327192
11877765 101489
21692748 4884519
21757848 1720584
15584745 36679
21727315 102040
21698514 621692
39227236 581503
21872933 168670
39227237 324889
13156508 947042
21864884 385638
11857209 487879
11863067 152377
21878139 185305
15524840 2174464
21765273 2604633
21941206 298106
21907367 4886694
21800335 1969775
21948726 2768097
21812670 333948
21807412 232404
21803076 1861976
21732623 938895
9919532 1876156
21886184 94515
2529797 1718436
9706287 276066
21631345 913005
21713469 655319
21928302 288161
21872684 144988
11885878 1758530
15433963 306065
21632892 1752099
9919509 1673835
21748211 643362
21947501 678133
21929285 102350
21941733 336191
2535117 54406
9917262 218291
34025951 295918
34061481 2886456
39227238 225920
11874398 123271
11860250 53000
39227239 389224
21652526 1126273
11838839 233106
21874798 606519
21830348 764344
34042718 888457
21943191 223018
9786282 98320
11878893 54792
34027035 94804
21813869 71519
21818878 236712
33833838 1548340
13149159 219628
13152662 681283
21819668 681300
21633723 325733
13150528 678489
11873328 440314
21748249 102871
21771930 1331216
4953215 1308827
13466026 181422
9679788 2492265
39227241 338437
15500335 3221279
21930894 949781
21846966 414997
39227242 261018
21962820 19587
21804148 629850
15454355 1029416
11868665 949434
21620591 116371
21874463 2500020
12222206 324240
21918556 438817
33653828 496687
21757773 62883
21629317 300722
10449975 288413
11886290 3325476
39227243 2611756
21637757 2502337
21749087 670334
21876417 625241
15433715 219935
11871904 98092
21875186 860732
21928948 902335
9917029 54826
9842402 215182
21639720 708470
12145941 344643
15403867 36680
15433988 100092
39227244 224530
21873298 99251
21801332 677828
13342208 1818711
34026992 95669
9975616 218797
21909493 626369
21945368 336692
21790614 2271925
21699321 828626
21715799 330818
21774140 171968
36032966 102533
11875800 1373593
11872086 452906
11866134 638552
21872676 325721
21898810 1163465
15456066 508354
15404813 891428
33730120 52865
9971557 423710
39227245 1552662
21737144 226415
34027078 1674832
15404615 280483
21699869 148382
21646551 108524
15408884 829422
21857083 861953
21742903 871551
21650904 967037
22247194 336994
12879224 144989
21873721 793709
4573240 198874
21669063 1622804
33838587 4091980
1593064 54660
15584520 144987
21694078 369353
21766480 245781
11838071 150039
34029426 582493
39227246 219108
21636880 270692
21808528 234127
21885535 171704
21699719 765034
11889402 926196
39227247 542638
13149015 224633
21894902 91428
21885073 1123032
21692399 2768590
21728049 1127359
21702479 1751014
7438421 161423
15560586 394018
15586698 1629362
21953381 524328
21828028 127329
15514690 735607
34026541 171026
21950656 1621397
21833764 158522
12173117 436975
21910849 262006
21860990 369948
21804703 448310
9991857 225966
21938299 2808626
11968073 356721
21642459 3086992
9886079 100776
21890671 1213020
21745230 18440
21779180 57261
39227248 348516
21685492 642424
11830947 651
11890137 110841
15569239 307464
34026600 606766
21682275 883243
21812586 2193176
902915 18252
39227249 100519
39227250 306995
21618966 902167
15511809 1947578
14618215 2047635
9765282 146871
14106926 144131
21662131 252046
37680539 1420773
15592784 15592789
11869168 92349
39227252 498355
21725741 98511
21814230 916043
39227253 552397
21735206 218066
21627612 98935
9971403 78187
39227254 709908
11858248 98798
9786890 155437
9791050 2111029
34032306 340758
21845579 44160
21612652 1170437
8667553 871960
9992303 217896
21866048 1111845
21619075 331023
21792492 137443
33819833 2606609
21638112 2011072
15442143 342946
21619484 344138
33947703 2015316
9761547 35463
21645811 5748
34010485 85521
39227255 324964
21735055 1696406
11866852 156164
39227256 1260372
21942241 181623
21669319 1414546
21926218 1249641
11869602 363286
11849180 392222
11838972 83794
15414878 208330
21836419 1339386
21772511 390788
21918839 101898
21663529 554680
21662449 311043
39227257 1242782
14704841 18045
34042434 1559666
39227258 1155682
7234209 199963
21702910 254502
21870465 657954
21648627 520697
21739536 141977
9788511 687344
11901271 268223
33819883 1428246
9765955 104224
15514739 766709
21756845 2144569
21887110 54269
21622686 1258172
21646791 111685
21877785 67560
21851875 879551
21652141 393647
34026534 475801
13583755 218243
33956649 857581
21789536 448276
39227259 447998
12752269 200832
21691432 1337671
21842382 537814
15540609 96931
21818051 289224
15239041 91515
21785633 1042145
33838633 1250421
21944082 469049
21851724 339475
9971530 200828
39227261 445413
21692093 200827
21719952 94688
15442140 922232
13153307 22250
21698839 126782
21670968 396611
37870487 749884
21901019 288090
21805865 218798
39227262 919234
21811877 175235
11871088 163681
34042535 853226
15395815 50846
4477969 319014
39227263 224734
21918409 95991
21680202 698589
15556832 318880
11888004 1003985
21749412 521136
39227264 159920
9971363 325283
21778664 392342
39227265 1076732
21884134 851668
22092174 526982
21703631 462591
21871071 570373
8238432 520820
21738597 367328
21698355 256230
15592635 39056
21671415 242319
21813690 54526
21865452 558978
21788039 325346
21796791 84946
21887591 2890809
11888872 199381
14024801 176863
37857734 22824
12887242 511270
21752076 86012
21738388 395841
21772899 821820
34025670 333689
9786320 46497
39227266 1117393
9971379 135881
15550695 1337461
21916924 65479
15514732 86013
21959743 189819
12834157 1420444
33730044 1579822
9976401 733069
21650614 908555
12913985 497616
39227267 459232
39227268 398689
21956882 1008717
21865579 152170
21720382 1007509
39227269 962391
11876799 332422
21823196 96104
21754056 133180
21845788 1158579
21878813 827495
21697679 1020463
21633815 56308
21688631 388333
21721500 156800
39227270 624560
21758321 472684
21816106 1658737
21778561 889947
39227271 687554
21637716 781113
21636593 398095
39227272 247534
11865206 963288
11857631 35779
21942067 22782
21712780 368402
13151584 1420445
21818635 351808
21769129 1487121
39227273 677826
21727606 218800
21876062 1007114
4450768 97306
11877802 94691
15434167 300802
11889733 607515
39227274 2028422
21796255 236015
15587634 1572997
15404818 219699
21931552 891008
21852632 297123
33782388 2113614
21948632 827716
33653893 929485
34042430 1233834
39227275 1694481
21632792 2776633
34026352 854219
15575166 1233869
21871989 3170216
39227276 32428
21951930 90495
15433849 328877
34025713 1656430
21685501 1992997
39227279 660180
21671087 327597
9764126 1120976
33864163 790043
21920983 218486
21862888 623551
11861247 351435
15409796 506676
34026231 2249241
39227280 332058
13147032 2204637
39227281 831828
11883861 1388082
14612846 209342
34026970 1643208
21641307 219295
13149419 567167
21718533 162578
21751292 224634
9876960 371646
34026844 323994
3863994 607758
9766024 607758
21656464 1479254
21861222 37722
21901887 394438
21699889 416106
13147216 2144947
33782377 2706294
21615641 153344
14754627 1030232
21815907 358131
21851488 137914
21674390 544817
21923526 454091
21634923 814399
21684297 1026098
21635083 742017
21835699 505240
11873214 1082927
21695880 305484
21941632 670102
11923251 212130
21720215 532895
37873612 926560
39227282 542855
34025716 1471419
9842399 715785
21888718 2115205
4768744 75957
11838144 93594
21833021 109370
21771549 2027829
33947519 963507
21883669 541384
21843519 37622
15495751 1303392
34025718 1128787
21914741 278225
21687890 275968
21750462 495720
11848913 89007
21785145 2798942
39227283 324262
39227284 1275635
11868010 321268
39227285 1739
9917399 351759
21904391 83536
11917891 444634
21759382 2346610
34025746 231641
21672034 1121857
21718815 194575
21795372 193055
21832393 335627
21741841 1131752
21700941 94517
21648851 93555
15592752 83945
9880748 3234430
14285774 105740
39227286 1734511
39227287 1271655
9846574 554198
15493985 95107
9786367 343709
39227288 962602
21669629 1783914
21651250 952782
34026325 1618268
21892430 2989327
15393612 534503
15592580 6993431
21896499 675852
9761536 96438
11890124 1011572
33656456 3461123
15548969 38525
21920827 637492
9929542 891015
14670726 546664
34029427 2502162
33947624 1121161
21832408 225594
33729706 317095
21642272 52566
15588272 992547
33864161 1290028
15478054 316440
21668913 622225
21707806 1755510
15454490 90543
21834999 1082885
21763169 252841
21876485 2363547
39227289 2847543
34026526 173966
21930369 337083
21912190 34100
21914560 628418
15191257 2135384
11870167 189310
39227290 51438
37680357 363451
21831486 3789138
21895989 332625
21643221 105326
33671197 1004252
39227291 2430755
21776659 502458
34026539 842423
21764718 296538
39227292 1194169
11888951 589473
9971462 645042
21802037 96711
21677825 44313
21951898 316894
21769922 365742
33730116 274532
21782921 3734674
34058352 3458223
21909848 169267
21847924 841115
15449872 724384
13150026 1452238
32982707 19071
21898861 792629
15550306 18936
21682206 6089975
21806093 108338
21820872 221583
21870616 230037
39227293 526498
21845495 669374
21781871 359762
21723362 170097
21884248 39295
21752757 36247
39227294 221494
14607025 1260204
33729977 246448
13147784 39296
9973874 219629
21952520 118167
21745632 191428
33729924 279335
39227295 922130
34025714 3045437
32980094 4373682
21884729 103518
11770528 39298
22272994 97167
13969769 1705612
34026193 339067
34025741 5078070
15481637 103377
21814249 946442
9971591 1069304
21660624 52567
39227297 3953852
34029435 330651
39227298 273584
9971551 625269
39227299 217305
21762091 441528
21853160 448605
39227300 6261397
21658856 2922700
33653805 2552108
15221055 427369
4659549 2556745
21955254 54866
21937669 627204
21764800 1854731
21673197 2577631
21892230 643666
21787491 47365
21633986 385927
33870428 3430521
34026327 187665
21817763 1411
21804807 2129000
21847346 532831
21789644 573758
21694947 572071
21756110 1578731
21772406 163884
33729750 1026231
21764546 910019
21655146 302054
21664777 43407
3926933 385008
21859395 884477
14509025 36008
39227301 302325
21657417 331778
11855552 204540
34026547 1676189
1607510 500751
21940840 96155
11870284 216390
37868856 3702684
21953282 549855
21649995 101383
21774352 447165
9764077 18888
21678276 909556
39227302 3284801
21618818 758073
39227303 1438141
21693881 60116
21890473 104402
33869365 2800612
21738314 673153
39227304 2370964
33870381 158658
39227305 803741
21894494 501631
11828836 487163
21663526 108436
15407468 319817
21825242 633367
15384801 633174
15410702 1754467
21621770 899682
21940845 1448375
21733392 487032
11871116 85001
39227306 3036013
15454370 285669
15395962 132493
21708616 52345
21763896 3776920
21799480 341181
21803758 52073
34010809 460230
21892161 687846
21853736 2771816
15481730 418169
11883518 325023
21663669 686128
34010052 136017
21796283 78628
21957407 810108
21841625 809503
21650331 223089
15414863 132685
21944427 867339
39227307 699007
21940109 53190
32979394 953722
33653861 1843788
15563100 347348
11853913 484370
15439343 855950
39227308 3226962
9974285 107619
11869529 35921
21932035 780659
12863670 335391
39227309 2073012
21746272 1929821
21842309 803556
33663764 1671213
21657825 3924
39227310 2945257
21852399 330496
12216645 636083
34026334 192301
21957143 626720
21725445 1198848
39227311 317984
13149984 281002
14354512 316724
21889437 394425
39227313 606392
39227314 437734
11968082 1100971
21618566 275230
14508140 158339
15401070 370374
15540263 604325
21809600 611155
21769642 327727
21615403 156684
34027113 88202
33729740 3625794
4756211 576179
34026384 701938
33838591 3461945
21657783 5159
34026482 1309026
34027304 1060824
21646142 71836
21721072 530808
21647773 730452
21940465 35962
21651312 701201
21617715 246596
21913386 1309620
21827163 99776
15456977 123272
21848379 551080
21768349 322951
39227315 934015
21838980 866912
33656455 522021
21659151 2174531
21664797 54014
21760819 338084
21682582 606580
39227317 849796
14034059 52568
39227320 487771
21712671 433501
21796050 52509
21824844 867566
10342207 396130
21936025 62878
21653475 798178
21714699 1029340
9974596 858583
21957812 48088
21675872 2638630
21676642 101168
21911890 325559
10278786 110840
21672459 339256
33947715 346250
21821667 1210526
21821931 334039
21760322 1086564
13149969 757886
34026076 345524
39227321 1520842
9873119 353427
34026983 593389
21755448 470580
15434327 1110234
21852041 1785531
39227322 515193
11870290 608579
21721554 146349
21683597 908905
21901625 953594
21697988 36005
21623983 392254
9760422 638956
10099148 723167
21806622 1473413
21652157 416296
21940878 94381
39227323 61342
21929495 389634
11890710 161295
21951557 153227
21843002 589105
34027018 1992232
33829359 871589
12898339 49760
33870364 1296143
21828032 185879
11902277 2436397
12845965 84325
21748128 1466238
21673055 177217
21778216 1706476
39227324 1965604
21735200 191023
11741035 144230
21888973 6568851
21758757 5580477
15396965 371901
15406450 1732687
21617870 905072
15394209 72775
21913999 63520
37904125 1313638
34061511 567050
13149390 189268
21869795 371996
33878332 848479
39227325 6032453
21786703 1653789
13157202 513021
11885193 402962
21677249 189168
21749329 215785
15240501 580313
21881016 205013
21772566 117044
39227327 285910
21926753 328742
11880899 505714
21867376 2153289
34027155 568648
4741256 367588
21840058 488275
11833910 75379
21947146 365151
21766003 858163
21798741 105230
21649757 435827
21809423 804130
21764517 1309342
4710759 117555
11889873 21812
21736747 3662231
21948593 54527
11878037 339829
21839113 829260
21726154 818933
32979178 628690
21899929 102963
39227328 802336
21665915 875198
39227329 1391617
21750821 439708
34025865 94020
4295136 95947
15567985 915733
21784934 1551510
21802817 945449
11849866 5161
39227330 1955321
21876574 1407524
33805008 756529
21740213 3070328
15454481 189087
21919088 1559962
39227332 436256
9791000 219479
39227333 97713
13149933 1095688
21653114 5432668
21801859 62880
11855311 1596559
21635961 396333
21875281 1725460
33729798 565336
21678203 2527980
21767035 110130
21922162 3654907
21638307 891370
21691353 49453
12909384 622324
21834863 475758
21930065 403728
39227336 927695
21677824 124986
21911413 348207
21676372 52555
11865240 105860
21844196 213507
34042498 1747280
9972253 665283
21872701 4344732
15450007 1248822
11872025 51430
33838599 6556817
21887801 933286
21887378 347427
21916678 51188
9768723 103139
39227337 101659
21612758 674243
15410632 305811
21782856 827678
11869514 327613
15545735 2857899
4154029 363757
21905396 683117
21957530 1596771
14494826 2565923
11851602 280773
11883947 94063
11847554 1089535
21790345 53829
21765944 150870
1640434 273078
13149618 190353
11799898 1581323
21692728 288723
21720162 469622
14024802 1124000
21903961 222720
21647368 354943
9876665 393030
21901042 237960
21865141 502551
21917886 942502
9786743 331028
9794647 160243
21751338 882909
39227338 63609
21932631 325375
9822959 999609
12325391 88205
21948503 1152353
33656595 667810
21757415 390188
21738726 1618192
39227339 3337016
21636793 340531
15434265 220191
39227340 1600501
21646139 219827
21615898 110887
15397093 96398
21908901 311736
39227341 3293815
21665438 649532
34025678 648798
12832522 214574
39227342 781259
39227343 118496
14403021 587733
21829237 721224
21932021 522083
33868424 1300475
21632216 63521
21623104 570545
21784552 373264
34073510 1695368
15568170 289289
21839724 51719
34026875 3611748
11869034 434445
21885042 400251
21694821 84663
9769394 43804
21748678 177027
21714705 295678
39227344 581607
21679339 1308304
21864555 676264
21833917 1412
13151312 479482
21949741 467681
34025842 96157
21656774 116952
21777888 896540
21706036 6634062
39227345 1912258
13149549 51431
21852027 923922
21752214 555381
4472785 150556
34025676 4653107
21737701 5507476
21932859 4187630
21743538 659933
34026998 1775293
21829959 912426
21786324 5300098
21763425 339068
11887822 219109
21802368 408101
21939946 3253307
13157989 1602773
21744813 312680
15514780 3553071
21903096 291859
21952571 5818248
33781641 435629
14423912 460796
33819905 2309018
15241774 54315
39227346 2279274
34029359 3419256
21693037 219481
8264969 40899
21748099 141926
12214991 677648
21932211 545906
11882678 945895
21736179 93664
39227347 639291
38684735 457076
14292714 127229
21876703 1114818
14638659 440315
21938722 3356092
21701459 582433
15565611 1793227
39227348 2528389
11859068 289323
35341097 717109
21871903 2775799
34026533 51530
33656390 211750
21840349 658706
15391003 101934
21709366 230335
21918957 230210
21768152 1176723
9851132 1042842
9863683 1693731
7872906 242882
21805612 1402
2594871 1792842
4536800 2636343
33653795 225044
39227349 2230696
33838826 393908
39227350 5810640
11889251 1044706
11857455 51524
11848674 40834
21865758 32502
21691038 23550
15408779 391910
11861835 110845
21840424 4050241
9814566 33783
33729909 334428
11869391 336586
21620806 918828
21705557 23855
11830858 17967
21719303 2943934
21877093 50534
9971599 3846522
15590925 2073829
9866741 96823
39227352 907306
34026454 1547497
39227353 7334404
21884942 328874
11859254 1439577
33947540 35231
39227354 3174839
34010094 8401708
34026301 678490
32977933 321611
9974322 1607
21802513 51069
21923492 137596
37875950 951868
21877799 146125
39227355 2651908
9908289 144350
39227356 2166583
39227357 87884
39227358 1346043
15409096 647808
15409409 94805
21899144 76285
34026515 3618302
11892784 2381143
14670014 286774
33832533 1342629
9829549 433230
21871660 145107
21803712 238004
39227359 59892
21945133 31623
15212948 23427
11857424 26677
39227360 3309443
3606487 129105
21709462 129846
21681072 21712
34042421 54200
9817145 26162
33873190 26075
21641728 27591
39227361 11112303
21894917 135706
39227362 593390
11886569 83931
21633310 380832
21650582 449795
39227216 2663977
21734567 154625
21804209 113302
9882371 339254
21892782 222911
21918392 1948852
39227365 3787605
21627337 3528939
21803724 234211
21671320 2005822
21781479 3705132
11844077 328780
34025770 108716
21721986 718079
21728753 241643
21897515 52447
21919100 177127
11881192 177264
9796541 218785
11877282 96480
9927374 2856
9853902 1307941
21797780 97927
21893661 48370
21799609 1477342
21711255 483046
11884581 3309117
21814071 18042
21719726 328475
21919257 366894
21858831 1159545
13488950 97633
21879375 2862
21870202 97569
9971492 95375
21661983 2526514
21749824 91704
21922944 631043
11873563 41921
33957942 348250
34026926 960994
21931524 764171
8873142 289059
21749746 252281
21889643 941476
21659401 365308
21839229 615888
21930062 278563
34010816 2720887
21819856 674154
21891389 99642
39227366 3089303
21661613 1004276
39227367 953030
21730751 138263
39227368 49353
21695806 443468
39227369 271541
21658554 319586
34027127 630089
34026484 340924
11882481 288092
9848403 218115
11851721 901985
9764208 102919
11798220 1182462
21812361 5432130
21717181 800837
15407833 2580394
15147741 751750
21641643 213868
21850626 1298205
21672435 291421
21786932 212059
15481284 133348
21912812 339069
39227370 2101630
11873837 704057
12907536 216579
21909817 2867299
15567998 171404
11849693 202406
21767225 1043765
39227371 1142610
33730089 242209
4046917 1406944
21813795 332712
39227373 1099883
39227374 1637009
15453817 1720521
39227375 1489647
21947077 92865
34074516 3047958
34025693 252234
14118276 213157
21617205 1142675
11881177 51432
3573830 554805
21721817 447805
21671536 236620
21935083 316366
9403979 17878
33870429 97812
21895052 618855
21728181 211890
21619082 2284936
21680684 58044
21662865 41906
39227376 452264
21792408 1778250
39227377 7174546
12872413 321996
11871088 9790323
21616028 1139149
21810334 53115
21684023 1932
10478259 21892
21890632 166312
21714297 3364013
21956729 76693
21636508 529786
21674978 1081037
21754243 83547
21870437 660582
21640156 865971
21835221 2262806
21639988 879935
37869502 2497708
21637035 1655984
11831910 220555
21941984 389937
21866640 92201
21824398 324329
39227378 364372
39227379 3594863
21815790 590160
39227381 1775524
15410606 108743
33666013 1581664
21750235 2732869
21890491 1421231
21814606 37363
21819815 2035264
21662001 80422
9763088 569114
9873141 57676
21664125 1638618
21815056 80046
21769329 1779941
39227382 6305003
9786575 179708
21664039 52510
21885574 3598478
39227383 61894
39227384 100093
21639709 408692
15413875 223921
21875916 347779
11843356 606688
21677382 18112
15414271 92071
33819840 162083
9974248 119440
39227385 312777
21790749 496949
9760476 36921
39227386 2761609
21814018 255374
21614574 945153
39227388 3530152
21627508 2054
21612958 386610
21697690 52149
34019714 2557326
15538422 2125179
13149436 191513
21805086 133816
11885885 76850
11889190 618290
15479543 359418
21908197 1885037
21936169 586980
21852664 23130
10841467 202410
21654212 2746134
39227389 2511063
21644876 98380
21731959 51082
11843681 120746
21948674 937472
21957493 322056
3935308 4141503
34027115 121063
11882782 600671
39227390 4747390
21739220 4030453
10354444 141377
21874103 1882881
13146066 2794375
21656207 3785489
15599414 179738
21774927 336921
21726071 2154320
21891461 2821441
39227392 221772
34026902 93320
33782400 323992
14638661 58192
11921073 1411292
21885895 316204
21715009 3814046
14195583 52840
34027216 1799762
15385700 660797
21939187 580822
21902226 4294683
15251703 936675
21739991 316876
11968547 4530733
21895124 228656
15540734 660339
21745531 514912
39227393 92427
21947992 3420079
15483811 67426
21874534 1711740
2767809 80423
12879220 1947424
21736684 44232
21714912 160621
9092764 132939
9980085 215091
15047839 935690
21739972 280094
21639132 899646
34010106 53191
33873192 1674752
34025659 1115409
11852599 96241
21846614 18843688
39227394 2577172
33653877 5923357
34027214 1677796
21614350 864500
33730118 98228
21821626 1596384
33947563 1489123
21798569 360550
21670245 163959
15558650 456629
21884401 3404199
21752909 1309924
33653831 215424
21752917 755252
21842240 3547961
11873976 165791
34027318 312784
39227395 3323591
21859444 126797
21843234 73359
39227396 130350
9980035 54618
9768765 19011
21669145 5623934
21787299 418066
11841835 332250
39227397 725509
39227398 102809
21751374 58260
15568136 2218264
21954346 4061402
21711755 306628
11874385 138391
21916403 887847
15584838 1226444
21659109 224130
39227399 706082
4139531 152252
9814534 100613
21804064 213278
21920604 3481248
37880158 293393
37858460 3558283
21929762 4984189
21869051 5257138
21701172 62428
21842577 35923
21721368 1466947
15556844 4013397
15400158 36767
8743674 333654
15564878 199528
33656457 162976
21689169 175614
21686731 387750
21853033 509116
21756764 1109698
34025837 671312
13150443 2948343
21796058 220573
11872435 164511
21700223 3767085
21839173 1983015
39227400 3347577
39227401 196376
9786478 282262
21925031 85429
11878260 99946
21691286 429634
39227402 296325
13060289 2303934
21936892 3421913
21872400 154266
21785651 2989700
13155800 17883
34027263 3075248
15570898 1305671
21695779 83429
21925272 348574
21755424 333615
9766679 72602
12893498 189212
21832418 49354
21856631 288536
21939698 328980
21962631 720684
21909854 280821
22228509 1798460
34025918 36537
33588357 468047
21698848 336587
21715059 98445
39227403 6513324
21652898 4293458
34026038 38064
21744159 162753
33782397 4810732
21647696 216944
34026303 1962355
21616213 3027713
13155437 3215315
21741236 37923
39227404 36179
21823304 358780
21647274 1209312
21943124 664538
21939198 186757
21921847 2927232
9976155 2859524
21897302 1112825
21898600 229863
34025724 367800
11828898 5779064
21701794 972062
11888745 35464
9971438 328137
13156613 173145
14669932 112617
39227405 2005112
12148180 870491
39227406 4283484
21855727 1433074
21671537 21893
21872412 5454589
21633573 229787
39227407 892570
21625887 46169
11660448 276658
21672578 387985
11897923 276252
21814912 4486420
21802198 78336
39227409 203591
21800653 267701
21662469 1596598
21924095 116738
21687176 36989
15585361 46804
21958657 39501
14704639 521368
33829058 1383948
15434045 316778
21686066 472599
21729921 610967
39227410 2906678
21802134 157952
39227411 324257
11881537 1003150
21673077 1699079
21784914 1200836
21824695 101384
21721492 449985
13157313 94298
9762519 1830858
34025949 1735497
21938055 8054904
21815867 503329
11818140 711315
21633575 173571
21768087 3987119
21797562 362113
21705767 729546
21892328 5287587
21671018 5478306
9876530 43218
11814568 110598
15404801 908196
33729819 446544
21849083 9766301
33947650 408024
11871109 384857
21951064 311333
15236290 12232719
21744678 10353394
4434593 152411
21867159 119700
28678802 2601157
21929945 364998
21860225 347617
9760454 65976
9992634 306362
21847780 4974151
21868977 63648
34026770 3749386
34010836 1692529
39227412 2423653
11863933 52404
1640413 1004944
21837056 2378510
21711623 1006253
21835992 93376
21782941 276870
13145601 5340431
34025794 4423459
33663780 13080229
21737830 53473
21842598 103482
39227413 503642
4629133 170839
21838164 221226
33947511 3802294
33654143 879377
21651489 361706
39227414 3802580
11847606 142067
21843507 940443
21836973 361228
11849124 51522
21873595 2122679
39227415 2896094
9974068 21713
21875963 325612
21756904 223210
13152670 963216
11855351 96337
21662308 5468
15393957 1846898
13467704 271960
15550784 2509687
21943108 458828
21712163 650980
21660897 52925
11866223 104746
33944424 884435
21862369 2878530
39227416 2761479
11861343 336924
9092761 40952
4210689 98759
21863177 361806
34026233 1344273
21853090 302381
11871141 117096
39227417 2611094
15209845 697168
33729955 866900
39227418 1415379
9876062 311447
39227419 1687957
21921693 328875
34025690 1629811
21818973 274299
39227420 97344
21919754 2263994
15404501 338371
11885849 879283
21843507 599753
21713513 676536
21843137 364805
11874577 148093
21930104 7422551
39227421 3187621
21726087 604376
39227423 5746660
14600050 155081
21757793 448747
21658225 447987
21917662 4285220
14670018 431575
39227425 3230560
21685842 17968
14524954 3089529
21891087 2604213
39227426 3328740
21914500 3015875
21799244 103861
21816998 689656
9781170 2522326
4965918 40040
12260607 284693
21780372 2185066
39227428 887885
39227429 51448
21894036 506914
15580097 1779259
21760156 1235484
11842594 291989
21620338 1674749
21773812 1222206
11874531 954925
21727458 3042518
39227430 1832192
21943852 7627691
11824273 5109355
21921302 58045
34025707 96041
21764693 4551553
21788124 343988
33804987 164957
21701492 2834844
15385715 138264
34029391 193047
21723467 470736
21744547 316657
33870425 828684
21926980 593435
21829244 116953
15433558 17121
21818380 5976379
21676613 5131444
21705318 1216035
33832475 405714
21646359 4658201
14024804 109095
21893565 557427
21691102 651771
21832260 827641
21800041 261786
11828812 561712
21818176 387691
39227432 165502
11875252 75546
9972867 218887
21649361 556232
21709436 560638
21767842 99586
33730090 300904
39227433 2111051
21738333 150245
21681743 269786
39227434 328876
21715356 890325
39227435 561253
21682980 1205309
21718597 559819
21637531 562744
21924730 99519
1857102 50035
21725609 1052528
21625214 891481
21612171 579808
39227437 905527
21734289 170470
21896268 664504
21696492 11634236
21631935 339994
21742690 101893
4666322 3978107
21880036 98446
11856561 54827
21806303 68705
21798524 109556
21939061 3580418
21826033 2353795
9791039 1429665
9786257 369672
21713329 448649
4477591 662034
11850665 452492
15245359 21820
15243947 233078
13149991 540443
21725116 2642321
21704249 135340
21923548 1687338
21725821 5794
4704661 55147
39227438 721066
4785002 164742
21631832 65063
21612602 159033
15568228 4201617
21628948 810008
9990787 97847
21942155 825414
39227439 1843163
21734764 1724602
11870323 47364
39227442 671467
21940362 1211256
11979839 132545
33664945 906968
9882364 34683
21943941 171917
34026333 377826
21905342 395891
34025733 924634
11848106 363402
21956742 3308564
21891075 2446473
21665179 149071
11869006 2745738
21740239 396128
21711878 2510135
21878725 895746
39227443 1482418
21665413 2378470
15434125 40042
21654017 678845
21872070 367739
21946555 2050
34018210 2396327
34026446 581765
21949341 1796719
21736832 90336
21896681 213196
21766612 150326
21804814 698652
34026881 3210285
21718770 167371
21625634 4451232
21948460 132242
21928467 2446255
11865383 134123
21838985 2573318
39227444 83933
11745973 1210436
21894370 2032894
21843875 22252
14562120 126396
21654043 269882
21939580 98938
14424484 34779
13149761 227537
21820205 393692
21693670 1640744
34048701 2296657
39227445 129365
39227446 5882491
34010196 93715
21631580 338575
11871894 334562
21790052 189553
11886741 2990059
21915808 4646347
21686163 4162281
21673021 60848
34026097 103213
21629023 4195870
15540179 217719
21807294 213279
39227447 1833848
34019690 14790802
34027041 198619
11911010 47366
21851377 510640
21627740 93878
9921140 19308
15453951 41924
9787822 134124
15580609 41910
33729747 13027846
39227448 1332663
21673760 139149
21828340 597194
21906902 234638
21897045 1528777
21819711 632271
21919789 2850377
21904061 511856
29043617 4127777
21949998 1615868
21929708 4620252
21900227 702612
15539584 2138676
39227449 865720
21628973 2117381
39227451 782203
21798009 129244
21915000 4841322
4477918 50088
21784274 123299
11882158 227790
35868728 2340157
21620981 44161
21732963 435925
21932639 4381498
11846581 65084
21758530 8210803
21948646 10094780
21919398 3333137
15587701 3175405
21699215 505359
34060582 5596227
21685063 2913204
21904441 385820
15583437 7745830
11888659 130875
15454403 51911
21802829 2523795
21750397 7247850
34026660 128705
34026328 125840
21936502 914436
21871587 15330
21623410 776073
21653722 206207
9133913 149960
39227452 869187
11849319 47592
11855670 140187
11981423 2640224
32982714 68532
21702631 1326414
34026373 463826
21953165 1204630
33729890 673699
21697802 902329
34026041 1677071
11928810 41925
1640435 43952
15553842 1918383
4138411 101713
15409748 97972
11886335 202362
21955343 96105
21660769 3293488
21961851 3631178
21930643 230109
15550610 2227928
21814699 616603
21938206 127421
21806469 2193993
21623517 283331
21926557 102813
21659701 218119
21927011 1704354
21663765 7085160
21952509 1096400
11880999 848383
21954715 1303494
21893735 5090662
21731364 517550
21810608 4985145
21843948 6665989
21612777 2657260
3611279 333207
15454536 707211
11894111 70134
21783982 475508
22139306 65141
21763631 2511194
21763500 201856
21638453 1713072
21801834 3099445
9972793 92649
21668711 37051
39227453 344861
39227454 7742651
39227455 1635251
21711453 484753
13145586 236895
21767376 137823
2826868 232712
39227457 658702
21937267 100490
21786288 3190462
15518502 337567
13161062 1326058
34026280 792618
21952115 18712357
15478136 236713
21821389 132026
21806392 7130126
21860872 1724844
21862733 1319025
34026972 208195
21798103 21485050
21635328 628733
21941013 967129
21910444 40953
39227458 96243
13146240 1995815
21954759 106771
21774091 57570
21912458 663672
21688227 373127
11887341 1995869
33838678 109138
33869384 38479
21774932 927792
21651121 629903
14024231 4352432
21685556 9472066
21898622 285103
39227459 5928382
21653968 739965
21929934 739991
21795675 900742
21708177 2322470
15519062 363944
21642614 208196
34005179 6389377
21707158 99901
21885952 10895587
21707062 630823
13155451 86823
34025899 213509
33868480 1626560
15454422 671647
9760501 22169
11852255 67340
34027058 127043
15498546 1158291
21617866 413550
11850386 156941
10938302 3068377
21755879 274640
12898341 112014
37873623 2425950
34042716 1573828
11910488 385928
21653084 373162
21785936 1485352
21912626 2801416
21731320 355245
21742089 2705830
14626011 99403
39227460 2792706
21821272 4132332
32980610 940913
39227461 3669287
11769785 6127931
21875039 2643155
11853415 213940
21837931 3386818
21642269 5896669
21778411 1039905
21935576 4472392
21923039 343183
21638415 917825
34019722 3200570
21618087 5998051
21785763 5638933
34010923 7753341
15557976 3386153
15478074 121586
9800001 607514
21874412 3357903
34026442 103631
21723843 806576
11873742 331194
39227463 664208
15401076 94447
21777525 946318
32979347 46845
15396195 217005
39227465 1779516
34027302 3671195
1413716 23041
12245650 1393024
21836181 2148273
21761796 145233
21699984 10361601
21705243 352063
21706851 101987
15592651 424751
34027020 165477
21656317 5518966
21820996 337455
39227466 7637116
21931841 1856565
21801535 526304
11887374 1732691
21669293 6934117
21820310 915209
34029380 13202878
21898154 137371
21808075 62851
11833326 54895
21937536 232959
34042461 869185
14972999 191090
15453776 113035
11851419 150832
21829569 3640071
21859181 1951443
39227469 5920625
9974164 1051797
34010372 218186
21643734 1456728
21908392 329929
21717154 6351
21943063 8052767
21939833 223004
21749160 1850801
39227471 380490
9991655 52229
12212552 40984
21934831 4121850
21716926 340096
9092823 392748
15511796 124625
11810470 893150
9993131 3205736
12844292 284569
3679116 1039719
21885830 1048786
13149807 403377
11869755 43324
11883056 41911
21863662 13711906
13466108 874961
11831812 93168
15523727 3185517
33829038 2942758
39227472 23796046
21658409 4421172
4537071 1007067
21658816 191581
11831810 305554
33729749 679142
21836088 151020
39227224 1950305
15408623 332681
21943457 1954921
9916230 90055
21673099 3330166
21941909 392746
21716652 46359
13156835 68199
21776128 954875
33671213 4713051
21926191 1166706
21634784 825195
39227473 4050602
33947592 915565
39227477 333283
11803816 346494
15456998 191879
15583497 3067641
9992098 126148
21677823 549949
21908656 549950
15481673 104232
39227478 333251
39227479 633998
9917154 98992
21906267 98381
21860655 3623311
21714945 893394
21692866 107534
21889016 6674581
21761731 52332
21654592 1596284
15592670 309694
21877638 171265
21924718 1011015
21697983 3129832
21749311 663437
21884445 2230933
21654939 14969285
34027157 2923303
15411737 1677447
21779296 66897
21886485 55627
983601 217645
21620137 92267
34025829 103242
15688019 5156323
39227481 550718
21833099 1194756
21697853 66403
15523622 936619
33947502 122365
12884786 898376
21667802 53520
21738094 881627
21751817 5261265
14519838 617739
21696484 542367
12893949 292870
21738124 861245
21757433 3275025
21807794 683285
39227483 825786
13148931 341509
15592759 1835843
9760428 100177
21701098 197434
21911287 179464
39227485 5313685
9917402 171614
12951229 2897258
21901099 1379766
21628070 612660
39227486 522428
21712311 880117
36110256 830596
21686640 940462
13471652 74327
39227487 514649
21898554 7777830
13149448 176652
34025688 4102783
34010228 2607423
34042442 102231
21735828 102106
11889720 8152836
32977102 1503798
21705502 1406869
9917399 75652
21953261 2952495
21768755 216474
21646187 1038874
21952729 105726
39227488 4272733
21806758 2714898
21940927 1658628
15411785 43894
11859608 850260
13151687 5678021
21924079 200197
34011042 3895517
11832225 70251
39227489 3180639
34025928 342244
15583489 2573554
13157847 4835154
11873422 20064
21951256 1527606
15568816 2692613
21759909 670905
14570017 535736
11862950 325443
21688632 663940
21844761 3621282
21773470 4707067
21622518 51523
33947672 961616
13470267 820593
21812583 3180353
21788332 49602
1826222 102748
15246150 196282
21957014 3012711
21876662 1676026
21864154 213280
21815531 1634
21613121 726183
15581868 7680857
21912944 5078809
21719342 10679
21652944 8294388
21962038 72832
21834350 217185
21656916 238896
21695551 475582
21769460 859767
33656393 339583
11881050 6611967
21864591 921086
21897905 940444
11877020 74931
11888079 2184381
11888308 800843
21690691 423868
11889773 4062200
39227491 3645412
21745938 9839885
21897460 1090341
13151668 5955666
39227492 5690795
1606057 6243
21645354 1218741
39227495 427273
21806217 6586218
15592628 50137
21928312 287561
21859847 1466332
21740360 256715
21793487 6828156
21859887 393089
37864461 1437832
21693225 5372200
21690133 1957317
15454365 282560
39227496 7158622
34026392 115589
21634621 6016953
15568297 1505211
21943540 1662367
21762697 338572
39227497 694071
21718187 2125877
21806893 5347012
21944120 2992008
21956136 545420
21872418 1513900
21824123 945401
39227500 1431875
39227501 56033
13157670 1400823
34026295 464494
21911052 6563770
34010726 730810
21937184 2590440
21769336 3903690
21877214 1674605
15558551 1036051
33730016 477435
15550297 215447
9918456 831770
152233 480405
21830111 40038
21777381 3986916
14581405 336723
39227503 791945
11888773 56115
21707666 127128
21949356 7703466
21961106 282758
15551537 318510
21839151 251737
21947999 997959
21761761 3153466
826208 246283
15503127 3860489
39227504 614686
21646038 3009853
39227505 1821666
21799474 9056542
21668115 319683
15483694 344925
39227506 3611120
14670131 246644
21621293 141257
9867037 6295470
39227507 14116433
39227508 25174798
39227509 2569922
21791981 99780
21696738 363547
11886195 6532742
21900121 393094
39227510 6775080
21646470 215722
902912 43409
39227511 1000914
34074979 8382621
21770542 319308
39227512 6956412
33838611 872937
21752219 675683
21819395 894232
21953442 5202779
11883815 518933
21664186 687547
21660962 112307
39227514 340759
21928197 9288452
21931643 62332
21759536 7609698
21941126 139853
39227515 665770
8165636 222336
21670283 4500860
9927359 5959989
21765455 3958532
21716100 664220
21750861 10367037
37898518 390903
11884007 325613
21767820 4409766
11847931 284144
33730091 395032
21877867 887522
39227516 866772
21747694 420073
21745311 406859
