4725 2292
4166 2292
14932 2292
2257 2292
300 2292
2259 2292
14893 2292
1508 2292
7375 2292
4724 2292
13893 2292
8316 2292
7358 2292
7371 2292
32386 2292
16802 2292
10175438 41545
8555264 41545
10171701 41545
10174524 41545
10144233 41545
10150468 41545
31974201 41545
10134213 41545
10172196 41545
10149831 41545
9749004 41545
10173736 41545
10144405 41545
10159418 41545
10173344 41545
10143812 41545
10151993 41545
10154488 41545
10154692 41545
10163121 41545
10147313 41545
10169540 41545
10148443 41545
10155176 41545
10157934 41545
10167473 41545
9753346 41545
10155902 41545
3084566 41545
10156710 41545
762667 41545
10141567 41545
10171689 41545
10144222 41545
10152285 41545
10152273 41545
286072 41545
10133625 41545
10145213 41545
10131259 41545
10157913 41545
10152901 41545
10144434 41545
10171610 41545
10172728 41545
10170002 41545
10168476 41545
9752261 41545
10167011 41545
10135764 41545
10143041 41545
10146273 41545
10172426 41545
10164738 41545
10167484 41545
10173539 41545
10140593 41545
10145966 41545
10175276 41545
9751382 41545
10167684 41545
39456028 41545
10172848 41545
39456029 41545
10168921 41545
10136595 41545
10163501 41545
10161865 41545
10157398 41545
10139463 41545
79354 41545
10132136 41545
10162728 41545
9751356 41545
274795 41545
10132920 41545
10142071 41545
10143699 41545
10132436 41545
1258854 41545
10132604 41545
10162675 41545
1137562 41545
10137137 41545
10132370 41545
10142975 41545
10132632 41545
10133176 41545
10138819 41545
10134832 41545
9749399 41545
10137521 41545
10164801 41545
484302 41545
10138966 41545
10154987 41545
10162803 41545
9750553 41545
10165440 41545
10155065 41545
10152116 41545
9753387 41545
10139959 41545
10141935 41545
10146452 41545
10142425 41545
10161737 41545
10161544 41545
10157105 41545
10154494 41545
10143100 41545
10143302 41545
10148487 41545
10173742 41545
10148164 41545
10167958 41545
10144108 41545
10145017 41545
10146612 41545
484299 41545
10159173 41545
10158160 41545
9750896 41545
10147749 41545
10149495 41545
10139205 41545
10149599 41545
10150096 41545
10150294 41545
10150317 41545
10151473 41545
10152004 41545
484303 41545
10152009 41545
432675 41545
10153454 41545
10140666 41545
10154848 41545
10154966 41545
10142019 41545
59596 41545
10134355 41545
10136779 41545
197926 41545
10145115 41545
10131820 41545
75628 41545
75559 41545
9750687 41545
10158095 41545
10145912 41545
9750508 41545
10148900 41545
10143130 41545
10160393 41545
10136305 41545
10150616 41545
1069067 41545
712980 41545
10150602 41545
1665440 41545
10152789 41545
10161552 41545
10138223 41545
10161874 41545
10160561 41545
10162109 41545
712981 41545
10150007 41545
10162642 41545
8481563 41545
255462 41545
3084565 41545
10150435 41545
3159415 41545
9745625 41545
63924 41545
4170 41545
9753233 41545
484300 41545
10159885 41545
243400 41545
10163570 41545
843063 41545
169371 41545
3634799 41545
4686601 41545
10143413 41545
10146820 41545
10156732 41545
10164709 41545
10172827 41545
2343714 41545
10167873 41545
10134510 41545
10134640 41545
10155499 41545
10135197 41545
10167997 41545
10137029 41545
10137127 41545
10134946 41545
9749541 41545
10141391 41545
10132081 41545
10133580 41545
7426006 41545
10168906 41545
10167427 41545
10142562 41545
10140370 41545
10149071 41545
10141743 41545
10144331 41545
10134134 41545
10148217 41545
10145301 41545
10144701 41545
10149866 41545
9750994 41545
10154392 41545
9751210 41545
10156866 41545
10157322 41545
9751612 41545
9752181 41545
10175233 41545
484305 41545
484304 41545
9722409 41545
10159353 41545
10161756 41545
6486 41545
10168161 41545
10168317 41545
10165748 41545
9753528 41545
5381907 41545
10171759 41545
9752940 41545
10163262 41545
10174613 41545
10160644 41545
10150860 41545
10160442 41545
10148993 41545
10173879 41545
10171118 41545
10136160 41545
39456030 41545
10146665 41545
10168257 41545
10158500 41545
10138651 41545
10143908 41545
9751081 41545
10175058 41545
10158903 41545
10146438 41545
9750864 41545
10146128 41545
39456031 41545
10170152 41545
8053 41545
10168213 41545
10132279 41545
10132802 41545
10133406 41545
10133532 41545
10135293 41545
10164112 41545
10136702 41545
10136920 41545
10137384 41545
4145034 41545
10138482 41545
9749662 41545
10138701 41545
10138881 41545
13791 41545
10139075 41545
10140661 41545
4218793 41545
10141021 41545
10142165 41545
10142545 41545
10142574 41545
10143173 41545
9750430 41545
10132180 41545
9749210 41545
10173689 41545
10132618 41545
10155896 41545
10175312 41545
10169341 41545
10174717 41545
10162776 41545
10168867 41545
10146701 41545
10169603 41545
10154571 41545
10133526 41545
10139869 41545
9750578 41545
10136643 41545
10165824 41545
10134670 41545
10137211 41545
10144959 41545
10150775 41545
10144055 41545
10167893 41545
10140132 41545
9749057 41545
10148102 41545
9750140 41545
10142012 41545
10137348 41545
10140352 41545
10140697 41545
10168010 41545
10162832 41545
10143436 41545
10132323 41545
10172472 41545
10163270 41545
10162088 41545
10157851 41545
10134202 41545
10172337 41545
10167405 41545
10143901 41545
10144969 41545
10175107 41545
10145184 41545
10146220 41545
10146320 41545
10141816 41545
10147241 41545
10147342 41545
10147387 41545
10147821 41545
10148199 41545
10148480 41545
10149006 41545
10149485 41545
10149553 41545
10149563 41545
10145123 41545
10150102 41545
10150186 41545
10150592 41545
10151865 41545
10152472 41545
10169585 41545
10152620 41545
10169712 41545
10134114 41545
10155010 41545
10165224 41545
10170272 41545
10156279 41545
10156599 41545
10157041 41545
10157481 41545
10157766 41545
9750125 41545
10159294 41545
10157289 41545
10159842 41545
10160789 41545
10161174 41545
10161181 41545
10161300 41545
10161473 41545
9750972 41545
10162244 41545
10161642 41545
4374425 41545
4917704 41545
10162401 41545
10168829 41545
10163346 41545
10162545 41545
10162585 41545
10162590 41545
10162864 41545
10163553 41545
10164030 41545
10164807 41545
10165615 41545
10165657 41545
10165739 41545
10157202 41545
10165927 41545
10166007 41545
10144891 41545
10167669 41545
126689 41545
10167953 41545
10168386 41545
10168662 41545
10168777 41545
10168974 41545
10140804 41545
10164895 41545
10169597 41545
10168699 41545
10169703 41545
10170477 41545
10131926 41545
10172010 41545
10165627 41545
10172526 41545
9752611 41545
10173940 41545
9754318 41545
10175392 41545
9118 41545
10135616 41545
10172877 41545
32573 41545
33199 41545
124017 41545
10145745 41545
10149079 41545
10173807 78197
10144281 78197
10174327 78197
10147245 78197
9749996 78197
10131947 78197
2153277 78197
10160498 78197
9749886 78197
10144338 78197
10139026 78197
10140621 78197
10145389 78197
10146405 78197
10147083 78197
10173316 78197
10158654 78197
10142184 78197
10143061 78197
10147160 78197
10148927 78197
10149725 78197
10160121 78197
10170706 78197
10138447 78197
10171901 78197
10164767 78197
14314 78197
133214 78197
10146884 78197
1008898 78197
9754027 78197
10166549 78197
1151444 78197
8775750 78197
2416157 78197
10155505 78197
10165561 78197
10157456 78197
10171309 78197
1112710 78197
1112711 78197
10138541 78197
10170890 78197
10170965 78197
10172077 78197
3195269 78197
9748846 78197
10169745 78197
10147120 78197
10173061 78197
10156471 78197
10151740 78197
731249 78197
10171589 78197
10159795 78197
10159789 78197
10135228 78197
10161772 78197
10131110 78197
10172456 78197
10172462 78197
10147764 78197
9722494 78197
10155770 78197
10162497 78197
10148363 78197
10168896 78197
10139232 78197
10171968 78197
10138350 78197
10137872 78197
10147434 78197
10138339 78197
39456032 78197
10160371 78197
9752657 78197
10175063 78197
10170446 78197
10147276 78197
9749087 78197
10156339 78197
9749858 78197
1137466 78197
10173283 78197
10151195 78197
10137697 78197
10138683 78197
10167380 78197
9682441 78197
10134081 78197
10139508 78197
9749447 78197
10136531 78197
10136825 78197
1314745 78197
10133091 78197
1471520 78197
10141559 78197
10138929 78197
10143970 78197
9753710 78197
9752524 78197
1151443 78197
10153855 78197
10151462 78197
10157084 78197
10156362 78197
10172708 78197
10163128 78197
10162550 78197
10170502 78197
10136954 78197
10160289 78197
10140558 78197
9754236 78197
10170312 78197
10156268 78197
10153429 78197
10135696 78197
10143714 78197
9752664 78197
10170098 78197
10133975 78197
10143945 78197
9752863 78197
10166650 78197
9753802 78197
10144854 78197
10174743 78197
10144953 78197
9750600 78197
10170894 78197
10168122 78197
10174070 78197
10147904 78197
10150002 78197
10150056 78197
10150959 78197
10175409 78197
10152369 78197
10171833 78197
10163055 78197
10153282 78197
4586914 78197
10153288 78197
9750093 78197
9749485 78197
10136678 78197
10134923 78197
10140903 78197
10135681 78197
2015615 78197
10156144 78197
10133799 78197
10156848 78197
9750542 78197
10144708 78197
10157529 78197
10157606 78197
9750810 78197
295312 78197
10144651 78197
6578532 78197
10150463 78197
10147397 78197
9751227 78197
9261160 78197
490964 78197
731329 78197
9752630 78197
10159901 78197
9752637 78197
10161565 78197
10136966 78197
9752570 78197
3305374 78197
58300 78197
10162642 78197
10162634 78197
10165170 78197
10162689 78197
10143178 78197
1928155 78197
8611988 78197
10140308 78197
28630 78197
9753461 78197
10163352 78197
10170623 78197
10163513 78197
1080876 78197
10174682 78197
10172313 78197
10163724 78197
10174321 78197
10172399 78197
1305357 78197
10173374 78197
10138151 78197
10174055 78197
10133099 78197
10152268 78197
10137673 78197
10163406 78197
10174985 78197
10134659 78197
10175376 78197
10169335 78197
9750881 78197
10133256 78197
10134022 78197
10165277 78197
9753243 78197
9748949 78197
10134103 78197
10132845 78197
10135458 78197
10162148 78197
10133204 78197
10137503 78197
10132517 78197
10135273 78197
10136971 78197
10168461 78197
10133616 78197
10140346 78197
10169029 78197
10165000 78197
10138789 78197
10137681 78197
10174647 78197
10171743 78197
10146367 78197
10170977 78197
10144411 78197
10147098 78197
10148173 78197
10147546 78197
10172602 78197
10172774 78197
10151807 78197
10148344 78197
10163480 78197
10153049 78197
9751479 78197
10157771 78197
2168383 78197
10156830 78197
1165766 78197
10156246 78197
10164352 78197
10164377 78197
10163134 78197
484298 78197
10152536 78197
9753297 78197
10169019 78197
10172142 78197
10161709 78197
2136605 78197
484307 78197
10166562 78197
484301 78197
9753761 78197
10174442 78197
9682496 78197
9753530 78197
10138434 78197
10161053 78197
10169911 78197
9749823 78197
10135070 78197
10150350 78197
10132427 78197
10130942 78197
10173720 78197
10141188 78197
10160546 78197
10169227 78197
10164286 78197
9751703 78197
9749605 78197
10173546 78197
10170968 78197
10146603 78197
10154575 78197
10146434 78197
35516289 78197
10138582 78197
10130729 78197
10168532 78197
10131508 78197
10131830 78197
10133247 78197
9749262 78197
10135473 78197
10135845 78197
198086 78197
10138477 78197
9752239 78197
9749469 78197
10137063 78197
10138202 78197
10138806 78197
10138961 78197
10138614 78197
10139293 78197
10139902 78197
10139393 78197
10137937 78197
10154630 78197
10140527 78197
6425232 78197
9749611 78197
10141999 78197
10142880 78197
4917724 78197
10144394 78197
10142824 78197
10136658 78197
9753059 78197
10174945 78197
10149715 78197
10146769 78197
10162010 78197
10170012 78197
10166085 78197
10157960 78197
10140081 78197
10148912 78197
10167845 78197
10145606 78197
10131516 78197
10149479 78197
10134053 78197
10145290 78197
10137002 78197
70804 78197
9749988 78197
3438746 78197
9750317 78197
10133516 78197
10134397 78197
10169687 78197
4917706 78197
10136723 78197
9750624 78197
9749632 78197
10136830 78197
10138851 78197
10136835 78197
10151451 78197
10134145 78197
10133668 78197
10148018 78197
9749237 78197
10135367 78197
10149745 78197
10160929 78197
10135171 78197
10135385 78197
9749437 78197
10146777 78197
10140898 78197
10132833 78197
9751043 78197
10137509 78197
10162356 78197
39456033 78197
10131714 78197
10145171 78197
10145195 78197
10146598 78197
24283 78197
10151584 78197
10147223 78197
10147465 78197
10147723 78197
10148157 78197
10148320 78197
10149116 78197
10137735 78197
10150328 78197
10150577 78197
10169641 78197
9749670 78197
10151347 78197
10151417 78197
10153463 78197
10154098 78197
10154122 78197
10156095 78197
4048338 78197
10156929 78197
10156963 78197
10157376 78197
10157380 78197
9752577 78197
10162476 78197
10162585 78197
10162817 78197
10162923 78197
10163877 78197
10163965 78197
10164260 78197
9753035 78197
10166294 78197
10166435 78197
10166728 78197
10168292 78197
10168456 78197
10159412 78197
10169611 78197
10175171 78197
10152589 78197
10169993 78197
10170255 78197
10169901 78197
10171020 78197
10171101 78197
10155656 78197
10166682 78197
10172331 78197
10172694 78197
10174668 78197
10175126 78197
10175204 78197
22981 78197
10173467 78197
14933 78197
10132478 78197
307337 78197
10171795 78197
10175245 129460
10169319 129460
10169208 129460
10158648 129460
10173552 129460
10133328 129460
10146694 129460
10174376 129460
10146350 129460
9752672 129460
10156393 129460
10156751 129460
10156874 129460
39456034 129460
459626 129460
10142431 129460
10167063 129460
10149417 129460
10148209 129460
10170839 129460
10147127 129460
10157836 129460
10168839 129460
10159559 129460
10164979 129460
10171461 129460
10173911 129460
1933201 129460
10166804 129460
10166836 129460
2009071 129460
10157857 129460
61410 129460
9752916 129460
10140493 129460
10150658 129460
10158416 129460
10156915 129460
10160424 129460
10169656 129460
10165417 129460
10172769 129460
9100628 129460
10132949 129460
10157006 129460
10140503 129460
10148253 129460
10146215 129460
39456035 129460
10132522 129460
10171381 129460
10169645 129460
10136489 129460
10163937 129460
10132681 129460
10166186 129460
10159504 129460
9748913 129460
7891782 129460
10165958 129460
9750368 129460
10132288 129460
1668824 129460
10135604 129460
10146419 129460
9753595 129460
10161532 129460
9748902 129460
10159431 129460
10130923 129460
10146729 129460
10165219 129460
10135611 129460
10133060 129460
10137772 129460
10138718 129460
10144865 129460
10134503 129460
10139447 129460
10141238 129460
39456036 129460
10169264 129460
10169931 129460
4921688 129460
39456037 129460
10170092 129460
10161502 129460
10169013 129460
10173889 129460
10161737 129460
10174264 129460
10143585 129460
10165541 129460
10173742 129460
10168769 129460
10152153 129460
9752688 129460
10143766 129460
10142490 129460
10147770 129460
7354304 129460
10137553 129460
10161959 129460
10139766 129460
10138678 129460
7888642 129460
10153707 129460
10140625 129460
3810474 129460
4901820 129460
10138606 129460
10164494 129460
10169420 129460
40941 129460
10138638 129460
10136353 129460
10135099 129460
10145024 129460
10131365 129460
9751641 129460
10147419 129460
10159143 129460
10149959 129460
9752429 129460
10150912 129460
9750749 129460
10165974 129460
1933200 129460
9751263 129460
4187732 129460
10161261 129460
9750676 129460
9750713 129460
10145792 129460
10157255 129460
10149184 129460
7314703 129460
10163166 129460
10166125 129460
9753201 129460
405693 129460
10162662 129460
10162689 129460
10152968 129460
3410182 129460
10131397 129460
9748807 129460
1345524 129460
9754268 129460
10171049 129460
10170875 129460
10148578 129460
9753785 129460
10163356 129460
10166110 129460
9751517 129460
10174558 129460
9754216 129460
10174504 129460
4917707 129460
10173076 129460
10174355 129460
10174851 129460
10131216 129460
10172283 129460
9750215 129460
10158923 129460
10164550 129460
10170402 129460
9722367 129460
10135299 129460
10143805 129460
10171290 129460
10130936 129460
10136559 129460
10135088 129460
10136903 129460
10143162 129460
10154918 129460
10146358 129460
10169188 129460
10133028 129460
10132876 129460
10135333 129460
9749476 129460
27662 129460
10139674 129460
10168717 129460
10134635 129460
1941196 129460
10140201 129460
9750024 129460
9751089 129460
9750491 129460
133212 129460
9749499 129460
10146175 129460
10144798 129460
10145710 129460
10147743 129460
10145907 129460
10163453 129460
10150966 129460
10151341 129460
10173995 129460
9754408 129460
10148719 129460
10147915 129460
10152584 129460
10153498 129460
9750702 129460
9751307 129460
10141988 129460
10157556 129460
10150667 129460
487400 129460
9751250 129460
10154297 129460
10160117 129460
10161313 129460
10161412 129460
10158785 129460
10165860 129460
10134130 129460
10163160 129460
10163689 129460
28550 129460
10164484 129460
9753252 129460
6964888 129460
10133960 129460
10168722 129460
10168218 129460
10171320 129460
10170141 129460
10169853 129460
10158606 129460
2759738 129460
9753883 129460
9754006 129460
10174711 129460
10172744 129460
591102 129460
10143792 129460
10162269 129460
9751944 129460
10144302 129460
10160662 129460
10158559 129460
10161990 129460
10172667 129460
10134786 129460
10172359 129460
10158334 129460
10142802 129460
9749790 129460
10143335 129460
10141776 129460
10147653 129460
10153902 129460
10161251 129460
1237951 129460
10165266 129460
10139861 129460
10132797 129460
10133189 129460
10135520 129460
10162322 129460
10160145 129460
10136539 129460
10136751 129460
10142709 129460
10140760 129460
10141530 129460
10141881 129460
10141947 129460
10150686 129460
10150492 129460
10171242 129460
10146829 129460
10150979 129460
9986427 129460
10135886 129460
10171520 129460
10165947 129460
9751836 129460
9749161 129460
10139561 129460
10140186 129460
706603 129460
10152890 129460
10133279 129460
10173835 129460
4057818 129460
10168182 129460
10149313 129460
10131531 129460
10159184 129460
10161619 129460
10172658 129460
10145462 129460
10137236 129460
39456038 129460
10137142 129460
10169558 129460
10146077 129460
10146338 129460
9750076 129460
10146719 129460
10140515 129460
10147789 129460
10147859 129460
10148089 129460
10148150 129460
10148565 129460
10146619 129460
10149518 129460
10144051 129460
10150568 129460
10150721 129460
10152777 129460
10154013 129460
10154752 129460
10156020 129460
10156304 129460
10156825 129460
10157520 129460
10157544 129460
10157623 129460
10157954 129460
10158024 129460
10158155 129460
185752 129460
10160516 129460
10162036 129460
10164443 129460
10162509 129460
10162627 129460
10163598 129460
10163750 129460
10163830 129460
10164068 129460
10164242 129460
10164513 129460
10164661 129460
10164694 129460
10174494 129460
10166167 129460
10167856 129460
10162492 129460
10168543 129460
9753651 129460
10142739 129460
10169837 129460
10170083 129460
10170973 129460
10171809 129460
10171973 129460
10172584 129460
10149580 129460
10174392 129460
9754487 129460
10134746 129460
10173472 129460
10136718 129460
9748996 129460
10142436 129460
1467328 138943
10150938 138943
10153397 138943
10154711 138943
10154706 138943
10169024 138943
10158730 138943
10168041 138943
10145528 138943
10155033 138943
10162743 138943
127597 138943
10170607 138943
10132669 138943
10153691 138943
10155696 138943
10156367 138943
10140257 138943
10145356 138943
10151632 138943
10171012 138943
10146910 138943
10148686 138943
10148410 138943
10152627 138943
10153319 138943
10168379 138943
10146659 138943
10171264 138943
10171361 138943
10155811 138943
10156414 138943
10155622 138943
10169108 138943
10139270 138943
10156549 138943
10169472 138943
10164605 138943
39456039 138943
10147728 138943
10173305 138943
10156351 138943
9751793 138943
10155474 138943
10160284 138943
10133650 138943
10145005 138943
9753051 138943
9753811 138943
10172477 138943
10131370 138943
9748821 138943
10131670 138943
9749641 138943
7180866 138943
9752055 138943
9752902 138943
10146541 138943
9752553 138943
9753377 138943
1898321 138943
10170885 138943
10159799 138943
10164772 138943
10135080 138943
10161525 138943
2760516 138943
10138524 138943
10165965 138943
10160477 138943
10151943 138943
10151029 138943
10146046 138943
10132716 138943
9752891 138943
10149965 138943
10140043 138943
10149303 138943
10158088 138943
69240 138943
10145416 138943
10171568 138943
10168207 138943
10168613 138943
9681968 138943
10135150 138943
10145055 138943
9753093 138943
10152864 138943
10165082 138943
7097480 138943
10132897 138943
10138213 138943
10173894 138943
9753066 138943
9753505 138943
10142686 138943
10173976 138943
10143963 138943
10169916 138943
10149192 138943
10143922 138943
10146210 138943
10172438 138943
10167913 138943
9750483 138943
10167371 138943
10143007 138943
10156113 138943
9752883 138943
10147510 138943
10144817 138943
10146651 138943
10170245 138943
10149205 138943
10137973 138943
9751001 138943
10159804 138943
10150301 138943
10150747 138943
10150875 138943
10151110 138943
9754080 138943
10151445 138943
10131417 138943
10159810 138943
10153635 138943
10172123 138943
10139193 138943
9749814 138943
10139240 138943
10134865 138943
10135902 138943
10131854 138943
9750458 138943
6290381 138943
10139099 138943
10151238 138943
10159857 138943
10150130 138943
1277305 138943
9752561 138943
35129 138943
10144398 138943
10146197 138943
10161306 138943
371133 138943
10158394 138943
10159009 138943
10165587 138943
10161868 138943
10161318 138943
10169091 138943
10138207 138943
10159847 138943
10167442 138943
10131600 138943
10163050 138943
10170121 138943
10170146 138943
10174972 138943
10137169 138943
10138458 138943
10166822 138943
10136346 138943
10162375 138943
10153273 138943
10148284 138943
10155932 138943
10166273 138943
10132966 138943
10137821 138943
10160874 138943
10148194 138943
10168570 138943
10161355 138943
10136110 138943
10163905 138943
10137532 138943
10174529 138943
10131437 138943
10164280 138943
10175070 138943
10132431 138943
10131579 138943
10133977 138943
10167449 138943
10132314 138943
9753370 138943
10136168 138943
10162114 138943
10147927 138943
10154934 138943
10137400 138943
10137090 138943
10134224 138943
10132196 138943
10132626 138943
10130723 138943
10132675 138943
10163086 138943
10133357 138943
10138345 138943
10134229 138943
10168785 138943
10137840 138943
8969110 138943
10140005 138943
10169397 138943
10140365 138943
10135554 138943
10144915 138943
9750327 138943
10170488 138943
10169698 138943
10141057 138943
10145310 138943
10148234 138943
9751203 138943
10149936 138943
9751300 138943
9754542 138943
10151290 138943
10153701 138943
10154264 138943
10156285 138943
10164628 138943
10161131 138943
10160067 138943
10161520 138943
10136095 138943
10150582 138943
10168449 138943
10166142 138943
10169462 138943
10170471 138943
10148009 138943
10173960 138943
10174287 138943
10174499 138943
10150022 138943
10169942 138943
10145819 138943
10157422 138943
10166743 138943
10143066 138943
10148458 138943
10158563 138943
10173782 138943
10142840 138943
10172571 138943
10148031 138943
10173587 138943
10150647 138943
10165091 138943
10150848 138943
10151780 138943
10150427 138943
10143360 138943
10158029 138943
10152356 138943
10147864 138943
10171753 138943
10131356 138943
10132907 138943
10132912 138943
10133418 138943
10135402 138943
9749405 138943
10135916 138943
10136515 138943
10136925 138943
9749935 138943
10138469 138943
10140196 138943
10140845 138943
10140880 138943
10140942 138943
10140962 138943
9682597 138943
6558188 138943
9753425 138943
10146834 138943
3661829 138943
9751597 138943
10144416 138943
10136581 138943
10134295 138943
10146740 138943
10162791 138943
10140862 138943
10148420 138943
9752314 138943
9753725 138943
10171437 138943
10137576 138943
10174564 138943
9754244 138943
10136137 138943
10132954 138943
10163435 138943
10167074 138943
10147853 138943
9749027 138943
10175433 138943
9750377 138943
10131591 138943
9748778 138943
10153038 138943
9753892 138943
10146308 138943
10151116 138943
10155140 138943
9753146 138943
6568234 138943
10140948 138943
697017 138943
10162411 138943
10154127 138943
10166890 138943
10134709 138943
10165642 138943
10151135 138943
10144783 138943
10144934 138943
10168087 138943
315490 138943
10147557 138943
10147552 138943
10148437 138943
10148537 138943
10148658 138943
10149284 138943
10149298 138943
10149558 138943
10150305 138943
10151669 138943
10151735 138943
10151860 138943
10152147 138943
10151295 138943
10166733 138943
9753018 138943
10152514 138943
10152580 138943
10152772 138943
9751574 138943
9751733 138943
10157115 138943
10154189 138943
10154259 138943
10154248 138943
10169617 138943
10154727 138943
10156118 138943
10164525 138943
9752254 138943
10158177 138943
10158617 138943
10158667 138943
10160467 138943
10161434 138943
10162262 138943
10164254 138943
10148404 138943
10163212 138943
10163300 138943
10163835 138943
10164107 138943
10164600 138943
10156240 138943
10165384 138943
10165512 138943
10165593 138943
10166520 138943
10166540 138943
10166855 138943
10166975 138943
10154928 138943
10167778 138943
10167974 138943
10168299 138943
10169331 138943
10169848 138943
10170029 138943
10171150 138943
10172872 138943
10172608 138943
9312933 138943
10173699 138943
10135075 138943
10146227 138943
10146633 138943
9749346 138943
10148550 163406
9752745 163406
10148084 163406
712682 163406
10132573 163406
10160778 163406
10158844 163406
1548971 163406
9749905 163406
10173305 163406
9753961 163406
9752696 163406
9751910 163406
10170636 163406
10162041 163406
9753754 163406
9753309 163406
10151001 163406
10137949 163406
10138913 163406
9682166 163406
10161145 163406
9750207 163406
10166501 163406
9682240 163406
10137755 163406
10171572 163406
10139419 163406
10163275 163406
10171722 163406
9749877 163406
10173852 163406
10144149 163406
10174205 163406
10139303 163406
10147482 163406
9750941 163406
10148279 163406
10151353 163406
10154518 163406
10156510 163406
10148814 163406
10159341 163406
10160376 163406
10163104 163406
10159138 163406
10159853 163406
10167437 163406
10141541 163406
9750928 163406
10172020 163406
9752846 163406
9682119 163406
10163532 163406
9754325 163406
10137538 163406
10161246 163406
10140920 163406
10145080 163406
10175265 163406
3594042 163406
10131305 163406
10165764 163406
9751890 163406
9749370 163406
10131882 163406
1288586 163406
10173884 163406
10131523 163406
10145923 163406
10171470 163406
422608 163406
3092075 163406
416806 163406
10157601 163406
10170171 163406
10171673 163406
4939034 163406
9754260 163406
9754485 163406
10151006 163406
10170335 163406
10135654 163406
10160864 163406
3953336 163406
10137918 163406
3446461 163406
10140850 163406
10134771 163406
1235545 163406
1535122 163406
10165609 163406
9753917 163406
10130695 163406
10171992 163406
10133306 163406
9721804 163406
9749755 163406
10135531 163406
9749429 163406
10157277 163406
10135188 163406
9750255 163406
10140737 163406
10145179 163406
10145138 163406
10152870 163406
10153294 163406
10154641 163406
10157110 163406
10158725 163406
10160603 163406
10166494 163406
10133774 163406
10134912 163406
10162657 163406
10165787 163406
10166441 163406
10168623 163406
10169501 163406
10171140 163406
10145626 163406
10174782 163406
10175371 163406
10136020 163406
10141437 10141441
10164035 10141441
9560162 39977
10148354 39977
10150837 39977
39456040 39977
30482925 39977
4917705 39977
39456041 39977
10145333 39977
10139042 39977
2109173 39977
3906 39977
11661003 39977
1386892 39977
78726 39977
11661046 39977
1142135 39977
10148504 39977
1474371 39977
10156505 39977
10157632 39977
10159038 39977
10161768 39977
10169528 39977
10170778 10170780
