9395343 5469
5638232 142065
33373028 218110
39635565 95476
8110803 374496
14839056 238233
382718 97966
8911121 94513
9521294 64945
39635566 119556
39635567 93116
39224667 55339
11341813 36178
12236087 312772
15642753 112008
6963155 62372
39224604 471927
9057434 131191
6134291 128023
11324657 320856
1832470 42323
6219986 654165
29013372 524081
29013366 65891
29013370 299760
4918187 66234
34799603 324174
7283067 96101
11998715 100050
7283064 98597
11595067 1403
39635568 52443
39635569 312773
33119411 122644
29013390 181904
11373174 93660
7055302 98990
6060480 142164
11224570 17122
8250229 87869
12159703 1621
34794467 97968
10433510 109872
39635570 95420
39635571 144659
12573513 137994
5536416 77299
8085686 53309
10712765 94379
39635572 100173
8904322 192467
11003660 128627
33591190 307295
9523553 325865
33113671 109136
11324638 101773
8243940 352627
3853829 53112
35390435 107816
14382195 181952
28682622 340407
11528610 259815
29012118 330019
39635573 127306
4087667 157139
6334253 233355
8762095 218350
6648674 207959
24400014 862062
33116450 1488841
11078382 81079
6754099 1183336
14732684 38601
7794511 63457
33603573 52283
7311758 939247
4238606 53235
11117731 218184
12043459 207674
11433449 99466
14244797 338367
36682393 109361
5235554 92391
12037092 248043
11126908 95477
35003354 159430
39635574 413231
33116822 295527
8214302 105965
33119595 2765
12729750 46551
14372834 539310
9522125 478401
33116629 98089
33604530 451865
11544043 85355
14836420 462428
9281603 371696
9521459 65259
2789559 70132
2025962 445273
29025700 350302
39635575 361082
34869175 36140
13120380 79062
6447150 95844
14374839 218351
39635576 864661
3593283 170566
10681601 5574
39635577 121432
6376286 104605
11306871 94291
11950720 109557
11082326 99638
2615713 142975
24387600 56614
6636022 1404
6174292 214916
5680902 65892
34912783 330443
10424361 606239
33124895 16954
1391675 105228
24391133 57951
11160788 51272
39635578 49226
3487921 174013
2962766 313069
14577603 209913
4392384 17965
33120199 54271
34869632 193217
33116451 76283
35000301 213723
6544679 56306
11520532 16634
33117830 21168
3438831 654
28627709 339406
39635579 56882
29028981 36136
12491409 201889
14806951 251760
12491412 275721
9206468 92648
8402482 199288
33124773 131310
3161791 50847
608908 39645
11176521 285750
8716407 153107
2226002 54483
34715433 164479
29015134 51072
39635580 52284
24338977 72776
4213127 119839
39635581 77324
33117930 1405
39635582 100356
14791483 1417754
14791485 226733
6381119 536794
10084061 70121
7081601 256121
33116329 1623
12332333 45764
30395467 280820
3339762 57569
3926262 345071
8298572 38891
35531473 1314486
11253244 95422
39635583 135379
1796368 309048
39635584 511952
34796579 340477
21897709 126763
9588735 89888
7925515 216889
28438796 100560
14567598 442889
11315318 325747
33112583 325279
8757377 129066
8493991 50514
3339508 47642
3755544 143461
14455832 344610
8298646 221631
3339509 324840
12143167 1339
24409344 54525
8298673 21100
413592 715442
33119402 729184
1574202 101649
39224518 142932
10776141 5619
6384224 78774
11122834 612418
31079405 72968
33124045 42219
14616118 612424
32968650 612420
13097817 398052
24394278 58039
8254678 52444
7500857 350851
11098093 295146
33125064 131781
4213133 83126
3302006 612425
14861875 93544
33117796 125483
7222317 130949
24366708 416836
33120119 612428
14744211 98661
10925828 50642
3593284 248601
31106157 391402
15602088 66290
4213132 322284
39635585 392673
3170468 52187
10886716 218112
2748220 393842
224329 53974
33114754 783503
33119162 52722
9259212 97604
29015900 51716
34799127 339734
33112627 134679
33121904 361578
11278093 276691
9522452 241085
32648970 226189
11472814 338946
31170698 790120
15475153 336221
11370733 256261
9443298 70843
3019860 476784
31171609 342605
382693 691498
5777407 100677
765578 56740
3918774 339004
10782455 50087
24386116 56927
9586042 219932
24395191 322356
12672005 71289
9377803 37581
8724341 16994
39635586 53403
7000855 37409
5525966 51830
33121474 458448
39635588 194015
8325622 46122
39635589 37974
5579573 96930
14849137 60164
5579570 98713
35005629 338947
34869776 43099
14458437 220815
5697094 341221
10294996 328730
33122224 70133
39635590 430299
28499640 63515
11308194 358425
34912031 50958
34996813 56780
8140074 21879
8497484 307798
8457201 500717
11417205 353551
10687138 277547
39635592 653
11170881 100354
39635593 390357
6635825 246686
9655796 51909
8145693 41132
6211145 415691
9117630 191088
30404188 118269
5377001 235254
32629535 117470
33120440 344676
11858127 319682
8528050 582470
698315 117648
8218934 222331
6455653 383367
12550821 261454
7635801 79987
11090119 50516
33123375 52400
33124181 168953
6944675 45959
7570791 98796
8870214 345202
10004979 225048
11213308 204497
12460693 101598
7066835 93596
39635594 407821
39635596 52563
33116556 158181
7720763 124131
33752443 1627
11331284 58553
31121147 358953
3831403 96046
5867746 189254
11157780 141995
7720761 93764
6886857 224122
1440851 251924
28733701 432714
12408411 499902
5281589 48888
39130324 326270
6578565 500045
6867343 192778
1440900 272199
5838693 215318
39635597 1073671
8264667 41409
10704917 180832
5848773 816702
33121737 276393
11213437 50632
11014429 322787
11092989 330373
33115148 39812
39635598 208721
583815 118064
9839073 577576
34891429 276324
8779130 602274
24391049 78211
33124446 247642
5809929 525080
11534535 224513
3368144 94588
4238670 424827
4087785 35963
28682732 153674
12041549 333384
11182449 193147
10769338 329221
3019794 131449
28682685 322839
6543407 50517
12451952 54016
8409105 95893
11298031 248621
28424160 507794
33114419 376075
3020043 225805
34996966 222629
8719171 142277
4526533 325408
14849778 352730
1554188 22485
8638123 76395
39635599 131049
10744660 230461
5470370 22144
12027149 219723
39635600 216891
14492669 895165
4023449 181901
33113443 51360
39635601 220722
5337805 829997
14795755 456341
33116435 553440
10661167 189478
24390186 338948
39635602 841674
39635603 418104
24398388 325203
9514062 99774
11450869 462447
11155080 282591
2552618 19417
5301205 141402
2880213 216937
3199966 346816
8799652 363171
9520348 112009
34902049 119697
8274969 507833
14349974 224127
24409340 316509
24405094 361465
33610292 316790
39635604 243663
14720027 243827
24390981 218794
54921 105378
2490897 5251
963848 54186
2311758 112148
5480602 140104
39635605 106407
31106703 161358
11195437 507776
6124125 401793
12467371 334392
2118067 37053
12467373 120808
24393199 409740
7451678 161412
7294248 136004
39635606 53242
39635607 206621
39635608 53603
6715649 101549
9518722 231113
9575325 112083
14803993 21888
9575319 173901
33124820 390358
3773170 120406
8501992 3205
5163097 241436
8974725 314344
724656 361167
1565767 328942
31074679 324799
33113909 424319
9518718 105473
35000184 389158
4800681 396954
2356355 500310
33611208 347275
33120039 51831
4262473 34446
34998279 336755
10754832 94747
1648100 226888
35002220 58040
6066338 97127
7854748 273294
14791624 180780
33121497 592007
5848765 130349
33122746 284728
14823646 65974
11452443 239805
33114279 197711
33120045 288535
6183412 109290
34997081 94288
14679951 105187
13194435 51067
14509134 44865
6564588 224632
33124670 151559
39635609 77422
24404353 37872
6565339 343225
11522451 217287
10956644 344215
815176 219478
9252390 224732
11495392 131815
11361915 50960
8706643 48622
6828634 213166
10434338 376072
14855740 56113
39635610 222178
12623899 293695
39129876 51519
14730829 46272
222043 176500
39635611 180223
14848761 53079
90004 252045
11835465 55626
15565681 5460
11105442 440773
5173130 91103
28682629 228617
35009586 981998
6725965 831
24400715 166626
24365058 197487
7731718 343902
9521258 110314
5336359 95948
92318 99171
3587716 51275
39635613 17051
34486395 105229
9019159 172188
2424431 248617
11230981 283933
2723486 5461
1418556 122484
24396282 129759
8983467 28898
8305577 362166
12343462 98662
11589440 855621
4679721 50388
3241630 224261
6681114 42883
39635614 939562
10777941 212969
14297515 72229
6202842 220312
35003224 42616
5059619 37782
10315075 42697
5798983 57093
815618 349661
1491769 339342
35044261 177132
39224495 99516
5617910 39567
11467969 316575
31098076 94748
11269978 356974
5850227 111874
6890257 96767
3195615 317786
92182 51775
65530 142914
10801294 225049
28695148 202586
1296897 99582
28682671 330067
30333409 370109
5568778 93661
1846903 311572
6107953 901051
39635615 97849
28699950 202407
11330241 64173
39635616 322613
28682574 335394
39635617 669493
724743 142031
39224816 401242
28682713 155436
28682623 203404
34912112 394805
5437568 466085
28510310 314780
3170469 110235
35353039 21101
28682661 96709
39635618 889128
28308438 216938
5663882 333746
306461 102870
36681817 100733
11532606 198583
11412620 324083
39635620 110236
39635621 323991
39635622 52723
5173898 97203
5476890 144277
30407564 98038
33597161 50963
6877950 92825
11006028 92988
3005572 65703
6331535 368333
7001957 186737
31094524 112245
216530 221303
10719745 327088
39635623 22247
35001858 95100
7605689 94164
6858154 142165
10996908 88062
28424156 227465
33280594 294962
3887536 97305
25395663 35308
29026625 18047
5046625 119438
14381771 568564
11265596 59525
5357624 345588
7336572 52146
39635624 651770
39635627 113053
9356485 6067
13039911 17124
28313969 247334
8666487 528891
34762771 366606
11127546 549880
32999664 292923
32999421 19585
39635628 163738
14871468 324498
34759508 1071981
28444517 109873
28424441 53047
10667443 5455
36485041 203358
39635629 115157
10679153 170726
36679448 95103
11144848 441056
6021724 48889
7392552 697261
12940036 328834
5193026 52724
39635631 46219
5535152 200961
29025998 215666
30406921 142624
30406808 93136
28313581 93143
11021051 324931
34905011 94890
30406673 665442
7767627 219825
39635632 47040
6945413 336869
8949654 35265
32614018 216360
11262908 126761
11544068 281986
8536515 126764
32998754 342186
510971 83296
4132104 512556
30776650 126765
33114483 77552
7189537 99840
12762477 100867
34999791 106431
35353242 98437
39224784 90010
8581633 17880
24405886 1046030
7940090 178308
12163396 584033
10874358 243994
534437 110659
39635633 264889
4673943 145106
11138285 367549
5823624 201934
7570522 201912
7549083 43405
6301378 107878
6301362 220670
8282428 336159
36730508 297208
36731425 226736
39635634 350409
36731118 226965
39635635 85430
3104759 5465
11196504 174404
28499994 52837
318787 51643
36683854 263435
4512686 162539
39635636 111506
11146828 235886
39635637 287360
39635638 38791
11003438 423315
30407207 226591
12332329 34875
39635640 114870
39635641 1305231
12451899 53048
39635642 218065
8835834 344181
8953778 63824
6662356 674552
39635643 342104
39635644 321609
36730732 480440
33112627 108201
8509477 179329
8593910 339199
36674985 744938
6933778 225050
10434146 225051
14376889 325607
31149123 387077
28308574 343986
35001864 96710
24401437 290225
1488240 215088
8683247 611880
9172886 173213
8637058 35775
11188454 88039
39635645 961434
7803221 160655
39635648 354664
39635650 224060
39635651 213168
39635652 299349
39635654 78274
34762309 393563
39635655 330474
11992787 157292
13198687 222723
9524478 44178
3230683 62429
11523460 346920
14865799 333747
8755506 17881
36731319 323562
36731026 219826
36731264 369500
3597113 109558
14498143 1042785
36682000 1372345
39635656 251763
28639420 22248
39635657 1009967
14308670 263436
39635658 109691
8250229 308646
35353031 112305
14826142 121189
6137263 43100
5985443 36474
7457645 100270
11316404 144456
11575306 126730
11621449 5160
7695786 1407
5648949 84855
2187671 43950
38221577 314744
1450752 240412
2192045 237605
959444 128344
6633021 51648
35004874 199191
39635659 52395
31174887 51277
6415237 51520
12037189 72376
6116676 57299
8226563 72378
8185661 72379
10823912 72380
33118526 72375
4373965 84112
3636571 369673
39635662 52189
11182970 1248774
7799614 238997
7878580 51717
14736643 135244
6653404 57066
5910427 189085
11269628 21710
6950022 146736
35674686 396895
35353033 48506
9519856 60040
8810544 129480
6117792 330581
1252906 116944
11055278 73819
3019792 132286
14380548 109741
33112664 139147
10441334 91464
7507763 91462
35001108 51996
959459 66524
11410712 19408
11055475 5828
10441299 4412
10917940 78076
10692808 94380
6609090 54559
11438818 43834
3631832 192828
35003423 20887
39635663 38439
11150600 42504
7932607 226585
8567391 149816
39635664 201264
8303623 139708
11397804 236759
39635665 16182
10664494 22249
14791414 37672
7950063 46217
11211979 140106
14736955 152034
7968195 37582
11506215 35961
33124729 10098
31125006 100133
6509156 101602
2993740 95098
24395716 46681
8637044 201485
29002045 102299
6755025 42805
14370776 21167
14367453 104607
7611558 52190
6244791 68554
34999787 322788
28627965 261451
14796746 101444
12238729 42613
10937881 94105
34761356 187513
10441322 187524
11456006 76284
14785159 102223
8145278 51078
24405241 51910
12238728 80515
39635668 14967
11542580 99523
32551316 104463
14617866 597428
31113362 360804
12034741 50519
8145851 168670
4023301 52923
11629167 54406
39635669 218291
34760895 233106
24394974 54792
1648410 219628
2866179 19587
2117133 324240
4451128 288413
2118155 219935
4371661 215182
39635671 330818
11020847 148382
2692336 144989
2194871 198874
39635672 54660
1974657 144987
6697638 150039
9520300 225052
8184734 100776
6718914 651676
14809924 651
12947847 180683
11354807 110841
36681698 18252
11388029 36477
6007077 144131
9292678 120745
34914950 155437
5529246 312775
11174182 35463
15615247 5748
39635673 92198
10895500 156164
14675987 98444
7847050 208330
521779 56307
11174054 54269
34873453 211889
7045642 91515
28626921 22250
10822348 50846
5429585 186701
29003979 99330
33125122 54526
5266166 86013
14870594 150755
11210658 160657
11210654 1630
10417691 56308
14782643 16635
33119087 22782
9395375 351808
7308357 37362
31113370 240646
9512887 290916
9482712 218185
11138181 93546
24406787 90495
4444353 98720
9402406 37722
11325983 36589
36744133 67201
28625328 75957
35353035 93594
8284520 37622
12570457 56237
7153040 231641
14398164 94517
5700581 132379
12045915 224515
8021223 228940
2468467 96438
39635674 164775
9897977 55177
3648699 173966
5079392 308519
5251102 189310
7688931 44313
32961825 169267
13367639 39291
10441338 39294
11123389 39295
14247721 39296
6241124 39297
33386605 39298
34871779 103377
29005547 214371
9520276 54866
1142871 5598
6644103 60116
6243184 108436
8015621 234767
11507416 85001
7652418 132493
33119657 119009
14462737 182040
35863120 132685
2686700 53190
207667 484370
8432483 107619
10883808 35921
7095180 16633
39635675 88202
39635677 5159
10784610 80893
8973431 52568
8997296 470580
34914662 58289
11063461 36005
14416119 52666
1671463 153227
39635679 84325
24393312 117483
12500614 144230
24397519 121059
28698089 72775
10996228 189168
6650258 238003
35353036 117044
14349235 76396
33122645 75379
39635681 365151
35704817 117555
10764717 219479
963849 43033
10703549 62880
5482929 110130
10433652 49394
4139182 49453
10782010 105860
33118239 74792
33114255 305811
7875388 327613
11672259 92718
14377038 109099
5993635 105189
39635682 237960
7546180 331028
817994 82054
33117732 138393
8600334 86005
33122733 51719
9521790 43804
8591457 36248
10431977 219109
33124981 40899
4648902 141926
6265622 93664
6089131 127229
39635684 154866
28300971 289323
5281063 211750
8753894 207727
8753889 129322
11185368 95154
5648592 391910
39635685 336586
9988550 153672
9518922 16409
38220966 1607
4288226 51069
11122440 146125
4496672 145107
14738333 147167
1851928 135706
31121160 83931
4412372 154625
8891175 257215
7890964 328780
11266375 177127
33590916 177264
7897199 179588
5893366 2856
11143495 218290
34715430 95375
35353028 41921
8364753 222322
8364746 80421
6623455 148448
15571864 54585
14816002 233492
14423751 218115
92317 102919
15267386 133348
11067495 332712
11441202 554805
7383256 17878
4429069 41906
8504541 104679
3773159 1932
14859913 178581
10747108 76693
14213036 83547
34898329 220555
33124850 76810
33118387 57676
10764550 123905
28682719 37238
5946658 118039
5659044 226593
14324090 223921
39635686 119440
11317948 36921
5825519 164839
1908254 192373
1315371 86649
5858862 76850
31090942 359418
9068953 238362
7317823 120746
14866541 141377
34874069 179738
33122672 93320
2365972 517901
8496307 52840
11613550 660797
9522713 316876
21869740 228656
5090712 80423
15522580 44232
2348706 360550
34868422 307580
34910328 19011
31113793 332250
15625200 41923
5087203 36767
34999671 139148
7236495 196376
125475 85429
8858660 17883
5094131 149406
7380475 72602
6652900 288536
35353037 99583
14788919 901052
1067777 38064
39635689 18476
39635690 36179
3944895 449796
5893331 302126
8550703 297209
10997182 35464
10436037 112617
11285623 46169
24386410 220544
383833 36989
14866728 212417
10952519 326800
35000641 157952
9523453 580659
11216404 99584
6240422 101384
2309693 22251
11399245 173571
7106888 297380
8601161 554795
11238800 364998
9186190 63648
33113933 93376
8766926 103482
39635692 170839
33115744 221226
39635693 361706
6083638 361228
8434755 21713
1842447 5468
39635695 271960
10716740 40952
31099272 45765
11312387 40040
3994399 284693
9518871 291989
15414716 157312
11178243 366605
11312390 75546
11534455 218887
34999613 150245
11419411 269786
12475599 99519
5870426 50035
33117658 110789
34715139 101893
7970026 68705
39635696 109556
15659653 369672
7218418 452492
7218420 233078
9514111 5794
33116102 65063
14445579 47364
14839660 34683
5286351 171917
33117654 363402
8226133 40042
33601935 2050
14790108 90336
31165576 94446
9929946 134123
39635697 22252
14716335 126396
8943922 227537
11227691 51065
31113356 156940
6309807 213367
5809279 334562
724757 219894
39635699 96482
39635701 217719
5185586 642640
10921757 47366
6657748 134124
28626841 41910
11672626 121809
5918135 139149
38226669 48345
8227341 157454
5436898 340925
24408127 50520
6181535 95247
35538617 123299
39635704 69002
11171671 222476
7395238 149960
33113362 140187
3865140 217868
5276280 47367
39635705 41925
8551841 43952
11503884 86015
12426200 115588
5830517 361305
11611777 127421
605706 218119
33116411 330745
33124810 333207
11832880 70134
14472798 201816
6640954 92649
6325155 37051
125208 142877
6923139 236895
29011468 137823
3156688 337567
2552619 132026
24385842 104465
15563617 40953
11429370 57570
9481086 363403
24398539 363944
35009184 99707
11505851 99901
33122481 213509
4182280 22169
5266135 827715
33115416 120910
5611353 242693
11020995 163482
3998061 121586
39635706 94447
35007834 120860
35007836 151190
10285612 424751
10864730 152146
8508258 193264
10744070 62851
6020950 232959
7050906 191090
8677215 150832
34905891 218186
34891761 6351
28518159 314876
8822906 284569
6976997 41911
33603874 90055
39635707 46359
33116826 361649
10437543 191879
223263 126148
7385367 41515
24374031 98992
11602504 101653
33603116 91018
24348243 17879
8682271 350628
11288117 103242
6388993 142654
33002393 66403
39635708 52287
39635709 542367
1440894 100177
14793954 171614
12187089 528987
12044280 176652
33119814 51594
39635710 216474
8683247 124602
9044161 43894
5034042 117506
5364613 70251
28449811 342244
4361968 95895
8708224 235921
28435775 102748
724826 196282
39635711 213280
10915197 216359
2748219 74931
14685109 6243
3422889 135883
7173147 117407
3422888 338572
2872940 545420
34997982 464494
3755551 230856
28703519 40038
12559658 109599
10012927 251737
12984941 246644
33001947 99780
5638216 43409
34987216 319308
29011958 76676
6923162 62332
28510536 433119
29013308 284144
36681857 420073
