30874366 8909
35741701 8909
19847 8909
40238638 8909
9039059 35164
107377 35164
12240090 35164
3674057 35164
28399271 35164
16698 35164
7314901 35164
34425063 35164
1515108 35164
375374 35164
1522003 35164
9820373 35164
446341 35164
1312964 35164
4515014 35164
30867530 35164
1631334 35164
15008173 35164
12784490 35164
28402023 35164
30874893 35164
4781715 35164
1514853 35164
101164 35164
6488790 6488815
36068849 87586
34355003 87586
944211 87586
30378416 87586
446341 87586
4482951 87586
12858473 87586
15018042 87586
36017404 87586
36017403 87586
36017405 87586
36017407 87586
36020512 87586
36020529 87586
36020531 87586
36021354 87586
36021353 87586
40238640 87586
36021382 87586
36021384 87586
36021387 87586
40238642 87586
40238644 87586
2542304 87586
36024382 87586
35950051 87586
35950053 87586
36036116 87586
36024451 87586
40238646 87586
40238648 87586
40238650 87586
36050978 87586
36024507 87586
36024506 87586
40238651 87586
15033287 87586
40238653 87586
14980669 87586
14980667 87586
14980664 87586
7502407 87586
40238655 87586
36109960 87586
36036240 87586
36050979 87586
21827484 87586
2559547 87586
5628416 87586
5628402 87586
5628415 87586
36020509 87586
40238657 87586
40238659 87586
590331 89120
470271 89120
3019844 89120
556307 89120
6766023 89120
6766101 89120
944514 89120
4157710 89120
8370625 89120
2904188 89120
2548686 89120
11730315 89120
12135649 89120
9127603 89120
2410665 89120
944185 89120
698883 89120
28400688 89120
4746205 89120
9099011 89120
9808699 89120
10296978 89120
9229733 89120
40238661 89120
9314917 89120
9024523 89120
6135525 89120
9207507 89120
3405410 89120
30871574 89120
1784423 89120
40238663 89120
6819967 89120
36750299 89120
3655274 89120
2590899 89120
3656575 89120
6349566 89120
35877155 89120
40238665 89120
36756554 89120
2286853 89120
34474060 89120
11977409 89120
10700502 89120
943261 89120
3963056 89120
3654657 89120
9471755 89120
9529261 89120
33322257 33322258
35652406 35652407
35674275 35674276
10296978 42258
9269640 42258
9562870 42258
2544434 42258
9832231 42258
33720782 42258
10299858 10299863
32917450 32917452
15022151 15022156
33321015 33321018
33479180 33479186
7837686 7837702
10316915 10316918
35660313 35660314
33479275 33479277
39937886 7458
33486768 33486775
33444217 33444220
33465770 33465772
10338083 10338134
1908413 2686923
35716278 35716280
35661390 35661391
2398365 3090001
33557668 2035604
33332462 33332464
35710632 29753855
33557273 33557274
33536693 33536694
484701 1162182
32553108 32553111
35661306 35661307
12913467 12913471
39967216 39967217
33542374 33542376
28737141 28737144
14244037 14244046
33535678 33535683
35637270 35637271
39961581 29756078
35637713 35637714
35653340 35653341
484695 1162052
40238667 40238668
33542539 33542540
35674130 35674131
14980640 2349850
14980642 2349850
14980638 2349850
14980636 2349850
10314468 10314470
35674515 35674517
10362266 10362272
40238672 40238673
10292602 10292604
33557885 33557886
35661266 35661267
15176769 15176776
10282058 10282064
33557242 33557243
33557721 33557722
10365863 10365866
34897016 10894476
35653440 35653441
10305300 10305304
143103 450069
34834538 34834539
33542698 33542699
10337992 10338043
35638308 35638309
35636992 35636993
2795893 3370507
33536171 33536173
34829619 34829621
33349016 33349018
3774015 4032875
35730679 838594
40238678 279464
33486357 33486359
34971247 29378476
33557625 33557626
36021393 736274
36021396 736274
32676167 32676170
33489558 33489560
35637052 35637055
34985418 34985419
33350775 33350777
33551292 33551293
15018068 15018061
36020244 15018061
36020488 15018061
36020487 15018061
36020489 15018061
36020493 15018061
36020500 15018061
36020499 15018061
36020514 15018061
36020516 15018061
36020522 15018061
40238680 15018061
40238682 15018061
36021389 15018061
36021392 15018061
40238684 15018061
36020518 15018061
15018057 15018061
33486613 33486617
33542271 33542272
33349001 33349003
33454123 33454126
34832081 34832082
33558368 33558369
32662152 32662156
33453418 33453420
33542097 33542099
33465682 33465684
33322323 33322324
10309222 10309224
33537528 33537532
33305261 33305263
33542314 33542315
35707558 1548155
33322024 33322025
39539908 39539911
33331422 33331425
14956127 126480
15018039 126480
36020247 126480
14956144 126480
14956134 126480
14956119 126480
36020526 126480
36021400 126480
7025601 89674
34855965 34855966
15013799 15013806
33539130 33539131
10317986 10317989
40238686 40238687
34895401 291504
35668814 35668816
15841223 15841228
35741566 35741567
4199738 4316224
10290780 10290785
35638276 1114192
31095016 31095017
4359126 4422393
33458229 33458231
35653170 35653171
33349023 33349025
40238691 76946
35637422 531104
10300860 10300863
10291938 10291944
15018048 15018052
36020497 15018052
33348895 33348897
33550229 33550230
33449800 33449802
11709564 11709567
2796579 3370832
33543501 33543502
33535672 33535673
33558153 33558154
33542347 33542350
35654486 35654488
10323203 10323211
10334315 10334319
33355397 33355399
28732093 28732095
35688729 35688730
40238693 40238694
33350795 33350797
35738018 35738019
33558263 33558264
36701088 36701089
33332918 33332919
40238697 2002682
14963777 233294
14963782 233294
14963787 233294
36018153 304446
36035752 304446
2163369 64907
40238699 40238700
39510147 39510149
33305254 33305256
10287269 10287273
40238705 40238706
39950479 39950480
33558187 33558188
33348843 33348846
35637708 35637709
12988135 12988138
33312064 28988932
33352597 33352599
10360114 10360118
10275777 10275784
14495767 14495801
15049613 15049617
14951283 14951290
33557749 33557750
33462508 33462510
35638189 35638190
33558712 33558713
10289130 10289133
33332503 33332506
33488569 33488571
33484578 33484580
33451669 33451671
35729347 35729348
15051669 15051673
33542794 33542795
33349202 33349205
33558094 33558095
33557738 33557739
10284293 10284296
1538747 2398417
12000006 12000012
35696074 35696076
33349326 33349328
33544441 33544442
33349090 33349093
33487036 33487038
2922977 76440
30866498 30866502
30878528 242846
30873945 242846
30870106 242846
30871657 242846
30870162 242846
30877830 242846
30873941 242846
30877866 242846
5020756 242846
35950407 242846
35900855 242846
40238709 314396
2545627 314396
5840119 314396
28399361 314396
4159130 314396
28400290 74715
15081840 15081852
33462521 33462523
14963800 14963807
727189 1496547
33456338 33456340
33543981 3141909
35743450 35743451
33542527 33542529
40238710 40238711
35713450 35713451
40238715 40238716
30219182 30219185
35637285 35637286
33483643 33483644
33548857 33548858
34835812 34835813
33548074 33548075
32653242 32653245
10290598 10290605
39490770 39490772
35724390 35724391
35665199 35665200
33548236 33548237
39945640 39945641
33358252 33358254
35672469 35672470
39951093 39951094
33557481 33557482
33542739 33542740
35739346 35739347
10302591 121881
33322876 33322878
33557850 33557851
40238720 40238721
35669477 35669478
15039542 15039548
35678115 35678116
33479770 33479772
30867531 307339
36017384 76888
40238724 76888
36109698 76888
36018150 76888
36024384 76888
40238727 76888
36024508 76888
40238729 258450
35930235 258450
9650711 258450
14931843 244955
35652607 35652608
14931841 14931856
95746 322922
6580630 6580634
10357697 10357699
33557603 33557604
183471 565779
33539771 33539772
33536242 33536244
28776012 28776016
33541890 33541891
14963796 14963801
25452890 25452893
39953674 39953675
40238730 40238731
39951066 39951067
35665895 1181535
40238734 647169
39939141 39939142
33557942 33557943
33557255 33557256
10291148 10291153
10318556 10318558
35718733 35718734
33538908 33538909
35684372 35684373
33348850 33348852
33558755 33558756
33548090 33548091
33348939 33348941
34835130 2176611
33350789 33350791
33534470 33534471
39958278 39958279
12064628 12064631
39488424 39488426
10317998 10318011
14931840 14931846
15049636 15049641
5392755 5392767
3250556 130155
33494030 33494033
10295776 10295779
40238735 528007
39960514 39960515
40238737 205823
34725917 34725920
32682279 32682282
33345775 33345779
35677606 35677608
10329652 10329656
33475628 33475630
33558461 33558462
33558387 33558388
35670026 35670027
35660196 35660197
33451660 33451662
35661283 35661284
10334221 10334227
35660989 35660990
33543456 33543458
33474157 33474159
32674539 32674542
35727923 35727924
1695656 2529455
35654012 35654014
34827002 34827003
10332271 10332277
33558538 33558543
35651646 35651647
35738499 35738500
35738499 35738500
35661323 35661324
35637818 35637819
33349195 33349197
35668980 35668981
1162016 2033577
35672211 35672212
35637650 2032995
39960486 39960487
33356654 33356655
10338349 10338353
33533961 33533962
33453942 33453944
35691048 35691049
33544740 33544741
4147872 258471
5018900 258471
8533462 258471
2327892 258471
10327012 10327026
30313399 30313411
33557614 33557615
33557905 33557906
33474798 33474800
33471155 33471157
35739977 35739979
2351772 3048634
39938973 39938974
34834574 34834575
10358734 10358737
10360931 10360933
40238740 29680981
40238741 29680981
33486726 33486728
35740281 35740282
35669869 35669870
33557607 33557610
32701961 32701964
33557491 33557492
40238742 2334690
34898567 34898571
12697304 12697307
35637399 35637402
35661519 35661520
33535846 33535847
35739608 35739609
10323067 10323072
33324057 33324059
35738647 35738648
10292706 10292710
3371379 3774338
10366404 10366410
15018041 164277
36021406 164277
36021404 164277
36021408 164277
40238744 164277
15034636 164277
2033654 2797318
33348827 33348830
35738052 35738053
32940708 32940710
33541824 33541825
11723566 11723568
35710285 35710286
10278217 10278220
2033573 2796582
33545248 33545249
33471504 33471511
36020248 36020250
36020524 36020250
32552443 32552445
33544101 33544102
33346054 33346055
35669233 35669234
35658362 35658363
39939994 39939995
2033517 2795898
35674028 35674029
15174462 15174467
34830538 34830539
34950420 34950421
35637622 35637623
33451371 33451373
10338086 10338152
39963006 39963007
33542395 33542396
35660558 843634
33274204 33274205
40238746 729630
40238748 729630
33324101 33324103
1284955 89743
33487180 33487183
32552476 32552479
33536350 33536351
9486650 9486660
35537829 35537830
39488723 39488725
33322538 33322540
10357871 10357874
34853521 34853522
1964248 2734313
33544325 28182482
32687243 85530
33348889 33348890
35637657 35637658
10291596 10291598
35669136 35669138
35691535 40272
14963806 14963813
33349100 33349102
10282679 10282688
10327977 10327983
35647230 35647231
33448374 33448376
33557137 33557138
10363544 10363548
33542303 33542304
2033502 2795694
33305247 33305249
35661352 35661353
5293254 35165
6078465 35165
15172412 156478
1515669 156478
30876596 156478
40238750 156478
40238752 156478
36017410 156478
36017413 156478
40238754 156478
36017416 156478
36018146 156478
36020534 156478
36020536 156478
36020538 156478
36021358 156478
36021362 156478
36021355 156478
40238756 156478
40238759 156478
33542021 156478
33542020 156478
40238763 156478
40238765 156478
40238766 156478
35950063 156478
35950064 156478
36024416 156478
40238768 156478
36024424 156478
36024423 156478
36024453 156478
40238770 156478
36024490 156478
36024489 156478
40238772 156478
40238774 156478
36024516 156478
36024528 156478
36024525 156478
40238776 156478
36021363 156478
30878995 156478
33542019 156478
36017795 156478
40238778 156478
36020540 156478
40238780 156478
28399392 67160
30874987 67160
40238782 67160
3920283 67160
2904107 67160
8854888 67160
2933636 67160
2547766 67160
1611148 67160
30234328 67160
3098558 67160
6766022 67160
28399418 67160
30235253 67160
30874986 67160
943684 67160
30234326 67160
30239432 67160
35889842 67160
10622122 67160
40238783 67160
7538498 67462
2033516 2795881
33542785 33542786
10363737 10363739
33479254 33479256
33322234 33322236
33549171 709987
33557619 33557620
35729245 35729246
40238785 9633
12347078 12347080
33548123 33548124
37683933 37683934
35637266 35637267
33557642 1228009
35716970 35716971
33557564 33557566
35677416 35677417
33558729 33558730
33557385 33557386
15147356 15147359
35674226 35674227
33349061 33349073
39966935 39966936
32692870 32692875
33456345 33456347
777173 1563108
35714317 35714318
33061966 33061971
33452991 33452994
33491340 33491342
2394631 3087405
35662076 35662077
33537039 33537040
33494080 33494083
33461652 33461654
39940862 39940863
33331354 33331362
35652580 35652581
40238786 40238787
9599737 9599741
35661290 35661291
2033640 2797126
33461929 33461931
23767655 23767658
35714311 35714312
15033206 15033208
36018145 36018148
36018147 36018148
35638252 35638253
33479330 33479332
33544324 33544326
39958056 39958057
10335187 10335190
415462 1055318
33557519 33557520
15018108 15018110
35654379 35654380
32692871 32692888
33471401 33471403
9486659 9486664
15013781 15013784
35637085 35637086
14963812 14963818
35730817 35730818
33543321 291187
15017965 58261
34985060 34985062
35658487 4083312
10298806 10298814
33481605 2430338
32644629 32644633
33542400 33542401
33450646 33450648
2655065 3273157
36020544 15023225
15023214 15023225
36024494 15023225
12426372 12426375
33502481 33502482
10363143 10363146
35677640 35677641
33441287 33441288
33287859 33287861
14980662 14980665
2733890 3324045
33557151 33557154
33532799 33532800
33539049 33539050
33305240 33305242
40238790 40238791
33538634 33538638
32892414 32892417
35637200 35637202
33348964 33348965
40238796 15023216
40238798 15023216
36020546 15023216
15023209 15023216
36024440 15023216
36024439 15023216
40238800 15023216
40238802 15023216
36024493 15023216
36024495 15023216
40238804 15023216
36066589 15023216
10355313 10355315
10354995 10354997
33014748 33014752
33495335 33495337
10292766 10292769
30969299 2227148
31100758 31100760
33345667 33345668
32973000 32973004
33349054 33349056
33538412 33538413
39938809 39938810
33349175 33349177
40238806 471570
33344585 33344587
33320987 33320989
14495765 14495789
40238808 40238809
33471513 33471515
15758866 15758869
3090728 3578185
10326903 10326908
40238813 40238814
35658401 35658403
35683494 35683495
33349291 33349293
33551198 33551199
35674317 35674318
15218039 15218043
33558619 29863535
33486317 33486319
30313397 30313401
33349311 33349313
2033547 2796264
33548412 33548414
14974503 303545
1611175 132766
15049623 15049628
33543568 33543570
34894170 34894172
35693896 35693897
15582135 15582141
28764417 28764420
35669658 28624478
33544697 33544699
35638681 35638682
33346219 33346220
33531934 33531935
33479314 33479316
2796388 2012860
35740047 35740048
35672201 35672202
10303647 10303649
33548413 33548417
32686188 32686197
34901046 34901047
33349262 33349263
33533198 33533199
33549162 33549163
14495770 14495820
35637159 35637161
33486685 33486687
35711211 35711212
33471471 33471473
40238818 3797666
39948670 39948671
32684504 32684508
14963780 82488
14963775 82488
36020253 82488
14963784 82488
36036296 82488
14974498 82488
30235254 303372
30871746 303372
30869138 303372
30234325 303372
30869533 303372
39960612 39960613
35652281 35652282
35637907 35637908
10323115 10323119
4202204 4317650
10356018 10356020
33542026 33542027
10295842 10295844
10298583 4066895
35693519 35693520
35661315 35661316
36021492 76571
40238819 127985
36036136 127985
36024522 127985
35661630 35661631
35730345 35730346
10290919 10290923
33322667 33322669
33558683 33558684
35638602 35638603
33495780 33495782
35637306 35637307
33459645 33459648
33287867 33287869
34812836 34812837
35731786 35731787
10290371 10290374
15049698 15049702
33557598 33557599
33495371 33495374
33557792 33557794
10279946 10279948
32676572 32676582
10355456 10355459
35663173 35663174
33538651 33538652
33557416 33557417
35660367 35660368
33322493 33322495
33464030 33464032
33322717 33322720
10364716 10364719
35637929 35637930
33557447 33557448
35719451 35719452
33447518 33447520
40238821 708440
33464081 33464083
33488575 33488577
33557952 33557953
33323370 33323371
35661346 35661347
33351497 33351500
33337062 13473614
40238824 546987
40238827 40238828
10329748 10329765
40238832 40238833
33557294 33557295
40238837 13275332
30363486 1150270
10318020 10318024
40238842 1120348
33557113 33557114
33345841 29889716
33454217 33454219
8897304 8897316
34821157 34821159
35637151 35637152
15005470 15005473
33267059 33267062
39937304 39937305
14495773 14495833
33535747 33535755
34894809 34894810
40238845 1465122
33557398 33557401
35672183 35672184
33557925 33557927
15665019 15665021
33558173 33558174
35740242 35740243
35739658 35739659
33558490 33558491
33541965 33541967
10360941 10360949
15055328 15055338
10337994 10338052
33349226 33349228
33349318 33349321
39526234 39526236
35731351 35731352
3107909 3590259
10338089 10338171
35731942 35731943
35672084 35672085
4157019 4289286
15170070 15170080
35637698 29895764
39949014 39949015
28764439 28764444
35645545 35645546
35045060 35045062
484697 1162124
4468663 4502996
33542471 33542472
9318621 60139
28400564 60139
1515199 60139
30877929 35167
40238847 35167
3396750 35167
40238849 35167
36017415 35167
36017417 35167
36017799 35167
36017797 35167
36017801 35167
30877930 35167
36020550 35167
40238851 35167
40238853 35167
40238855 35167
35950055 35167
35950057 35167
35950059 35167
36024512 35167
15008224 35167
14980660 35167
14976828 35167
30871748 12781912
30874725 12781912
40238857 89735
1394740 89735
7659198 89735
1774457 89735
28399670 89735
30872913 89735
894592 89735
30869140 89735
40238859 89735
40238862 89735
40238864 89735
35889846 89735
30869534 89735
36687227 89735
1598556 89735
3677057 89735
10017981 89735
11721888 89735
341070 89735
904261 89735
40238866 40238867
33349187 33349189
35700061 35700062
35638194 35638196
9269997 9270002
40238871 520904
33443255 33443257
10366620 10366623
5282110 135081
35731358 35731359
33540578 33540581
35739394 35739395
33535760 33535761
33494038 33494041
35661000 35661001
39960140 39960141
35660072 35660073
33348778 33348780
34868039 34868040
33543478 33543479
33558257 33558258
34833846 34833848
35705013 35705015
35674262 35674263
39960647 39960648
33348956 33348958
9109880 9109885
32553110 32553117
33331387 33331389
33454034 33454036
10365195 10365204
2033653 2797299
31098329 31098332
33355404 33355406
33557177 33557180
33557784 33557785
33557422 33557423
7837694 7837713
33557266 33557268
10290962 10290976
35661298 35661299
33557334 33557335
2033652 2797281
40238874 982283
30348181 30348186
2033492 2795514
35637334 35637335
10337953 10337961
33543945 33543946
33494166 33494168
33459245 33459247
33349009 33349011
33486347 33486349
10320312 10320321
10329689 10329692
39956979 39956980
15049595 15049605
33542641 33542643
10338084 10338140
35700815 35700816
35637685 35637686
33486303 33486305
33480942 33480944
10358592 10358595
28733823 28733827
33542137 33542138
35679604 35679605
33349218 33349220
33486469 33486472
33364836 33364838
33531471 33531472
35894431 35894432
35894428 35894432
6898877 6898895
35638053 35638054
33443280 33443282
10338087 10338156
35740070 35740071
33557716 33557717
34889589 34889590
40238876 546014
33557661 33557662
33356730 33356732
33332581 33332583
35637144 35637145
33557842 33557844
15174463 15174476
33535677 33535679
10271412 10271414
35637049 35637050
35692665 35692666
1709787 2540543
33348797 33348800
35668878 35668879
10321229 10321231
35674489 35674490
33557497 33557499
35669144 35669145
40238878 40238879
35669052 35669053
39956712 39956713
35661513 35661514
2033548 2796292
35711567 35711569
35637914 35637915
35661137 35661138
33542803 33542805
35665295 35665296
33557436 33557437
33345627 33345629
29028158 29028159
2033550 2796363
12520837 12520857
14495855 615283
184247 568695
35674332 35674333
33324519 33324520
35638124 35638125
34827090 34827091
35668894 35668896
33446375 33446377
33348766 33348768
35653418 35653419
40238882 733039
40238884 733039
36024461 733039
36024460 733039
36024462 733039
35730787 35730788
34774462 34774464
10338090 10338178
39942523 39942524
33452166 33452168
33542237 33542238
35661508 35661509
33479323 33479325
3330280 3748031
33348947 33348950
3371485 3774455
35672232 35672233
33348902 33348904
35723793 35723794
33333939 33333943
30866462 431978
30866460 431978
40238886 29391514
33322641 33322643
33557328 33557329
10304910 10304915
33557833 33557834
33558653 33558654
33539797 33539798
33535856 33535862
33348909 33348912
33484795 33484797
35637840 35637841
35729367 35729368
21640354 21640364
33549451 1105242
34833789 34833790
33542284 33542285
33543161 33543162
39511867 39511869
14956130 371495
35741731 35741733
33345949 33345952
33557200 33557201
33533100 33533116
33550365 33550366
35652432 35652433
33331394 33331396
35684551 35684552
40238889 31787345
35672206 35672207
33543853 33543854
33466318 33466320
35720590 35720591
33487835 33487837
10327954 10327957
10279695 10279705
40238893 495676
33542813 33542815
35730668 35730669
33558648 33558649
33557312 33557313
40238896 30421633
15086018 15086022
35665994 35665995
33471822 33471824
33558673 33558674
35637733 35637734
33444921 33444923
35660706 35660707
28776013 28776025
10337989 10338026
35668929 35668930
33468199 33468201
33544379 33544380
484702 1162205
33468396 33468398
15636268 15636270
33455409 33455411
33474782 33474784
35710343 35710345
3748307 4018749
35684286 35684289
33545705 33545706
35733283 35733284
33349349 33349353
484696 1162101
28661906 28661908
29026647 29026650
3577634 3912895
33541609 33541610
33349247 33349249
35661705 35661706
35730118 35730119
1814865 414544
15052435 414544
6524880 414544
1722377 414544
143103 414544
30876593 414544
6378852 414544
14963759 414544
14963750 414544
14963771 414544
36020548 414544
36021414 414544
36021413 414544
36021416 414544
40238898 414544
40238900 414544
40238902 414544
36024417 414544
40238904 414544
36024425 414544
36024428 414544
40238906 414544
36024456 414544
40238908 414544
2591644 414544
40238910 414544
9663420 9663424
30874727 9663424
5233399 82466
2591076 82466
801240 82466
28400954 82466
33550901 82466
2155989 82466
2922994 82466
40238911 82466
36036111 82466
36036121 82466
36024520 82466
1844525 82466
30871750 82466
3181791 82466
359871 82466
28400950 164388
569854 164388
12135649 164388
10270419 164388
30875396 164388
33475700 33475702
34988886 34988888
2033630 2796932
10335629 10335633
33538628 33538629
39963016 39963017
35638024 35638026
35669022 35669023
33474726 33474728
33349269 33349270
33324791 33324792
33305233 33305235
35688578 35688579
32690989 32690991
4431134 4474655
35660031 35660032
33534993 33534994
33541336 33541337
33349342 33349344
33480735 33480737
32917779 32917782
33557513 33557514
33532780 33532782
35716101 35716102
39958021 39958022
33557592 33557536
33557535 33557536
33356562 33356563
1283033 243450
35638008 35638009
33466635 33466637
35637902 35637903
15088833 15088844
10338138 10338212
35653453 35653455
2398387 3090028
35637033 35637034
35739953 35739955
33549481 33549482
33536795 33536798
11757180 11757183
33356458 33356459
39938729 39938730
2797622 3371487
10302162 10302165
33486401 33486403
33538393 33538395
33348785 33348787
33480728 33480730
33480902 33480904
33456669 33456671
33349124 33349127
35638249 35638250
35701110 35701111
12814386 12814393
33471010 33471012
33346038 33346039
10287682 10287686
15216567 15216571
39961768 39961769
10324838 10324840
35637095 35637096
35728667 35728668
35653001 29377013
35660965 35660966
4141158 4279066
39964483 39964484
35658337 35658338
35637689 35637690
35637826 35637827
10272366 10272370
35652294 29963225
33558134 33558135
33349181 33349183
33534889 33534890
10329716 10329725
35714502 35714503
33356756 33356758
15165411 15165413
11309613 11309621
15055326 15055331
33558205 3823764
12277414 12277418
10327053 10327062
33557366 33557368
33535001 33535002
10331618 10331621
10332189 10332193
30872742 2615583
14968027 2615583
14980658 2615583
14980656 2615583
33480467 33480475
33535688 33535689
33543341 33543342
35661275 35661276
10329745 10329752
8737234 916439
15014263 15014267
35637633 35637634
35637424 30439438
32893213 32893217
10334317 10334328
5654370 5654377
14976808 14976818
35637859 35637860
4528955 270545
35637005 35637006
33541851 33541853
10334925 10334930
32657423 32657427
35738885 35738886
33534877 33534878
33542348 845589
10364297 10364299
35660636 35660637
33536266 33536267
40238915 1648249
33557189 33557190
33545470 33545475
35672303 35672304
33544733 33544734
33558046 33558049
10337988 10338022
35660053 35660054
33356638 33356640
33558282 33558283
39936561 39936562
33557855 33557856
35672226 35672227
33322901 33322902
10291158 10291160
40238917 3309785
40238919 40238920
35738863 35738864
10323182 10323186
30799828 10208979
33322376 33322377
33454055 33454057
33475589 33475591
33494023 33494024
33538740 33538742
35637884 35637886
10328057 10328062
33470986 33470988
33345661 33345662
10299294 10299297
35652699 35652700
33321857 33321858
35637729 35637730
35728208 35728209
33540787 33540789
33557279 33557280
35637458 35637459
33557261 33557264
34852779 34852780
33345995 33345997
33322772 33322773
34963004 34963005
10332145 10332149
33458438 33458440
33538402 33538405
33557250 33557251
18977 63002
28399212 63002
3674103 63002
3068199 63002
251812 63002
28400025 70805
911183 70805
30865710 70805
30872743 70805
2468719 70805
15057244 70805
40238922 70805
14968025 70805
14968023 70805
36024431 70805
36024531 70805
36035582 70805
40238924 70805
28400464 70805
2399327 129760
3263263 129760
35950045 129760
6513127 129760
988614 129760
40238926 129760
36036120 129760
36036135 129760
40238927 129760
28401640 129760
1611147 129760
4584311 65262
28399656 65262
28400191 65262
30871568 65262
9307367 65262
12287586 65262
28401486 65262
14395826 65262
35669821 35669822
34826709 29987392
39464918 39464920
35637612 35637613
39957204 39957205
35866064 35866065
34848258 34848259
33557342 33557343
3590282 3920706
40238929 29988352
40238931 29988352
36037609 29988352
33467343 33467345
35738821 35738822
33346075 33346077
33486638 33486640
40238933 40238934
33481077 33481079
33549325 33549327
33474633 33474636
33463025 33463027
33540579 33540586
33345634 33345635
33558640 33558641
12256727 12256731
33305218 33305220
35638102 35638103
33456191 33456193
40238937 40238938
33495252 33495255
33471501 33471505
40238939 258418
33548845 33548846
2033629 2796886
39938492 1999141
10329571 10329578
322902 874237
10317809 10317813
32690001 32690004
33461234 33461236
35660626 35660627
10287384 10287387
33557354 33557356
40238942 34343568
33331431 33331433
33534021 33534022
33557692 33557693
15053399 3758985
36037608 3758985
36035383 3758985
35730427 35730428
33322305 33322307
40238946 40238947
35637235 35637236
33463136 33463138
33476169 33476171
33558537 33558539
33544163 33544164
35638202 35638203
33558033 572604
33541996 33541998
10338088 10338162
32676250 32676252
15088832 15088837
33557677 29997697
35721949 35721950
33557441 33557442
4501908 71408
35969259 238789
28400956 61107
33473661 33473664
33542209 33542210
33557530 33557531
32690569 32690571
33457278 33457280
33452174 33452175
34975947 34975948
10365927 10365933
40238950 15441570
33539602 33539603
10304874 10304876
39960723 39960724
35701047 30000505
33451766 33451768
33495664 33495667
10314431 10314437
34834568 34834569
12520835 12520851
14963745 416120
14963738 416120
40238953 416120
30865711 416120
30873674 416120
39476022 39476024
10305200 10305203
28758762 28758764
40238955 242081
33532146 33532147
35646112 35646113
40238957 40238958
35654338 35654339
40238962 30232125
35741614 35741615
12118004 12118008
40238966 40238967
40238971 304813
14981949 14981965
35669103 35669104
14976810 14976824
33545582 33545583
33355422 33355424
33535746 33535749
32698717 32698720
33349132 33349134
33557119 33557120
33479181 33479195
35652556 35652557
33542892 33542893
33480583 33480585
4594895 4605933
4996012 4996022
33351331 33351333
2057978 2816961
33349076 33349078
40238973 40238974
10309526 10309529
14985277 14985280
33348857 33348859
10288696 10288699
35637059 30009046
33356627 33356628
40238978 30600976
35726166 35726167
33545673 33545674
33557932 33557933
4467233 73192
35637130 35637131
33455103 543973
32917624 32917626
33475552 33475554
33349254 33349257
33539663 33539664
29028762 29028763
33557646 30059833
2817996 3385170
33534518 33534519
35733243 35733244
33557972 33557973
35637037 35637038
33355430 33355432
28410136 28410139
33543356 33543357
35693775 35693776
32676509 32676511
33557300 33557302
10320402 10320406
33831148 33831150
35700148 35700149
252860 74717
30876672 60456
36017399 60456
36017397 60456
36024433 60456
40238983 60456
30877831 60456
9846398 89164
12135649 232643
33288862 232643
13869683 232643
33340226 33340228
33344978 30016741
10338085 10338146
35660011 30017086
35730532 35730533
33475782 33475784
35729575 35729576
33351324 33351326
33557378 33557379
35688091 35688092
35723785 35723786
30876673 3634989
40238985 147838
35669188 35669189
39954946 39954947
33557987 33557988
33348978 33348981
33558112 33558113
33348864 33348867
33536142 33536143
35739794 35739795
3049171 3548928
33274173 33274174
33465207 33465209
35716217 35716218
33337229 33337233
33549177 33549178
33557306 33557307
33331438 33331440
14647780 250971
36024388 3472884
35669455 1507362
10337991 10338036
30313398 30313405
11272162 11272182
2033622 2796669
33558000 33558003
33557317 33557318
33358792 33358794
10280694 10280696
14457603 14457606
40238987 40238988
33484283 33484285
33471162 33471164
35637030 35637031
33542556 33542557
35660816 35660817
35669245 35669246
40238991 130197
40238993 130197
33322306 33322316
33542293 33542296
35696087 35696088
35653111 35653112
40238995 40238996
33533099 33533106
40238997 40238998
10338221 10338231
15202320 15202324
33345696 33345697
40239002 30236720
33557432 33557433
35637260 35637261
10291924 10291927
33476437 33476439
33558320 4285033
31097225 31097226
33536243 33536247
35687316 35687317
40239006 257909
40239008 257909
36024465 257909
10332240 10332243
33480170 33480172
35674090 35674091
33509929 33509932
33495718 33495721
35637376 35637377
10305182 10305188
33457855 33457858
10306496 10306499
33349149 33349151
33544314 33544316
40239010 40239011
35660211 35660212
33487434 33487436
33558007 33558008
35658770 30030203
4422019 173029
34866108 1175448
34060122 34060124
35673822 35673823
40239016 1105218
35661386 35661387
33349031 33349033
33558738 33558740
33558555 596575
33332471 33332473
2033549 2796328
3590247 3920694
33548230 33548231
33558480 33558481
33486678 33486680
35738900 35738901
35654948 35654950
14976806 14976811
39945848 39945849
33558720 33558723
33358785 33358787
33537214 33537215
33557195 33557196
35651446 35651447
33557107 33557109
33473782 33473784
33489397 33489399
15767801 15767803
33356944 33356950
35661430 35661431
33549574 33549575
33558072 33558073
12289260 12289269
33348822 33348824
2613732 3244167
40239018 40239019
35730661 1503678
33290016 33290017
35687456 35687457
33480864 33480867
40239022 40239023
33458866 33458868
33530863 33530864
33315669 30039230
35638473 35638474
40239027 40239028
33543276 33543277
15807371 15807378
4358518 67445
4358514 67445
4358517 67445
2591569 257509
36024469 257509
30879805 257509
6048798 88678
40239030 88678
3655548 88678
904271 7462
30869085 7462
28732541 7462
3654908 7462
33274219 33274221
35637410 35637411
33349333 33349336
35637963 35637964
10295684 10295687
33472166 33472168
1563003 2422263
33349047 33349049
33349039 33349041
33543648 33543654
35637662 35637663
35665607 35665611
35637195 35637196
33550479 33550480
10365491 10365495
33356541 33356542
33557487 33557489
35646302 35646303
39936555 39936556
35669203 35669204
33557348 33557349
35637693 30445562
32677520 32677522
33477290 33477292
1099230 1967543
35731696 35731697
32917502 32917504
35713985 35713986
40239032 2657740
39462856 30049759
33315660 13486146
15176770 15176784
33558149 33558150
35660557 495993
11896671 11896675
33542076 33542077
33557802 33557803
33495656 33495658
33454876 33454880
33305225 33305228
35670086 35670087
10329703 10329707
33531941 33531943
35679790 35679791
35652480 3940088
33558561 33558567
35637627 35637628
40036961 40036962
9044964 241859
33539034 33539040
35672588 35672589
35637723 35637724
35672098 35672099
39937502 39937503
28759474 2164612
33536271 1075636
33475000 33475002
35661603 35661604
35637640 35637641
33324068 33324069
32676076 32676079
33557875 33557876
33345714 33345715
35396961 35396963
33349282 33349285
40239036 788743
15045085 15045089
40239040 1150823
33532809 33532810
15163251 15163254
33558690 33558691
33544698 33544702
10361649 10361651
33535855 33535857
33544052 33544053
33470996 33470998
33356441 33356442
35711410 30056283
15049121 15049123
33320994 33320996
33454569 33454571
3371343 3774320
40239041 419550
36024468 419550
39967306 39967307
35637433 3940123
28774791 28774792
2033551 2796389
33480528 33480530
33344626 33344628
10940251 10940256
35737784 35737785
33346044 33346046
10303125 10303128
33539651 33539652
33349238 33349242
33349156 33349158
11105103 11105107
33532775 33532776
39944883 39944884
40239043 35881700
35909729 35881700
35881696 35881700
33358282 33358284
12520833 12520841
33551160 33551161
35637062 35637063
33467618 33467620
33463488 33463490
33541867 33541869
35738531 35738532
33495260 33495263
33496641 33496643
33461271 33461274
2796262 3370623
35652999 200089
35741775 35741776
4358515 4422011
35672121 35672122
10332260 10332265
10329945 10329948
33496523 33496525
33455771 274677
35711924 35711925
4496804 4525309
33557146 30148559
39637339 39637340
35652532 35652533
33531800 33531801
33355411 33355413
40239045 29752424
32195878 32195881
33348919 33348922
4358513 73151
4358516 73151
4358512 73151
4422003 73151
4467182 73151
4421913 73151
4358360 73151
14963730 206164
40239049 206164
40239051 206164
36020240 206164
36020239 206164
14968009 206164
40239053 206164
36024470 206164
36024473 206164
15022142 206164
15022144 206164
40239055 206164
36021376 206164
36024475 206164
40239057 206164
33496651 33496653
33480290 33480292
33356568 33356569
33349304 33349306
33539581 31930
10291858 10291865
35637787 35637788
40239059 1469212
35710478 35710479
33557373 33557374
33358176 33358178
14963726 2157504
35739718 35739719
33321001 33321003
10271244 10271249
33558398 33558399
35711672 469845
30795723 30795727
35675400 35675401
34831843 34831844
33447058 33447060
33557360 33557361
30382438 30382440
35637865 35637866
4898896 4898909
35731846 35731847
40239062 30071061
10297850 200743
35661338 35661339
35669127 35669128
35741249 35741250
33331401 33331404
34834500 34834501
35881695 35881698
10365067 10365075
2525348 3186079
33448396 33448398
35731138 35731139
33481603 33481606
35683651 35683652
34852143 34852144
35637330 35637331
33557872 1337578
33557205 1337578
40239065 40239066
40239070 3348474
33475740 33475742
33533102 33533127
33558042 33558043
39958149 39958150
39954979 39954980
33459359 33459361
35687306 30075375
33557504 33557505
40239071 40239072
1162203 2033807
39953741 39953742
4266474 420947
33466391 33466393
40239075 40239076
33509930 30602840
10340968 10340972
15153405 15153407
39961486 39961487
33322452 33322454
33557732 33557733
39936834 39936835
15170995 15171009
33549015 33549017
33558373 33558374
33323677 33323680
33351338 33351340
33543463 33543472
33557806 33557807
40239079 64909
15086019 15086027
33480465 33480468
32676157 32676160
33331375 33331380
33425176 33425180
10365715 10365719
10309120 10309123
35718495 35718496
35726207 35726208
35654068 35654069
10279334 10279337
33557977 33557978
4317733 4394228
33323678 33323686
39936171 2268689
15091874 15091885
10290357 10290360
35651992 35651993
33487392 33487395
35658528 35658529
33557915 30083034
4266471 380345
4266472 380345
252860 380345
4124421 380345
4266470 380345
4266473 380345
4515007 380345
3911511 380345
605756 68360
30870193 68360
40239080 68360
36024420 68360
8528445 68360
1513463 68360
944448 68360
10628005 68360
2649418 35172
569927 35172
911222 35172
28401282 35172
34494329 35172
944227 35172
359161 35172
30877860 35172
30873833 35172
30872234 35172
30869530 35172
30871994 35172
30869531 35172
30874776 35172
28400377 35172
40239040 35172
1396161 35172
2591264 35172
28399507 35172
40239082 35172
40239084 35172
40239086 35172
40239088 35172
40239090 35172
15008242 35172
40239092 35172
36029295 35172
40239095 35172
36035331 35172
40239097 35172
35950044 35172
36024517 35172
7133675 35172
28400716 89703
35880777 89703
904250 89703
143103 89703
2622598 89703
1599203 89703
569854 89703
556969 89703
102039 89703
12135649 89703
12135649 89703
28399656 89703
3098558 89703
4383333 89703
11780771 89703
9808699 89703
30872952 89703
30872916 89703
6953704 89703
30873018 89703
30872026 89703
30869087 89703
12539468 89703
9449000 89703
30872206 89703
30873093 89703
35901523 89703
4920771 89703
28402496 89703
9024523 89703
3213870 89703
28401579 89703
1784423 89703
2060613 89703
3644640 89703
28400216 89703
2176303 89703
28408426 89703
35739091 35739092
14244034 14244038
28399550 15163
35637880 3812001
32676571 32676575
28734422 28734424
34831083 34831084
28741175 28741177
33468982 33468984
39964150 39964151
33458401 33458403
33558434 33558435
32658564 32658568
33350782 33350784
33274067 33274068
31080336 31080343
10282661 10282665
10332178 10332182
35637991 35637992
8666150 8666153
15049687 15049691
33349105 33349107
35739614 35739615
39947114 39947115
2085354 2839121
32653243 32653252
33557779 33557780
35669026 35669027
35661581 35661582
33543640 33543641
14986920 14986923
39942405 39942406
40239099 30603353
33535808 33535810
15081837 15081841
15022648 15022653
33458385 33458387
15170994 15170998
35661789 35661790
14981950 14981970
33348814 33348817
35683341 35683342
10308177 1160488
32917396 32917398
33558466 33558467
10300841 10300843
33557405 30449074
39939937 1159411
33456080 30603423
15022152 15022162
36024477 79260
36024502 79260
1611149 257604
28401952 257604
35638067 35638068
35696674 35696676
33557184 33557185
32700982 32700984
40239103 40239104
35637822 35637823
33463449 33463452
40239106 793598
40239107 40239108
29370333 29370335
33455359 33455361
33344985 33344987
35661610 35661611
33535767 33535768
40239111 40239112
33349139 33349142
35676480 35676481
33356529 33356530
28733584 1350762
33321007 33321009
11446707 11446712
32684522 32684524
40239117 40239118
33487332 33487333
10298123 10298125
35661531 35661532
35715384 35715385
40239121 839092
33544059 33544061
33337236 30098637
33332990 33332992
10286922 10286924
2796256 3370614
33558575 33558576
33536520 33536521
35658594 35658595
35670042 35670043
36021346 36021349
36024479 36021349
36024501 36021349
25451459 25451461
33480209 33480211
33348874 33348881
33543457 33543464
35730625 1815227
33539810 33539811
35738571 2492134
14986922 14986928
35674239 715345
33542965 33542966
33477556 33477558
33332491 33332492
33558210 30449724
35661378 35661379
33558090 1916904
34866473 34866474
33557761 33557762
31085935 31085937
33274230 33274231
33331410 33331416
2501705 3170585
15072231 15072241
33541646 33541647
32652854 32652858
34774090 34774091
33465719 33465721
35739116 35739117
35674148 35674150
33344704 33344706
30869088 74848
9172725 9172733
35637369 35637370
33542827 33542828
33348927 33348930
35669321 35669323
33558060 33558062
10332287 10332290
35637103 199672
10284295 10284302
877840 1695199
35672272 35672273
39943917 30108476
10290648 10290653
15091658 718772
39960470 39960471
39956965 39956966
36024481 30423882
10300966 10300969
35652951 35652952
10367045 10367050
33472052 33472054
1162167 2033754
35698477 35698478
40239123 40239124
3371381 3774362
14931844 244465
35665692 30112203
33558769 33558770
33481212 33481214
35660122 30083105
14991323 1280772
14963722 1280772
14963714 1280772
35637586 35637588
34813270 292758
35636978 35636980
33545661 33545662
40239126 40239127
35660787 35660789
35638318 35638319
35668948 35668949
35658474 35658476
35710622 35710623
33322469 33322471
15392514 15392516
40239131 143368
36024485 36024486
36024484 36024486
36024503 36024486
36024504 36024486
36024505 36024486
33540593 33540594
3774360 4033135
33542331 33542332
35665554 35665555
34829829 34829831
39960927 39960928
35661593 35661594
10276420 10276423
35677721 35677722
10312731 10312734
10362199 10362203
40239133 39734478
33487323 33487326
35689465 3824588
33543972 33543974
32882746 32882749
35661618 35661619
33558760 2203273
33464540 33464542
40239135 613105
33305268 33305270
35637414 35637417
33311356 33311359
33454200 33454206
35637174 35637175
35686677 35686678
2797213 3371001
35654029 35654030
40239139 40239140
2058010 2817038
7332362 181046
36534914 45393
4031549 45393
4781312 45393
30870267 45393
33530848 45393
33530846 45393
3771678 45393
36028645 89337
36028646 89337
40239143 89337
36110509 89337
15144853 89337
28400950 89442
2549765 89442
30874368 89442
15890239 15890241
40239145 82489
15091871 15091876
39960500 39960501
33557453 33557454
33344794 33344796
14900065 14900067
33348772 33348774
33349358 33349360
33539594 33539596
33535774 33535776
33536527 33536529
35669075 35669076
10366467 10366471
15091657 15091661
10337987 10338017
32676085 32676087
10335198 10335203
35686627 35686628
10288091 10288093
40239147 40239148
32691006 32691009
777167 1563018
33348986 33348988
15170069 15170073
39942299 39942300
40239152 40239153
35679783 2643608
15002797 15002802
35669835 35669836
33558515 33558516
30315031 30315032
40239156 40239157
33557553 1337288
33548197 33548198
35669094 35669095
35638241 35638242
35674060 2628176
35672241 35672242
10291796 10291798
30242538 30242539
32676500 32676502
10301572 10301582
36035765 855095
35679390 35679391
35710531 35710532
39950559 39950560
10338082 10338127
33543569 33543575
35731225 35731226
10329602 10329608
13079475 89770
33464398 33464400
14981947 14981958
35674421 30132214
35638559 1128690
35716423 841103
33464875 33464878
33557127 33557128
33538251 33538252
35725641 35725642
33349275 33349277
33545521 33545522
35676417 35676418
33534610 33534612
33472083 33472085
33558343 33558344
11272156 11272165
33545469 33545471
33349164 33349167
10274307 10274311
33544586 33544587
33533101 33533121
10304626 10304629
15160874 15160886
33558338 33558339
14495766 14495798
35638302 35638303
39938673 39938674
33558012 33558013
30866493 397969
40239160 397969
30873829 89747
30871999 89747
30233407 89747
4037020 89747
28400955 466229
36750310 466229
35739162 35739163
33305199 33305202
33344637 33344639
35728651 35728652
10328143 10328146
40239162 30138201
33557287 33557288
33450155 33450157
33541918 33541921
35717383 35717384
10335120 10335124
33471830 33471832
33472177 33472180
35643695 35643696
33544575 33544577
35670048 35670049
33530683 33530685
33473516 33473518
33558425 33558426
40239166 4031617
33452597 33452599
34963935 34963936
40239171 40239172
33467156 33467158
35660102 4401737
35713225 35713227
33456636 33456638
33348791 33348793
12357860 12357862
755802 1538430
4171507 4299222
33557650 33557651
35658441 35658442
33494898 33494901
33344736 33344737
39968173 39968174
10286168 10286171
33475804 33475807
35729072 35729073
33540254 33540255
33557158 33557159
33558141 33558142
35667961 35667962
40239176 40239177
39948226 39948227
6091389 511119
10298858 10298861
33289229 33289232
11604490 11604495
32650224 32650228
28731592 28731596
33558581 33558582
35672287 35672288
33345641 33345642
33536184 33536185
10293179 10293184
33471837 33471839
14290830 14290837
4317662 4394163
35637254 35637256
35691543 35691545
10294702 10294706
33557894 312265
33447351 33447353
33530847 257640
30866495 257640
15052456 257640
30870266 257640
12351406 239231
8812330 239231
39945004 39945005
10327010 10327017
33557819 33557820
33458392 33458394
33557541 33557543
33349083 33349085
10281506 10281509
12342097 12342103
10277578 10277581
31080875 31080876
33545633 33545634
39937125 39937126
32875963 32875965
35637299 35637302
33557702 33557703
10325153 10325159
7363530 7363688
29029059 29029062
14963748 14963753
14677496 14677508
33349209 33349212
33356943 33356945
33349112 33349114
35738789 35738790
35731692 35731693
40239181 30156604
35637077 35637079
3371417 3774386
40239185 40239186
28399495 259496
34962267 34962268
39940741 175979
40239189 40239190
35668340 35668341
33483874 33483876
33463698 33463705
40239194 40239195
33548868 33548869
33312120 33312126
14963728 4931798
14963718 4931798
39960678 39960679
33274086 537174
35637184 1110281
39947310 39947311
35722622 35722623
35637212 35637213
35711596 10201528
10332250 10332253
35637241 35637242
33475191 33475193
28734423 28734428
33484097 33484099
35740006 35740007
33267123 33267125
32917387 32917389
33364824 33364826
10301544 10301547
35637854 35637855
33544576 33544581
39965821 39965822
12814384 12814387
33547946 33547947
33358869 33358872
33557231 33557232
10280935 10280940
35669266 35669267
14963736 264620
14977759 264620
14963742 264620
28388360 264620
40239198 264620
36024500 264620
30866497 264620
35888743 268658
9252422 268658
944325 268658
36035332 268658
40239200 268658
36029297 268658
36109702 268658
36017406 268658
36020508 268658
36020507 268658
36020530 268658
36021372 268658
36021383 268658
40239202 268658
36024383 268658
36035330 268658
40239204 268658
40239206 268658
40239208 268658
40239210 268658
14985484 268658
40239212 268658
36018165 268658
14980677 268658
14980675 268658
14980673 268658
14980671 268658
40239214 268658
35888741 268658
35950046 268658
35950049 268658
36036115 268658
36036114 268658
35893262 268658
30866170 268658
36068850 268658
40239216 268658
3529772 242086
1746077 242086
2545369 242086
7992482 242086
7494276 242086
2589927 242086
2286853 242086
2320702 242086
14495775 14495838
39458032 39458034
15205288 471161
33530629 33530632
33349060 33349064
33558764 33558765
33557860 33557861
33534808 33534812
39538385 89461
40239218 1979727
35739647 35739648
33557226 33557227
33543647 33543649
33541655 33541656
33464952 33464955
7371613 5009358
14495771 14495825
33538534 33538539
35674115 3448730
33543963 33543965
33345647 33345650
39946418 39946419
33322635 33322636
32553147 32553151
33471603 33471605
35668834 35668835
33558668 33558669
32969225 32969228
33441618 33441619
12587961 12587964
35716267 35716268
14981946 14981952
1609559 2459793
10274259 10274262
33358231 33358233
33540263 33540264
33534618 33534619
14931830 14931834
35691534 29375034
35699137 35699138
35661422 35661424
39957033 39957034
40239222 709122
35669194 35669195
33337223 1129038
35739633 35739634
33463697 33463700
33557992 33557993
35672216 35672217
35660523 575145
39960451 39960452
35677320 35677321
35668999 35669000
15072230 15072235
33558604 33558605
35636973 35636974
35638048 35638049
35654079 35654080
10357944 10357951
35652804 35652805
30855229 30855233
35637148 35637149
40239225 60256
30867527 75786
14963752 75786
36018163 65734
30874723 3405014
5625939 277130
9407860 277130
6766025 277130
30871265 277130
30874369 277130
36013189 277130
2571843 277130
357227 277130
33348995 33348997
14534034 14534070
33538620 33538622
14963773 14963778
14495768 14495807
33349113 33349120
36021419 36021422
36024499 36021422
15361018 15361022
33558403 497019
32684319 32684320
32683262 32683265
35637772 35637773
35637772 35637773
14495764 14495779
10273541 10273546
40239227 15845700
40239231 40239232
35637228 35637230
33486110 33486113
35665927 35665928
10287251 10287254
35637551 35637553
32917472 32917474
35894443 4201517
32950245 4201517
35637809 35637810
33558706 33558707
33542706 33542707
33557866 33557867
10337986 10338010
39954214 39954215
33558124 33558125
35716141 35716142
1283361 2160999
40239236 40239237
33356815 33356817
40239240 40239241
35638336 35638337
10337977 10337980
15033980 15033983
33558496 33558497
34981629 34981631
10281599 10281602
35691540 1268382
33486767 33486770
40239246 40239247
33348804 33348806
35652466 35652467
40239248 774937
10293370 10293377
39946021 39946022
33558349 33558350
36018160 304819
33487898 33487900
33544848 33544849
33265625 33265626
12357866 12357871
40239249 29628844
33544472 33544473
35661525 35661526
10316935 10316938
33558018 30188178
14988667 14988670
35661343 35661344
35698742 35698743
35726180 35726181
33497965 33497967
33332485 33332486
39964561 39964562
40239253 40239254
33471876 33471878
33557813 33557814
10338081 10338115
35638328 35638329
2033645 2797190
35653293 35653294
35894440 465106
10271508 10271510
10338091 10338184
33346208 33346210
33348970 33348972
40239258 40239259
33542688 33542689
32875779 32875782
15051803 15051805
35665589 35665590
10337990 10338031
33479182 33479201
35683896 35683897
33558160 1560418
33548840 33548841
10301155 10301158
40239262 4471399
10317995 10318002
36029084 771683
36029086 771683
33324524 33324525
15049594 15049599
33464161 33464163
32692131 32692133
35684957 35684961
3090396 3577927
3371399 3774377
25395308 25395317
35710968 35710969
33346002 33346003
33557919 33557920
33558407 326529
35658435 35658436
484693 1161959
39966994 39966995
40239264 1251351
10272844 10272849
33539963 33539964
33538658 33538660
35669139 29879031
2033647 2797232
35730681 29392713
35638561 35638562
36018157 36018161
777171 1563059
33479763 33479765
33320974 33320978
15160873 15160877
14963761 416142
14963769 416142
14963765 416142
35652693 35652694
35740063 35740064
33542549 33542550
14916202 14916205
33474508 33474510
33494157 33494160
33447550 33447552
33486421 33486423
33442481 33442483
35672178 35672179
33349370 33349373
33465759 33465760
15001857 15001859
33558178 15001859
35652178 35652179
33305210 33305212
33461565 33461567
35638698 30200842
33451381 33451383
35637165 35637166
33557880 33557881
35716222 35716223
39953644 39953645
35706925 35706926
33480279 33480282
33558363 33558364
33356521 33356522
30878604 30878607
35638629 550728
33346147 33346148
40239266 40239267
36017812 36017816
40239271 36017816
36021421 36017816
36021432 36017816
33457027 33457028
33558623 33558624
10314933 10314936
33349297 33349299
33472108 33472110
33558455 33558456
32873810 32873812
36018155 36018158
40239273 40239274
35721564 521479
39942662 39942663
12600407 12600409
40239279 40239280
35637703 35637704
35637667 35637668
33551470 33551471
140991 442919
33540929 33540930
35739590 35739591
35661006 35661007
33324081 33324082
10318436 10318439
35684313 35684314
35652472 35652473
35669226 35669227
33548209 33548210
35711626 35711628
33336797 33336800
2733891 3324064
35691052 35691054
35637794 35637795
33558084 33558085
12426374 12426381
33558560 33558562
35011309 152635
33539582 33539586
35678421 35678422
33468888 593669
35638018 30884973
35637406 35637407
33544336 33544337
40239283 3484577
35637833 35637834
33479305 33479307
10898871 10898878
33558485 33558487
33332525 33332528
15156398 15156401
35637679 30177888
35923182 731424
10314435 10314446
35661374 35661375
33464154 33464156
34898566 34898568
33557211 33557212
35661330 35661331
33494833 33494837
10294789 10294795
33557221 4064547
35637616 35637617
33348836 33348838
35702388 2083238
33538583 33538584
33557322 33557324
10338321 10338327
33558276 33558277
40239287 30212926
33548849 33548850
33471480 33471482
33558502 33558503
35741484 35741485
35738656 35738657
35638035 35638037
10366371 10366374
33542083 33542084
35738047 35738048
33423482 33423483
40239290 40239291
