30745794 30745795
4269793 1252686
13225088 128346
30747913 128346
35831286 128346
30747964 128346
2749902 128346
29837021 128346
2441183 68184
40265600 35164
777014 1562185
30753261 30753262
15065264 15065272
35476952 35476954
32755433 32755436
30748680 30748683
30746174 30746179
36271385 36271387
29042217 29042220
2909902 3449586
30751078 30751081
161866 510453
35422016 35422017
30775779 30775783
21303 119136
9665436 9665444
1584120 2442438
30743933 30743937
35422591 35422592
510966 1205804
13570801 13570807
2810778 3379503
15728894 15728901
2641598 3264281
36328063 36328064
15262239 15262242
32769689 32769693
4061461 4218611
35422196 4218611
10270340 10270348
11645786 11645801
28359278 28359281
30742820 28359281
1867198 2666612
35443634 35443637
35553836 35553838
15147270 15147291
30365554 30365556
35420711 35420714
1557039 2417432
13236106 13236117
13474093 13474096
989303 1835052
1556943 2417347
30751945 30751948
180908 553080
35442555 35442557
30745066 30745067
29049032 29049034
35439174 35439176
33058526 33058529
30748327 45426
122551 44867
30745386 30745388
30748754 30748757
36413143 36413144
2351028 3047821
30761292 30761294
30753526 30753527
2130541 2877811
36426522 36426523
964400 1804274
29038505 29038507
30748754 30748758
36272020 36272021
29050092 29050093
32764396 32764400
35474434 35474435
11818347 11818350
11739683 57045
30746521 29778176
35422757 35422759
15719044 15719052
3404974 3796477
29046987 29046989
8780074 8780092
32809521 311457
30751705 30751707
15396599 15396604
14502033 14502051
29339329 29339333
30752201 30752204
173079 533942
15656396 79311
35443882 35443883
36411420 36411421
4186559 4307687
29363694 29363696
35815873 35815874
15730365 15730368
30751198 30751199
2082578 2836983
28361750 28361754
20226 113631
2435849 3118024
929442 1748752
30747135 30747138
28769205 28769207
923108 1731827
1867196 2666582
30426934 30426938
30736607 30736614
32791063 32791066
11712272 11712279
30751409 30751410
9470942 9470952
36411297 36411298
35477812 35477813
3472408 3844608
15726122 15726131
3104067 3587224
28768265 28768268
260203 755482
30753362 593080
3879192 593080
36281677 76440
9080559 9080574
1174 15830
30748416 30748417
2877807 3426403
28364352 28364353
32816891 32816893
2173668 2913636
1281292 2158682
35796387 35796389
28773890 28773895
30770023 30770026
30744367 13436039
35421433 35421434
1774831 2590914
40265602 40265603
48724 207852
30750528 30750530
3578596 3913793
2440539 3122317
22549 122567
30742913 30742914
2846290 3404782
1481427 2348997
2686610 3287029
9955214 2736552
36319664 36319665
13235969 13235980
30743844 30743845
11761468 11761472
3187661 3647335
1571982 2430953
29045693 29045697
35422671 35422673
15183038 15183049
36411346 36411347
30750686 205505
30320347 30320355
40265604 40265605
33015447 33015449
13460011 13460015
4046450 4210252
30749444 30749445
30752190 30752192
29044759 29044763
9384232 9384243
30757628 30757629
9651064 9651067
29049044 29049047
2093745 2846442
954349 1785045
29052227 4033030
30745705 4033030
35437036 19012
32783872 19012
30751124 30751126
35422597 35422598
35477919 35477920
15721601 15721619
29044215 29044216
290451 808692
29039252 29039261
30780761 30780763
30752611 62345
29039253 178539
35477929 35477930
2846460 3405023
15011517 15011530
13008538 13008546
35422096 35422097
15762471 15762488
4046451 4210256
3401339 3793979
1923891 2699933
4328430 4400986
30744798 2055958
28672291 2055958
30499913 30499916
32828961 32828963
15923 82135
2727784 3318651
30750632 30750636
1612158 2461831
30753847 30753851
773212 1557088
35417787 35417789
10904980 10905016
3796536 4046575
30774451 30774453
245402 734024
8854944 268030
29043265 29043267
29046813 29046816
4968179 4968198
29044633 29044635
983421 1826150
35420636 35420638
15736737 15736739
28306238 28306240
15720183 15720187
11762375 11762387
140717 441046
15730513 15730523
3280452 733824
4289762 733824
28303810 43914
21256 80840
29040006 164277
989302 1835028
4446371 4486622
30210527 30210529
36293006 36293007
40265606 40265607
35422730 35422731
28313099 28313103
989308 1835074
29049313 29049315
15726799 15726802
1537198 2396121
30754567 30754571
4419909 4465585
1291433 2168617
29045137 29045140
35443789 35443791
1932080 2707657
30448205 30448211
11803147 11803184
35417752 35417754
36434956 36434957
2443215 3125087
3104113 3587231
35420656 35420658
15304508 15304513
30771384 30771387
28770102 28770106
592439 1326893
3993854 4179830
30750722 30750727
4465579 4500778
13570802 13570817
4434976 4478289
11712286 11712291
30752466 30752468
4046458 4210271
29049320 29049322
36436780 36436781
2935874 3470055
35437441 35437443
35422838 35422839
511205 1206186
28730441 1206186
30749313 29351760
510970 1205820
4123282 4265458
21334 119278
32810848 32810850
30370991 30370992
30742913 30742915
5673781 5673786
30752805 30752807
30422733 30422735
1313811 2185811
9876711 9876731
32818915 3601763
3125074 3601763
13455555 3601763
722670 1483429
14708932 14708944
1867197 2666601
2838286 3398603
35796152 35796154
4056896 4215664
30752964 30752966
14586185 14586188
36334572 36334573
30745422 29773213
1252002 2130533
130253 416478
3796367 4046463
30746634 30746636
28661052 28661054
147360 465507
15178291 15178296
35420571 35420572
28667921 28667925
115066 371461
32828874 32828876
1055507 1917093
30750769 30750770
29589513 29589515
701312 1459005
536015 1253215
2726421 3317505
30748336 30748338
3927304 4134497
11667278 11667287
3007038 3520900
30747252 30747255
3047815 3548128
36272269 36272270
35422553 35422554
1016284 1867834
15728163 15728182
15722092 15722098
1251899 2130444
15106150 15106162
36293440 36293441
30499913 30499917
202223 607635
1957180 2728227
4481348 4513624
977168 1820740
15661413 15661418
30748336 30748339
30774451 30774454
30780243 30780245
35477877 35477878
15381278 56533
773031 1556442
12000210 12000216
13555112 13555125
4531448 4552123
15728512 15728515
3071264 3562393
29053044 29053045
3088455 3575885
4616793 4626161
28388947 4626161
11827060 4626161
29043496 29043500
30751409 331705
35455887 331705
30746157 30746159
30750710 30750713
39627 162426
4392737 4447182
3125073 3601737
591628 1324863
967193 1806655
82757 285571
15730123 15730128
36379817 36379818
3280377 3715433
2637357 3260744
28473077 28473083
30751191 30751192
4116214 4260931
15730076 15730081
9878455 9878463
808369 1610552
29047030 29047032
931301 1754586
30743543 30743545
2169943 2909924
4679801 4684343
36413177 36413178
35420476 35420477
29041744 29041746
36380455 28878721
29044846 29044850
28366609 28366610
28473100 28473112
1250612 2128379
4387397 4443261
36363046 36363047
1117750 1989603
30754790 30754792
15731482 15731489
30324066 30324080
35441597 35441599
28382616 59411
36411457 36411458
30745351 30745353
36411428 36411429
35476972 35476973
15727997 15728002
15731479 15731485
4310011 4388900
13157923 13157927
30744985 30744987
30748821 30748826
1562154 2421662
30743941 30743943
30746093 30746095
2842085 3401344
415748 1055513
2901699 3442713
34369901 34369903
12347103 12347109
35418581 35418583
3404984 3796489
964402 1804294
15731745 15731753
2681705 3284302
33058350 33058352
30745075 30745077
30753113 30753115
11614256 11614265
3322236 3742721
2417375 3104146
35793818 35793820
13561710 2011681
30746914 29040528
36411484 29040528
29040527 29040528
1907963 1424485
30749415 84986
1069154 1932082
13491952 13491958
15139422 15139430
12631595 12631615
30749618 12631615
13252149 13252153
36312764 36312765
1638482 2482345
30324064 30324075
30747267 30747269
35420665 35420667
13401268 13401272
30309202 30309210
29040960 29040962
13228104 13228118
3404961 3796465
4000230 4183336
30753589 30753591
29041438 29041439
3534364 3885257
30746093 30746096
1833003 2639179
29040088 29040096
30742798 2080745
13338780 2080745
30747104 2080745
1204455 2080745
3218521 1418
1709576 1418
30745142 84947
29039225 84947
29038957 84947
30884497 60139
40265609 60139
21683865 60139
29053202 60139
28302431 35167
1327193 2199059
161913 511055
35422922 35422924
4434977 4478296
1831019 2637361
30247916 30247918
378361 982875
15719014 15719019
3404856 3796346
2442497 3124451
33088752 33088756
30748646 30748648
3470054 3843060
1867199 2666618
2125786 2873980
30751089 30751092
2601737 3236085
15722780 15722789
15730193 15730198
35420669 35420670
11926891 11926906
3192127 3649852
30753923 30753926
29039530 432367
30505697 30505700
118650 379994
2877412 3426108
30754476 30232000
30752611 30752612
15729743 15729753
2417427 3104173
4401411 6630
36327690 36327691
3441359 3817194
796436 1587838
1326725 2198453
1821959 2631812
35422296 35422297
1536428 2394756
36328975 125914
30746540 30746542
30748929 30748933
30753113 30753116
29046936 29046940
4906407 4906433
11965178 11965198
20143 113451
29039126 29039129
29043405 29043408
15288763 15288772
2348739 3045994
96532 56633
30746165 30746167
4046454 4210260
35413665 35413667
4273791 4364086
4423008 4467875
15683511 15683521
3715564 4000355
1510138 2372818
795768 1585725
1092441 1957195
28688671 28688689
2601739 3236087
12282216 12282220
15736275 15736279
8646039 8646043
394 3246
4442671 4484070
1557042 2417438
1732205 2566015
4466948 71779
32776108 32776110
30748193 30748195
954338 1784999
28728341 28728344
29337825 29337829
30753974 30753981
3472405 3844585
374247 977190
2628280 3254878
2198422 2935571
40265611 29934330
773215 1557096
15684449 15684460
116082 373729
30745363 299170
30784834 30784838
35802742 35802744
30752480 30752482
13698222 13698230
283719 794603
35422569 35422570
3821420 4062457
35439152 35439153
30750131 30750133
35795777 35795779
13455462 13455470
2430952 3114271
592899 1327551
29044356 29044360
12146011 12146026
15718700 15718704
30420924 30420925
372385 973913
35422360 35422361
2412465 3099950
2442497 3124452
35477462 35477463
12146007 12146016
2193599 2930745
35422811 35422812
3731255 4008736
40265613 40265614
13462923 13462928
18347 92914
2846261 3404725
15687139 15687149
3287012 3719212
755721 1538082
30744542 1495267
1505196 2369093
35413927 35413928
3899066 4116215
2160638 2901540
3306635 3731222
1866545 2665730
30744083 30744085
30751412 70596
1557038 2417428
2878081 44495
15114931 15114937
36272269 36272271
2396392 3088472
2807658 3377516
29336635 29336637
1581923 2440544
4299884 4382278
30747247 4382278
1069262 1932202
3401340 3793981
30771385 30771390
35443854 35443855
12147406 38326
35417810 35417812
535714 1252598
30743859 30743860
1252001 2130515
36411454 36411455
9470942 9470953
10856263 10856286
1552441 2412487
3404840 3796329
30747833 30747835
30745048 30745049
4046521 4210322
374247 977191
40265615 40265616
9470930 9470943
161902 510911
4313487 4391480
1557086 2417523
28451278 28451281
2159800 2900568
426740 1070525
36411500 36411501
245156 733790
4126303 4268156
15290019 5227697
35413914 35413916
30743910 30743912
30749823 30749824
1326746 2198515
35477882 35477883
30419630 30419634
15726888 15726893
35477815 35477816
30768549 134985
4378340 4437225
4378340 4437226
30749802 30749804
4143653 4280454
3881931 4106596
1817703 2628139
45231 195522
1765902 2582319
30746568 30746569
13231071 2372835
1510141 2372835
29040370 29040373
30753015 14953419
11676057 60483
36362993 270545
4778822 4779426
30743716 30743718
38071978 38071980
15147293 15147299
35420571 35420573
35420539 35420540
198915 596791
30744404 30744406
122629 402276
32826700 32826701
2198438 2935692
270350 773176
35439143 35439144
284277 794914
4387415 1292236
4046452 1292236
576419 1292236
1292497 2169924
2835038 3396461
30369601 30369602
29044745 15676914
15676908 15676914
29044427 15676914
35440245 13330452
30752017 30752022
15698095 15698101
29045133 29045135
36411444 36411445
3126031 3603106
35422987 35422988
36410855 36410856
15728136 15728157
29046968 29046969
1666110 2505666
35422266 35422267
15719481 15719493
29039246 29039250
4906441 4906485
15721632 15721635
3794370 4044811
30744957 30744958
36290793 36290794
762368 1545373
40265620 4235565
3295508 2270594
30747962 60398
14502031 14502048
1092368 1957036
32819259 32819261
36433221 36433222
30752475 30752476
30804475 30804478
30367635 30367636
1806530 2618352
12224143 12224147
29050092 29050094
36310693 36310694
30751733 30751734
30748799 30748801
977166 1820736
14502029 14502040
30749731 30749732
535732 1252639
30744044 30744045
36411546 36411547
15730102 15730107
12297514 4341634
2613605 3243967
1530062 2388334
2396393 3088484
32826706 32826707
15719271 15719282
202275 607678
30369582 30369583
30754460 30754463
977166 1820737
15728129 15728149
2618555 3247748
2380834 3072003
11661496 11661506
2393643 3086079
35446044 35446047
13456382 13456391
30751700 30751702
35477855 35477856
236538 721363
379968 986243
3725116 4005629
35468150 35468152
35420521 35420523
401985 1015664
2085866 2839665
2350964 3047758
3574501 3910045
30754293 30754294
36413126 36413127
30804447 30804450
3284299 3717678
535732 1252640
35439137 35439139
3086071 3573702
3404990 3796509
35463841 35463843
15642081 15642102
30748222 30748223
15722081 15722086
1575579 2434904
30753719 910509
333739 910509
2014966 2780949
3651778 3961220
30751694 30751695
2666566 3280295
4551135 4568416
35420826 35420830
1056040 1917447
409685 1046330
35806562 35806564
2084535 2838302
3586910 3918433
3088481 3575930
11745800 3575930
30752283 30752285
13146890 13146909
15134909 15134915
30745939 30745942
4478291 4511477
733874 1505295
30746869 30746871
35437050 35437052
30373602 30373607
15730140 15730144
39601 162284
30746228 30746229
2350963 3047756
5007240 5007249
4650796 4657648
32845780 32845787
1534358 2392710
30383262 30383264
15724557 15724563
40265622 40265623
14965317 14965329
2962056 129007
30495249 129007
511101 1205938
14369770 14369775
8646006 8646037
510114 1204650
30747304 30747307
35792195 35792198
4515628 4540518
30752636 30752640
12559982 12559988
3258826 3700629
4468999 4503281
2396131 3088301
28727712 28727718
3843045 4081783
2156844 2898315
15011588 15011613
14369772 14369781
2989324 3504047
3731253 4008723
30751315 30751316
36411537 36411538
30749199 30749200
35796468 35796470
28361117 28361118
30774590 30774592
30747495 30747500
30743398 30743403
30745563 30745564
30813915 30813916
36411575 36411576
14694061 14694066
30745220 30745225
82678 285371
29041331 29041336
368641 967687
1327214 2199105
35824764 35824766
30749731 30749733
35443935 35443936
32828833 32828834
4289766 4375213
13008538 13008547
1557058 2417482
12860474 12860481
35812841 35812843
30752653 30752655
4515632 4540535
35791111 35791113
2618555 3247749
40265625 40265626
2935871 3470047
30746011 30746014
36433023 36433024
3104164 3587311
173419 535156
401986 1015677
15138588 1015677
1283297 2160855
1284202 2162850
1988 21505
15251630 21505
3913779 21505
4552118 4569266
1584166 2442568
5949425 5949444
1537202 2396137
36380245 36380249
15447857 15447867
30745076 30745080
30753781 30753782
28476630 28476638
15090569 13523222
4437366 4479716
35477851 35477853
28307989 28307990
11758237 11758245
40265629 40265630
15724187 15724190
1552439 2412472
28774239 28774250
1327196 2199068
36396625 36396626
28730070 28730072
15724313 15724316
30745217 30745218
30743056 30743058
161916 511131
30754375 30754376
35422418 35422419
35477907 35477908
30743537 30429705
30746006 73986
32813669 73986
30752991 257509
30748877 30748879
15727870 15727872
4081775 4234868
4378551 4437372
2842085 3401345
35439067 35439069
755722 1538128
369250 968793
15497251 15497259
2877319 3426029
4192527 4311004
977918 1821508
30744349 30744350
592341 1326757
5228184 5228226
14954411 14954414
35821575 35821577
9317443 9317461
4135066 4273798
30752903 30752904
402048 1015831
402048 1015832
2619609 73289
29049339 73289
2160634 2901518
39498889 39498891
3608622 3932548
2582034 3220248
4500772 4527485
30743704 245754
15248596 15248598
15728013 15728017
773141 1556982
30740282 30740289
10737351 10737352
4470670 4504855
284610 795370
29038644 29038654
1731816 2565764
36403821 36403822
15728713 15728716
29039363 29039367
33087017 30054112
30743644 30743645
4042920 4207558
733868 1505286
30745220 30745226
536004 1253032
1806896 2618562
75664 270366
30743857 30743858
974932 1817705
34289835 34289836
721302 1481358
3842956 4081696
30746615 4081696
20142 113404
30747870 30747872
35477904 35477905
30748234 30748236
36415285 36415286
2421646 3107352
115437 372402
4046455 4210264
29044543 29044547
7158052 7158060
15447860 15447882
30777943 30777945
15730511 15730518
29038512 29038513
2088259 2842086
12952819 12952822
15683010 1512642
36311710 170916
30744412 127684
2198505 2935877
29047851 29047853
32837640 32837642
29050188 29050189
4196011 4313492
15719478 15719484
29362565 29362569
3125871 3602824
13644726 13644759
35420555 35420557
29351353 29351360
35439117 35439119
1980264 2753821
202275 607679
181201 553519
4186547 4307669
36431553 36431554
30747870 30747873
4645991 4653274
29041885 29041886
118760 380088
773141 1556983
30756130 30756131
3085931 3573656
1092237 1956649
1206691 2083248
36411254 36411255
14369780 14369787
11998964 11998999
1707541 2537999
14905723 2136444
2901698 3442708
15209149 15209157
2233081 2963873
2541002 3195412
3103905 3587145
30745237 30745240
15020269 15020271
15727528 15727531
30747639 30747640
13570801 13570808
32785965 32785967
14336280 14336288
30746021 30746022
36313923 36313924
15713084 15713089
11661499 11661515
35795714 35795716
3129234 3605637
35438193 35438196
30752203 30752209
777013 1562168
30752738 30752739
30751838 30751839
36400858 36400859
13567221 13258596
29358528 420947
380935 989494
30751305 30751306
1415123 2287999
285558 796954
891119 1704435
30775576 30775577
15721649 15721651
2198421 2935552
40265632 646601
6726857 254361
11827058 11827073
3913781 4126295
35796644 35796646
1107741 1980002
30753149 30753151
1513006 2375081
626 5684
30368262 30368266
4437349 4479677
30750496 30750499
32771754 32771756
36336890 36336891
3405006 3796543
5949431 5949473
29046936 29046939
29053085 134917
30774380 30774382
1610349 2460284
30754493 30754497
773000 1556259
1015926 1867551
30745825 30745827
4116198 4260920
15607601 15607606
31760795 31760798
29042864 29042873
29050092 29042873
29042658 29042664
30753187 30753188
30743230 30743233
15682797 15682805
3207686 3663673
30745487 30745489
29042171 29042173
337107 923279
6462405 923279
369350 969348
122546 402016
2082579 2836987
4234835 4340747
35477817 35477819
92898 315772
35418987 35418988
6657 58774
78748 277095
29363694 29363697
15682797 15682806
1296549 2174063
4437347 4479671
29045830 1191386
502152 1191386
2430952 3114272
75664 270367
375136 978187
3773568 4032667
35439051 35439052
29052271 29052276
1324830 2196383
30750205 30750206
29038524 29038527
35420688 35420689
15718908 15718913
510563 36547
1514123 328890
15735480 15735483
13474075 13474083
13510774 13510779
30758584 30758588
15723860 15723866
28186991 85588
7158058 7158062
13644720 13644745
35439125 35439126
30367678 30367679
35421174 35421175
773052 1556626
3094330 3580390
32778070 32778075
35421284 35421285
30744505 30744508
4378551 4437373
2131502 2878776
30336342 30336345
30748969 30748970
28688670 28688673
1538113 2397136
3256113 3698587
35422522 35422523
30751709 30751714
15042069 15042073
30749817 30749819
721302 1481363
30777939 30777941
35477873 35477875
795363 1584994
15729288 15729291
36411454 36411456
948524 1778264
30752816 30752818
4516083 4541019
15378362 14991739
1324830 2196384
15695926 15695932
1538115 2397144
9470930 9470944
29039249 29039257
28729693 28729697
13570801 13570809
30745419 30745420
30356667 30356669
29039364 29039374
35420772 35420773
35439099 35439102
35443823 35443824
15721584 15721588
20227 113683
2130548 2877822
30750396 30750399
29041376 29041381
1710190 2541008
195275 589999
2393531 3085951
28667920 28667922
30753960 513011
15725755 513011
2666634 3280385
1867197 2666602
565194 1283281
36411530 36411531
30750435 30750436
3280293 3715355
535563 1252478
30767190 30767192
35796380 35796382
34364822 34364823
30370602 30370603
12398902 12398908
35422527 35422528
11731238 11731241
5949430 5949463
30775656 30775659
30749454 30749455
13570801 13570810
35420749 35420750
4181280 4304471
36413222 36413223
14502036 14502058
36312842 36312843
15497251 15497260
30497752 30497754
29363694 29363698
1143902 2014967
32826749 32826751
29053558 3996777
11712275 11712288
3287013 3719215
1778540 2595089
29044551 29044553
1015671 1867212
30754371 30754373
560060 1281625
30746171 336590
207763 619358
15721601 15721620
32955432 32955434
30764912 30764915
1097127 1963119
3280377 3715434
35432417 35432418
30367431 30367432
4924109 4924152
35425034 35425036
30751668 30751670
3690063 3984415
30754420 30754426
29045359 29045365
15497251 15497261
40265634 40265635
33585851 33585854
905445 1716362
29038904 29038923
1095678 1961577
3573640 3909352
30347163 38263
40265636 40265637
381810 990933
1283046 2160650
1045054 1907392
968154 1807381
161907 510986
773023 1556364
592601 1327222
13230411 13230415
32778067 32778072
35425034 35425037
36434961 36434962
592968 1327613
2129884 2877293
12860475 12860487
15683322 15683329
30750509 69808
244 1743
29043384 29043386
10637557 10637563
1297599 2176660
2733577 3323452
1571101 2430090
35454429 35454431
35443981 35443982
15732241 15732248
30802824 30802825
772999 1556256
721291 1481302
15718951 15718957
2712877 3306636
32828726 32828728
32828726 32828729
36436788 36436790
1907962 2686605
28669893 28669901
13224552 13224556
35796462 35796464
29043225 29043227
30752132 3263769
4484076 4515640
6862221 6862252
29039001 29039005
13570803 13570823
30748070 30748071
773044 1556559
35421875 35421876
15726843 15726845
13154017 13154021
13217076 13154021
35420755 35420756
2724324 3315903
14351636 14351644
590017 1322753
30806899 30806901
368883 968161
30749208 30749211
30760620 148692
30750921 148692
30750261 218122
2298048 15589
161897 510820
180908 553081
2421645 3107337
28306195 28306197
35795806 35795808
32841817 32841819
656565 1398940
721302 1481364
32786504 14370788
4848700 4848726
30749817 30749820
30751388 30751391
30751679 30751681
2846367 3404906
3928132 4135060
1771249 2585597
30747321 30747324
2807658 3377517
30753248 30753250
30760475 30753250
35477834 35477835
13146902 13146934
1239 16146
32828926 32828927
3280552 3715566
1785021 2601762
30752974 30752976
226731 701327
2199066 2936506
122630 402319
30748633 30748636
30749340 30749343
30747446 38407
13146903 13146939
11927175 11927177
33776856 33776857
3401341 3793985
36413015 36413016
29048544 29048546
30749926 30749927
30747648 1213639
4874808 4874825
30744778 30744784
15736277 15736283
40265638 40265639
30743865 30743870
36314027 36314028
14764504 14764507
28729694 28729700
35416922 35416924
13373981 13373984
1556995 2417412
13428897 2436272
13456379 1922924
2160845 2901692
36273007 36273008
535313 1252018
30748614 30748620
30748053 30748058
35420671 35420674
1161857 2033402
2541003 3195428
4778258 4778825
35422971 35422972
30753554 30753556
30745830 30745834
30743130 30743135
35422335 35422337
80541 280229
30312946 30312949
2380599 3071278
35477841 35477843
29043996 29043998
2709257 3304167
30762168 30762171
35443739 35443740
769800 1552464
15729121 15729130
35815452 35815454
30746086 30746087
35425132 35425134
3404977 3796481
30753633 30753634
15729484 15729486
15411934 15411944
535312 1252010
11674848 11674852
21271 118690
773131 1556944
30229881 22829
30750282 22829
36410910 60256
4008741 60256
1556980 2417393
36349863 36349864
3918592 4129287
30750870 30750871
5134505 5134603
15728127 15728131
5610734 5610757
13681236 13681241
36411638 36411639
40265640 40265641
29041639 29041641
1556973 2417371
40265643 40265644
35422675 35422676
35421842 35421843
35422159 35422160
15719102 15719108
30746089 30746090
35451070 35451071
35422387 35422388
15721598 15721602
2878478 3426913
4437361 4479706
36374794 4307688
4186559 4307688
30748930 30748939
315801 852938
357505 954385
15679656 15679664
35422317 35422318
1584164 2442513
13681223 13681230
36411185 36411186
36336874 36336875
773142 1556988
2631237 3256380
2528455 3187662
30744855 30744856
36411368 36411369
28807407 28807428
1092432 1957181
1953 21371
30774853 30774854
1923891 2699934
119076 380764
4301411 4383589
14897580 14897583
35443888 35443890
36396625 36396627
30750844 30750846
30744921 30744923
28655853 28655854
36293737 2849643
4364089 4426463
28304380 22219957
9665402 9665418
13681208 13681215
29050237 29050239
2935876 3470059
29042683 130765
10112543 10112575
2936475 3470267
746376 1525715
4186558 4307683
1557060 2417486
15607186 15607194
733889 1505305
30753202 30753203
20277 115101
755837 1538504
161886 510699
11751380 11751389
721302 593588
28728540 86553
402072 1015962
2442546 3124524
1674 20131
35420822 35420823
14229704 14229715
11965191 11965211
2198428 70892
35421770 35421771
1327202 2199081
15732283 15732287
29044523 29044525
2392460 3085101
3793977 4044466
30744571 4387867
35796360 35796362
36411144 36411145
30748761 30748762
2160837 2901671
3790564 4042227
15725206 15725209
30746319 30746321
15642079 15642087
15732227 15732235
35415839 35415840
35422350 35422351
40265646 40265647
35796555 35796556
11317200 11317210
2692723 243598
29043460 29043462
3790617 4042306
877320 1694391
3103645 3587011
15721640 15721644
15011496 15011509
4683341 4687893
2707656 3303056
28774236 28774241
3731254 547748
29046942 29046944
1783088 2599702
36380506 36380507
115068 371506
29046748 29046749
141158 444043
32775547 134933
908545 1719213
35443858 35443860
173426 535295
15140332 15140334
4443268 4484507
36337408 36337409
15147261 15147273
3065816 3559270
30745214 30745215
30494551 30494561
2132454 2879388
30424866 30424868
30749566 30424868
30750202 30750203
35814843 35814845
3104165 3587313
4939189 4939228
11673208 11673222
30754588 30754590
30753882 30753884
3247577 3692485
