35947586 9740273
32593904 1252686
28891719 128346
28837529 128346
32044494 87586
2564418 3205641
28906190 28906219
15224227 15224240
22275375 22275399
532034 1243164
790862 1579600
28818530 28818538
13508542 13508552
28937204 28937211
33703141 33703145
33795632 33795633
28816343 754259
22177620 22177629
650449 1392660
281544 790632
3125193 3601886
689579 1444656
1401881 2276294
2522590 3184853
2279424 2998417
22088006 22088012
13513773 13513787
31944853 31944858
32561926 247190
28760871 28760879
28959547 28959557
28833430 28833435
1694126 2528104
2511130 3178292
903333 1713008
2275822 2996007
28799975 59997
28965934 28965940
32136625 28965940
14661710 14661721
28951531 28951542
6482442 6482524
13484050 13484078
32059365 32059370
32020031 4144349
1100005 1970196
28825080 28825087
31781441 30088495
32116101 762298
15233805 15233818
13486650 13486663
28857905 28857914
13490316 44867
31809625 73231
32149370 73231
31957164 79146
32162549 32162554
13521191 13521203
30612212 30612221
281513 790454
220431 678859
1401631 2275846
9819898 9820018
15434686 15434695
28975394 28975395
650448 1392611
32002604 1125927
32008536 32008539
28889443 76625
33790707 76625
32137101 32137104
28948321 28948328
4958599 4958680
32131525 32131529
32045476 2276280
592193 1326432
4496743 4525272
28800375 28800380
1730542 2564496
1577100 2436306
28783401 772987
28851380 28851387
28988925 28988932
13502290 13502312
32154134 32154137
32117875 32117877
28966518 261671
28965723 3462340
25449186 25449196
31816696 31816703
13504767 13504781
31057065 31057067
28850263 28850271
28969728 28969739
31794217 2657761
15216336 15216345
32196257 32196261
15183014 15183025
33837905 33837906
13440991 155221
28901356 28901364
33795359 33795361
28975653 3612269
32147784 59015
2289888 59015
33691261 76440
33710185 76440
10657347 314396
32201697 32201701
13501334 13501347
28888743 28888751
32127100 32127105
592188 1326331
4998969 4998991
33710078 29794096
28917952 28917959
28899428 28899433
14276952 14276965
28891194 28891201
28813358 28813362
13436025 13436039
32068055 1421474
31813892 31813898
28968649 3404782
1680535 2516088
922443 1730890
13433739 13433751
31957666 31957670
28954550 28954558
31777639 31777647
31811353 205505
12312972 12312979
2484903 3158473
28987844 28987853
33703221 33703222
32019778 32019789
32104724 32104728
28820596 9384243
3125194 3601921
13482965 13482994
28966291 28966296
13499974 19012
28964011 73191
28900419 270319
33798640 613216
3019538 3529082
28796730 28796735
28841896 28841904
28970443 28970448
13493516 13493528
31053500 31053505
2994355 3510241
1401631 2275847
891527 1704592
11885755 11885766
32079713 32079715
22196292 22196304
32169888 3370734
922442 1730835
33857708 33857713
13412184 13412193
592185 1326121
28885924 2055958
31988049 2055958
28939758 2177766
28916109 2177766
28906276 28906283
4980203 4980267
32079683 32079697
13405406 13405418
22275375 22275400
99233 328891
31814485 31814492
30617159 30617174
2652086 3270766
13396193 80840
31790749 418656
32070386 418656
13438877 418656
36539815 89319
22280131 22280138
592188 1326332
11962525 11962554
28850411 2502170
11875871 2502170
33710342 33710343
31983879 31983881
32186021 32186044
28967687 28967694
31816004 31816009
15193776 15193786
31815717 31815723
13502251 13502277
15201345 15201352
32158240 13436069
25450917 25450925
33795612 33795613
28794338 28794346
28821498 28821530
28932736 28932743
33808520 33808521
13513778 13513819
11804551 11804563
15198512 57548
32021505 1135838
33795407 33795409
3130533 3606671
33795469 33795470
31796389 31796396
31810864 64101
281797 64101
33792874 64101
28833004 64101
32581305 35165
31800271 31800298
28785514 28785521
28784419 28784427
32175886 32175890
32589392 32589396
28939583 28939591
13502307 13502327
2564419 3205679
28982116 28982121
28789869 28789877
28898157 28898162
592182 1325944
28889374 28889381
13492325 13492338
15197695 15197707
31778069 31778086
32052839 32052843
28818967 28818975
28937699 11962553
2650379 3269811
28906100 28906107
28958968 28958978
33705350 33705352
28882325 28882334
11962521 11962531
28899092 28899101
28931671 28931680
28848890 45019
31782274 31782280
15222211 15222222
28803597 28803603
281648 791043
33544179 33544181
28940454 28940461
32105909 32105914
28883181 28883187
28891362 28891368
33781848 33781849
28888462 28888469
32123377 32123382
14665427 60231
31804084 60231
32081084 291187
28864663 291187
4106840 291187
2993051 3508056
32057488 32057493
15186600 15186610
22149785 22149797
32049513 32049518
28781592 28781600
13402319 13402332
32171440 32171444
28817051 28817062
14671057 14671096
15159446 15159453
32101297 32101300
13366990 733900
13446160 733900
31818581 31818587
28800267 28800275
660660 1401658
33799314 33799315
8203926 8203949
28873386 28873392
28919160 28919184
14923898 14923971
25447484 25447494
1713694 2543804
33838543 33838544
96528 324342
2198274 2935109
32077908 32077913
32115279 32115284
28988127 28988135
28819195 28819202
15181708 15181718
922635 1731443
22271279 22271289
15214916 15214930
28971258 14812
15211011 75565
33710256 75565
28953539 28953547
28906190 28906220
28966534 28966542
104456 336652
13503796 13503809
3509283 3864109
31999751 31999753
31795402 31795408
13442226 13442237
10577866 10577888
4731884 4733408
28788224 28788230
444808 1095618
22180559 22180569
15199263 15199301
664445 1406889
33709608 511345
28896287 28896298
28819245 5011702
28852899 28852907
28931694 28931702
28897409 28897420
28945797 28945820
5695893 5696289
11829852 138966
14611747 14611759
28782844 220016
53221 220016
32127102 32127110
28788392 28788399
32105605 32105612
28878694 28878706
102858 334587
28865782 279524
9189384 89702
903333 1713009
2934649 3469100
28810271 28810278
33793766 33793768
28889298 28889310
903342 1713365
32208165 32208169
15207903 15207910
33854016 33854017
32092072 32092075
5695894 1712855
1662714 2502430
28986364 28986370
28963846 28963852
14204414 14204445
28853295 28853302
28864632 28864638
4615668 4625081
31808366 31808371
28817087 28817096
28978403 28978408
33795576 33795577
5695889 5696202
34060224 84986
32182901 485040
281684 791245
28811448 28811455
28976118 28976123
15206874 15206884
28833953 28833960
28915112 28915119
13428807 13428822
28976257 28976265
2912135 3453947
15194679 15194687
670379 1414301
31945778 31945794
28963994 28964001
28857968 28857974
33792107 33792109
3693900 3986838
32120695 32120699
3501648 3859091
28932961 28932968
34013346 34013347
28873511 14894064
28781700 28781729
32204690 32204696
28791521 13478577
28785877 28785883
28803966 28803976
28891360 28891364
28974290 28974297
28986522 1418
31806402 84947
15437786 84947
15188497 60139
33861808 60139
31817705 60139
31815826 35167
33837145 33837147
14485854 14485862
15200344 15200349
31818383 31818390
28939535 129573
28954550 28954559
3997206 4181716
28951356 28951379
28966436 28966443
5695552 5695696
32085774 28196852
2993085 3508328
28952562 28952569
32008084 32008087
31950494 31950499
14664051 14664063
28844407 28844414
28788152 28788160
28915924 28915925
33787144 33787146
592194 1326491
312621 848757
28953540 28953563
13409944 13409955
281512 790374
33837398 33837399
2564427 3205778
28929421 28929431
32104108 32104110
15204838 15204849
15208147 15208265
33957027 14618843
28971144 28971152
33729249 33729255
3202282 3660407
32057717 130524
15230065 130524
32171258 432367
1662703 2502138
13521265 13521282
15188378 15188384
31801697 31801703
28794554 28794562
28785914 28785921
13521318 13521335
31799904 138694
31803327 31803334
28831215 28831222
660660 1401659
13423853 13423863
370723 970746
28931016 28931025
28988670 28931025
33795858 33795859
28896422 28896429
790863 1579685
32047720 32047723
32594950 32594953
31780320 31780326
28827303 28827311
28870389 28827311
15235556 15235564
15186602 15186631
33799540 33799541
219 1479
22150045 2935905
31783218 31783224
4162493 56133
28977000 35168
33792364 33792365
28834218 28834224
32122204 32122206
903335 1713090
13438985 13439001
28970211 28970219
28950659 28950666
33777164 33777165
12200745 12200761
4991936 4992040
32022708 32022712
28862438 28862446
28988969 28988976
28819949 28819970
9195858 9195878
15222453 15222463
13485484 13485496
6920915 6920945
13493188 13493203
101378 332734
28881885 522156
15215243 15215251
33947351 33947352
28937556 28937563
33791287 266144
2270921 2992020
103211 335152
15193021 15193031
28953831 28953840
22107296 22107302
22136378 22136385
28883144 28883153
6837390 6837459
28845847 3586980
31974669 31974673
31804704 31804708
15233169 15233180
28819269 28819276
31787341 31787345
33798445 33798447
15202827 15202837
22230127 22230150
28851206 28851213
3125195 1573453
28891533 19278
28850376 28850382
28916021 28916027
28906964 28906970
31786023 31786032
28899603 28899610
1712789 2542530
28847610 57017
53240 220336
31972755 31972759
28978532 28978537
13433448 13433463
14678870 14678885
28951439 28951444
28909514 28909519
15236807 15236834
28850324 28850329
14597548 14597559
28794505 70596
13286013 70596
31779389 70596
15552347 62512
29706087 414544
2990411 3505849
28818638 28818649
1700625 2531708
28958747 28958756
31784349 31784354
675186 1417256
32202131 32202135
13487271 9185803
31798088 3985338
31799052 31799057
28978684 28169680
33857707 33857710
32170020 32170025
15181710 15181736
28859405 28859411
28939834 28939842
660660 1401660
1399416 2274310
28987257 28987264
28982068 28982074
32589288 32589291
13508505 13508518
395409 1005151
28986982 28986992
31982236 31982251
592185 1326122
28901791 61631
13395333 13395343
1396343 2270790
31789045 31789050
281470 790168
28885160 28885166
9195859 9195900
99229 328751
28899370 28899377
28903600 28903609
15206535 15206551
28950863 77116
678574 1421460
32158691 32158695
13343224 4260268
13495143 13495151
3525944 3879600
1848769 2651938
13475991 13476004
28872242 28872251
324237 876482
28919157 28919166
33794037 28971307
28971298 28971307
31987692 31987695
28891667 28891673
3693905 3986892
10950406 10950430
28968579 28968587
31814603 31814610
87941 299171
28834751 270545
28959332 28959348
28825995 28826003
32129823 32129827
31807146 31807151
13424606 13424619
22165780 22165796
14671057 14671097
22258162 22258174
9618895 9618915
28837328 28837338
10619121 10267717
31779269 31779276
390536 1001127
4976979 4977023
15219852 15219862
32170034 32170040
13408782 13408794
877016 1694201
1392491 2266219
31969336 31969340
96557 324861
31799696 31799703
28930724 28930729
28904102 28904111
689580 1444713
31816993 31816999
31992777 31992780
1692182 2526676
15260984 15260993
31787187 31787195
4949769 4949789
15213313 15213323
22175415 22175424
28785397 2270594
13404014 60398
28770123 60398
11957954 63002
11831641 63002
33795412 63002
13412758 63002
32134348 70805
28894544 28894552
13478967 13478975
28971375 28971381
28786261 28786266
31787701 31787710
28931620 28931629
14618833 14618844
30598535 30598540
28926155 28926163
28906652 28906660
4941329 4941354
1207175 2083658
32149372 32149377
15232022 15232034
28867402 28867408
13428936 13428947
33703911 33703912
13434239 13434249
33729445 33729447
13416864 13416880
52387 218269
28794805 28794812
28834069 28834076
33796955 33796956
28906189 28906198
3125198 3602073
28918984 28918992
592186 1326217
28983002 15545494
28988480 415534
28951355 28951364
22223284 22223312
5695891 5696244
28785398 28785420
15181746 15181777
592184 1326063
15181745 15181759
28819053 28819061
2652138 3270945
103318 335346
13502656 13502665
28853131 28853138
28885735 28885741
2522590 3184854
31802378 31802384
675177 1416858
2837484 3397994
31797342 31797350
13390235 13390246
5695892 5696266
52383 218144
656967 10931
32135972 10931
10631243 10931
28906296 10931
13501377 10931
1712788 2542501
10844667 10844687
28889300 28889329
32199286 32199290
922454 460806
2358058 3054424
28971258 4568416
13481085 13481095
1396321 2270421
791649 1581889
2214358 2948388
28851235 28851245
22275375 22275401
28932111 28932119
922444 1730934
10599708 2502137
28890507 2502137
31788785 73192
32182204 73192
33708766 33708769
675193 1417399
28942490 28942497
31806632 31806638
31791035 31791040
28939513 28939520
28844234 28844242
903244 1712856
32202189 32202191
28803583 28803589
33795080 33795082
28964580 28964588
28950699 28950707
28793093 28793099
9459872 9459890
28844887 28844893
1867732 2667042
31786900 31786906
790109 1577906
28966344 28966353
31807458 31807464
28985419 44086
33777484 74717
32181422 74717
13435876 74717
4998969 4998992
28987193 28987201
28939777 28939786
32094179 32094185
33790810 33790814
13390263 13390275
2123929 2871595
1854656 2655886
2726726 3317786
32593852 32593854
28848079 28848084
13407194 13407208
31803237 31803242
28849799 28849806
13426401 13426416
4821620 4821712
922452 1730969
31796758 31796765
28890957 28890963
28951531 28951543
31779940 31779946
1662695 2501900
2303594 3015138
31791384 31791390
15218234 15218239
28906125 28906134
14231240 14231284
4970437 4970457
28926613 28926618
14892441 14892450
4730132 4731868
903340 1713281
1535063 2393120
28907542 28907548
31805455 31805463
790016 1577227
28783855 28783863
790015 1577175
32147756 4338812
31782640 31782646
15216521 15216530
13502336 13502384
13499793 13499805
15213684 15213693
281571 790743
28787956 28787965
3533860 3884853
11938490 45381
28930311 45381
903333 1713010
31982249 31982262
4637109 4645212
28800561 28800564
31816127 31816134
28975375 28975382
13477370 13477382
11804089 11804101
15264087 13523222
101036 331616
28903728 134918
28851447 28851470
22172288 22172322
31977544 31977547
1393980 2267697
31800706 31800712
13376468 13376501
31809035 2267696
28947038 28947052
28831179 28831188
32127109 28831188
28980799 28980805
660660 1401661
13487746 13487757
31792433 115398
15229132 15229141
4287954 4373614
4929910 4929955
13396048 13396062
13522430 13522515
33777454 33777456
28834901 28834907
13350739 59526
14211421 67445
875567 1692200
102100 333979
791218 76814
11032244 76814
15230048 15230053
3482116 3850477
13515001 13515015
3019589 3529139
33797925 33797927
15182876 15182883
31060408 31060412
3520923 3876613
32169682 32169687
28818544 28818551
651801 1394065
592193 1326433
28951678 28951683
28839375 4154949
3958480 4154949
28932027 73289
31798940 73289
15188378 73289
31797389 73289
15219854 15219880
14231209 14231248
30598535 30598541
15213686 15213716
13289892 13289902
28869367 28869373
96280 323760
32211357 32211361
13495953 13495961
28959998 198523
28807757 198523
3958480 517620
32090804 32090808
31800214 31800220
689580 1444714
28931671 28931681
13344607 13344620
28911449 28911455
675192 1417348
28899123 28899131
22236279 22236286
1401631 2275848
28944695 28944700
3880416 4105813
921934 1730258
52388 218316
32160780 32160785
28801056 497618
28904000 28904003
1662704 138567
754235 1535081
28731107 28731139
28959576 28959607
28947840 28947847
28841916 28841923
32174831 32174833
283053 793716
28855470 170916
31951616 127684
2214376 2948643
28818276 28818282
31800269 31800278
922504 1731212
157882 497638
28819371 28819395
13411166 13411175
28947098 28947104
28785760 335151
28934294 28934308
2655747 3273580
903342 1713366
1394323 2268331
33837104 60484
31816424 73151
14704418 73151
281649 791098
15236785 15236795
32147707 32147710
831938 1642372
281770 791682
13522413 13522446
13500193 13500206
28947101 28947117
10711152 10711173
31782764 31782769
592188 1326333
28976217 28976223
675761 1417733
28787215 253151
28853874 253151
14654933 253151
28868964 28868973
34012927 34012929
28982964 28982983
1713882 2543953
104454 336612
31947885 31947890
679709 1424486
28831284 28831293
31782460 31782467
13423881 13423892
35409207 35409208
830932 1641858
13495736 13495746
30598535 30598542
31785516 31785523
28783349 28783354
28804087 28804096
13503594 13503610
14592038 14592050
4821555 4821629
30602225 464279
96558 324909
28786438 28786447
28819037 420947
13382992 13383000
28853204 28853211
3015120 3526258
13393739 13393756
13488522 13488535
31992707 31992711
672804 1415685
31783080 31783087
3280635 3715627
13484684 174311
4998969 4998993
3969748 4162505
2522590 3184855
15245999 15246010
28966244 28966251
28804972 28804980
15213105 15213113
28818184 28818190
592185 1326123
4734928 4736386
3879844 4105312
15188378 15188385
28984507 28984515
13507227 13507241
31785930 31785935
15212333 15212338
5695880 5696172
31782912 1986925
34013389 34013390
13483209 134917
28934291 134917
5278815 134917
13356178 380345
28885864 380345
14704378 380345
33790809 380345
13483894 380345
5495143 380345
28956369 380345
28852414 28852424
28983604 28983611
33784343 33784344
4952663 4952704
15207571 15207574
33945550 33945551
15536637 15536647
675176 1416777
33711147 33711149
13416789 13416801
2438425 3120419
22172288 22172323
28819406 28819433
28937674 28937684
31801653 67355
28939556 28939562
32159472 32159475
31803011 31803017
32092692 32092698
13485384 13485430
15235345 15235352
32136456 32136459
15229914 15229922
22201689 22201699
28900258 28900283
3520923 3876614
903333 1713011
259399 754260
28855615 28855621
10950406 10950431
31813112 31813120
31778569 31778575
28820069 28820078
281713 791438
28810308 28810315
31789212 449171
324634 449171
32144504 32144508
1730543 2564521
13411105 13411115
15234326 15234333
13476435 13476446
28906005 28906013
13484008 13484020
33795581 33795583
940507 1771638
28937612 28937619
28786361 28786367
28786403 328890
22186920 75521
15247185 15247207
33869768 855917
789982 1577113
3997206 4181717
1579470 2438032
31785378 4550328
22197255 22197265
28983513 28983521
32066014 1123488
31783043 1123488
28945794 28945803
13478840 13478854
13398403 13398414
2438421 3120335
28785325 28785332
1590486 2447629
28932152 28932155
31787781 31787788
2275224 2995706
22230144 22230176
33709734 33709735
28982882 28982889
13478842 13478883
14534010 1460404
33790817 315432
31965768 65321
592186 1326218
33700191 33700193
32206679 32206682
14231207 14231218
2542978 3196381
14500648 14500663
28827944 28827953
96560 324992
33705316 33705317
15210712 15210728
3058988 3554764
13497235 13497246
592184 1326064
31785722 31785730
28959329 28959335
28981582 28981594
33787128 33787129
675179 1417176
4969016 4969051
3508948 181046
28848444 181046
28987738 181046
28861728 181046
28973681 15595
28798884 15595
31814511 89337
33796637 33796638
15215941 15215949
660603 1401574
4344249 4412093
1417708 2292321
899368 1710062
4995463 4995545
28828500 28828506
31784753 31784759
28872436 28872443
13400053 13400063
1854651 2655773
32002923 32002927
3610614 3933820
3019592 3317785
4107116 133177
33790812 133177
1401631 2275849
32122557 32122561
13507230 13507270
32570125 32570126
592186 1326219
3709329 3996777
28857924 28857932
31808516 31808524
31790725 31790731
31803367 14244603
28853096 28853106
903336 1713140
28800407 28800412
28851502 28851520
28887009 15110877
28958696 28958704
28901376 28901383
31054965 31054971
28852157 28852163
30598535 30598543
903331 1712913
903335 1713091
1676248 2513590
33730709 33730710
1401631 2275850
28979324 38263
33798603 30137729
28881302 28881315
31794874 31794880
30617172 30617187
32006412 32006418
31778707 31778712
2935234 3469600
1396327 2270595
2655748 3273614
28828066 28828073
32595500 32595501
28942406 28942413
2270190 2989175
32078639 32078642
28988432 13487278
28951531 28951544
32164651 32164654
651793 1394026
1431920 2302489
12181242 12181251
28983500 28983508
52386 218208
592194 1326492
32167291 155443
28818979 28818985
33795870 33795871
664442 1406758
13522428 13522470
3178275 3642213
28959548 28959583
31783480 31783487
11949719 11949763
13444474 1577112
28853118 28853125
28906035 28906043
31807391 31807396
13522355 13522369
31792779 218122
13483761 15589
32575124 35148
2954109 3482139
31982234 31982239
28792619 28792629
31982260 3042120
28952524 28952534
28850522 28850530
13436056 13436070
1579437 2437853
903332 1712959
15216295 15216298
31057959 31057964
22261013 1394064
3172413 1394064
28781699 1394064
31780170 1394064
32012315 73270
2082249 2836685
14138035 14138046
33798083 33798085
2436258 3118226
28939660 28939668
31815967 31815975
32111262 32111265
95706 69988
28906084 28906091
15434712 15434719
13476456 13476486
28958619 28958624
32154157 32154160
28825409 28825416
28900419 18255
4660442 4666454
1590483 2447572
32195982 32195987
31794860 31794866
28848459 28848465
2198148 2934622
3969747 4162473
31817252 31817259
28855725 28855735
28868458 28868465
10657453 243843
15234328 243843
1713883 2543984
592184 1326065
1577536 2436654
178201 547749
28902484 28902492
31781066 31781073
33698215 33698219
28867162 28867167
33799789 33799790
15221694 68001
28783925 68001
33792573 33792574
689580 1444715
101037 331706
33794945 33794946
28845062 28845072
31801745 31801751
389361 1000083
28834409 28834418
33682054 33682056
13423037 13423049
4923769 4923822
3520923 3876615
32148270 32148274
28845301 28845310
281588 790808
754234 1535037
28913100 28913109
32020610 32020614
3010178 3523164
28969241 28969247
3997206 4181718
32072816 32072821
13420164 13420176
28816304 28816312
28923487 28923494
6482445 6482617
2270266 2989839
922440 1730751
28838014 28838022
1590482 2447528
32072414 60256
4933620 60256
13417000 60256
28805803 75786
13502371 13502408
28983592 28983595
1580415 2439265
28959032 28959040
28858194 28858202
28826748 28826754
31779652 31779655
11892884 11892900
31815273 31815278
15190765 15190776
13376463 13376478
15208149 15208300
2270312 2990156
32581560 32581568
4902135 4902163
32019786 32019795
15220903 495970
3958480 495970
1401631 2275851
2912133 3453906
28948017 28948036
15212231 15212237
159429 500899
4030906 4201122
28899348 28899356
28814292 28814306
31789857 13338
2652748 148635
31796208 64992
903342 1713367
903343 1713430
28781629 28781636
28988176 28988185
14900699 14900716
13363351 13363362
28878582 28878593
33795497 33795498
31805800 31805808
10471556 10471606
13503570 13503579
52398 218372
650446 1392522
1396344 2270834
22219948 22219957
2437403 3119495
28864548 28864553
28793857 28793867
13478564 13478578
31811853 31811859
11971663 11971694
28852077 28852084
1662705 2502213
28867321 28867330
11824972 3049704
104467 336699
31802645 31802650
15182505 15182508
15186972 15187000
14471919 14471927
28878700 28878722
28878603 28878609
922438 1730706
28988738 60189
28904491 86553
33708174 259750
28844316 28844322
618210 1357028
31780742 31780749
28971258 28971267
31992651 9751144
33798360 33798362
31780925 11346
1415664 2288512
31874663 31874668
883590 1700644
32098761 32098766
650447 1392567
28899678 28899685
30598830 30598835
28968561 130681
15183848 15183855
33700092 33700093
14579576 14579586
28897979 28897999
922441 1730797
28852826 28852835
32007260 32007263
9796900 9796923
28832627 547748
28856968 28856975
33729247 33729250
650525 1392842
52397 218340
650524 1392802
28939606 4995473
4995433 4995473
28862482 28862488
3520923 3876616
31818303 31818308
592193 1326434
2309956 3020394
389360 999957
28897115 28897124
14288192 14288204
1577096 2436273
28939640 28939647
702584 1460405
28958839 28958848
28931671 28931682
32149373 32149380
14534008 14534016
1730541 2564458
28868917 28868920
15222018 15222051
11971663 11971695
2993049 3508024
28920155 28920159
28896770 28896777
