34857951 188743
21646444 34680
2601643 102227
10353771 42323
28628765 654165
28620253 100050
40288390 1403
28628774 330879
34858293 537634
28579366 310730
34858514 312773
21831762 1621
34857103 53309
28426191 265798
28610370 416660
28628735 134384
40288391 102869
332209 307295
28579216 272747
28578854 170776
28628771 112766
28628766 325865
28579215 109136
28628740 101773
21914507 352627
11892518 137091
1778329 253506
28610313 867739
34857766 53112
28579362 104318
28613302 280588
39494344 107816
28683888 181952
39517364 340407
40288392 259815
28612854 177083
28628760 330019
24807 127306
9046293 1489902
34857225 157139
40288393 100865
28579199 98894
40288394 227444
28591901 124601
28487061 227326
28628769 190414
28610372 233355
28628767 218350
28579208 207959
28628738 862062
34858550 63684
28612725 1488841
28610495 392706
15255008 81079
28628782 1183336
28628734 38601
5151885 63457
28610363 109460
28628743 52283
28628768 939247
14322500 235251
34859824 53235
34765985 218184
35737433 207674
28591849 99466
28610336 338367
28579348 109361
39510953 92391
28628742 248043
28579346 95477
28628744 159430
28613317 335602
34858142 121061
40288395 413231
3713881 295527
28579260 105965
28613247 142296
28610365 2765
40288396 46551
15250476 99329
28610302 539310
28628745 478401
28612964 852853
28426176 99992
28628762 136229
28612750 266066
28628775 98089
28591853 451865
28591865 85355
14456051 468523
15258370 248635
28613311 462428
28610440 65259
28612792 36140
1821905 104605
34857576 1404
28426186 105228
28610338 49226
5499210 54271
28683674 16634
40288397 987693
2193138 654
40288398 201889
28426165 92648
28613227 54483
28591833 77324
1539567 45764
28613323 95422
589607 290456
28628746 126763
28591861 126762
28579279 101380
28579273 470029
40288399 89888
8114410 660888
34858141 50514
15261457 344610
40288400 221631
33475853 324840
28620177 54525
28579207 21100
28628753 715442
28610406 603787
28613093 729184
28487050 101649
28613099 79784
5714403 80182
28579290 53973
40288401 288721
28579286 1625
28620198 67999
1051862 102808
28610329 142932
28591867 5619
3685003 460251
40288402 78774
28591879 803747
28610490 216074
28628739 612418
28683804 443467
39517370 72968
28579296 42219
28628749 214201
28613094 612424
28613087 5458
28579264 612420
28487053 489201
28426174 346863
6783474 884273
28628748 398052
12022493 326289
9366725 47953
40288403 58039
7617582 52444
28613105 350851
28487052 248263
1821909 122363
28579257 295146
28613088 131781
14210398 83126
15261361 612425
28613287 93544
40288405 125483
34858580 130949
28613098 416836
28612717 199766
28579205 53644
28426173 612421
39513023 98318
40288406 612428
15260768 98661
28578858 50642
28613067 312626
28628752 215260
34858584 72676
34858236 218112
28613066 134679
28578853 276691
28683812 296843
39511073 338946
28579245 79193
28610450 108200
34858595 100677
34857085 215784
14303380 60164
6838638 63515
28612947 653
34858549 117470
9957977 117648
28620263 98796
28610465 124131
10898623 93764
34857581 48888
34857973 180832
28620170 44907
28612765 67174
28620250 153674
30935442 248621
34858713 76395
28620186 220722
28612814 79283
34857935 141402
34858659 213165
34858609 17120
34857787 37053
34857242 231113
30935443 64126
34858185 105473
28683751 226888
28610497 51429
28612960 44865
28620244 17123
28613220 333822
28579375 46272
9818206 91103
34858171 17050
34858327 104743
34859989 28898
28426179 154403
34858619 105418
34857157 43404
28612892 40039
34857189 142914
34857977 60455
28620176 466085
28620221 102870
28613276 104229
34858639 65703
34857158 95100
28612843 22826
34857838 59525
28683708 247334
6807723 96570
28612966 95103
34857993 215666
28612710 47040
28683894 281986
28612772 77552
34766812 135079
34858646 178308
34859939 43405
15319629 19415
34857995 23039
34858711 51643
28426142 287360
28613172 34875
28610463 218065
34858766 60295
30935444 96827
808853 104678
10293298 290225
1914570 54865
34858329 78274
34859435 62429
34858122 276394
14453920 17881
28612902 22248
28628737 263436
34858493 112305
28591906 135432
34858772 164078
6050684 5597
11482114 121189
34857113 72284
34858748 36474
28613202 50033
589630 100270
28683709 144456
34857967 126730
28683870 5160
28579350 1407
28610511 84855
34857748 94643
34857677 142276
9023686 314744
34857185 240412
10296784 237605
28612908 240413
8065501 128344
34858780 17961
15603252 51648
34859947 199191
34858398 56781
9275949 51277
34858786 51520
5517551 72376
30320125 72377
28683681 57299
1914571 72378
34857531 72379
34857730 72380
34858802 72375
30935447 84112
28612857 369673
28612847 109955
28612809 249565
40288407 72843
8914076 52189
34858043 1248774
28612879 55532
28613332 238997
34858189 51717
15258044 225522
28613264 135244
1539565 57066
34857891 189085
3155981 21710
28612800 146736
28487078 35679
28613265 396895
28610491 48506
34857686 60040
34859786 128473
28683706 129480
28612981 28899
28620292 218436
1539538 330581
28620293 249707
28579355 71955
28683904 116944
28612770 73819
14206209 132286
14354328 72285
28620207 109741
34766697 139147
34859960 91464
34858859 91462
34858152 51996
28612906 91465
34858197 66524
7780903 19408
10858133 5828
1914573 4412
28620294 94380
10016666 54559
28613273 43834
14261209 192828
34857988 281607
1914572 44159
34766700 98162
34858860 20887
28620210 657922
34859267 194270
1821904 43717
28579334 42504
10276196 226585
28683896 149816
34858308 201264
40288408 139708
34858626 236759
28610451 37672
28478357 56376
34858957 46217
28612956 54415
28610459 140106
28620178 35961
28612769 37294
40288409 46681
34858124 21167
34857769 68554
28613297 187513
11511013 187524
28613268 76284
34857780 1401
8615094 51078
34860030 51994
34858744 51910
28683829 36588
28613010 136677
1051826 294887
10284834 14967
34857505 137996
1539566 99523
10322325 79168
1539529 51079
28610457 104463
28612831 597428
28612883 360804
34859169 37361
30935448 50519
14452504 36679
28426163 168670
28612967 152377
34859878 52923
28620180 1516
34859857 144988
28612979 338860
34858492 218291
28612789 233106
11573170 54792
34859814 219628
28591836 181422
28612971 19587
28612835 324240
28613013 288413
28613025 219935
34858788 98092
28612832 215182
28613298 36680
28612820 218797
34858793 330818
28612726 149474
34857427 104404
28591856 423710
28612955 148382
28620290 144989
9977427 198874
28612946 144987
28426166 150039
28612864 234127
28683814 224633
28612949 83634
34858611 445147
28612788 225052
34857923 336722
30935446 100776
28426148 651676
2692057 110841
28426149 18252
28613308 36477
28612703 144131
34859489 120745
28426140 162832
34858617 78187
14210391 155437
34857901 119439
28610453 312775
34857503 5748
28612909 92198
5623893 156164
28683733 98444
1821908 208330
28612977 18045
28612894 56307
28426189 141977
34858866 50953
28613314 104224
34859475 211889
14274792 94516
28612839 186701
34858292 22824
34859934 86013
28612895 22782
30935469 351808
28612870 213366
28620233 37362
28610505 240646
34859459 290916
7556488 219936
28487060 218185
28683729 93546
30856710 98720
28610415 327597
34857853 351435
28591828 209342
28591859 288091
28613177 37722
28591845 153344
28579195 133317
34858336 36589
28610480 67201
34857813 93594
34858272 37622
28613309 89007
34858620 56237
6401837 231641
28612691 94517
34858638 132379
34858094 224515
34858186 228940
34858647 96438
34858648 36067
34858650 52566
2540209 164775
28610369 55177
34765961 173966
28683835 308519
34858653 189310
34858073 105326
34859770 1631
28591829 44313
9895454 39291
28612747 39293
28683738 39294
28613217 39295
14326328 39296
34858746 39297
34858319 39298
34858179 103377
30384368 52567
34857440 214371
28426159 142862
34858771 47365
8090661 187665
34858781 1411
34858782 163884
28591918 43407
28612739 180835
28613248 204540
28683861 180836
14453102 18888
28426167 104402
34858256 108436
28612938 234767
5440699 85001
28683862 132493
28591915 119009
34858855 182040
11919397 132685
28613209 53190
28612830 484370
34857648 35921
28610349 199398
21703678 3924
28591838 47126
28613266 16633
28612850 200308
28612811 36005
34858583 52666
28579312 153227
34858819 84325
11550247 144230
1821907 189268
28612950 189168
21747474 117044
28613325 76396
28591847 75379
34857541 365151
28579263 117555
34858162 110130
28591843 49394
14452739 49453
34858726 403728
28612939 105860
34859488 51430
28683767 51188
12022499 305811
28683759 327613
12022500 92718
40288410 280773
40288411 48996
555379 190353
28579243 109099
34857435 105189
34858209 237960
12350864 331028
34857942 82054
10327728 138393
28426151 86005
28612860 73593
28612954 225053
28579343 214574
40288412 233431
34858710 373264
28612810 51719
28612959 434445
34858722 177027
28613174 36248
28612786 43643
28612963 116952
34858888 51431
34858059 43216
28612968 185072
28612825 219109
34859974 620537
40288413 54315
28612869 141926
34858245 93664
28612719 127229
28426188 154866
40288415 289323
34858285 211750
34859749 130283
34857246 1402
34858295 207727
12920514 95154
28591868 391910
34857938 110845
28591904 336586
28591916 17967
40288416 153672
28579378 96823
28612885 150268
10272521 107608
28610321 16409
28612782 51069
28612887 146125
28579374 144350
28612953 76285
28591844 145107
7278795 257215
28683856 177127
28579322 222322
21855449 142067
21740291 361228
34859423 51522
34857659 21713
127162 5468
1051868 271960
14277939 92099
28683857 104746
6684604 98759
28487069 117096
28612715 311447
28612903 56377
28612746 338371
28579308 45765
14451403 148093
34857501 43408
1051833 17968
28613316 103861
28494477 284693
28591900 506914
34858838 291989
34858731 50954
28579198 157312
28612970 366605
21715143 138264
15322434 17121
28591846 109095
34858172 50393
28613334 218887
28610477 121324
28612888 150245
28591899 269786
28610507 307149
13166458 99519
28612748 339405
28612768 50035
28612891 110789
28612945 101893
28613322 109556
28426150 369672
28591841 452492
28613218 233078
12063277 135340
28613331 5794
28613249 77957
28610484 65063
3684902 97847
28579336 47364
34857098 171917
28612704 363402
40288417 134123
28487056 149960
34857683 140187
28613258 217868
28612951 47367
15487378 218119
28610371 213940
34859957 362393
28683911 41911
28612866 25516576
34859862 4700259
28612818 25961064
34859769 20356712
40288418 20205782
28683775 21303385
11021354 11021357
34765965 21303378
34858146 19006882
28612840 18772925
34858532 3076361
34858044 20190733
34858482 18778847
34858901 34858902
28620285 13478780
28612817 17332056
34857991 19061887
40288419 20200859
34857760 18778840
34858106 19061904
34858563 20509315
28612986 26918335
28612987 16618906
34858566 8546109
4623016 4632101
28612761 1938113
34858354 20229799
10697328 10697331
31170855 18507015
28683741 20711599
28579321 21303364
28620391 15234492
28612994 7175118
28610445 21784066
40288420 18778826
28620169 12869641
34858358 18778818
28683821 28683822
34857750 34857751
34858941 6633681
28620262 7878785
40288421 1938217
14303383 14303386
34858108 21302017
34859283 25796582
28426177 18697660
8069438 8069450
34857174 5963096
28426160 21302010
34858250 6730033
34858963 18697641
10699815 10699839
28613000 20957363
28613280 7749650
34857525 34857526
28620393 28620394
34858964 5979281
10828495 10828498
28613003 19552804
34858621 26999636
34857358 18697628
40288422 18697621
28613275 27000049
3578339 3913602
34858640 7839789
7344221 7344264
34859805 27400014
28426171 10050684
28683732 21303349
34857992 20206414
28620237 19729051
34858008 21303334
34857497 15196588
28620167 8951505
34857101 12292183
34858717 20206389
33407489 5684607
34858239 16576166
28610396 26010422
9947505 7877936
28620275 21567750
34858904 18697039
34857876 19061895
34857159 19041545
34858237 6457644
34857209 20206366
34857887 20206373
28620224 20206380
34857375 19061388
34858732 20205681
34859943 19061871
8203474 8203483
28612965 21301313
28426161 20205690
11607668 11607672
34767854 25685133
40288423 19783936
34859090 26932695
28579242 973990
34765866 6919367
34857250 21934964
28613062 20830029
34858750 10673379
28620343 21301345
34858048 20206358
34857466 21301354
28620199 7919011
34857706 29392134
28610496 21301369
28613170 21301378
34858769 20206350
40288424 7835457
28612826 25632171
34857422 5618203
28612937 8110665
28620216 21902036
28579262 18827266
40288425 17286088
34857198 19733613
34858773 16579708
34858778 20206335
8839826 8839866
28620242 28009136
34858307 16315985
34858160 20205850
34859137 6803648
5505975 5506005
34857675 34857676
34857707 7696666
28426169 19733622
34858085 16311081
28620331 19669028
28620365 13067771
28620271 19098292
28613236 16744415
28620243 21258925
10885117 10885122
28612700 20207319
34857291 20206294
28620314 12095406
40141871 4730013
9962032 9962039
34858332 521145
28612917 17393397
34858928 20206311
28612709 12012350
28613304 21303300
28613064 28613065
28612973 18901588
28579284 20206286
28683800 21303292
28612740 1560659
34858125 34858126
8152300 8152305
34858825 2390318
40288426 40288427
7896082 7896084
40288428 40288429
34859955 19812490
28613051 21303278
34858387 21303262
28620235 21303270
34857378 21303247
28613222 21303254
28683685 20283388
28620197 3643312
34858842 7672206
13179274 701386
34858039 34858040
5146994 5146999
28613034 26918186
28620239 21303240
34857325 21303233
33276588 16223430
28460590 20206247
34859214 20775877
34858661 20899522
11556493 11556497
34859217 21303212
34858662 21305863
28620206 25595227
34857678 15261156
28620190 20861813
34858857 24352784
28620268 20907752
34858050 26918028
28426162 21303191
40288430 21303183
10765494 10765497
34859760 34859761
9951878 9951883
34857143 34857144
34858863 21303158
11637907 11637910
34858869 25979733
28613223 19336771
34858348 34858349
34857996 28058932
34859268 29392147
28620358 28620359
11240967 11240970
34858503 21303132
8104394 8104401
34857404 19623886
28579197 10883348
34858508 5396884
14305200 14305202
11604571 11604574
28620396 21303103
28612919 21303095
15603304 15603307
34857266 21303074
28613212 21306034
34859468 19496030
28610472 21391566
28612752 28612753
34858506 27082283
28610403 28610404
34857665 19057789
28610405 19735164
28610479 19061846
28683853 15512524
28620272 19057773
14761859 8859287
40288431 19057757
34858893 15538426
34859467 19057743
28683796 19057735
34859793 19088793
34857523 19057727
34858894 19057712
34857251 10451705
28464714 18137231
34857257 21301400
8083672 8083676
28579251 19057695
34857382 871276
11454119 356923
28610367 19088801
32963868 20206240
28620395 19088863
28613200 19057671
28440621 28440622
34766029 19220035
34858517 33691470
34859463 15393093
28652352 21710875
28613112 25833390
40288432 19600415
8735671 8735673
40288433 40288434
8179706 8179712
34857126 34857127
34857423 19061381
28620284 19858759
28683864 21303061
28620229 5394216
34858414 34858415
11611301 11611308
34857387 19088766
23767948 23767951
40288435 19088775
40288436 26436027
28612801 3837606
34858352 25866819
28445841 5755773
34766583 19061372
34857339 19496021
28440626 19014901
40288437 20830030
28612942 19093067
40288438 5577746
28579319 25849885
28440663 25849913
28612816 17206252
34857187 7710241
34858299 1256981
34858418 19669891
28464709 20206224
28610315 19014654
34857710 20206183
28610368 20206215
34858030 20206193
34858298 20206202
8045371 8045384
34859982 21303045
28613038 6556979
34857237 5259147
34857711 26346823
28613211 21567886
34858533 20206175
28683754 20206791
34766588 34766589
34857234 20861804
34858201 6332199
28683788 28683789
34857856 21567903
34858378 10887369
34858390 9915963
34857394 3142363
3843465 4082236
10932513 10932519
11602453 11602459
28612707 5582202
34858899 26884733
28464729 20517124
34859768 21567921
28683679 19735205
28683790 21567929
24346958 19858768
28683716 28683717
34858537 34858538
28683791 21303030
28683757 11857376
28683710 21303022
34767578 34767579
7971161 7971170
34859458 15190262
11573622 11573625
34858539 25518350
28683758 21567912
34858178 21303878
34859991 19056725
28683883 15197708
40288439 21561689
8139224 8139235
34858093 19668756
34857121 21303015
11605703 11605708
11558976 11558982
28683885 18685852
34858077 5684744
28613290 28613291
2691682 3291156
28610374 19668770
28620279 28620280
34858905 34858906
24408063 5185751
7810749 7810759
40288440 19088888
28612744 20206150
4361151 4424067
4424061 4468570
28440659 20206159
28610343 21567841
28612812 28612813
34857928 21302999
28613191 28613192
34858353 17684137
4578807 4591996
34858907 1580226
1539532 2399398
34858908 20229800
40288441 9494537
34857175 34857176
28683798 20206135
28683871 14614389
8095803 8095806
34858206 21302991
28683735 21302976
34857107 20206128
28683718 28683719
11336379 11336391
28683838 4416245
9941417 9941421
28620295 7405148
34857129 21567862
11460943 11460950
8881431 8881439
8411374 8411377
8072112 8072122
8072119 8072127
28683697 21302960
5063484 5063503
23752992 19053344
7882942 7882950
28620400 19062187
34858913 21302952
34766789 19798912
28579280 15503131
7892696 7892706
15631002 8245845
28683699 12915849
28612783 21302930
28612901 21302922
28620385 17393432
28612763 21302906
34857160 26271658
34858019 34858020
8461797 8461802
28579369 28579370
28683689 21305850
14480966 6623895
34859929 34859930
28613052 25628345
34766791 34766792
34857791 34857792
34857790 25625254
34859460 17155369
34858915 29392176
28440638 2288300
34858917 18697509
12044462 12044465
34859904 10287598
9438615 9438618
8488851 8488854
34857091 8229508
34857203 20207353
34857137 19061637
28613083 8990140
34858918 21302848
34858919 20206104
40288442 13787101
28613043 21302871
34766909 6248037
34859842 5891227
34765877 19061630
28612988 8233145
28612989 28612990
34858922 20206096
34857557 34857558
34857431 6720888
34857334 34857335
28610481 3510118
28613274 19669206
34857793 25516676
28612984 15198994
28612991 19041555
33613844 25624296
28464710 28464711
34857161 25624301
28683768 20206068
23767972 19669865
40288443 19092899
28579315 28579316
34857297 16670215
34857970 19060764
28610375 21305823
28613292 21591982
28613294 20206059
28613228 2536601
28683744 19092907
28430485 19669214
34857712 34857713
28610376 20226717
28448793 25572692
40288444 40288445
34859725 29258934
28464718 17274739
8562112 8562123
34859278 19669957
28683690 21591974
40288446 1691754
7908947 7908956
1539542 2399522
28440619 20206029
28610310 20206278
34858576 1280049
8564641 8564645
40288447 3137078
34857496 20356713
34859898 25624549
40288448 7487127
11219134 11219137
34857779 20750504
28612821 21302824
34858262 20370011
34858300 25624736
28620192 27864044
34767839 21302833
34859771 11390204
34857392 20750496
34857479 27971142
34857905 27083134
28683770 21305876
28440617 5202206
34858055 16923980
34859829 18637511
28683792 21100494
28620201 28620202
40288449 19669982
28612992 28612993
40288450 12422935
34858421 21302809
33252041 14361695
12659269 7871658
11556979 11556982
28620296 19669966
34858692 4597907
28440625 21302793
28610377 20207326
28610318 20206013
28579271 13483284
34859846 19061938
34858490 18337299
23762737 23762740
28683771 19669949
28612708 17206260
8121290 8121299
8241977 8241986
28612896 28612897
40288451 3890705
34858933 19061929
34858212 8801297
40288452 20141900
28612995 20163979
28613175 25485776
28620398 20206806
28579240 19735196
8628791 8628802
34857233 17767583
28620297 21156029
34858374 25685879
34858936 17767575
34859854 21302670
34858937 7228483
28613145 20141891
28620211 21302775
34858938 21302767
11288241 11288247
28464712 21302752
28610298 28610299
34857195 27857855
34857786 4540692
34859722 34859723
28613186 4075405
31104545 27324058
40288453 15196641
10418325 10418327
34857328 20212344
28610378 28610379
34767577 15214735
34858137 10989363
28613244 15193729
34857402 27856324
34857432 18337993
40288454 16229271
28613053 28613054
34857278 222522
28683825 452586
28620194 21302708
34857343 9070304
40288455 27856524
34857794 3624325
28610351 386624
28579244 19668763
40288456 21302784
34857132 21302679
28610488 388060
28430487 8948645
34859275 27745943
28610335 5000031
34858021 20205990
28610455 15197883
28612996 17274748
28612997 215844
34857229 19838040
28612764 7012314
34857878 16694854
34859894 27746105
34857480 3131755
28610380 17286098
28683742 20205965
28610482 20205956
14545005 14545007
28579281 3281081
34858944 15212061
24350997 24350999
28613241 28613242
34857892 21301425
31105274 20205699
28612914 28612915
34766907 34766908
28683816 19868121
28610295 21301450
8420572 8420599
14482767 14482769
28613263 21301467
34857279 21301474
28683889 21301482
40288457 21301490
34860002 21301497
28612751 27746667
34858948 18631734
28683772 21301506
40288458 21301515
28610346 21301524
34857866 4751684
34859756 21301532
28612916 2329473
28579294 28579295
40288459 25598376
40288460 25703689
34857405 7041008
28683793 18982928
28683730 18982986
34857494 27853018
28683846 28683847
28610397 28610398
34857330 29392211
34858496 21861479
34857147 17393433
34857406 34857407
34857795 5111028
14483888 14483890
28620265 7283074
34858952 18982968
21668935 18982977
28613142 15195612
28628763 28628764
34857252 20073935
28612714 15231934
28683722 16084013
34858258 12875821
28613237 27759715
28620185 15563426
28683811 20283379
34859766 34859767
28612848 25686220
14542121 14542123
28613055 18982951
28613260 18982936
28613131 18697182
34858955 18697190
28613039 18697198
34857658 16987399
34857629 18554422
28612727 18697222
40288461 18697229
28620226 18697237
34857884 18697246
24345523 24345526
28620266 21193370
28610330 1088384
28620231 28620232
28613113 25685662
28612998 18697255
40288462 18697264
28613206 18697272
34857205 18697281
40288463 18697290
28612999 6177321
28612822 18697299
5402217 5402258
28613176 18697316
6074656 3125926
34858066 18218244
8175236 8175241
34857457 34857458
28464726 15211074
34858047 31929862
34857774 18697325
28612815 6185289
34858153 5308872
11114763 11114769
34857122 18690499
10699808 10699819
34767576 20205731
31105369 12832510
28610353 25686385
8966756 8966762
2163954 2904920
34857714 27863716
34857116 34857117
28610337 21301549
28612754 27863748
28579209 17600386
34857796 12984743
28613004 18337994
28613196 17600377
34857871 34857872
28613044 21301573
28610301 21301582
34857527 21301590
28620273 15236239
28620218 574020
28440672 21301614
28610458 20793124
31105275 21301630
28613126 18338002
8627329 8627341
40288464 21301654
34857355 21301662
34858967 21301670
32825636 2555777
28683728 21301679
28612890 8698172
28620390 21301696
34857371 33793122
34857596 18929033
40288465 18924997
40288466 8698951
28620298 3878666
40288467 40288468
28613224 21301721
40287859 27861766
34860024 28151477
28613130 20205739
28613045 28613046
34858976 25685875
34859988 13478604
34857715 21301730
3578337 3913557
40288469 21301745
28674606 3133897
34858978 6848307
28613056 28613057
34858980 9378142
28613229 6848241
34858981 17627129
34859932 27860379
34858983 21477166
34859752 13782337
28613231 28613232
28652349 849767
28613006 21301770
28613089 6848263
28613144 17643720
12020567 12020569
34767810 34767811
28610444 11237247
34858988 21301786
28620299 27860500
28620181 21301795
11429870 11429877
28620173 27860505
34766916 27860519
28613058 7486613
34857631 16248677
28612804 28612805
28610331 6848303
28613198 21301810
28613123 28613124
33409897 15005665
34766065 7721068
40288470 21301833
28620168 17245020
34858990 21561697
34857716 6848325
28440639 6848343
7494929 7494936
34858991 27861520
28440631 27861551
28612922 28612923
34858994 27861586
12536585 10116283
28613180 17155380
28683723 16074297
40288471 13400324
28440640 25576496
28464716 21068571
28620240 10696742
34857637 16269423
34857502 16438008
28440641 28440642
28502202 8434679
28613007 21301888
34765900 21301897
34858283 17245008
34858996 21301913
28620381 9466506
28612784 28612785
28613226 8243317
34858997 7127920
28613040 18137240
34858402 25719031
34858362 6223124
28440618 19422859
28610332 5486558
34858393 34858394
34858422 21301961
34858999 9800850
28613132 5172356
34857253 21301976
34857925 20205746
34857867 18697530
28610296 18697539
28613119 1633570
34857645 28796051
34857717 19229320
28613285 18697547
34857797 21301993
40288472 18697555
34859001 21302002
28620386 18697563
8681737 8681740
28683773 18697579
34857118 18697588
34858423 5661173
28464717 20205762
34857130 21934287
34857248 18697598
28620301 18697606
40288473 21301074
28620405 19060309
34857280 8808274
34857249 20861805
28610319 21305271
28620302 28620303
34858032 34858033
40288474 9220979
28620382 28620383
40288475 18697341
34859944 6848309
34765856 1712495
34859757 15210209
34857364 14347633
34859791 18697349
28613143 18556243
28464713 14591731
40288476 40288477
34857331 19060264
34857621 19061989
34859004 21304828
28620388 28620389
28620183 5578468
28613214 4614436
28683797 20204921
28683837 21825155
28683704 20204930
28620360 19060279
40288478 40288479
34858343 18743878
34858067 19729052
34859356 20204947
40288480 40288481
28613009 20204971
34859005 21304877
34859006 18743869
34857955 20815581
34858230 20190726
34766815 26395585
34858416 18691446
8704109 8704118
2803323 3375300
2040829 2803337
40288482 19015950
34857281 21304911
34857798 21304927
34857957 34857958
34765995 20003838
34857515 27864104
40286846 19552796
28612920 20861795
28610314 1723431
34859784 140004
10434705 10434708
40288483 19651036
28440615 4480450
34857482 34100020
34859009 34859010
40288484 1662165
40288485 10572690
34857093 905357
28610381 16670214
28440616 21304990
28620367 28620368
11551113 11551116
28612868 18638438
34859792 20205060
5151886 5151892
5151861 5151887
28612833 28612834
28610308 5443438
28440643 21305037
34859015 21305088
28610382 21305114
34857661 16534841
40288486 20711592
28620304 18778872
28610344 28610345
28613203 9168274
28612728 26436085
28464727 18778879
28620179 26229619
10970188 10970192
34859819 20205075
28613011 21305144
34857799 34857800
8207515 8207531
34859020 21305101
34859021 20205109
28612775 20205126
34858891 20205134
34859022 34859023
5055864 5055872
34859024 34859025
40288487 21305185
34857344 26231522
34859026 21305203
34858303 34858304
34859027 28870685
28613063 20003830
34857975 34857976
28683834 1352978
34857393 26230178
28613185 21305237
34859834 18685866
34857208 21302151
28620259 26231462
34857718 26230997
34859028 34859029
10430710 10430712
28610352 3012184
34857408 3058799
34859031 26231445
34859033 3115369
40288488 26231610
34857258 13331748
40288489 6037023
34858305 25894167
34857109 6973099
34859034 6454996
34857131 25646701
34859935 15199042
5093924 5093948
34859035 19400160
34859037 25894206
28460589 26232801
8704198 8704202
40288490 17557470
40288491 19220036
40288492 26231633
3375292 3776622
28613122 21242542
34765859 34765860
11418544 11418549
28613012 22005336
40288493 32150682
28610347 18904772
40119690 40119691
34858435 34858436
28612924 26165482
34857333 26165487
28440670 28440671
10711613 10711616
34859812 7603947
28613204 28613205
28579282 28579283
34858241 34858242
34857299 34857300
28612698 28612699
40288494 40288495
28464721 28464722
28620222 28620223
28620361 28620362
40288496 16536436
11297589 11297593
31071761 31071762
34859887 26170367
28612861 28612862
40288497 40288498
28620248 28620249
28612841 28612842
33129270 26170381
34859901 34859902
34860013 14436002
23756968 19600416
40288499 18338003
28683785 26165448
28683700 14935392
34859041 34859042
7268500 7268511
34857298 8337922
40288501 19783920
34857566 16885148
28620337 28620338
31075250 19783928
40288502 25516580
28610383 28610384
34857495 19798897
40288503 40288504
7489495 7489507
40288505 40288506
28612961 28612962
40288507 40288508
40288509 40288510
34857210 27863871
28613271 28613272
40288511 15212661
28440614 25890524
28612807 1792857
34857743 10718043
34859050 25603471
28613127 25475236
28613250 28613251
40288512 21100486
40288513 12841906
12442547 12442549
28612776 1585487
34857858 3478319
34857801 15205078
34857741 26177270
34857149 32592437
34859440 34859441
34859052 34859053
28464708 26170220
40288514 40288515
28613014 20995051
28612853 6435013
28613103 28613104
28613090 28613091
28613136 26170253
40288516 40288517
34859055 32094101
34857326 34857327
28620387 26170228
28620404 6371943
12250386 12250388
28612910 26170235
34858111 15234893
28426187 16269424
28613015 28613016
34857110 34857111
34768012 8180826
28613047 28613048
9285049 7138420
9285048 9285082
9285044 9285066
9285030 6116864
40288518 40277482
28683726 28683727
34857125 2075755
2691661 3291106
14445542 14445544
28613234 28613235
34765888 3956890
28620347 28620348
40288519 19838041
34858306 18218245
28610309 26170315
11995844 11995847
28610322 11010891
28613240 20229808
34859059 11406585
34857802 33905998
34857906 18854740
28612844 28612845
28683823 28683824
373697 976678
8034050 5790060
34857550 17626528
28620277 25504627
40288520 40288521
34857803 21813775
28620328 16636747
34858112 28955102
28610385 26170266
28620174 19229332
28448789 26024208
34858403 16606992
28613115 28613116
40288522 40288523
28620363 28620364
40288524 18614642
28683786 28683787
28610399 26170298
28683809 28683810
34859061 34859062
28620305 28620306
34859063 34859064
28613017 20509300
13651285 13651292
28613133 16536437
34859794 1344123
28612921 6341428
34859911 26200168
28683819 16528760
34857276 12438094
34858695 26200187
28426147 20399222
34859066 7831108
34857409 34857410
28620308 28620309
28612823 28612824
34857888 5440685
40288525 15181941
28620311 21400812
28620369 28620370
28620312 28620313
34858133 34858134
28440629 28440630
40288526 17681379
28620219 26018703
34859067 25685938
34859068 25703368
40288527 11762043
28610487 26200109
34857419 26200123
11582962 11582965
34858219 6334239
34857889 26200400
28620212 28620213
28610492 6334246
40288528 27863586
34859070 25703509
40288529 26200378
34352240 34352242
8448406 8448410
28613184 25475211
28610334 11982763
11607441 11607444
28610386 26435929
28610489 16854457
34857212 21842575
28620349 5235408
34857289 25686140
3988180 4174105
3988181 4174110
28620172 6928910
34859942 32110347
14401955 14401959
28610452 14473016
34766026 21919074
28620234 11523667
40288530 5677534
28613128 10979115
28612873 28612874
40288531 40288532
40288533 40288534
34857577 13262587
34858498 34858499
28613197 25904051
28612773 28612774
28613166 28613167
10433954 10433956
34859078 28913302
40288535 11002680
11238381 11238384
28683802 9560852
40288536 34106353
40288537 31999320
28683851 28683852
8115351 7363959
28683711 28683712
34859861 7644691
34857472 26194730
40288538 21797996
34857568 25516590
11172560 6948739
28613134 8246886
28613137 20989728
34857733 34857734
28620344 28620345
34858339 998692
34858115 34858116
34858259 34858260
34859085 34859086
28683839 28683840
28440635 28440636
28620339 2589605
34857506 34857507
28683748 28683749
40288539 20073914
28440666 7361563
28683713 28683714
34859830 16505885
34857980 34857981
28426144 28426145
34859092 34859093
28613201 25524798
33129221 20141892
34857782 34857783
40288540 12487269
28683805 11775498
28440675 12943750
28613121 7377171
28610387 26436050
34857822 3973731
34859872 20454002
1494777 2360210
10293304 10293311
34858529 4090085
28610515 21439652
34859096 34859097
28613019 28613020
6384813 6384823
34859099 34859100
28613171 10351354
34857317 34857318
33129347 30620110
3776604 4034202
28440664 28440665
34858035 34858036
40288541 40288542
28612736 28612737
28612795 28612796
8460629 8460638
28683899 28683900
28440644 25695680
28612755 25890752
40288543 40288544
28610304 17155381
28612745 14182094
28613262 20600418
40288545 25890870
34859106 25695064
34858038 25890908
28610366 18468183
28613208 25890787
28613117 15136745
5715214 5715253
5715252 5715258
28612886 25890620
34859109 34859110
34859840 16074298
34859751 2459012
34859323 10336113
28613135 25890692
28464730 20989721
40288546 25475232
34859906 25890703
28612732 28612733
40288547 25895241
40288548 25894557
34857441 30660901
34857868 25895061
28620357 26011725
28610317 25475243
28610416 25891035
28652350 25895110
28613021 28613022
28613333 25895259
28613230 20793117
34857332 25696536
34857411 25895346
11651279 8612650
40288549 25473358
40288550 25890509
11607845 11607850
34858776 20793125
28613286 25891509
34859836 25891564
34859111 25894506
34857477 25891900
34859112 27935388
34857960 34857961
28613301 14630372
28620286 28620287
40095615 40095616
34859114 25893253
34858079 7886757
28613049 26373275
34857632 11215120
28613050 28009393
28612799 18631745
34858233 32084984
28612724 25691528
28613042 21691682
40288551 25751913
34857183 25689089
34857870 3137662
34859882 21954824
34766920 25406689
28440646 25776274
34859144 20226718
28610316 19936383
34857727 25751604
28610493 25492978
28612849 25688011
34859118 25625003
34857555 17600387
34858384 2378515
28613169 19475713
34857376 25689158
28612846 17600395
8839818 8839834
28620350 25650427
40288552 15454638
34859122 25689053
40288553 34125798
34857469 15417995
28620330 9871585
34766917 25695411
34859124 25695341
28613023 28613024
34860018 34860019
28440620 16073376
6039960 6039975
40288554 26397129
34766049 34766050
34857338 20957347
40288555 20163971
40288556 10020748
28620351 25890491
28612806 19229507
34859130 34859131
28612797 25890435
34765870 9863039
11461224 11461228
28613041 1512634
28613199 25890316
34859135 25890290
28613239 25516654
34857426 25524794
40288557 40288558
28612738 25695456
34857744 34857745
34857784 18314795
40288559 2717329
34857747 20163963
34859139 16923981
31104549 26297699
40288560 25583875
34857124 9800062
40288561 2913211
28440647 16211145
34857921 26315966
12474370 12474372
34857398 17373649
28612925 16923989
28440657 17155394
34857763 25902493
34858385 9770848
28613246 16612372
40288562 25902842
28610320 26401613
34767298 25958907
28610388 28610389
34858064 16177443
28620346 25904047
34859143 26435995
28440667 25698156
24345256 24345258
34857377 12466109
28610476 19583812
40288563 17532797
34857412 21068548
34859798 19583820
14481850 14481852
34858068 21062951
28613252 28613253
8861184 8861190
34859147 16606512
28620332 5253449
28612720 28612721
15240855 15240857
28440648 28440649
3463868 3835951
34857140 19496022
28579203 21771696
28579202 1792961
28464728 26301057
28620392 28007783
28620375 28620376
28613026 28154793
11556367 11556371
34859153 20804254
28620329 5591653
40288564 25703197
28440650 21642291
28610390 26206649
28613193 28001671
10898971 10898976
40288565 25703631
14598188 5573519
28426155 26456396
28683691 16598897
28683778 27935411
28620196 25898184
34859159 25697107
5024834 5024845
10854416 10854425
12007118 12007120
40288566 19623887
28620291 25897822
40288567 26461255
3881953 4106651
28440628 19623877
34858198 18381466
28613255 28613256
34859981 16451957
28613027 26461925
34859163 25572675
28430488 28430489
28612876 1724904
28439480 7796125
34859948 24392959
28613028 25897247
4126240 4268089
28612756 1497528
34857178 34857179
34859809 27872651
28620214 28620215
28613125 25897625
34859726 34859727
28612762 13442588
28620227 28055781
28620380 25901079
28613029 25901105
34857646 25901245
28612904 28612905
34859165 13311670
34857633 8620647
10699840 10699853
10699816 10699841
28612882 25902153
34859774 25516722
28612749 20557430
12655798 12655803
34857454 29580792
34858426 25899715
34857624 25899775
40288568 25899791
34859167 34859168
34857914 21258917
28579297 25900120
34857413 34857414
40288569 25900409
28612875 25900857
34859993 21747701
11212342 11212346
34857721 34857722
28620274 21795991
34857231 29580823
34857578 25577280
34857498 13309912
28579285 1937955
34857260 25686103
31076042 25472214
28613194 15369722
31146917 29244166
28620267 25687928
40288570 20711585
28612722 28612723
11133967 11133972
34859171 27887683
34859844 25685934
40288571 18982410
28620377 20486118
34859497 9868356
34768047 25686176
28610391 15488526
34767819 25682835
40288572 40288573
28610510 18434497
34857267 34857268
40288574 14955161
28613101 27930476
28439478 27066635
28579293 15190118
40288575 16987400
28613106 28613107
34766857 34766858
34858405 27223695
34857486 24135050
34858351 16774292
28683687 27861313
34859735 34859736
34766453 27881343
28613257 25682227
28612926 27251145
34857306 32190241
28683692 28683694
28579301 25682828
28613233 27862750
34859174 28947293
34859758 25492536
40288576 21725337
34857180 28091377
8894894 8894902
28613031 28091384
28683736 28091262
8909702 8909706
28612928 11745596
28620270 12995276
34860023 28091389
34857476 14182406
40287073 25489571
40288577 15183157
28613129 28091268
40288578 35196570
34857999 25686283
4992548 4992603
40288579 25624713
10429890 10429898
28613221 25486992
34857102 25688280
34857985 20899513
28620245 28620246
34858203 26266522
11419539 11419544
34858254 28019577
28579318 27863736
5200266 5200280
11658105 11658108
34859837 2964131
28612931 22268633
28612899 28612900
34858406 34858407
40288580 22074988
28613032 5856101
28440651 21765386
28440633 28440634
1539568 2399585
28610506 16636140
34859183 18218253
14256595 4929704
28610307 18218261
28683817 28683818
28440656 26247356
28683795 16454344
7107381 7107387
28464724 28464725
34859187 20467579
34859189 26043421
34857804 25804539
8697665 8697671
28613277 25676879
34859190 25678848
28613079 25678927
33555568 26930398
40288581 5155641
34857381 15212402
28620200 21376205
34765972 25682369
34859194 25692188
28620340 25684577
28683799 25516645
10023538 8280350
34859329 16315986
28683696 25806670
23742082 20073905
28683779 13408970
28683720 25676131
28683721 25676153
28683701 25572745
40288582 40288583
28683794 536748
40288584 40288585
6588074 6588100
1539533 2399413
40288586 40288587
40288588 40288589
11595541 11595545
11386653 11386657
28620163 28620164
28613269 25492603
34858014 31971688
7592702 4309378
28610508 28610509
28610333 8969466
34858214 7017884
28620315 28620316
34858428 12667763
28610392 28610393
34857805 26078310
28620276 12863640
10665996 10665999
28613033 20190717
28613059 3104484
34859197 25897167
28620255 25473581
4981962 4981982
4981974 4982018
40288590 8217402
40288591 1366064
10000942 3239891
34857360 34857361
40288592 40288593
34857261 13590239
8930499 8930508
28683902 25931988
28620318 21175659
34857415 13687230
28610500 9468325
28620184 19127628
40109100 20073915
28613060 28613061
34858696 16121258
28613187 28613188
28683826 28683827
15579166 15072604
28620352 16437891
28620217 18669503
40288594 34123977
6896917 6896936
28613108 28613109
34857282 34857283
34768059 18049700
28612855 28612856
28613081 28613082
28430486 19264101
28620321 28620322
40288595 40288596
34858031 19858760
40288597 31929869
28440632 26074910
34858119 19858751
40288598 10429469
40288599 26074893
40288600 26433526
28613238 26288665
28612929 20399200
34858848 5578909
28610348 20356696
34858408 34858409
28620195 10238561
28610443 16528761
40288601 15072687
40288602 38346477
28620257 17648736
5289719 5289725
34859207 34859208
28610407 17648728
40288603 5886876
34857749 26433531
28613035 11466486
40288604 40288605
34857806 9268022
28440652 28440653
40288606 27926241
28610401 28610402
28683807 28683808
28612757 28612758
12454094 12454097
40127667 28926097
28440654 28094243
28612793 28612794
40198719 40198720
34857903 34857904
34859210 34859211
34857215 25932113
34859212 34859213
40288607 19838032
5991198 5991209
34859215 34859216
28612741 8711449
34858099 34858100
34857685 17767592
28579344 28579345
28610502 28610503
34857256 17767584
40288608 40288609
28620353 26074904
40287519 40287520
34858042 5125132
34858357 25492635
34858380 34858381
34857446 34857447
28613036 3985856
34859986 800037
34768067 34768068
34858264 15170760
40288610 40288611
28683680 25931836
34857535 33677291
34859219 34859220
7993662 7993667
7074563 7074566
34859995 9891056
28610323 28610324
34859222 12723958
9960039 9960049
34857240 19264092
28620323 17643721
28620406 28620407
28440655 19838024
28579320 16546483
28440668 28440669
28610311 28610312
34859873 34859874
28612780 28612781
34858363 34858364
34859224 166938
34858015 34858016
34859851 34859852
40288612 26062900
28610341 17778212
28610340 28610342
28610297 26062895
34857564 13813577
34766918 34766919
40288613 17274749
40288614 25516711
34858430 34858431
34859225 20899514
28613267 26072106
34857284 1438971
34859226 26336074
28579313 28579314
34859227 34859228
40288615 40288616
34859232 324724
34859234 34859235
34859260 16305109
28683737 20899504
34859237 34859238
40288617 40288618
28610400 28015809
28613195 28166271
28613080 26062924
34859261 407722
34857336 34857337
34858432 23860167
28440623 28440624
28683905 28683906
28613243 4648694
34857761 26062918
1914569 2692053
14480543 14480546
28620241 16744944
28613189 28613190
34857285 34630237
28613037 2869862
11527612 5809128
34859241 34859242
28613110 28613111
28683831 28683832
13083696 13083700
28683849 28683850
34766871 34582535
12290873 12290875
34857397 17393498
34857572 18540906
28683724 28683725
9024165 9024171
28610394 28610395
15319632 15319636
28464723 18746183
34859247 19476170
28464719 28464720
34857417 25698334
34857636 17393531
34857986 34857987
34859251 34859252
28440658 19783921
40287319 40287320
34858017 34858018
10851837 10851841
10851825 10851829
34858347 19336812
34857635 32093818
28620341 28620342
2313666 3022810
28620203 28620204
34766876 32036378
40288619 16576175
28620324 28620325
40288620 40288621
28610364 6123290
28620354 3213034
8279626 8279634
9029142 9029154
28440661 28440662
34859253 28806656
8349635 8349645
28683784 28015799
40288622 17155395
40286665 40286666
5715208 5715238
28610460 28610461
15603297 15603299
28440673 28440674
34857809 33702807
40288623 32098800
40288624 28914970
34766874 19303573
40288625 21767668
40288626 28927821
34857989 20073898
34857537 34857538
34857808 28825202
40288628 20711577
34857193 25698577
40288629 16987408
34859258 18314803
28440627 16211146
28612918 26316645
15511620 15511622
34857573 34857574
34859265 25492656
28440637 12190096
34859266 16275015
11459951 11459958
34858061 28058905
34857295 34857296
14362295 14362299
34857418 19336804
28613306 25979722
28620355 25686906
28613305 18952356
28613114 16672097
28683848 16276913
23764436 23764439
24340680 24340682
34857483 34857484
34858184 20283380
34858545 26074869
40288630 25698600
34859319 19220027
34857439 15640543
34858391 34858392
28612827 28612828
34858114 25475323
34857963 34857964
28620251 28620252
34858167 34858168
34857552 34857553
28620171 25979811
28613095 151020
7345360 90055
10284837 46359
34858564 68199
28591911 17884
34857227 361649
34858218 191879
28628779 41515
28487077 104232
28426182 98992
28683881 91625
34858719 101653
28612836 91018
21724530 52332
40288631 309694
40288632 108414
9439542 17879
28487066 350628
28610475 103242
28579214 345527
28426158 142654
28579238 66403
28579358 832
28628761 1136801
204539 52287
28613278 53520
28612759 542367
28579218 197434
1717867 171614
28613328 528987
28683897 74327
4563204 176652
28591897 102231
28613178 51594
1051381 75652
28579356 216474
28612877 124602
28612911 62962
34858777 117506
28610483 70251
28613310 342244
8365877 109248
40288633 95895
1051840 235921
1937802 202483
40288634 51523
28612912 820593
28610412 196282
34857217 213280
28612858 1634
1821906 94102
21720490 72832
28613213 216359
28612943 339583
28579254 74931
34857583 453904
34858337 130413
33369139 135883
28610327 50137
28579368 117407
34978619 282560
