287216 5469
11584806 142065
40176147 218110
40598966 694634
1647866 299643
2412644 66148
2169306 2731
3260425 374496
40156919 227238
9025125 515763
9025123 530267
8040311 64945
1252643 49800
36690407 388502
34864908 332347
4388034 346741
40598967 143626
11292409 175677
11246033 256675
10015731 340339
40598968 1334100
15266742 85829
14846579 355631
40598969 709884
1552647 55339
36609514 255307
268175 267323
3046186 467233
12503187 948268
12503176 94641
432213 93763
15280446 34680
2491725 338311
190507 102227
584006 328832
9083395 77738
40598970 284691
33565868 188937
11956788 400914
11779548 133316
2856722 202794
12749194 802005
14874248 872757
36769617 728612
40598971 671552
40598972 196514
10791026 856
2186131 336717
14872097 771140
10865698 65891
2995671 353424
36667957 13816
14850024 307632
3204463 71619
12782190 96101
10008825 97124
260097 100050
40598974 414255
6255770 50640
952205 110313
4543172 337116
14822664 593388
11268665 98799
236744 75544
12312682 312773
2798467 122644
31134395 95799
4028557 938511
14801687 84796
278594 137390
2893388 347048
30357058 800324
14866182 269850
40167064 586535
40166011 70820
3671205 695143
14872598 252442
32819463 1621
2753081 109872
35571682 598962
2984697 95420
10015733 101772
34253019 144659
11265029 835393
15335798 275082
512980 100173
14872781 161349
30498966 2213452
264457 366153
3556033 52720
7792514 907401
8341169 865168
35603831 949665
5492966 336477
11548762 175445
11969848 486481
40598975 198445
40598976 325865
33562400 52867
1084440 1258674
11689898 75159
12719892 72434
12961939 92193
40598977 624775
40598978 960051
15643676 97969
11405698 945271
3400015 358481
8696681 1394
14846608 53112
11451162 107787
6563859 637877
1210427 898467
1210282 1254417
2008976 207149
14810576 345995
7460021 312437
35608524 42615
15252010 127306
1015457 1489902
10860270 157139
11546943 100865
1783024 98894
2869288 334002
11440712 96102
14830674 363620
1322597 879694
4262650 875192
29371072 579014
31148650 50955
172676 93236
267956 499329
11323978 1685915
33381199 95543
13029172 129758
30487541 207959
13216221 1482073
1155889 862062
11754824 392706
11346921 81079
2384120 453678
13053777 502549
40213831 922380
3441060 53235
7721504 207674
28735037 738472
2893227 105356
2413309 92391
277984 784897
40598979 437264
35571795 159430
14727297 824632
14873500 162021
40598980 121061
14841252 413231
3644519 746593
4054032 345201
8305860 442189
31019366 455690
4054072 95478
40224214 607258
14871471 384793
14872660 108930
14848243 1828065
14875106 541613
1256773 136229
10107627 758426
4487575 343078
512783 917038
2719079 53807
3637849 710855
1208441 679419
12753341 65259
34251330 534952
12703254 665568
14809191 36140
12156552 765631
10358674 1231827
6101422 173143
10362678 1134751
4062044 342316
4219043 597312
35567986 325800
7074390 128182
36417947 316131
3570099 94741
3570100 659847
1282571 730359
13067167 170566
13153922 489647
7751465 339341
15275224 5574
2131308 340094
7614818 354659
7795327 305812
3243868 606728
40598981 188805
9237071 104605
7447005 687447
3425818 686950
14873090 99638
7934864 1018039
5711316 726292
14837029 910410
40144191 580974
15283603 385925
2693058 188722
2431064 224126
3858883 120695
2869288 929449
9330366 1404
3050401 2770868
2856378 440973
40598982 175978
4986828 388371
40598983 933282
40598984 340921
14870635 927793
4315428 346626
14839923 463345
30750343 327750
1538182 16954
40598985 105228
9769786 867237
8141196 1113043
6407474 127550
2874076 2212769
5021361 342948
38281142 1921195
35611640 313458
40222216 324885
14727291 516626
33562644 320857
10071176 398051
14810304 675814
14873237 63518
7849703 654
4050726 339406
236745 721981
8157792 56882
35531271 164414
15539237 915679
32819166 332852
14820159 99899
40598986 2060898
40598987 336189
287136 323990
3624951 201889
40598988 966191
9098306 185659
40598989 217597
5058985 50847
31141271 953280
40598990 313776
29370814 1974030
1161827 21573
2084850 235004
40598991 757885
40598992 72776
11490117 282590
36672287 472246
8110700 257351
28308689 512937
11123783 290588
730015 77324
3843449 248920
40598993 147671
5058985 226733
40598994 659890
15280126 237163
8376287 194014
30498831 99838
2637700 101380
3237921 3686274
3229744 89888
3153367 1147641
12806495 155488
14329791 1692249
40184845 616967
10939292 104062
2412751 50514
14872044 221631
40598995 106698
31133854 333204
512985 1339
1245010 54525
2365792 21100
14298136 509454
31110459 663800
40598996 114921
287223 689204
433825 288721
1574707 67999
1210275 142932
15563009 1197291
34422669 1492615
40598997 72968
36614485 359705
34727519 884273
11754309 671234
35562825 326289
9602660 286678
40186713 42452
1292125 58039
30882199 199766
40598998 959793
40103302 87215
3381651 218112
40598999 879951
14873226 882544
5779083 890209
512774 134679
40163872 106836
40599000 241085
12638961 1672998
111310 79193
12148286 476784
37910024 64541
959016 100677
40181744 219932
5499408 215784
34430383 37409
29369784 458448
172841 60164
40599001 338947
12796322 36765
15527968 56780
40599005 100354
2382732 51909
2880446 41132
11483640 118269
14847313 235254
14874300 47455
36609641 2118354
8382587 462925
803246 261454
15284989 79987
40599007 204497
15635258 177173
9861216 101598
3570439 93596
3436282 358953
15628422 50959
14784783 221648
35533219 50632
40150677 213505
287224 370216
2715770 507794
2715771 35869
15563013 325408
13098572 99774
1552847 462447
35567835 284181
2086155 507859
4054061 363171
15522865 119697
995926 507833
11467918 316509
40599008 334392
7693184 173901
7792452 402706
10760957 216884
2919947 314344
1243142 324799
2959297 105187
14881634 51067
3112358 219889
12635765 243050
11413859 43893
8944852 222998
106147 56113
40599009 222178
14803950 93490
3026799 55626
11409929 91103
11138466 176541
35615169 104403
30500239 110314
11462705 95948
277917 17051
10944096 104743
45067 28898
32818947 56469
11462707 326973
40599010 50388
4035650 702189
9302338 134253
952024 43404
14879239 330067
3996223 322613
3125891 203404
3334783 394805
14873085 110236
9803261 104229
14846653 144277
9803253 65703
8485105 21657
294961 327088
10967551 95100
14835024 95717
11191854 22826
5013013 345588
40161757 113053
6599423 247334
15269900 292923
36690429 96570
7111673 53047
11260659 115157
11351069 363241
45072 170726
36433593 142624
14849042 94890
4485581 216360
2863970 281986
2838695 149569
14810238 77552
30483046 99840
14810236 135079
1980049 528922
8162555 637624
8222614 43405
512775 1413
2275126 5466
260605 51643
14624234 1005203
10926811 100131
8023267 135339
40599012 75956
5017182 342104
12027566 60295
531646 96827
2893160 744938
1917245 498756
356256 225050
7150805 287247
3372026 340762
12756845 225051
8445560 104678
730569 538729
3792980 290225
268176 215088
3644513 99038
2193581 54865
2121746 759697
5011813 62429
1210422 276394
6823792 346920
13071176 48669
10694890 328585
4118743 626173
15289116 346667
2693004 17881
11287407 1372345
10685327 112305
5246890 141979
11023207 249794
9916513 58968
756114 97378
3803675 164078
40599014 364582
14437633 397001
14437631 121112
236658 43100
4345750 72284
15469689 50033
4648041 621179
14457901 319302
8050884 120696
12184957 36475
332188 324239
905800 328731
14871398 103863
8543808 5160
36667858 325610
5085883 84855
14810025 612552
14871504 633254
8151510 394254
11755157 94643
10891935 24713
11268139 323737
3568927 32926
12780446 324801
8984083 43950
14873732 142276
3814451 314744
584379 47118
11490370 248910
30769992 729910
6926985 226967
1536822 350157
14835665 213584
584002 237605
4490654 43617
6760122 240413
10811285 321766
14870554 430834
14872704 275945
3387796 95423
40599015 249770
79949 199191
14854757 53496
30770527 93434
79950 56781
14664114 52395
3749259 333748
12635668 337267
10982081 343397
14826539 53776
11181023 624964
8174980 262045
929942 57299
5871342 325611
30803582 137995
8242758 72380
40599016 340478
7355901 390739
190374 84112
3076857 51187
10886667 369673
15282967 109955
2636972 38611
9359738 313191
14866177 83568
14835890 249565
4309855 72843
40599017 52189
14866288 345584
13453577 170671
5016850 713788
11347947 55532
40599018 505113
30499364 340670
30499365 599587
5008916 194695
40599019 238997
14850868 584026
3759069 442193
40599020 344394
6332661 143932
5127063 49103
12690005 225522
1538178 157427
3114726 146506
15354159 213365
287222 100176
14833374 57066
30764811 302501
15627483 200060
4208342 313932
1209704 78042
14792140 90056
1080841 48506
3929828 486996
3929830 333610
3929829 289288
29372580 60040
40214038 240202
512778 169268
1808096 991790
14873441 176595
357987 769398
3792438 128473
40599021 35569
1750026 141781
6506523 58228
13207837 628601
30501983 543655
4325646 406246
14408224 670220
14828362 28899
4700505 249923
2013446 621384
1510061 249707
1822440 76047
1536594 50034
8875257 160827
2839793 321836
3986623 499885
12231452 73819
14872100 249886
8600375 86095
8600377 665645
13252542 316966
5246888 132286
4313088 205334
14875339 101826
14855318 190662
11416107 364584
14871971 626250
40598987 53977
11573560 99039
4477261 139147
12376412 119348
287211 91464
3419279 99634
11268141 91465
3436011 99250
10807757 450824
3969770 66524
287213 217376
6267713 52726
35584585 613918
4977226 5828
32780682 859986
40599022 101651
13498370 104822
14832089 453068
1592430 65040
3344544 352650
4477260 78076
14875568 98039
14844653 51181
9489659 678930
40599023 278825
14848604 192828
34727681 150640
15512361 160030
15563009 53045
4516 44159
14866128 199577
11973118 51278
35584339 8484
11829063 32598
3982102 23655
40599024 6967
11220338 9519
12565978 8613
15378838 3926
2893630 743917
746777 9966
14875317 8902
3599938 32026
11155045 42504
33565584 10440
1782933 11586
36671251 10677
2839984 226585
14866208 9025
40599025 12865
2200742 10923
11655981 189500
12690220 149816
11655984 28178
40599026 12558
28728062 13925
14871860 2508
40599027 32818
11829063 45819
10072928 45423
10052283 62354
11297834 223608
15374653 16182
12707991 98091
3661966 97704
13082904 15333
8954238 215721
14873749 346740
14874671 21008
14493110 320153
15271344 613962
801124 142312
5593006 385570
215698 296324
10673322 187505
36687987 196389
11465334 140106
15631345 30905
3153743 256851
12678661 181521
4477259 37582
14871329 353351
31120281 346092
14779506 178964
36700695 100133
10843821 121677
14870561 95098
40110861 46681
40599029 745065
11611549 354986
3315242 503442
11414405 21167
35571680 581863
4484968 46167
40224136 253286
14792484 440642
40599030 1009884
584008 52190
40599031 444509
2507024 210927
15299473 8729
8982690 204475
6421354 45018
12735794 11210
9100793 13194
277913 2509
801123 101444
5009498 42613
10927010 33674
14820610 27279
35579593 28177
35584592 11937
40599032 33574
6789167 26161
14859824 68622
32808101 59890
14875427 660149
31165159 336190
34721205 578078
2125920 80515
15640815 768270
11347962 36588
15252953 221881
6507980 397071
7556458 137996
14866130 1257212
5383832 493380
14844658 580419
2085995 493376
6294348 347382
6584387 193261
35584599 338529
4011338 923722
14866213 446343
1691978 58259
15289112 106507
31149901 913811
14824619 362661
12756835 218906
40206558 393093
40599033 870863
3710914 329915
9369949 327056
15631982 441527
3321473 657159
15144342 940258
40224237 497290
35584750 841506
8861504 36679
36700721 168670
10890345 756942
14690100 399541
11796608 487879
40599034 346564
40599035 1516
40142606 428907
40599037 252341
35584610 487977
10855048 144988
40142538 1164671
40142537 529455
11565526 255429
14842505 338860
9248112 364152
2688984 218291
14830649 329134
5007468 54792
12025051 342528
31147427 764555
11474209 181422
40151400 735322
5085559 355577
952211 103447
40599038 829114
28375320 186724
40104850 412299
4051013 98719
9816989 98092
7792466 215182
2793029 363881
2869020 1253790
2908509 530842
3240164 95669
2608809 285537
8053568 626369
14870558 149474
35569425 553712
14870416 901117
250547 276737
1322596 41919
14880580 339738
14860647 829422
4528841 336994
10855713 178477
12323853 469385
10867775 324312
12172587 1128085
5141464 365528
584016 832665
40106609 416393
2169414 83634
40599039 161406
12605815 161423
4443934 161418
8138866 161376
33400494 325509
31172753 100776
40599040 358958
512779 651676
40224207 37295
5755009 883243
14847109 346399
14849724 18252
512977 36477
31147453 123141
12372100 698588
10180727 252046
10811280 103941
39739 162832
1574731 78187
1506524 155437
40112857 857575
14839664 461723
15491979 312775
40103189 344138
14870442 5748
12709772 197393
15438779 263195
14827754 1696406
278592 164896
8151214 891429
36671620 661681
1535785 98444
11398560 873260
14873023 208330
36668136 566751
14833932 18045
14852170 1200558
11326877 80273
4195316 65975
2431267 160956
15003727 50953
13233230 332521
2163150 94516
36609515 180530
33562422 387913
35608572 289224
9455939 178616
36609640 323527
6499640 209912
9030407 291513
6201217 54526
952032 52191
5017163 176863
4577602 22824
9338800 65479
3804179 217839
40190088 385473
9773057 160657
11747846 56308
29369316 867299
3116896 696761
33013306 397290
40178955 344035
4167998 419472
1775014 35779
3244287 351808
2307935 225851
2636974 213366
1740823 97306
12354771 505114
9125880 655233
6978573 657745
2626187 240646
14866198 298188
2626183 290916
28735723 207771
15603419 104609
14838053 42386
12585499 635078
5027436 1643208
2027728 323994
15378838 322789
2184496 607758
29369295 877895
28735572 273311
40181767 679250
2821221 153344
35562801 361650
12661132 133317
14837322 36589
4449736 67201
12517187 364369
14873325 228463
512777 37622
14781476 2048
11656521 56237
11485150 231641
9029344 208730
1574074 164775
3751792 504253
1552743 55177
9131458 173966
2893389 628418
11086605 384487
9113688 319245
2085616 89895
8306571 57415
8194860 882209
3203976 51438
4212596 332625
11580865 469315
12237147 1631
512991 99045
14829236 286404
10078436 93238
14871851 230037
10740432 101382
40599041 104470
2907081 39294
1289346 39295
9091732 232511
8924902 170838
3026691 332286
14850406 107618
9185911 452688
14802127 286277
31149361 92079
38280767 474443
3100633 441528
770053 810813
3979220 73591
3945229 533511
1525303 448605
15453317 643666
8156840 47365
14879354 87761
3156172 298284
15271360 400566
4612358 10790
40599042 639183
14844133 104744
3398860 1205334
4443049 180836
9083386 18888
2085808 104402
3418185 56964
33027456 52105
33094470 947999
14866219 223089
33386055 296078
40599043 225655
15449330 202838
2055188 444554
1248518 855950
40599045 661481
1210423 1198064
28319242 199398
28359070 459923
6281021 317984
512961 88202
4577226 276154
36759980 332004
11378972 5159
12618769 352201
38280509 252393
2394060 99776
4711629 92394
33565646 505713
1210428 92575
36361878 85522
14817703 226737
3308258 54014
14841240 52568
3916968 1257558
7234520 441446
584109 363063
357982 110840
40222870 346250
40223245 1207230
11385918 144230
14875053 121059
31122384 301019
11193955 72775
11755146 238003
15353737 76396
9113318 488276
29369315 365151
40168388 151278
2150582 54527
11255002 95947
14873807 1705684
40599046 688669
802923 272734
36759976 98553
2126967 165657
13480543 643630
7483616 433725
3701708 475758
3701711 445275
33013739 824379
14848799 50292
15445297 399765
36667997 348207
12618201 552760
9373166 212399
2086160 105189
10884265 95841
14742178 237960
14875437 594808
14873830 942502
803152 353763
31147154 216892
11452881 63609
7042578 522083
6141330 390789
11024648 51719
14831880 434445
368405 191590
15608098 177027
40599049 36248
3665161 96157
3665162 44053
12332610 185072
11039828 52998
36700745 377344
35562609 98223
8056237 221495
770054 452575
36733006 662919
15271356 870293
1535544 888455
8110700 40834
1946472 95154
1084454 391910
32811989 110845
10960240 28720
4324471 336586
5021503 31079
36759975 24305
1592801 880706
15370516 1607
40599050 137997
40599051 393567
40599054 34778
1098678 144350
15657355 145107
11643171 63908
15652051 73457
15650828 343622
11385901 147167
6935974 135706
512793 449795
38019543 154625
2085081 113302
13196307 859277
30499521 50850
14872212 257215
14872215 328780
3789561 603685
34720970 109249
14881217 97204
15635712 97811
10904346 2856
12726517 95846
38280517 397136
31152174 225054
4641265 83569
29371007 97507
2598872 366894
253220 97569
746791 253462
40599055 121216
11018734 41921
14341212 586038
4054307 252281
7583087 764327
2084848 99642
15172691 138263
4175321 1303956
14872182 233492
4035651 620308
11931566 359977
40202005 218115
14866169 102919
2169182 109983
79951 133348
1948808 57188
770048 446952
4646519 1406944
15634745 659787
31150556 99578
12232332 554805
12232330 17878
15320526 41906
40599056 105725
3398859 52832
8636898 172690
32776357 240527
111275 104679
5026574 1932
30222923 178581
14872816 76693
40599057 534577
40599058 83547
6162440 327307
12151944 365969
14829689 345850
9920657 98227
10027327 57676
14872035 37238
14307897 104608
40599059 1307370
512965 387914
40599060 123143
11970192 36921
40599061 100680
770049 133176
3803859 677438
2818236 141377
4486636 891632
35530840 93320
3501201 35613
15271851 517901
35536037 96662
15357595 823065
9904925 660797
10771278 341836
3803673 80423
35621499 706552
2083794 478517
45068 105278
14794118 86650
40201806 215424
13345851 41922
36671260 307580
9392665 871653
9392679 319649
2084678 19011
253231 332250
3991635 58260
3681975 48573
4219044 338369
3210227 152252
3665160 41923
7374788 167370
15551349 36767
11021512 333654
2150792 95426
512982 196376
33390699 83429
3803211 36537
40176007 106801
3904797 643439
14926960 622133
14871296 192376
9863247 37923
14408224 152564
3425521 112617
11075583 21893
138539 46169
37353861 276623
30242929 220544
33562312 649652
1274230 216620
32826035 492499
14870511 49455
3425520 205759
14877138 711315
4447617 43218
35566496 446544
450757 121325
4714128 880101
5838043 63648
12071581 190790
12611705 500014
5767484 891661
1980077 52404
3584307 279522
1210288 343987
12717949 101491
31148877 398515
3642946 53473
40599062 1708241
3916911 1417786
10932944 361706
3080819 21713
36759963 117096
30495082 697168
2384110 1587135
37091352 328875
14866173 56377
7589286 390412
3809363 599753
32994793 349966
1053278 148093
5612475 17968
4294720 103861
30498236 40040
3234142 142278
14874199 18477
11168032 163392
8393576 1250806
1292124 157312
14810179 950229
1535831 931900
14779070 332489
6892475 109095
6823836 119766
4677762 651771
1843649 827641
38281009 261786
6044212 50393
14871903 1382240
38281014 336225
29369371 218887
15657542 331779
35562958 949021
512771 389370
11268153 1200300
14844018 150245
40599063 586737
2908507 269786
3485536 830655
14530612 99519
12499198 339405
15441665 237778
14871117 101893
7792531 54827
512786 68705
36671399 448649
36700687 452492
803140 1458486
14800788 5794
40599065 65063
15658733 740995
14872601 34683
1248520 252861
4639764 157654
28318644 167371
14871389 926556
785564 22252
12661425 126396
15627483 86410
3814368 389371
11072320 47366
1191623 41924
12688779 259951
933539 134124
12736409 41910
40599066 952768
40176100 394571
32811928 340925
40599067 129417
40599068 95247
12275706 50088
14865093 37190
40599069 38019
12073603 126924
14781474 17290
9217758 217868
4269392 86015
28728577 96105
14872653 363121
3731978 397100
2084961 127421
512933 392183
6555785 320898
4316490 107009
11485164 70134
512782 201816
6759983 65141
512785 201856
9899007 277914
12704799 202620
15271853 137823
4050726 1153319
15292945 505328
8560637 628417
13062058 147251
40166012 820839
14808704 1124278
3774791 265994
15635255 99901
5013849 22169
13061727 863790
535940 1252936
30494385 149714
40151677 498040
15664548 1039905
28375318 298843
30239746 343183
40599070 149298
14831222 163482
14836258 607514
837115 94447
40201943 655448
40599071 915713
8334687 102921
1210425 181095
2184476 224950
36759958 639088
36672621 88601
929085 53304
35390263 218186
40599072 49996
35531182 124625
15280654 284569
770052 228219
10994201 93168
14873636 135801
40599074 940030
5021363 191581
12586319 378673
36609997 606846
14634045 17884
4388715 549951
14367230 150971
2491723 91018
11821302 52332
12949540 108414
15258494 17879
10805370 350628
14870808 345527
14872462 142654
5007470 2435318
2715204 1136801
29044533 330254
15461598 104534
14832649 53520
5265120 657252
14834140 542367
11320702 683285
2561217 100177
10898900 197434
583900 171614
40222661 138184
15357293 528987
14732299 713917
3742272 445994
9171333 95895
40103202 202483
31135075 1127847
40164068 51523
34866152 820593
14875293 49602
34775312 213280
2124044 1634
15501517 41526
15274556 338062
9025177 2752351
7007103 614728
1210276 216359
40599075 751938
14875424 1289316
12689010 502799
7460022 917986
1474777 393089
36671166 351604
40202002 1186077
353719 115589
15268520 338572
40202001 321577
40202019 1001107
40599077 331652
7792482 230856
6959497 40038
14872254 109599
12774424 782923
9865740 251737
3563308 299988
14837539 246644
7622499 272374
1298465 99780
1552744 393094
772686 259952
583750 319308
2722374 64012
30504602 112307
31140152 222336
15492786 433119
40599078 835944
