4766677 4767264
4835576 2178090
3456641 3832082
4744344 4745326
4688031 4692075
4564447 4579581
4623805 4632808
540 4643
4740995 4742051
1297720 2176797
4741128 4742281
4766055 4766718
4337841 4408018
4807800 4807992
4777519 4778127
4786770 4787175
4752062 4753042
44304 188152
4797859 4798079
4731001 4732673
4805252 4805549
4709378 4711983
4807447 4807643
4793859 4794174
4758843 4759604
4783117 4783555
4790739 4791057
4783470 4783924
4523557 4546541
4797673 4797863
4408015 4457544
4810159 4810336
4803519 4803666
4723469 4725319
4711950 4714478
4797494 4797678
4799818 4800015
4795789 4795990
4803662 4803818
4796695 4796884
30482486 30482490
2915182 3455960
4745322 4746384
44297 187835
4792002 4792337
4798074 4798311
2175479 2914570
4767794 4768356
4780473 4780956
4760362 4761191
4794170 4794494
4640840 4648613
44298 187944
4773709 4774274
4808455 4808597
4785472 4785829
4494739 4523700
4787973 4788287
2176792 2915201
4791276 4791604
30468972 30468975
4801638 4801868
4786168 4786483
4801291 4801527
4805875 4806045
4762220 4763260
4776453 4777024
4703219 4706183
4798912 4799106
4800688 4800904
4788611 4788997
4546678 4564702
4780875 4781399
4802978 4803169
4723704 4725496
4776354 4776930
4457294 4494411
4408003 4457532
4751108 4752167
4791648 4792005
4546548 4564558
44335 188369
4789387 4789862
3831414 4074017
4494310 4523279
4716936 4719346
4783510 4783954
4759654 4760451
188460 580653
4703086 4706001
4807049 4807220
4798307 4798502
4809198 4809372
581070 1298446
4808931 4809139
4763161 4764032
4758917 4759658
4655888 4662292
4791629 4791989
4732516 4734016
4746361 4747493
4800188 4800370
4795775 4795978
4781910 4782322
4730951 4732630
4730867 4732551
1297710 2176784
4766096 4766841
4795221 4795519
4754830 4755687
30482692 30482695
4716760 4719203
44296 187784
3455966 3831720
4751012 4752102
4781426 4781886
4791347 4791652
4734067 4735481
4805813 4805995
4579676 4592799
4755628 4756508
4716810 4719238
4632867 4641024
4744485 4745474
4806801 4806949
4769654 4770306
4803418 4803565
4229155 4337474
30462930 30462933
4799507 4799677
4668245 4674033
4074314 4229421
4719360 4721835
4809872 4810094
188746 581062
2915197 3455971
581111 1298495
4640820 4648595
4763319 4764203
4800899 4801073
4779930 4780453
4709310 4711902
580125 1297124
4778610 4779239
4074157 4229249
4778122 4778677
4802220 4802409
44372 188645
4798691 4798915
4781395 4781826
4765411 4766060
4779334 4779954
188137 580134
2176377 2914827
4739836 4741133
4721609 4723473
4765366 4766000
4714402 4716891
4732686 4734231
4699978 4703223
4761187 4762108
44346 188471
4725315 4727041
4734013 4735455
4794490 4794697
4648574 4655744
4579566 4592664
30476452 30476455
4805148 4805444
4706053 4709313
4679196 4683645
4789875 4790393
4729174 4730994
4603842 4613902
4674028 4679153
4760561 4761396
4523440 4546439
4784035 4784404
4756503 4757300
4719198 4721600
4714315 4716775
4738337 4739737
4766837 4767352
4792607 4792877
4696310 4699982
4716887 4719298
30467179 30467181
4789761 4790164
4457114 4494313
4662176 4668155
4779949 4780477
4523276 4546305
4783591 4784059
4790970 4791279
44391 188769
4752162 4753117
4748780 4749931
4546374 4564439
4753962 4754835
4797817 4797997
4703089 4706012
4716771 4719213
4753077 4753967
4788283 4788615
4756580 4757412
4781763 4782207
2914872 3455736
4709361 4711966
4786453 4786774
581098 1298474
30471396 30471398
4564699 4579840
4721626 4723491
4807268 4807451
4648590 4655759
44397 188820
4703060 4705973
30460882 30460887
4788993 4789330
4614157 4623887
44320 188290
4737039 4738467
4699804 4703075
4688017 4692058
4786230 4786546
4793569 4793863
4730988 4732661
2916345 3456615
4748812 4749963
4735534 4736931
4727017 4728962
4791054 4791351
4725474 4727166
4753112 4754007
4711978 4714518
4749973 4751113
4809564 4809754
3832077 4074556
4074122 4229182
4786480 4786806
4766853 4767369
4623610 4632595
4457528 4494668
4742114 4743403
4773563 4774166
3832100 4074567
4745306 4746366
4748708 4749867
4791326 4791633
4808085 4808280
4782598 4783034
4494424 4523432
4640961 4648809
4778056 4778614
188136 580110
4723689 4725479
4748857 4749979
3831579 4074126
4696189 4699874
4523427 4546428
4711834 4714337
4783062 4783514
4788734 4789057
4780449 4780913
2916329 3456602
4791602 4791961
4767299 4767832
187623 579196
4808845 4809045
4457470 4494564
4769011 4769733
4728980 4730844
4736927 4738399
4809135 4809300
4874475 4874485
4692072 4696193
4801924 4802104
4807737 4807916
4803560 4803708
4703072 4705984
4790389 4790743
4730839 4732521
4800754 4800954
4747665 4748863
4407868 4457462
4786803 4787209
4783920 4784330
4725375 4727088
4623598 4632584
4769702 4770354
4709173 4711809
4614049 4623798
4807912 4808090
4762333 4763323
30475992 30475994
4809296 4809485
44392 188785
4337717 4407873
4785419 4785788
4799638 4799821
4523696 4546669
4752098 4753082
4721596 4723461
44345 188451
4742276 4743491
4769030 4769748
30478700 30478704
4706178 4709381
4787278 4787720
4771659 4772275
4782240 4782636
1298489 2178096
4754780 4755632
30476002 30476006
4725303 4727028
4723554 4725378
4546664 4564690
4709350 4711954
4579605 4592706
4723728 4725513
4729004 4730871
4683455 4688008
4803326 4803523
3831717 4074319
4754002 4754883
4696294 4699965
4783551 4784024
4579824 4592875
4744379 4745370
4767920 4768460
4746574 4747614
4699948 4703196
4807037 4807207
4767828 4768386
4799512 4799690
4767258 4767799
4632790 4640966
1298428 2177986
4781881 4782283
10244765 10244773
4772235 4772931
4782632 4783066
4790160 4790648
4789404 4789877
4613916 4623603
4721809 4723693
4765478 4766118
4783580 4784048
4729187 4731005
4796880 4797061
4808760 4808936
4790102 4790608
4789327 4789764
4803705 4803880
4790646 4790974
4074109 4229160
4674045 4679184
4784055 4784427
4800011 4800192
4785895 4786234
30482155 30482158
44351 188517
4727164 4729191
4798737 4798972
4772961 4773609
4773604 4774231
4734025 4735467
30482144 30482149
580648 1297714
3455705 3831585
4802830 4803063
188778 581103
4798242 4798455
4703192 4706155
4703203 4706166
4803814 4803989
4771572 4772240
4579770 4592855
4801068 4801243
4705980 4709187
4579756 4592839
4802417 4802577
4772927 4773567
4614005 4623680
4662288 4668302
30479241 30479246
4784045 4784416
4623582 4632568
4784413 4784782
4807082 4807272
30479778 25056772
4564405 4579539
4732657 4734198
4744328 4745310
4863619 4863632
4640974 4648867
30460923 30460929
4408080 4457597
30459402 30459408
4738460 4739841
4806907 4807041
2916403 3456688
4683624 4688154
4779895 4780419
4760601 4761465
4457457 4494551
4755756 4756608
4229653 4337950
4763256 4764088
4793143 4793380
4764083 4764767
4788002 4788316
44389 188752
4546300 4564408
4641020 4648886
44403 188881
4613897 4623586
4725510 4727199
4793376 4793622
4772992 4773690
4792854 4793146
4735463 4736875
188241 580395
4623567 4632553
44315 188209
4741060 4742118
4699870 4703095
4773013 4773715
4808493 4808656
4229177 4337497
4706009 4709203
4738355 4739755
4337956 4408099
4745519 4746616
4711818 4714320
4770303 4770929
4803985 4804188
4407744 4457326
4797056 4797242
4668184 4673937
4632805 4640978
4786831 4787240
30473974 30473980
44361 188568
4754878 4755740
4800950 4801143
4764198 4764860
4673830 4678964
4719377 4721852
4564434 4579570
4790930 4791249
4758111 4758847
4494546 4523561
4792527 4792789
4784754 4785151
4678987 4683485
4619 44780
4794542 4794799
4737021 4738441
4780415 4780880
4785066 4785423
188461 580665
4799166 4799349
4806469 4806643
4744501 4745506
44321 188301
4783146 4783584
44374 188670
4766714 4767304
4074145 4229237
4337522 4407750
4744519 4745524
4648881 4655911
4781452 4781913
4802100 4802281
4788312 4788737
3831630 4074173
4727085 4729139
4771032 4771694
4714332 4716814
4764871 4765482
4648806 4655872
4688167 4692226
4457321 4494442
4810090 4810285
4749823 4750975
44316 188230
4767347 4767906
4579593 4592695
4074014 4229065
4494749 4523712
4721847 4723733
4809675 4809876
4579664 4592788
4739781 4741065
1298470 2178064
4781361 4781767
4494393 4523399
4774227 4774800
4709184 4711820
4729204 4731022
4788040 4788346
4741108 4742202
4797125 4797326
4592795 4603958
1297451 2176473
4799344 4799516
3832061 4074538
4564464 4579598
4731035 4732710
4777020 4777546
188240 580381
4747683 4748892
4795974 4796160
44325 188330
30482908 30482912
44336 188386
2916362 3456645
4714531 4716973
4776997 4777523
4727148 4729179
4798969 4799170
4762353 4763338
4801139 4801297
4806638 4806805
4791530 4791905
4794257 4794546
4337490 4407704
4683526 4688085
4739903 4741161
4746411 4747546
4728988 4730854
4729135 4730955
4746379 4747515
4756587 4757426
4787716 4788044
4768455 4769035
4457310 4494430
4789870 1127546
4803221 4803423
4788753 4789087
4770349 4771002
4579835 4592888
4742063 4743372
4614062 4623810
4764763 4765415
4796364 4796571
4781898 4782300
4805988 4806182
4806414 4806563
4792822 4793093
4863970 4863983
4786135 4786457
4788342 4788756
2914823 3455710
4683611 4688141
4613992 4623669
4793922 4794261
1297118 2175486
4603860 4613920
4801403 4801642
4778646 4779270
4074533 4229638
4792271 4792566
4802465 4802622
4668152 4673867
4523408 4546404
4789083 4789408
4714302 4716764
4732624 4734144
4786856 4787281
2176778 2915189
4761390 4762357
4795917 4796120
4797992 4798246
4668122 4673849
4803164 4803330
4791957 4792274
4457591 4494742
4769730 4770383
4796288 4796500
4779265 4779899
4775337 4775911
4655775 4662179
4781822 4782244
4782278 4782690
4798452 4798696
4802572 4802735
3831602 4074150
4721830 4723710
4523669 4546622
4792562 4792825
4604006 4614069
4743461 4744489
4826483 4826593
4732546 4734072
4750972 4752066
4794794 4795006
580390 1297470
4457281 4494398
4648608 4655780
4752182 4753137
2914885 3455749
4785784 4786141
4792316 4792593
4696228 4699909
3455486 3831420
4785853 4786199
4703139 4706058
188779 581116
4774708 4775306
4793090 4793354
4743506 4744526
4727025 4728982
4794955 4795225
4809977 4810163
4768436 4769016
4754899 4755762
1297464 2176497
30468481 715605
4603942 4613997
44317 188249
4806189 4806418
4737106 4738509
4770381 4771038
4808178 4808371
4785507 4785856
4741009 4742067
4716922 4719334
4796497 4796700
4803059 4803225
4592672 4603846
4803876 4804046
4794693 4794959
4407483 4457118
4804455 4804702
4774162 4774713
4787943 4788253
4796735 4796937
4797625 4797821
4806944 4807086
4795517 4795737
4699794 4703064
4800582 4800758
4796933 4797129
4727054 4729008
4688081 4692127
4797439 4797629
4709198 4711837
4741157 4742296
3455733 3831607
4783158 4783595
4788575 4788960
4785825 4786171
4807989 4808182
44406 188905
4711995 4714537
4742047 4743355
4792873 4793163
4791246 4791534
4787638 4788006
4747488 4748661
4743368 4744349
4801738 4801929
4683641 4688173
4792589 4792857
4229619 4337833
4592783 4603946
4759002 4759717
4892289 4892300
4662142 4668111
4623793 4632796
4764719 4765369
4494664 4523661
4711962 4714490
4772271 4772964
4785117 4785476
4754020 4754904
4668108 4673835
4692220 4696317
4800420 4800587
4494685 4523674
4655867 4662278
4727036 4728991
4723457 4725307
4804698 4805048
4732670 4734216
4407687 4457286
4494405 4523411
4789858 4790368
4738503 4739908
4674072 4679201
4337729 4407896
4796566 4796740
4764854 4765466
4688150 4692208
3832035 4074522
4784326 4784693
4772322 4773018
4546538 4564548
4714474 4716927
4775303 4775860
4688136 4692188
30479662 30479666
4790604 4790934
4769744 4770400
3456611 3832065
4699905 4703143
44350 188498
4759687 4760547
4679017 4683530
4808367 4808497
4734247 4735624
4806040 4806274
4337828 4408008
4775364 4775938
4337945 4408085
3831615 4074162
4655754 4662160
4784687 4785071
4743399 4744384
2176492 2914890
4778712 4779339
4337470 4407693
4546399 4564453
4623665 4632727
4801239 4801407
4775954 4776457
4795300 4795573
4786195 4786527
4592852 4604010
4736871 4738340
4758238 4758989
44344 188436
4788248 4788579
30481399 30481401
4802731 4802983
4781899 4782311
4782714 4783151
44369 188610
4777460 4778061
4719210 4721613
4564545 4579669
30470517 30470520
4738395 4739786
4739732 4740998
4725491 4727182
4809368 4809568
4719330 4721798
4761254 4762225
4648864 4655893
4808651 4808850
4797238 4797444
4719342 4721813
4783030 4783475
4546423 4564468
2178060 2916368
44318 188273
4592883 4604094
4457605 4494753
4719233 4721630
4824353 4824408
4592691 4603865
4787236 4787643
4789290 4789735
4714486 4716939
4783136 4783572
4774796 4775341
4782705 4783140
4768978 4769706
4780952 4781457
4407890 4457475
4592834 4604000
4762104 4763166
4407700 4457298
4764027 4764725
4775855 4776358
4789730 4790106
4802032 4802227
4764214 4764876
4696170 4699808
188747 581075
4782307 4782718
4776925 4777464
4546435 4564478
2178092 2916406
4696283 4699953
4683481 4688036
4735603 4737043
4758985 4759691
4791033 4791330
4809750 4809981
4692183 4696287
4795001 4795305
4778146 4778715
4784019 4784390
4753917 4754786
4716968 4719380
4732530 4734030
4747541 4748711
4632561 4640824
4751128 4752185
7696 62907
4777491 4778093
4546598 4564645
4788956 4789294
4692055 4696174
3456595 3832039
4641056 4648933
4523394 4546376
4723486 4725338
4725333 4727058
4802276 4802469
4766115 4766858
4778671 4779324
4229232 4337516
4761376 4762337
4768383 4768983
3831566 4074113
4786543 4786859
4770999 4771662
4753037 4753919
4765461 4766102
4688005 4692042
4729223 4731039
2177996 2916349
4791983 4792320
4775907 4776396
4743350 4744332
4779322 4779935
4770924 4771576
4760542 4761379
4827232 4827292
3455744 3831620
4747610 4748815
4767903 4768442
4768941 4769658
4655739 4662147
4757296 4758116
4743487 4744506
4739752 4741014
4592702 4603875
4229245 4337528
4770395 4771054
4805990 4806193
4807380 4807586
4784726 4785120
4692039 4696163
4761266 4762239
4613875 4623570
4668298 4674050
44302 188124
4734139 4735537
4795569 4795778
4767365 4767924
4807639 4807805
4780358 4780832
4738437 4739824
4785552 4785899
4804532 4804862
4604089 4614161
44371 188630
4736885 4738358
4632581 4640844
4807202 4807383
4786522 4786835
4603872 4613931
4655828 4662237
4229665 4337962
4564474 4579608
30475157 30475161
4771689 4772305
4748887 4749998
4734194 4735593
4648741 4655834
4735589 4737025
4785169 4785555
4755736 4756591
2176468 2914876
4229635 4337847
4776958 4777496
4739820 4741112
4748676 4749828
4758259 4759007
4762171 4763233
1298440 2178002
4732704 4734251
30466181 30466186
581056 1298431
4804041 4804275
4579577 4592677
4731017 4732690
4229416 4337734
4784770 4785173
4778088 4778649
4229061 4337281
4714513 4716957
4749862 4751017
4699961 4703208
4804183 4804459
4768352 4768948
4779236 4779831
4662232 4668187
4802223 4802421
4613928 4623615
4632549 4640811
4742292 4743510
4494560 4523575
4494437 4523444
4807582 4807741
4787593 4787976
4564641 4579762
4692205 4696298
4790723 4791038
3455692 3831571
4772301 4772997
44295 187725
4771050 4771710
4782725 4783163
4802617 4802835
44294 187683
4408095 4457609
4800524 4800691
4783568 4784038
4730851 4732533
4756552 4757381
4774846 4775404
44360 188558
4706149 4709353
4776392 4776960
4074516 4229624
4758162 4758922
44384 188714
30472585 30472588
4798497 4798742
4673863 4678992
30466197 30466200
4791900 4792221
4763335 4764219
30472665 30472669
4747512 4748679
4777504 4778103
4792333 4792611
4799101 4799287
4796116 4796291
4780909 4781430
4800252 4800424
4716952 4719364
4074552 4229658
4229404 4337722
4655908 4662320
4742197 4743465
2177981 2916335
4777541 4778151
4759713 4760566
4746594 4747670
4727195 4729227
4806745 4806911
4337513 4407738
4798909 4799096
4523656 4546605
4673932 4679022
580661 1297726
4782688 4783120
4800366 4800529
4711975 4714506
4679148 4683616
4592660 4603834
4592636 4603817
30472685 30472689
4809482 4809680
4603813 4613879
4765997 4766682
4775399 4775959
4784357 4784730
4793617 4793927
4603954 4614008
2914564 3455490
4805544 4805816
4799897 4800083
4771705 4772327
3455954 3831710
4683467 4688020
4457541 4494689
4679180 4683627
4793311 4793573
4780828 4781366
4792785 4793052
4760447 4761257
4774270 4774850
4804271 4804536
4719293 4721726
4795732 4795921
4757438 4758263
4678971 4683469
4696159 4699798
4546617 4564659
4603995 4614054
44400 188839
4662314 4668323
4755683 4756557
4523707 4546683
44301 188067
4706162 4709365
4746612 4747688
4782202 4782603
4738501 4739896
4662274 4668249
4721794 4723683
4806270 4806474
44299 188003
4748659 4749806
4723677 4725468
4782317 4782729
4745366 4746416
4632721 4640900
4734227 4735607
3831704 4074308
4640896 4648745
4692121 4696234
4792217 4792532
2914822 3455698
44293 187637
4711897 4714406
4579536 4592641
4745500 4746598
4673844 4678977
4727177 4729209
4756604 4757443
4564554 4579680
4787555 4787946
30460437 30460441
4783950 4784360
4784386 4784757
4753132 4754025
4725462 4727153
4809041 4809203
44385 188728
4808276 4808460
4711805 4714308
4564686 4579829
4799281 4799457
4074302 4229408
4793047 4793316
4774256 4774831
4784401 4784773
4678961 4683459
4804857 4805152
4337277 4407486
4745468 4746578
4735478 4736890
4564654 4579775
4759600 4760366
4749995 4751132
3456681 3832105
4407731 4457314
4662157 4668126
4801523 4801742
4757376 4758167
4805438 4805665
4801865 4802037
4721723 4723559
4774825 4775368
4775933 4776434
4805043 4805258
4799687 4799902
4787204 4787595
4779826 4780363
4773686 4774259
4805660 4805879
4735620 4737110
4796157 4796369
4623882 4632870
4790363 4790726
4767791 4768348
4781449 4781903
4799453 4799642
4705967 4709176
4808593 4808764
4785146 4785512
4640807 4648579
4782296 4782708
4523571 4546553
4789051 4789392
4074563 4229669
580376 1297455
4797322 4797501
4757422 4758243
4806559 4806749
4787171 4787560
4668318 4674075
4800081 4800257
4776429 4777002
