38136663 188827
39691426 1643712
34238919 1643712
30421338 1643712
38014338 1643712
39687576 1643712
39687577 1643712
39682624 1643712
39683316 1643712
40616193 1643712
39693522 1643712
34312339 1643712
39680697 1118343
39685194 1118343
34239055 188484
37931975 785234
37931976 785234
39674904 740475
33921051 740475
37931974 1070343
37931978 1070343
34311581 3202399
39675070 3202399
34311619 3202399
37934390 3202399
37931953 247332
39656362 435114
39688338 435114
34239048 611575
37927343 611575
34238934 1553882
32818868 1553882
39683284 553180
39662264 485650
40616194 2511
39695324 2511
34309343 2511
39693788 2511
39692486 2511
39665841 187825
39690250 187825
34239049 187825
40616195 1613460
39665752 1613460
39674438 44486
39685265 575870
34465114 174467
39664703 174467
33089819 174467
36935010 174467
34239907 130491
39692448 7267
39692449 7267
39692451 7267
39692455 7267
39691526 7267
39692463 7267
39692464 7267
39692465 7267
39692467 7267
39692476 7267
39691527 7267
39692477 7267
39692478 7267
39657057 7267
39695799 7267
39692487 7267
39696790 292255
15261955 292255
34489877 292255
34311754 292255
37931952 154842
39675273 154842
39681205 531592
15158249 531592
39688883 531592
39671350 531592
39652553 2512
10069216 2512
39691439 2512
40616196 2512
33089828 2512
34234297 2512
39671259 2512
39695914 2882166
39683916 2882166
37927337 2882166
39656411 2882166
37927340 2882166
39680601 733130
39678064 245974
37931874 245974
40616197 479297
37943952 479297
39658165 616547
39695723 616547
39681208 1037617
39664821 6523
34261644 6523
30227296 6523
37937203 6523
4997546 6523
30222485 705980
39656207 705980
39656212 705980
39683329 705980
39679866 705980
39665902 705980
39658600 705980
34234562 705980
40616198 705980
39689871 705980
39670638 245959
32778026 245959
37926972 180012
37944514 180012
39671908 180012
32807165 180012
39688657 1333416
39674912 1333416
34240110 420640
34240112 420640
37929017 457162
37929018 457162
39675328 457162
37931418 457162
39681204 457162
34277907 457162
34498291 457162
39670680 457162
39671823 457162
39674437 188116
40616199 188116
39679883 188116
30426573 292759
39683612 713288
39684319 254181
30435703 254181
30430652 254181
37926388 6534
37941995 6534
39696132 6534
39696133 6534
39656399 6534
30230429 6534
39651862 6534
39670069 6534
39683815 6534
39696144 6534
39696154 6534
34370933 6534
39663720 2757173
39664583 2757173
39663721 2757173
30425852 486755
39662432 764240
37939196 764240
30442083 760765
39659801 646565
37943945 200601
37929376 200601
39663588 646584
37936130 971194
29603041 971194
29603043 971194
29603044 971194
39662281 545310
34314284 3131319
39677413 3131319
40616200 3131319
39664848 3131319
39677973 3131319
39683816 3131319
40616201 254091
40616203 254091
39670061 85777
39665387 85777
40616204 85777
39663727 497084
29584223 464731
39662192 706397
39669180 706397
39665965 494787
30449007 494787
30435080 30435082
37925566 1474140
39680959 269073
30432747 269073
37939181 7139
32818926 7139
37943705 7139
37926568 7139
37944340 7139
39664797 7139
29593258 7139
37926577 7139
34309382 7139
39662444 1138947
39664548 1138947
29584271 188465
32850318 188465
29586988 188465
37942541 1349101
29586724 488825
29603085 709404
32813734 709404
29603399 709404
30444014 78371
39658234 78371
30433004 78371
37941437 1027
37926569 1027
29595244 1027
29710598 89310
37942618 783175
34247158 783175
2635231 783175
40616205 783175
37925567 490589
40616206 490589
37932992 490589
30425950 490589
34250650 490589
29584539 490589
37934610 1009942
29584322 1009942
37940928 1009942
30425958 1009942
30425946 1009942
39664801 1009942
32799390 1009942
37930738 1028
34247420 1028
33187766 1028
33187825 1028
37929405 1028
40616207 2177092
39654016 2177092
30447794 2177092
39665964 2177092
34250759 292510
34258699 279979
14322559 1114840
39663652 466335
30437158 4880
30437162 4880
30437166 4880
30437170 4880
30437174 4880
30437178 4880
30437182 4880
30437186 4880
30437190 4880
30437107 4880
30437194 4880
30437198 4880
30437115 4880
30437202 4880
30437210 4880
30437214 4880
30437218 4880
30437222 4880
29584297 4880
37930918 4880
29584308 4880
37943709 4880
39670124 4880
37925584 4880
15011569 4880
39666582 4880
39664803 4880
34250625 4880
37934549 4880
29584250 1155002
39664665 1155002
39664888 1155002
39659835 1155002
30432058 30432060
39664775 475055
37930942 475055
1376 18272
92473 18272
13414261 18272
18267 18272
39663493 1354740
35811102 531224
34238974 531224
37942006 531224
39669129 531224
39695004 531224
39666729 531224
37927333 531224
39694907 531224
34239052 531224
39656292 531224
39680989 531224
40616208 531224
37927403 531224
30423534 12230
30223454 12230
30223459 12230
34307165 12230
30223461 12230
32792805 12230
29584346 12230
39664769 12230
30238382 12230
9723950 12230
37929403 12230
15161149 12230
34311708 525966
40616209 1128505
39674943 1338335
39663552 1338335
39674392 1338335
34224507 1338335
39674366 1338335
29584300 748404
39665787 197699
39678846 357073
30440039 357073
29589537 7140
37930895 7140
34257257 7140
29599060 7140
29599066 7140
32815051 7140
34257507 7140
29589541 7140
29589535 7140
29599132 7140
30433378 7140
29583986 7140
29599133 7140
29599173 7140
29592585 7140
39665819 1105070
30442084 1105070
30439401 1105070
39671950 1105070
39656200 1105070
39665761 1105070
34481121 1076929
39666607 596023
39675298 486764
39674971 1461554
30238288 748035
34238875 748035
39683566 748035
34239934 748035
34239935 748035
37942004 748035
34240093 748035
29597554 7141
39671825 705856
39664714 705856
39663680 1054212
32818927 1263052
30431080 848267
37929751 848267
13379894 1062110
30427998 161408
39671860 1315390
30429744 7142
34224658 7142
37940522 7142
39664580 2026900
30433109 30433111
30434482 544996
30433053 544996
39664705 544996
40616210 499200
37924693 466088
29592414 466088
29592488 466088
39678434 1065922
39675376 1065922
37940511 10558
30455572 10558
34246608 10558
29592399 10558
37940519 10558
39664810 10558
34250698 10558
37930142 31618
39663710 31618
30433427 31618
39673829 31618
34245958 31618
34238981 31618
39670121 31618
40616211 31618
40616212 31618
39657936 31618
39657916 1015
14452758 1015
3258886 1015
37926381 1015
2635205 1015
15158106 1015
39657917 1015
37925870 1015
29602959 1015
39659613 1015
39657918 1015
10486640 1015
15154431 1015
37938647 1015
30427686 1015
29603167 1015
30449758 1015
35374512 1015
4443286 1015
39659612 1015
29584509 1015
32850326 1015
14452753 1015
29601447 1015
30452605 2151759
37929298 2151759
39666649 2151759
39667333 2151759
39664886 175855
39674379 1783940
39685263 2023821
34241095 2023821
40616213 2023821
12041201 2023821
37927400 2023821
39691399 2023821
39668064 2023821
39687813 2023821
40616214 2023821
39666597 2023821
37932059 2023821
37944603 2023821
37944604 2023821
37944606 2023821
37927339 2023821
39696625 2023821
39671366 2023821
34346313 2023821
37927342 2023821
39664414 239545
30434929 239545
30434894 239545
30436740 239545
39673897 239545
4443285 239545
30434940 239545
21612840 239545
21612836 239545
29586722 2166082
39656650 2166082
40616215 2166082
39658520 848034
37929634 1135673
37944587 1464845
39673483 1464845
37944595 1464845
39677997 1464845
37929371 1029
34225494 1029
39666585 85706
13336822 85706
30439165 482948
13406762 235142
34232419 488991
37944605 1263606
37944607 1263606
37944319 6838
34224000 6838
39670054 6838
37935016 6838
39660026 6838
30432045 6838
13422880 6838
29604479 6838
34241255 6838
3817601 6838
39675284 6838
30453234 1916351
37928270 1916351
40616216 1916351
10486622 763993
39663738 788407
40616217 1124719
30448310 1124719
37929378 6982
37930742 6982
37930745 6982
34248048 6982
2933947 6982
37930747 6982
37930749 6982
29597185 507779
39669930 507779
39669214 507779
39666578 507779
40616218 507779
39669290 507779
30442255 507779
30442381 230563
32799839 230563
37929239 1173027
37944589 1173027
39669291 7143
37944352 7143
39675338 552914
40616219 552914
29595242 1543946
29584319 543184
37929369 1159984
37931770 1159984
39674324 1159984
29587122 1159984
30226348 1159984
37943720 1159984
40616220 435115
30450362 435115
30431860 435115
37943629 435115
39678797 435115
37944594 435115
39659450 435115
39694910 435115
39652468 435115
37944601 435115
39679132 435115
29584222 9038
30428770 9038
30433156 9038
33187755 9038
39669819 9038
33187762 9038
39665903 9038
39665927 9038
30444105 9038
29584134 9038
15154397 9038
30450635 155895
39671943 155895
39669334 155895
39665821 1468172
39666596 414845
34284691 739997
37927714 739997
11132953 4881
37931774 4881
34247214 4881
32819154 4881
32806968 4881
33187830 4881
40616221 2403858
40616222 2403858
32810050 2403858
30436011 461563
39669254 1134104
39671681 545343
34400731 650632
37934616 7144
34240052 7144
30454822 7144
34239042 783460
37929374 479799
39669139 610894
39663531 610894
30431754 8093
29584273 8093
37940857 8093
30444473 8093
32817893 974541
32850322 974541
39664317 726269
34379766 726269
37930734 2526
3258896 2526
39682736 6711
39688275 6711
30428902 6711
39678406 6711
30227750 6711
32850457 6711
14328387 10688
14986822 10688
4235637 10688
37944333 10688
30434890 10688
34246778 10688
39659694 10688
39659625 10688
29586718 10688
39669182 10688
30456124 10688
29583831 10688
30435723 10688
29591323 783248
40616223 783248
39679129 783248
39669848 783248
39673933 1352819
37944324 1277862
39665886 1156972
37934650 1156972
34258274 2412961
39695279 2412961
37927610 2412961
39661326 2412961
39670760 2412961
39664685 2412961
39659714 2412961
37929623 2412961
34424157 2412961
39680632 2412961
40616224 2412961
39652466 2412961
39692798 2412961
30446884 2412961
39651807 2412961
39687564 2412961
39665403 2412961
39673162 2412961
39665404 2412961
39675331 2412961
39687566 2412961
29591325 273964
40616225 273964
15145960 273964
39670616 1132212
37944315 1147293
37941997 717111
39662165 10691
37925036 10691
40616226 10691
30441527 10691
39673821 1181133
30445285 1181133
30440286 30440288
40616228 453545
39674351 249607
37926878 9166
37926879 9166
32850306 9166
39664544 9166
34249102 9166
30440291 9166
40616229 1337837
37942683 738462
29595330 6839
37944320 6839
32850301 6839
39669845 229044
40616230 229044
29584253 1090101
29584209 1159043
30445572 842036
34284567 842036
37938639 8620
13339324 8620
34246890 8620
39674386 8620
29584478 8620
39674842 115528
30445384 115528
39670103 115528
39674426 115528
39669343 115528
40616231 115528
39670013 115528
39669345 115528
39675308 115528
39669944 841179
30439513 841179
30441056 1075349
29584507 537978
39666106 221581
37932073 221581
34239888 221581
34239905 221581
39674900 221581
30426281 221581
37935302 221581
32813212 221581
39665968 221581
39690984 221581
39666142 221581
39665970 221581
39688892 221581
39687657 221581
37926937 221581
37936715 221581
37935306 221581
37944602 221581
39681240 221581
39663133 221581
37932076 221581
39680533 221581
29602949 1024
40616232 1024
30425672 1024
39671226 1024
39664687 1024
15180236 1024
39670017 1024
39673813 1543507
37944375 778127
30444121 610581
30444130 610581
30444134 610581
30444138 610581
30444141 610581
30444144 610581
29584315 764018
32792808 764018
37926918 764018
34246304 200672
39692935 179825
30452338 179825
30426035 9532
37924835 9532
15177458 545561
40616233 40616234
30441641 725320
30427834 725320
39696523 162936
37944513 162936
39696524 162936
39679405 162936
30442409 162936
37929363 8221
37940926 8221
37926906 8221
39664680 8221
37940867 8221
40616235 8221
32829286 8221
37929395 8221
37929396 8221
39665963 1190474
29587121 1190474
30441921 85850
30441932 85850
30441361 29643199
30441364 29643199
30441353 30441355
30441358 715021
32832114 1815374
39683873 1815374
39693545 1815374
32850295 9303
34239029 9303
37924847 9303
30441959 9303
30441963 9303
37930913 574161
30442165 706338
30442168 706338
30442171 706338
30442190 706338
30442185 30442186
30442181 30442182
39687397 732851
39683531 732851
37929401 4882
34309488 4879
30235585 4879
30235589 4879
30235592 4879
30440943 4879
37924925 4879
34233436 4879
37928112 4879
39658862 4879
39656402 4879
30428130 4879
37927332 4879
33673165 4879
29585608 4879
34392654 4879
39691393 4879
39683817 4879
34226374 4879
39665943 4879
34223936 1016
30451082 1016
32850299 1016
29603069 1016
29603075 1016
10486648 1016
29603095 1016
32792811 1016
32850320 1016
29587483 1016
39670776 1016
39675282 1261645
39673131 1261645
40616236 1261645
39674181 1261645
39674848 1261645
40616237 1261645
30449090 725401
30450470 485009
2155174 4639
39690983 1246031
37931868 1246031
39674183 1246031
39684828 1246031
34258373 1246031
34382276 1246031
39687665 1246031
39671797 1246031
39694911 1246031
39679093 1246031
39679842 1246031
37927402 1246031
39686916 1246031
39673918 1246031
39683814 1246031
39685565 1246031
37930934 189550
34247373 1178271
37926908 1178271
37929620 1978392
39684656 1978392
29584220 9737
29584256 9737
37928088 9737
29584521 9737
39675274 705939
32780549 705939
39674918 705939
30443683 459969
30443688 459969
30443664 30443629
30443626 30443629
30443642 30443629
30443648 30443629
30443652 30443629
30443638 30443629
39684332 206183
30451516 206183
30451488 206183
34246362 9041
40616238 9041
39666754 1246184
30449018 1246184
30443671 30443674
30443678 30443674
30443633 29674006
30443658 30443660
34422800 482542
39689888 553168
34264967 34264971
37944313 8222
29584245 8222
34311645 8222
39675304 458385
39675303 458385
39675305 258801
39653480 455356
39670679 455356
34265213 455356
39670053 455356
37927331 455356
37931870 455356
39653484 455356
30430004 455356
37942007 455356
39653486 455356
30430099 455356
37926938 455356
39671288 455356
39653496 455356
39690283 455356
37935407 455356
37935415 455356
39682696 455356
39691167 455356
30431774 455356
30428144 7134
40616239 7134
40616240 7134
29599472 7134
39675307 310364
29592338 1164525
37944588 1164525
39671388 1164525
29584259 11482
39669986 11482
39675302 1817054
29602941 148204
37944353 148204
39675309 716017
29584228 1510766
39690712 571347
37941998 571347
37941978 571347
39678831 571347
30447443 1108964
32870963 1910003
39659468 1910003
31758563 1910003
37926909 7145
30434663 981814
30430439 1114533
40616241 1114533
37931871 1114533
39688522 1114533
30234542 1114533
30449342 1114533
34384873 1114533
39695574 1114533
39673139 8738
39671336 8738
39666759 2541
10088653 2541
39679917 2541
32801803 2541
39671403 2541
34284683 2541
30450627 25890
32853672 25890
30449279 25890
29587471 25890
29588499 25890
29594091 25890
14928576 25890
29595106 25890
13504983 25890
4969698 25890
39678803 85858
39680328 85858
39677385 85858
39674424 85858
39678805 85858
39680339 85858
39675295 85858
30451989 1860229
40616242 1177224
30446278 315045
39651837 269075
40616243 269075
39651838 269075
39679027 269075
37934943 269075
39669853 269075
37927334 269075
39673109 269075
39681210 269075
39684464 269075
39691263 269075
34461869 269075
39665405 269075
34396403 269075
39674444 14688
39678827 14688
39674436 14688
40616244 704864
39671791 1528894
39673924 39673926
37941977 616495
39684623 616495
37941981 616495
37934534 6697
39678818 1860042
39675821 1860042
39671261 1159819
39673111 1159819
37941996 537541
37924629 537541
39690516 537541
39693803 537541
39671258 537541
39690517 537541
30448203 14121
32792793 467036
39669963 180034
37926943 180034
30449352 11721
40616245 580958
39670764 1993945
29584480 4883
39678231 1543592
39680380 1543592
39677402 1543592
40616246 1543592
30456154 1543592
39675377 1543592
39678046 1543592
30456147 1543592
39678350 715100
30456163 279631
39678229 279631
29584728 29584730
30454157 145303
37926925 145303
39668063 145303
39651633 145303
37942003 145303
39696432 145303
37929240 145303
39674969 145303
37944593 145303
39684862 145303
30430554 145303
39690423 145303
40616247 145303
39653497 145303
39694551 145303
30424124 145303
29593638 145303
30457282 7606
30453957 7606
30446739 7606
39669133 1460847
39673105 39673106
39678824 610840
39678840 610840
30456357 610840
30443744 474972
150771 474972
30449596 474972
39688921 474972
39653505 474972
30450086 1472614
39652254 1587537
30455838 1587537
39696361 1587537
30444692 8913
39675378 818897
30450657 475856
37931869 471297
39688791 471297
39696351 471297
39682642 471297
37926940 471297
39671536 471297
39671335 471297
29584325 13483
39669982 13483
30456153 200162
29584589 200162
32780550 616770
39677390 43619
39662208 43619
30232677 6537
30235579 6537
30232681 6537
10068950 6537
34266767 6537
39656182 6537
37927328 6537
34382274 6537
31757930 6537
39664733 6537
39671281 6537
40616248 6537
37927330 6537
39664734 6537
34446258 6537
30243453 6537
39663711 6537
39673943 6537
39666183 6537
30445187 6537
29601207 6537
39696873 6537
37941583 6537
29587471 7604
29588499 7604
29597264 7604
29594091 7604
15134100 7604
5979946 7604
14928576 7604
29595106 7604
30456335 7604
39680366 1214513
40616250 1214513
39679858 1214513
30425788 1214513
30451568 23667810
39680640 980753
39653479 980753
30452506 980753
39653482 980753
39687722 980753
39683783 980753
30447265 980753
39665710 980753
37926930 980753
39656547 980753
37932074 980753
30443523 980753
39675296 980753
39653488 980753
39651894 980753
39684312 980753
39653494 980753
39678386 980753
39679891 980753
39658324 980753
39658326 980753
39653784 980753
39684555 980753
39675831 980753
39653503 980753
37943953 980753
34284168 250889
39664877 610976
39670658 2077986
37926391 1123101
39688792 579482
29584153 579482
37944599 579482
39695566 579482
37942014 579482
34240290 579482
34223918 310012
39651819 310012
39677977 310012
39682663 310012
37944597 310012
39677943 310012
39690432 310012
37941994 179997
40616251 179997
39673738 179997
39684939 179997
37931875 179997
32804367 179997
39696619 179997
29587462 8094
29587466 8094
30430137 1277524
39680357 1277524
39680334 1277524
30428956 1277524
39680360 1277524
39680329 1277524
39680354 1277524
39680382 1277524
39680330 1277524
39680355 1277524
30456973 1277524
30427965 1277524
39680341 1351480
34266730 258804
37931935 258804
39693346 258804
34237338 258804
37926392 258804
39663604 258804
37944590 258804
30435445 258804
37944592 258804
15037480 258804
39674882 258804
39658431 258804
30440955 258804
15168213 258804
34266856 258804
34266859 258804
34266860 258804
34266861 258804
34266862 258804
38071444 258804
30430445 4884
30441627 4884
39680364 4884
39680362 4884
33222657 4884
2635095 4884
39696875 179774
39696112 179774
38072437 179774
39680313 712549
40616252 924777
39680379 705913
39680390 705913
34225697 705913
30453163 571969
37939834 1700990
39696124 1700990
37942013 1700990
39690363 1700990
37942017 1700990
39685216 142817
29584393 27695
34221668 126
34309081 126
39675311 126
34307168 126
39673153 126
37944515 126
40616253 126
37941567 126
30222519 126
39688459 126
39693051 126
34309080 126
34309085 126
40616254 126
34239191 126
39685176 126
39661359 126
34413272 4874
30433386 85823
30433733 85823
30432436 85823
39681813 85823
30433891 85823
30433889 85823
39681953 85823
39681592 293237
34238882 48790
39677365 48790
32808818 48790
39658316 48790
39671364 48790
30426218 48790
39672235 48790
39658321 48790
39689940 48790
37940351 48790
39673853 48790
30441460 48790
30446534 48790
39684634 48790
39688797 48790
39653490 48790
39653492 48790
39658322 48790
30443474 48790
37935403 48790
37935419 48790
39679098 48790
30424124 48790
39658328 48790
39669342 48790
32808822 48790
39658330 48790
32808824 48790
39658332 48790
39658334 48790
37943796 336885
40616255 336885
29593619 336885
37935299 2230936
37924728 2230936
37935308 2230936
39673900 2230936
28410093 12348
30450269 12348
39663432 458407
37934935 458407
37934940 458407
37934942 458407
34240088 458407
37934945 458407
39674399 458407
37934950 458407
39673928 458407
37944586 515459
37941979 515459
37933161 515459
39680624 515459
3258832 2209653
30429064 73697
37934938 73697
37929230 73697
30448090 73697
37934941 73697
37929236 73697
37934939 73697
39674917 73697
37929237 73697
39695671 73697
39691234 73697
30432146 73697
37934946 73697
37934948 73697
37929241 73697
30440422 73697
39659718 73697
3990510 8914
34224820 27385
39680291 922474
34222964 7968
34240761 95917
37942408 95917
37934952 95917
39682898 95917
34441743 95917
37941983 95917
15147081 95917
39671676 1177403
34254541 737005
37944608 737005
30449971 2518
37941526 2518
10061179 2518
30442662 2518
37941993 2518
39685702 2518
30446775 2518
30450608 2518
37942000 2518
39655808 2518
39692425 2518
39654014 2518
39694960 2518
30425365 2518
30441814 2518
37944596 2518
37931872 2518
39666491 2518
37926941 2518
37927711 2518
39671252 2518
3700650 40273
2635126 40273
30432015 40273
30435169 40273
39681880 40273
2635232 40273
30433999 40273
30454698 40273
30433828 40273
30433832 40273
30433836 40273
30433839 40273
30433843 40273
30433847 40273
30433897 40273
30432419 40273
39674364 572016
30454815 572016
30454819 572016
37930154 1117891
39654130 616614
39689869 616614
39678365 616614
30432249 616614
40616256 616614
37924712 616614
39652245 616614
32808876 616614
39671330 616614
39685182 616614
29593628 616614
39678826 616614
39666697 616614
39654438 616614
39653472 616614
39656247 616614
34305788 249372
31757953 192555
30454895 27599
29593633 125598
39678697 862498
30455635 12349
30430831 74404
30425171 74404
37933154 74404
37935631 74404
37931828 74404
30432294 74404
39687995 74404
39687994 74404
40616257 74404
37926402 74404
39658587 74404
39677878 25144
33163898 25144
30456539 30456542
39679113 773729
37926311 400408
39693687 400408
39666421 400408
37931416 456217
37935987 456217
39687978 456217
30444349 456217
30248940 2542
30234834 2542
30442662 2542
30248542 2542
29039239 2542
39694516 2542
34221408 2542
30447986 2542
29584612 2542
30229331 2542
37942690 2542
39662412 2542
37929275 2542
30455237 8216
34254357 64961
37935297 64961
39673852 64961
34237337 64961
37935395 64961
39678685 64961
39675213 64961
39680969 64961
30432042 44773
32829188 445807
39693039 445807
37926298 445807
29591677 445807
2430616 6542
30245365 121476
30441380 121476
30454279 121476
39687973 121476
39671376 121476
30430009 121476
30441822 121476
30441744 121476
15178709 121476
37932970 121476
34258390 121476
39658295 121476
39671339 13593
30426023 30426025
39675319 318884
30220756 551317
30443156 551317
30443161 551317
30443166 551317
30443171 551317
39690294 76252
39671939 76252
39671940 76252
39678400 1125525
39678403 1130184
37936717 365336
32795041 2527
10089030 2527
34255418 2527
37936709 2527
34264919 2527
30425256 2527
39683070 2527
30440239 2527
37935209 2527
39665941 2527
39683128 2527
32778034 2527
30438628 2527
37943936 2527
30436456 2527
29603917 2527
34477936 2527
37927338 2527
29592258 2527
30448168 2527
39671320 2527
34248591 2527
39683174 2527
34240851 2527
39655820 2527
37927329 11833
29603707 11833
15142473 11833
29603466 11833
39671340 845086
39680974 1214472
40616258 1214472
37940460 1214472
39693308 1214472
39694515 1214472
40616259 1214472
39654449 1214472
37929235 83584
37926398 83584
30425641 564109
39693292 564109
39675206 564109
39696293 564109
39693802 239563
30242123 239563
39694513 239563
39694514 239563
39687939 739881
30440979 739881
37944600 739881
39688940 2011450
30425710 2011450
39674464 2011450
30432330 2011450
29595208 2011450
37929284 2011450
39653661 2011450
37944598 2011450
39658467 2011450
39660038 2011450
39660039 2011450
37929266 2011450
39658469 2011450
39658523 2011450
39654267 2011450
40616261 2011450
39688075 689
30436333 689
34309043 689
30436163 689
37944585 169621
39687938 169621
39691456 169621
39673846 169621
32829572 720304
39688451 531334
37935301 740384
39661334 740384
14452763 11353
30229507 2524
30225093 2524
39670092 2524
30736572 2524
34309029 2524
37926266 2524
30736573 2524
30741181 2524
39694512 2524
39693356 2524
30454875 2524
34441411 2524
39673859 2524
29604931 4499
39670251 6529
39666661 6529
37942016 6529
34254377 3914920
30435836 3914920
30436259 3914920
30435699 3914920
39691225 3914920
39658320 3914920
39659341 3914920
34258389 3914920
39675360 3914920
39679130 39679131
40616262 29635753
39673867 511469
37928683 175017
37941443 37941444
39678816 1237108
39664786 798410
37929273 798410
30447607 798410
39656326 798410
37941441 14695
37943422 24526
39656539 153633
37942678 153633
39656476 153633
37925665 153633
37943950 153633
40616263 153633
30239407 153633
39651941 153633
39678385 250908
32818756 522011
37929272 179592
39677939 179592
34240261 179592
37929264 44468
39694948 538061
30219464 28812
13504329 28812
30443070 28812
10052228 28812
39675318 28812
39659733 28812
37930655 28812
30456015 28812
30239407 28812
37925057 28812
29603447 28812
34232918 28812
34232921 28812
37935411 28812
39680326 28812
30435542 28812
30425192 28812
39665893 28812
34373757 122
37938408 314377
30219457 515428
39674309 515428
39658318 515428
30443102 515428
30449440 515428
39687430 515428
39670434 515428
39636688 515428
39654526 515428
39658496 515428
34239025 1122784
30444936 1122784
37926405 1122784
39664633 310172
39677392 310172
39696722 310172
30443521 310172
37935444 250103
29595208 250103
34309051 250103
39659648 250103
30222717 576076
39689934 576076
34239944 576076
34238992 576076
34238997 576076
34239008 576076
15170589 576076
34239017 576076
34239018 576076
33308988 576076
30455019 576076
39680952 576076
39659611 335717
34248623 335717
34311600 1244054
39682636 2799484
30232612 6712
29597935 6712
13323766 6712
37933148 6712
30447583 6712
29601158 6712
39671280 6712
29587112 6712
39683601 6712
34238996 6712
32815114 6712
30441808 6712
29593342 6712
37941571 6712
37933172 6712
15171074 6712
34239089 6712
34311730 6712
34309053 6712
34284695 6712
29591610 6712
39669348 6712
37941577 6712
39659647 6712
39665911 6712
34250869 29263
39678789 1266399
37938643 1266399
39677368 2894922
30429443 2894922
34238889 2894922
34233678 2894922
37928285 2894922
34238993 2894922
40616265 2894922
34239014 2894922
34239015 2894922
34240115 2894922
40616266 2894922
39684271 2894922
32792583 2894922
32823589 2894922
39680967 2894922
39678389 2894922
29600674 2894922
37929755 2053365
38071519 1159606
30234526 1159606
30431937 494884
34239006 534811
30440982 534811
39678793 2429704
39680544 574927
34239650 723308
34243507 723308
39678051 723308
3296063 723308
30439199 723308
39678388 723308
39673077 43599
30225097 1511388
39674311 1511388
34311820 1511388
30437247 239571
34238917 239571
34239016 239571
30456013 239571
34239023 239571
39658119 239571
39653923 239571
30245256 239571
39680687 1111717
29603434 1277551
39662356 1277551
30219866 1277551
34239882 2525
34239886 2525
39665758 2525
32788770 2525
32788771 2525
4005639 2525
10048235 2525
34239912 2525
39687453 2525
34239914 2525
34239943 2525
34239948 2525
30451868 2525
37934944 2525
30430013 2525
29607524 2525
29583334 2525
34236779 2525
34240068 2525
34240073 2525
34240076 2525
34240077 2525
34240090 2525
34240095 2525
34240101 2525
34240102 2525
34240104 2525
34240106 2525
39666182 2525
34347528 2525
39658899 2525
29603434 2525
37925668 2525
37925670 2525
14993531 2525
30431304 1317
15074224 2097311
30430664 2561271
39670677 844282
39670125 844282
21858196 844282
40616267 844282
30433245 844282
37943777 844282
39680225 727011
30431034 490052
30456321 738411
37940510 550560
39695118 550560
30426620 453688
34238881 1140098
30429323 1140098
39670012 1140098
30425226 618381
39687439 618381
34240018 618381
30425361 618381
39688258 618381
29603712 618381
8408192 29144
8408186 29144
8408172 29144
8408190 29144
29594086 29144
39662169 38530
39684867 38530
37924894 38530
8408162 1148716
39695040 1148716
8408160 1148716
8408146 1148716
8408149 1148716
8408141 1148716
8408168 1148716
30218893 111094
39677856 111094
39696711 1122334
34491009 7979
30223616 4896
30232612 4896
35782848 4896
34292190 4896
34355408 4896
39666758 4896
37940513 4896
39679867 4896
30432837 4896
30248842 4896
30432196 4896
34237200 4896
33308997 4896
34292740 4896
34312314 4896
39253846 4896
39658650 4896
34255455 4896
29584311 7605
30434301 7605
31136639 7605
12045784 7605
34478676 7605
34258368 7605
30432444 7605
36697649 7605
39680310 479970
39691154 2018315
30448504 2018315
39679153 2018315
37940325 2018315
39654505 2018315
39673180 2018315
37944527 788802
30447182 788802
39684810 788802
39662436 788802
39687444 488169
34223507 488169
30232103 1135876
39695678 1135876
39673085 1135876
3258876 2331854
39683274 239581
39691137 239581
34309050 239581
37944540 239581
30447537 239581
37944549 239581
39538003 239581
30454640 44770
8408145 44770
8408138 44770
8408197 44770
8408176 44770
8408157 44770
29593193 29593196
30456015 248586
30449549 248586
30428778 465653
30222483 6856
30425455 6856
30450577 6856
30437333 6856
14295642 6856
37944520 6856
37944739 6856
37944526 6856
34236776 6856
37944531 6856
34425530 6856
30446372 6856
29584352 6856
37944536 6856
37944541 6856
35101299 6856
13412689 6856
10048191 6856
35068938 6856
34236780 6856
37944550 6856
39658303 6856
1325749 7964
8408208 7964
33308836 249835
39684916 249835
39677353 249835
39679169 249835
37938176 249835
39695483 249835
34240189 249835
4520516 249835
3725142 239905
34233690 239905
30454533 147660
39666440 211935
37929618 211935
34238967 726270
34284272 24316
34311587 1495464
40616268 1495464
30426125 1082636
34239901 179406
37944525 179406
39683758 310286
30439680 310286
34238987 310286
8408236 16350
37939832 280013
29606715 280013
30431284 280013
39682738 6694
30456029 6694
39675071 6694
37926394 6694
30439330 6694
34234263 6694
29603915 6694
30447587 6694
39674925 6694
33308990 6694
39678848 6694
30427451 6694
39687838 6694
31757931 6694
10052232 6694
15080020 27596
31077602 27596
30425978 475208
34238920 12011196
30438569 12011196
30433238 12011196
34233704 12011196
32829565 1287962
30452305 787649
37944521 596561
34257648 596561
37935343 596561
4005673 278799
39680549 278799
30437984 278799
30455547 278799
30456943 278799
37935337 278799
39674421 278799
39680837 278799
30429099 278799
34377815 32827
34435528 32827
31166175 32827
29600770 63994
34246840 778899
28409325 26689
29592390 1060939
29592389 1060939
29592413 1060939
40616269 1060939
37940518 1060939
29592428 1060939
34240060 1060939
29592429 1060939
29592430 1060939
29592431 1060939
29592432 1060939
40616270 1060939
34284835 1291548
34239884 2528
37941566 2528
39678412 2528
37942617 2528
39671494 2528
37924763 2528
30436457 2528
30451972 2528
39677428 2528
37929865 2528
37936716 2528
30448832 2528
39680694 2528
34310838 2528
39666739 2528
39253843 2528
34306311 2528
34250116 2528
34250134 2528
15171073 2528
15171077 2528
39690396 2528
39682625 531249
37931818 531249
30433252 531249
250691 531249
39683331 531249
29599489 303959
8408242 89675
30243449 312493
30439093 312493
39669988 312493
30444278 312493
33284272 312493
32840002 312493
34230529 312493
37935316 1470942
30439093 482772
39687392 482772
37926296 482772
39683305 482772
34224803 482772
37935317 482772
34246336 1135318
34246602 1135318
34246660 1135318
29587103 1135318
34246684 1135318
34246766 1135318
34246768 1135318
39682650 1135318
34238989 1135318
34238990 1135318
15046152 1135318
30449612 1135318
39681180 1135318
29604437 1135318
29604446 1135318
33308985 1135318
34247945 1135318
34248064 1135318
29587170 1135318
37926273 1135318
39695038 1135318
30435218 1135318
34250796 1135318
29604521 1135318
29604523 1135318
34250877 1135318
34239321 1135318
30426986 13211
39656420 471818
39656423 471818
37935635 471818
30449651 471818
39679166 1201388
34239112 1181117
34240032 230689
29594985 230689
30449679 8942853
39651731 798427
30457353 798427
39693002 798427
34258725 798427
30225090 2543
37939832 2543
30225097 2543
29606708 2543
37930714 2543
30439142 2543
39664884 2543
37935298 2543
30435882 2543
39680344 2543
34246843 2543
30232461 2543
37926933 2543
3296060 2543
30456013 2543
39681185 2543
37924987 2543
30447207 2543
36740625 2543
37930657 2543
30435619 2543
3502983 2543
37931911 2543
15098826 2543
34250618 2543
32697216 2543
34255419 2543
34230258 2543
39684967 1650338
39687661 1650338
39684611 1650338
39685257 1650338
39670637 1650338
37930728 1650338
40616271 1650338
39678971 1650338
39674844 1650338
28409811 1650338
40616272 1650338
37926952 1650338
39665517 1650338
39680691 982454
37929112 1065616
34253046 1941116
40616273 1941116
39683163 1941116
30453568 29146
30453886 29146
30241654 455410
37925046 455410
39696638 455410
10699344 455410
8408175 258494
29710358 29710361
39675373 532670
30241644 532670
30241648 532670
38071548 532670
39692802 532670
34375203 532670
15145815 532670
13371778 532670
30452549 532670
39691288 532670
4059705 532670
37925667 532670
37925669 532670
13489567 11958
29603946 29603949
29603947 2262125
3817682 500005
37940865 500005
34249599 500005
34381591 500005
29603967 33236
37944737 514027
8408148 514027
39680690 414770
39682672 414770
30450063 455317
39683277 455317
34423976 455317
30442908 532518
39688298 532518
32778010 4885
30232457 4885
30232103 4885
30230565 4885
32849518 4885
30441898 4885
37932226 4885
37926934 4885
39693812 4885
39690362 4885
39683763 4885
34481825 4885
38460634 4885
39681178 4885
30457353 4885
29601560 4885
30439858 4885
29606716 4885
40616274 4885
37930661 4885
37945312 4885
34472507 4885
34239109 4885
30229660 4885
34472508 4885
30425294 4885
30450165 4885
28409943 847237
29606710 847237
39678374 847237
40616275 847237
39664404 847237
30442703 847237
39680201 847237
15145824 847237
34227063 7159
8408154 151949
30456233 815775
34239913 188726
37930668 188726
30439142 552836
30449862 552836
30236350 552836
34258134 552724
30449905 552724
39675330 552724
13489567 11227
30439951 500049
39694024 500049
39683918 500049
4186540 2544
34254427 2544
30449649 2544
30449648 2544
30451691 2544
34258292 2544
34246764 2544
34238948 2544
39680369 2544
39684322 2544
37935633 2544
30451728 2544
30449657 2544
30451775 2544
39656637 2544
30449661 2544
30451703 2544
39680627 2544
29595261 2544
34311737 2544
34284829 2544
15160999 2544
34439394 2544
33555455 2544
39688889 2544
34284830 2544
39670630 266
39695109 266
30436453 266
34257444 266
30453785 266
39674371 266
34237714 266
30424911 266
29609426 266
1585557 266
14977113 266
39680817 266
30433031 705927
15031043 705927
40616277 705927
39696860 705927
39683062 705927
37941282 705927
34312271 705927
39688499 705927
39690359 705927
37925617 705927
40616279 705927
34230630 705927
38718504 550528
13489567 28398
34240017 1112708
37935654 1112708
39687645 1112708
30230299 455423
30421714 455423
29710118 459862
34257290 459862
39678887 459862
34246335 1156989
30455477 1156989
39683322 1156989
34246604 1156989
37929308 1156989
37926297 1156989
34248069 1156989
39693316 1156989
39685093 1119312
37925044 200709
15141443 200709
39694829 200709
39694830 200709
34239288 200709
3725119 1119399
4059685 1119399
4059680 1119399
34240314 1119399
13342777 1025
30230299 1025
30248544 1025
30235200 1025
30451690 1025
34459904 1025
30451695 1025
37942624 1025
30432531 1025
37924729 1025
30248959 1025
34240063 1025
39696959 1025
39677954 1025
29587217 1025
30451770 1025
37936718 1025
29597269 76851
39693786 247291
39677454 247291
40616280 247291
39669230 247291
30437754 247291
30433413 247291
34238901 738621
30451617 738621
34238912 530123
34224550 530123
4307654 530123
39691417 1140707
37940521 457182
29711156 25896
37924760 147442
30427590 147442
29585460 147442
37942681 147442
34240010 147442
34240015 147442
34240016 147442
39653727 147442
39678471 147442
34239270 147442
34240380 147442
39650820 455460
30441285 455460
30428590 9980
30438491 726271
39688932 726271
34239312 726271
30223454 481888
30223459 481888
30223461 481888
30427639 481888
39679915 481888
15171701 481888
10079335 2529
30227073 2529
37926927 2529
39684462 2529
39679177 2529
28710939 2529
39680307 2529
39677956 2529
34240375 2529
30420030 2529
33308832 1510822
30448945 1510822
30437740 1510822
37927404 1510822
3426374 1510822
30447563 1510822
39650768 1510822
39681223 1510822
37935638 1510822
30450941 1510822
37926635 1510822
39686904 844078
30436410 844078
33309031 844078
39689875 278852
34239277 278852
34240276 278852
39678336 2004548
29583370 2004548
37940520 2004548
15159966 2004548
34238877 763975
34238903 763975
37934593 763975
30227069 748188
34246580 748188
15147115 748188
34240020 748188
39691266 748188
39696950 748188
30430412 748188
32849518 1065277
39682652 1065277
39675205 1065277
39688516 1070302
39693797 855579
37926399 855579
30421708 855579
34281094 855579
39694511 738414
39694552 738414
39652462 738414
39651848 738414
39671132 738414
30430988 2545
30248682 2545
30428666 2545
29585522 2545
39686861 2545
34258311 2545
34246845 2545
39677342 2545
30450451 2545
39678235 2545
30455788 2545
29592600 2545
34240072 2545
37935305 2545
39670949 2545
39673164 2545
34251481 2545
34258791 2545
34258969 2545
30452238 2545
30433672 2545
39670584 18254
37942676 50217
39694524 50217
34221245 50217
30442977 50217
33308869 50217
34311937 50217
30448137 50217
39690971 188627
34239188 188627
39677447 973731
39674362 188494
38071558 188494
39674363 188494
37944759 188494
37932786 188494
30455733 188494
29592635 188494
39691299 188494
39691301 188494
39666664 188494
30442903 188494
10216056 188494
39696877 188494
29592669 740811
34239909 1337786
34239918 1337786
34239937 1337786
34240008 1337786
34240056 1337786
34240057 1337786
34240061 1337786
34240084 1337786
34240097 1337786
34240103 1337786
34240155 1337786
34282424 1337786
30427321 1337786
34303115 231063
39692926 231063
39680335 239573
34292845 2530
30234831 2530
30443432 2530
14323706 2530
39680692 2530
39685309 2530
39695451 2530
10052235 2530
39693644 2530
39680303 2530
15230919 2530
29599099 2530
14323700 2530
39685247 2530
15156675 2530
32813300 2530
30435195 2530
34266908 2530
34266909 2530
39677438 2530
34438925 2530
14323702 2530
15144881 2530
37932510 237135
39674184 237135
34239946 237135
30435663 237135
33308891 237135
30430062 237135
39674915 237135
34311609 481908
39654086 481908
37934230 727471
39683285 727471
34233607 727471
39683286 727471
30452279 727471
30452206 727471
34266787 247355
34239894 247355
39653526 247355
30439261 247355
39652220 247355
30436767 247355
39654081 247355
30456813 247355
40616281 247355
39684541 247355
34314325 247355
30456822 247355
30426971 453895
30456600 453895
38400514 2391351
39678839 1158123
33331050 1158123
34264797 480517
30441910 480517
30443432 1050
37929604 1050
34239902 1050
30450819 1050
34246775 1050
39687821 1050
37939188 1050
34284522 1050
34224257 1050
39685705 1050
34291810 1050
13498453 1050
39683409 1050
39681191 1050
223591 1050
34240257 1050
4059382 1050
39687563 1050
37929619 1050
34230849 171042
30444267 3724984
40616282 3724984
40616283 3724984
15046141 3724984
32850452 3724984
30439149 3724984
30433559 3724984
40616284 3724984
30447746 3724984
34265003 734394
34265010 734394
37928125 734394
30236956 734394
30439125 734394
30455623 188447
34238978 188447
34239005 188447
34239013 188447
13057408 188447
34239060 188447
34239079 188447
13057405 188447
30423990 188447
30438936 171068
34239941 1120015
39694906 1120015
37942553 1120015
34291875 1120015
39696794 482734
30448160 740378
34258467 740378
30447219 740378
30227066 7273
30232138 7273
37928055 7273
30239962 7273
34223876 7273
37940245 7273
39683261 7273
30443577 7273
30454497 7273
34303117 7273
14954966 7273
39670108 7273
29602064 7273
14323711 7273
39696555 7273
39688866 7273
467767 7273
39658267 7273
30442202 7273
14323707 7273
34284159 7273
34239226 7273
39671875 7273
40616287 7273
37936252 7273
148392 7273
29591686 7273
37934597 7273
1502896 7273
15144879 7273
34250855 7273
39690248 7273
34240339 7273
39688756 1050720
39684658 1050720
39680904 1050720
39694905 1050720
39679875 1050720
39680199 1050720
37938175 1050720
30432298 1050720
30436196 1050720
30438548 1050720
10079748 1050720
34311939 1050720
38018385 1050720
39682888 1050720
39680211 1050720
37932176 1050720
14932079 1050720
39687673 273435
28410075 1122931
39686869 1122931
32799339 1122931
39694843 481188
34240389 481188
28409984 28409988
39653524 1162668
30455779 1162668
39689941 1162668
40616288 1162668
4059695 1162668
4059696 1162668
4059697 1162668
4059701 1162668
4059702 1162668
39673628 1162668
4216988 1162668
30429463 1162668
30454770 1162668
4059720 1162668
34224401 278865
39686867 278865
37939274 278865
37939273 278865
39687443 278865
39683308 278865
30438824 278865
39692826 229371
37934226 188712
34239895 188712
40616289 188712
39690575 188712
15156680 1106523
30426182 1106523
32813298 7276
32806450 7276
39692938 7276
34239002 7276
30436073 7276
37930664 7276
39680905 7276
39690563 7276
30246361 7276
34240154 7276
15152415 7276
34310832 7276
34257666 7276
40039616 7276
39253838 7276
34267079 7276
34266900 7276
37945317 7276
34240387 7276
34240392 7276
29599182 7276
39691262 742243
34234238 742243
30450143 742243
29601190 742243
39695513 742243
14385573 742243
39692803 736883
39688887 736883
34255447 179526
34255507 179526
34247320 179526
34240128 179526
34233618 179526
34247633 179526
34247670 179526
34233683 179526
37929258 179526
39688495 787495
30447830 297709
39682662 297709
29592388 297709
34257447 297709
39684850 297709
39673229 297709
34246629 463492
5979954 463492
37929245 463492
29603524 463492
29584368 463492
29603206 463492
29603554 463492
34246306 280024
29604381 280024
34246612 280024
34246622 280024
34246634 280024
29587097 280024
34246635 280024
34246636 280024
34246638 280024
34246639 280024
34246640 280024
37944756 280024
34246714 280024
34246733 280024
34246738 280024
34246740 280024
29604403 280024
34246746 280024
34246747 280024
34246748 280024
34246749 280024
34246750 280024
34246759 280024
29604421 280024
29603016 280024
34247754 280024
34248010 280024
34248120 280024
34248121 280024
29603203 280024
29603205 280024
29603208 280024
29603209 280024
29603261 280024
34250596 280024
34250598 280024
34250679 280024
4633239 1031
34246311 1031
30443823 1031
34246577 1031
34258281 1031
39684290 1031
34246621 1031
34246625 1031
34246630 1031
34246631 1031
34246632 1031
34246633 1031
34233440 1031
37931810 1031
34246704 1031
34246711 1031
34246718 1031
10972384 1031
30434405 1031
34258379 1031
29603005 1031
30423989 1031
39683710 1031
30454282 1031
4649086 1031
34413269 1031
34314317 1031
34225606 1031
29603207 1031
34248129 1031
34248130 1031
34255721 1031
34258995 1031
34250804 1031
4641278 1031
39693759 1031
15178712 1031
34250883 1031
3296064 89539
14992948 89539
15152753 229111
30438906 229111
34266821 229111
30429934 229111
30455023 229111
39650758 229111
39673882 229111
39688271 229111
37930894 188228
37934601 188228
15134102 188228
34246626 188228
34246651 188228
34233452 188228
34246730 188228
34246731 188228
29604402 188228
29602955 188228
34246735 188228
34246736 188228
34246737 188228
34246859 188228
39681209 188228
34292855 188228
30448195 188228
29603067 188228
34232923 188228
34247413 188228
30448001 188228
40616290 188228
39696289 188228
39678038 188228
34312173 188228
4624218 188228
34248109 188228
34248110 188228
34248112 188228
34248113 188228
34248118 188228
34248119 188228
30434470 188228
29597265 188228
30450666 188228
34292857 188228
34250851 188228
39651693 1134230
3921248 1060956
39688979 1060956
4059613 1060956
4059614 1060956
4059615 1060956
34239227 1060956
34239228 1060956
30427425 1010914
34291805 1010914
39696364 552391
37944741 552391
37940207 508136
39688888 508136
39654018 508136
34254532 709105
39656368 188433
30447731 188433
29592556 188433
34246331 481245
29602938 481245
34246637 481245
34246741 481245
34246742 481245
34246743 481245
34246745 481245
29602958 481245
30454623 481245
34278564 481245
34247541 481245
37944269 481245
34278584 481245
39679849 1032
30456679 1032
30451951 1032
34246627 1032
30452574 1032
34238943 1032
34238946 1032
34238958 1032
34239842 1032
30441281 1032
30443581 1032
30442522 1032
34314162 1032
39690651 1032
37929609 1032
15153947 1032
39674884 1032
37940555 1032
39688922 1032
30435166 1032
39253848 1032
30436967 1032
30444047 1032
39683071 1032
14996184 1032
29591723 1032
37942631 1032
33308930 11948
30435532 2049074
34223960 2049074
39693122 2049074
39680975 2049074
34311891 2049074
30455393 2049074
34223896 549919
34224301 549919
29597605 549919
29597604 549919
30457114 549919
29583464 514563
29591459 514563
4059589 514563
30426440 231006
39684260 247358
30441419 247358
30446226 247358
34368440 247358
30432899 30432900
39688279 484923
34309041 484923
32847969 484923
39696876 484923
39690290 484923
30448895 484923
30220873 484923
30435959 484923
40039610 484923
39670123 484923
39691108 740381
34240050 740381
39688412 740381
37929724 740381
37929304 739897
6567871 481967
39687431 2531
34257222 2531
30441157 2531
39684866 2531
32818840 2531
34247113 2531
39687623 2531
30427720 2531
15066746 2531
29591582 2531
33308843 2531
37933181 2531
39253833 2531
30440020 2531
15011620 2531
29599153 2531
34240471 2531
39693618 2531
10072714 1018
39673198 1018
30239963 1018
30450800 1018
30456176 1018
30436393 1018
29601565 1018
30429070 1018
29593648 1018
30235634 1018
39683558 1018
30428612 1018
29595150 1018
28410025 1018
39693617 1018
30445591 85721
39654262 85721
30438815 85721
39687992 85721
30445594 85721
39693565 85721
4059677 85721
30439471 85721
30436995 85721
37935793 85721
39688305 85721
39690252 85721
30454087 707870
30454091 707870
34239062 707870
30451810 29844849
30431259 255190
29591501 255190
30446982 255190
34239094 1436833
30451975 1436833
34266995 1337570
34238880 1337570
39690954 1337570
34291817 1337570
30430871 1337570
37926267 610946
15145814 610946
39692937 1478622
34225608 1478622
34240024 748036
40616291 748036
39678703 24221
15161002 24221
30454114 24221
39692707 24221
30454148 24221
37929260 24221
37942685 24221
30442448 24221
37935586 24221
34311856 24221
11892493 24221
30445685 24221
39687428 24221
30440413 247275
39696720 247275
37929869 247275
30456520 247275
39679183 247275
39696115 4719236
39688813 309563
37928060 309563
37936503 309563
39690703 309563
4547179 309563
34248022 309563
29604471 309563
29587214 309563
30449755 309563
34312332 309563
40616292 309563
30451788 783236
30448914 783236
37940517 783236
30447692 783236
34258451 727026
34239880 459771
39691419 459771
37931817 459771
39696946 459771
30423548 459771
37932167 459771
30423545 459771
34249172 459771
34303222 459771
30428355 457048
30428362 457048
30427403 457048
40616293 457048
34266834 550411
15175318 550411
34311752 550411
30439786 550411
39694546 550411
15175320 550411
39696793 739620
30454380 453276
34239185 453276
37931743 2546
34238893 2546
37931747 2546
39692817 2546
39654098 2546
37928915 2546
30449389 2546
39690986 2546
30449393 2546
39688511 2546
15183016 9636
34238998 974506
39654073 974506
39690426 974506
40616294 974506
40616295 974506
34257502 974506
39688817 974506
34234300 974506
37926415 318063
34246334 479225
29587068 479225
34246351 479225
29587083 479225
34306134 479225
34246686 479225
34246687 479225
34246688 479225
34246760 479225
34246762 479225
29587109 479225
34246763 479225
34246771 479225
4580534 479225
34247119 479225
34247375 479225
37940206 479225
34247958 479225
34247997 479225
34306180 479225
34250780 479225
29591351 309988
29591353 309988
29583471 309988
4327331 309988
28409832 309988
29591355 309988
28410026 309988
4059542 309988
28410003 309988
4059543 309988
29591357 309988
4593215 309988
4059582 309988
29591419 309988
4059584 309988
28409842 309988
29583826 309988
29591678 309988
29597925 418620
34240134 418620
34240784 418620
34240814 418620
34230953 418620
30442723 164677
12208679 164677
39649747 164677
39694517 164677
30442332 164677
34421402 164677
39692799 164677
30436448 164677
30443892 164677
39687384 89758
30425231 1122674
39692416 1122674
30450688 1122674
34224688 1122674
37935424 1122674
39690411 740803
34247358 740803
15000525 740803
29603156 740803
29592506 740803
37924896 740803
39674372 740803
34250623 740803
34239320 740803
39654358 483296
34284774 483296
30442431 542912
34248004 542912
15098422 542912
34249900 542912
34250003 542912
4524397 542912
30423529 2532
30439675 2532
30444274 2532
30450753 2532
30453371 2532
29595271 2532
29595214 2532
32785697 2532
30429778 2532
37933350 2532
30437055 2532
34266818 2532
39694838 2532
34477684 2532
29585613 2532
29585612 2532
39690961 2532
15145841 2532
31759155 2532
15011581 2532
34247334 2532
34239045 2532
39694839 2532
30453542 2532
34247621 2532
30444823 2532
34258728 2532
34248044 2532
39678849 2532
34226257 2532
34228095 2532
30438065 2532
34266926 2532
15165434 705901
40616296 705901
39671299 705901
37925382 705901
30455138 705901
40616299 705901
37936135 705901
30432651 705901
34314601 705901
34282633 705901
30340974 705901
37939037 179717
15177017 179717
39691267 593992
4495612 593992
30443896 593992
37933143 244648
30454857 244648
30443009 244648
34246341 305524
34246761 305524
29587106 305524
34247104 305524
34239110 305524
34238857 719655
12568031 719655
39695580 719655
30433178 719655
33227537 719655
30426884 719655
30426923 719655
30426905 719655
32787795 1123458
34351513 1123458
37924762 1123458
30447017 1123458
30452087 1236367
39693558 1236367
39687979 1236367
39692947 1236367
30451315 255351
30446958 255351
34246371 797604
29604404 797604
29587116 797604
4565209 797604
39656259 797604
29604464 797604
34248299 797604
34249467 797604
34249513 797604
34249542 797604
34249618 797604
29599046 7832
15011580 7832
39691232 7832
39692921 7832
39690584 7832
39692728 7832
37943761 7832
29584336 7832
39680610 7832
34352714 7832
29583407 7832
30453346 7832
7773651 7832
15033829 7832
39678042 7832
30452294 7832
4216891 7832
37935900 7832
39688918 7832
39658281 2137901
30448495 2137901
30435421 2137901
30431454 2137901
37929309 2137901
30428375 2137901
30438810 2137901
30432798 2137901
29604401 457742
34247184 457742
39688526 457742
34223727 188270
30439049 188270
39683806 188270
30428546 188270
35398704 188270
13424315 188270
37941269 188270
30452522 30452523
4059509 458642
4059639 458642
4059640 458642
4059641 458642
4059643 458642
34291868 483503
40616300 483503
39692736 1106441
30449395 1106441
39695686 1106441
30452276 1106441
15011541 197668
39696362 280056
39653520 280056
39695687 280056
30433142 280056
34240775 479005
37926990 1051
37938638 1051
11318066 1051
37929248 1051
30456764 1051
34239050 1051
30434605 1051
34441303 1051
34247635 1051
34255565 1051
30441186 1051
39253828 1051
39253837 1051
37940250 1051
34227493 1051
30455591 1464719
29583474 1464719
40616301 1464719
39683662 1464719
32805842 1464719
30431097 1464719
39694852 1464719
30446875 1464719
30432487 1464719
30432428 1464719
39691303 1464719
14992893 1464719
34309030 188817
39695680 188817
40616302 309766
34224802 309766
29599116 309766
37942899 1943916
37903573 541496
37933179 541496
29584571 541496
30447561 541496
15001642 188641
30430711 188641
37940317 188641
30436310 188641
39651846 188641
39651920 188641
30448095 188641
3296065 188641
29585925 188641
30454145 188641
14734484 280809
37942619 280809
34255676 280809
37943760 280809
34240107 280809
5006355 280809
40616303 280809
37924899 280809
34240272 280809
34240080 481957
39693799 481957
39652450 1050663
39658187 2519
30451938 2519
29592859 2519
30428969 2519
30455049 2519
29602985 2519
30441719 2519
34239896 2519
30248261 2519
4216901 2519
30429532 2519
30449637 2519
15178722 2519
15180730 2519
13377725 2519
34284574 2519
34239898 2519
34288482 2519
10075390 2519
34247406 2519
30426064 2519
30443535 2519
15145842 2519
34284619 2519
15145846 2519
37925065 2519
4059635 2519
4059636 2519
30431875 2519
30427116 2519
34281186 2519
34233697 2519
30434812 2519
30452463 2519
37944744 2519
34250835 2519
15114516 2519
39687824 229092
40616304 229092
39694844 229092
39693795 229092
33222656 229092
39654276 229092
39655818 229092
39681176 229092
30438718 229092
30439862 229092
4059508 455148
34238868 455148
34238869 455148
34238870 455148
34238871 455148
39656150 595805
34311533 732637
34240188 732637
30425142 732637
39694550 305160
30446439 305160
39649748 305160
30447170 305160
30446162 305160
39695700 305160
4059637 305160
4059638 305160
34311567 188365
34240117 188365
39695512 188365
30426870 164686
34240027 164686
4059577 164686
34240029 164686
4059495 164686
34240028 164686
4059592 164686
39657909 738416
30428189 738416
38071714 293592
30436644 293592
5008460 293592
39691187 6842
39654351 6842
30452335 6842
32808342 6842
30431821 6842
30231799 6842
34246754 6842
34246776 6842
11808221 6842
37932062 6842
30450039 6842
39690561 6842
39696369 6842
39695913 6842
34247666 6842
34240796 6842
39692943 6842
11053089 6842
39253842 6842
30451592 6842
30445937 6842
39688693 6842
3725148 6842
39692944 6842
39695668 39695669
40616305 2906480
30426234 2906480
30426467 2906480
39658346 2906480
30441035 2906480
30426241 2906480
37944727 310042
29592395 763958
39694862 763958
34239980 763958
30423625 763958
29592396 763958
30430671 763958
34312326 763958
15011555 573352
4059688 466756
30452083 466756
4059692 466756
2900051 466756
4059699 466756
37935400 466756
4059429 466756
4059443 466756
4059449 466756
4059436 466756
4059709 466756
4059712 466756
4059682 466756
4059717 466756
32832417 466756
4059432 466756
4059431 466756
3817695 466756
4059678 466756
15902254 466756
13302316 1124123
29587391 1124123
39681245 1124123
39671309 1124123
34253011 1124123
34239915 255153
40616307 255153
34240009 255153
30430676 255153
34239916 255153
30439938 188555
39680672 188555
39695124 1354058
30430974 1354058
10049371 6538
30454922 6538
30435007 6538
34311566 6538
34284509 6538
13522707 6538
37926854 6538
29604413 6538
37935334 6538
14340227 6538
37936124 6538
39688521 6538
30229658 6538
39696354 6538
29597259 6538
39696355 6538
34257653 6538
30438375 6538
39658114 6538
39651642 6538
30442164 6538
12505040 6538
30426245 6538
34257698 6538
30452622 6538
4059733 6538
34314326 6538
34257156 6538
30443770 1277505
30429476 1277505
39677371 1277505
30455884 1277505
30430775 1277505
33552320 1277505
34258434 1277505
39659895 1277505
34258522 1277505
30425983 1277505
30454982 1277505
34258777 1277505
34258780 1277505
39694957 1277505
39694826 1277505
39651821 188328
30437859 188328
15011521 550628
30455658 550628
32858084 550628
13415710 550628
34310727 44414
30456934 44414
34240046 856141
34262908 1118316
33552322 1118316
30447491 1118316
39685341 1118316
39693549 458198
37944355 458198
29603623 458198
39695288 458198
34278558 760693
39651761 760693
39696368 760693
40616308 760693
13332520 760693
37944875 4886
39695418 4886
13407791 4886
37930907 4886
30453375 4886
30439708 4886
3441784 4886
34305704 4886
39690266 4886
34310748 4886
34284539 4886
34278566 4886
39653669 4886
30425706 4886
39684721 4886
11007626 4886
34219893 4886
34258756 4886
4854323 4886
37930143 4886
2900042 4886
39253832 4886
34239253 4886
30433313 4886
30433320 4886
37933185 4886
14382756 4886
31147053 4886
37942560 4886
30452681 4886
30431999 844363
37937016 844363
30427516 844363
39691547 844363
30455095 844363
34238976 844363
30454426 844363
39691131 844363
37942549 844363
30456615 844363
39695543 844363
30426059 844363
30426301 844363
15163574 844363
37939036 258693
34258016 303665
34258297 303665
39653651 900166
34258548 900166
29587920 719763
34312122 719763
39695573 147771
30434857 147771
34246537 1119245
37934535 1119245
13492917 1119245
34224585 1119245
30451296 1119245
13483839 1119245
39653499 1119245
29603553 1119245
39688913 1119245
39677953 887913
37944265 887913
39653850 952733
30429264 230837
29587057 2533
30452393 2533
34385174 2533
905679 2533
34266817 2533
34258320 2533
30426056 2533
39693427 2533
15163577 2533
30427107 2533
37924716 2533
34310712 2533
30426388 2533
15000531 2533
34240815 2533
39692882 2533
2231576 2533
37936137 2533
30438195 2533
4400237 2533
39693044 2533
39693030 2533
30434794 2517
30437737 2517
39696669 2517
30454368 2517
34279787 2517
32787781 2517
34284588 2517
39654153 2517
37944266 2517
37934839 2517
34258689 2517
14966721 2517
34310089 2517
39683570 2517
34255540 2517
34314330 2517
38821240 2517
38821239 2517
39696692 2517
37937595 2517
39696713 2517
30435795 2517
34258942 2517
37928684 2517
37929616 2517
30443977 2517
40616310 1507788
39696374 1507788
39654415 1507788
39655816 1507788
39696515 1507788
30340973 1507788
30429813 1507788
30432253 1507788
39696344 1507788
30455267 1507788
39696271 1507788
30428140 178998
30455219 178998
30452758 178998
37944345 178998
39690409 44489
39656470 44489
13383052 1585156
29603110 1585156
39680623 1585156
34249500 1585156
30425647 1585156
40616313 1585156
30435974 147502
39684665 200754
30431612 200754
30450018 200754
30427217 200754
39695424 200754
39695394 1141683
34240172 1141683
39695463 451990
34284572 471865
30437767 471865
30437774 471865
30427082 738418
39696287 738418
39696288 738418
4005687 738418
15000519 11950
34238905 11950
39692918 11950
37944332 11950
34246719 11950
29604409 11950
34238952 11950
30448572 11950
30442137 11950
29597540 11950
30451116 11950
39652272 11950
39693750 11950
39654513 11950
29604469 11950
34248032 11950
13431977 11950
13430363 11950
28409831 11950
29603648 11950
37931805 11950
30430065 1130304
30431234 1130304
37924832 1130304
13444114 1130304
13444116 1130304
37944497 1130304
30447594 709445
39653525 482923
29591506 482923
3725149 740780
39693463 740780
39695579 740780
30437514 740780
30437519 740780
30437524 740780
30437529 740780
30437534 740780
30437538 740780
30437543 740780
30425408 530087
30430152 530087
30434226 530087
30434234 530087
2635216 530087
30450737 530087
13444118 467990
30428528 186033
29599118 186033
39690975 467777
37944528 467777
37931775 467777
15168716 467777
37944533 467777
37924793 467777
32850303 467777
37933166 467777
37944537 467777
37929312 467777
34239107 467777
39691271 467777
40039615 467777
37934842 467777
30429579 4887
11535865 4887
30456963 4887
30450147 4887
13342785 4887
30425242 4887
30434231 4887
32796346 4887
30427871 4887
30427702 4887
39253834 4887
39253845 4887
30431251 4887
34226461 4887
30427842 4887
32795313 4887
15144208 4887
30448500 1857795
39679870 1857795
30429996 1857795
15000470 1857795
13480096 1857795
34311649 1857795
30456082 1857795
39654095 1857795
30447811 1166187
34247116 476085
39656299 476085
30427644 476085
29591617 188514
32858085 188514
30427532 310062
29050431 310062
30427536 310062
39654349 310062
39695514 310062
30428298 310062
30451871 310062
14997221 310062
39652274 310062
37935941 1176150
39695111 354067
30428402 354067
30428257 354067
39694837 399508
4452257 481870
4491028 481870
29592359 1033
1505300 1033
39684909 1033
34246582 1033
29604390 1033
34246587 1033
29584712 1033
2200122 1033
37924766 1033
30430309 1033
13310062 1033
39691413 1033
30455824 1033
30441632 1033
40616315 1033
30235594 1033
30444877 1033
39683909 1033
13339329 1033
32787389 1033
39253840 1033
30432320 1033
34311650 1033
13339333 1033
30434878 1033
34266898 1033
40616316 1033
34257148 1033
30429921 3062875
30428798 3062875
30428939 3062875
37926898 3062875
39683330 3062875
39695391 3062875
30437295 3062875
39694958 3062875
39694959 3062875
34239217 462452
30438347 462452
30456571 778380
30426205 778380
34246579 580104
30439181 457754
30427556 457754
37924740 457754
39695697 550103
28509391 550103
30431786 550103
37935338 550103
2900040 550103
30428145 230796
37934618 125770
39694811 211705
13366273 211705
34240021 471179
12389663 471179
34239289 471179
29592573 471179
29591749 471179
39695116 8499
37925154 8499
4005686 8499
29584707 8499
37926600 8499
15145818 8499
29602951 8499
30426911 8499
29584705 8499
34269432 8499
34258787 8499
30440491 8499
34240185 8499
29585942 8499
34310735 8499
37929614 8499
40616317 2026985
32810061 2026985
37943955 2026985
30433656 2026985
30437314 2026985
30447870 4736929
34258459 1291097
30438230 1291097
30438235 1291097
13486924 1291097
37934711 1291097
30425595 245975
39693973 245975
30440070 245975
39695690 245975
37928682 245975
39695503 245975
39651690 377803
29599047 377803
28410076 354057
39658560 532687
30447424 532687
29591511 532687
15047991 532687
29587062 188607
4327332 188607
34232459 188607
39695300 546561
39695508 546561
39651762 235485
40616318 235485
37933174 235485
40616319 235485
30436869 235485
15156168 235485
29584706 9167
34238955 9167
28410078 9167
29592435 9167
32854499 9167
39659966 9167
39650764 9167
30431829 9167
29710841 9167
11892498 9167
32844208 9167
15151577 9167
34227873 9167
39693672 9167
3927910 9167
30455351 552764
30429795 552764
39652439 552764
39659651 552764
34258307 552764
29583590 552764
34258439 552764
30432717 552764
39695510 552764
39695505 552764
34239762 552764
30426108 552764
37934713 552764
39696513 718845
37935588 718845
30437457 718845
30437486 718845
39654149 718845
30456900 718845
30433074 399591
30430503 399591
34240146 177548
10703004 177548
4400275 177548
12389666 177548
28410102 177548
37929202 177548
29597447 739914
34240087 739914
4520959 739914
4491029 739914
39651617 488208
30434703 488208
30438534 488208
30438540 488208
30447709 488208
34258171 188143
39658470 188143
39695911 601234
39659608 601234
29592491 89527
30426586 89527
4520960 89527
30455405 856030
30441190 4877
15175820 4877
30433729 4877
30430313 4877
30454398 4877
30448359 4877
34246641 4877
30433712 4877
39678438 4877
30457216 4877
38712252 4877
30457185 4877
34310750 4877
37933627 4877
30440592 4877
30453760 4877
37935944 4877
34240123 4877
30435334 4877
31203955 4877
30427858 4877
30453491 4877
39693703 4877
30426097 4877
34239195 4877
39680297 4877
30437443 4877
30437477 4877
30437483 4877
30437563 4877
34248350 4877
30427714 4877
29592579 4877
30427162 4877
30425390 4877
14659680 4877
40616320 4877
30427862 531197
39696930 531197
30429689 531197
30428418 531197
30426737 531197
39650753 531197
30456999 531197
30427710 531197
30448736 531197
30436424 531197
11500858 531197
30436429 531197
39695544 531197
29585417 531197
39691409 531197
28409823 531197
37934715 531197
39651805 531197
37934716 89156
29591433 310441
34258628 310441
34239085 310441
29592548 310441
34239904 462552
34239981 462552
37944730 462552
12389660 462552
28509397 239580
34258276 239580
34258377 239580
34240067 239580
39650770 239580
34258567 239580
29591730 239580
29591736 239580
30427243 596524
34238874 596524
13423489 596524
37936713 596524
34258443 596524
37932139 596524
34258019 596524
34258023 596524
30441456 596524
30441344 596524
39687839 85464
34247036 382607
30426746 382607
31118043 382607
34258362 571357
15135483 571357
39656376 571357
34258867 571357
39659659 1273665
30450252 1273665
30440820 1273665
30440935 1273665
30440784 1273665
39696945 1124374
34240036 1124374
39659660 1124374
30439827 1124374
37924817 188205
4059681 188205
34239834 1034
6201125 1034
34266789 1034
10047522 1034
30427675 1034
37931937 1034
30432668 1034
30428033 1034
10074204 1034
30453363 1034
34240167 1034
30448579 1034
30425446 1034
29599125 1034
30439725 1034
30443605 1034
30435935 1034
34238417 1034
29592575 1034
39696522 1034
39696295 1034
30427786 1034
30448265 2053327
39677972 2053327
39659645 2053327
29583566 2053327
30220154 2053327
30431521 2053327
39654152 2053327
39654431 2053327
39659646 2053327
13429244 2053327
30230248 2053327
30238381 2053327
30427651 2053327
29604517 2053327
30436973 552736
39695692 200784
2197263 200784
30428629 200784
30426364 200784
30429788 200784
34259050 200784
39654008 127613
37934539 450062
13325603 450062
30439805 450062
13383491 450062
30440175 30440176
10230337 1655706
29591378 1655706
15011500 1655706
34240042 1655706
34240070 1655706
29591429 1655706
34240075 1655706
29591431 1655706
29591379 1655706
30445205 1655706
30434736 1655706
28409312 1655706
29595110 175423
37940248 175423
37926269 175423
30438805 175423
39656295 175423
30440170 175423
29603963 175423
30442719 179425
30428407 179425
30454229 1280889
37930943 1280889
30436078 1280889
39651844 1135582
30432842 1135582
30442745 1135582
37942625 1135582
33309027 1135582
15139261 717120
37930911 717120
39690694 717120
30438253 717120
37933170 717120
30426074 717120
37942108 717120
37934244 717120
39651780 717120
3844260 7147
4186546 7147
34246623 7147
34239920 7147
30431683 7147
34239835 7147
39696641 7147
34284530 7147
15177666 7147
29594500 7147
4516026 7147
30434987 7147
30439689 7147
39658237 7147
30433206 7147
30449215 7147
34284847 7147
30425524 7147
30431582 7147
34284859 7147
34239304 7147
37934714 7147
39696371 7147
34240480 7147
15177650 7147
30427900 738427
30442670 738427
13415707 738427
39696286 738427
39658116 738427
30429927 738427
30435594 738427
39696830 738427
30442354 738427
30433986 738427
29604519 738427
30435433 738427
30440849 30440851
29604461 787487
39695565 787487
30440844 787487
30432781 255309
30428013 255309
30430549 255309
30446823 1078555
15145812 552687
15011520 552687
37935469 552687
34311857 552687
30446819 552687
30450149 312256
34238927 1176960
4377236 145927
37936711 145927
39694543 145927
15013602 145927
30429346 2534
4958414 2534
30736391 2534
30427673 2534
3471585 2534
34246755 2534
34246774 2534
30434458 2534
4361699 2534
34247322 2534
37935398 2534
30435247 2534
37943946 2534
39686909 2534
34240150 2534
30429212 2534
30434820 2534
37942630 2534
34257679 2534
30443231 2534
30443237 2534
30443249 2534
30431832 2534
30431759 2534
29587248 2534
29587254 2534
15000506 2534
30441133 2534
29583594 2534
29584108 2534
34232508 2534
29586067 2534
28409961 128853
40616321 1155127
37942682 1155127
30435353 1155127
39696375 1155127
39696862 1155127
15045545 1155127
37942688 1155127
40616323 1155127
30451584 1155127
34225467 1155127
30453777 1155127
40616325 550441
40616326 550441
39696839 550441
30429480 550441
37927020 550441
30430584 1105026
30438208 467956
30222734 467956
39669336 482909
29600814 482909
30441096 50251
37944481 50251
39679172 50251
30425467 50251
39665493 50251
39691406 50251
39696486 50251
39652265 50251
29605762 50251
30441115 50251
30441127 50251
39696487 50251
30441138 50251
30447925 50251
39691279 452177
15158154 452177
32844898 550061
30428017 550061
29592507 550061
29592509 550061
13444127 550061
39693702 7816
40616327 7816
30433333 7816
30440879 7816
29603515 7816
39654010 7816
29586706 7816
29586703 7816
29602994 7816
34224433 7816
34224447 7816
34224554 7816
30430861 7816
30430597 7816
30427209 7816
30427399 7816
30427266 7816
30433160 7816
34248050 7816
29586732 7816
30432359 7816
29586797 7816
30444521 7816
30444599 7816
29597663 7816
30429317 7816
10928987 7816
30444290 1019
29592874 1019
14986895 1019
34254492 1019
31101103 1019
30447174 1019
39658180 1019
30453649 1019
30241711 1019
39664834 1019
39654442 1019
30434267 1019
37938452 1019
30427247 1019
39665793 1019
30452586 1019
30453989 1019
34238420 1019
30455632 1019
34232514 1019
29595111 754509
30449032 754509
30452709 754509
30440775 754509
39693817 754509
30444606 754509
29710861 82489
30439353 550705
34238937 550705
34238968 550705
39656633 550705
29599111 550705
30445150 550705
30431187 197636
34255386 197636
30429513 197636
34258387 197636
10230345 197636
39662180 197636
30425838 197636
30437284 197636
30431191 197636
15000485 197636
30446191 462633
39695030 1352825
34258384 1352825
30446196 1352825
30450932 714337
30450937 714337
29599098 279795
39688316 279795
30426147 1060973
40616328 1060973
30435418 1060973
30435941 1158138
39651774 1158138
39654453 1158138
30445707 1158138
37931386 614520
30438981 238922
30430916 238922
30430324 238922
37928680 238922
30440511 238922
30451292 238922
30430328 238922
30441110 238922
39690036 238922
34240148 238922
32850315 238922
30431596 238922
34248043 238922
2937756 238922
29599053 238922
13323103 238922
39687398 238922
39694853 238922
34225577 238922
30434944 238922
30429495 2791791
30439712 2791791
30426249 2791791
30439718 2791791
39695701 2791791
29591718 2791791
40616329 40616330
37930915 481204
37929885 481204
37936471 481204
29597872 481204
39695880 39695881
30437784 487606
30442993 273465
39658109 273465
37935473 273465
37931491 273465
30435437 273465
30452614 455382
34247890 179272
39656184 179272
37934658 179272
34258664 179272
39656262 131584
37935250 131584
29591427 131584
29591428 131584
13493939 131584
39656199 1035
30420159 1035
30440581 1035
28409614 1035
29604395 1035
29603814 1035
37925039 1035
39654373 1035
4082838 1035
30434031 1035
34225574 1035
39651757 1035
39696962 1035
30444337 1035
30446542 1035
33222808 1035
29603787 1035
30438840 1035
30438845 1035
29600769 1035
39656598 1035
30439569 1035
30439315 573367
30441967 573367
14890947 573367
30431391 573367
39656183 573367
29591502 787715
30440139 787715
30443211 787715
30441578 1654122
34314212 1654122
39650769 717082
30440643 717082
30440646 717082
37927405 2027682
30453597 465751
39663194 465751
29591371 465751
30447330 465751
29592427 465751
34224890 465751
30436054 465751
30436419 465751
30441241 465751
30441245 465751
30452789 548536
39695490 548536
30446006 548536
13422073 548536
30439644 530109
34239879 259769
4059395 740221
37933409 740221
34311892 740221
39695699 740221
30449468 740221
4059719 740221
5305786 740221
33111639 9304
30436087 9304
30443795 9304
37929306 9304
37935470 9304
30444395 9304
30446087 9304
30446094 9304
30437569 9304
39682671 9304
30443800 9304
39253831 9304
39253836 9304
30447457 9304
34281183 9304
29583972 9304
11892502 9304
30442537 474779
30443428 474779
39663195 474779
30449034 474779
30447501 474779
30447506 474779
30432083 474779
30442639 474779
30448221 474779
30439934 474779
39669938 474779
39669939 474779
30446502 474779
30450555 474779
30430766 474779
34291878 474779
30446504 474779
30436406 382235
30440015 382235
34240064 382235
30438682 382235
29591660 382235
30449628 382235
34258108 738419
30436981 738419
4059505 738419
37925045 738419
15163818 738419
30438189 738419
34259005 738419
37929601 1240413
40616331 1240413
37929608 1240413
30456652 1240413
34258315 737063
34258328 737063
34258441 737063
39690558 737063
34240055 737063
13396272 737063
30443176 737063
37926572 737063
4387409 737063
30442811 737063
39695427 737063
30443037 737063
30434281 737063
34258998 737063
37942543 1141953
34239084 1141953
37941432 481938
30447032 481938
29603653 481938
34238896 458211
39662196 458211
13402095 7148
15000502 7148
10678078 7148
30426186 7148
4400295 7148
31093048 7148
30898854 7148
37935583 7148
39693298 7148
37933214 7148
37940861 7148
34239027 7148
39654160 7148
29599082 7148
29599083 7148
34257488 7148
29585931 7148
30434598 7148
13493937 7148
39651784 7148
39658386 7148
29592520 7148
39696642 7148
29591796 7148
30440940 7148
30443385 7148
30935228 7148
14990584 7148
39651699 7148
37943423 7148
30455900 1286212
34240034 1286212
29595112 1286212
39654266 1286212
30450408 1286212
29591605 1286212
29594152 1286212
30427594 1286212
30434532 310473
39695640 310473
40616332 783821
39651815 783821
30428391 783821
39659446 783821
30444968 783821
30447933 783821
34239910 527099
4059679 527099
34239978 527099
34239983 527099
34240081 527099
34247412 527099
15177433 527099
34247938 527099
29591611 527099
37924780 527099
39691224 527099
40616333 527099
39653653 527099
34258386 255198
39656478 736887
39651817 736887
30428261 736887
34246850 479233
39695581 1153950
34258033 839235
29583397 839235
34258470 839235
29592596 571319
30442003 1036
34246364 1036
34253643 1036
30447928 1036
40616334 1036
34238914 1036
34246656 1036
34246691 1036
34246770 1036
39695411 1036
34399149 1036
13490974 1036
30430227 1036
30453210 1036
34240119 1036
30443471 1036
37929739 1036
34247485 1036
37939253 1036
37943185 1036
37926265 1036
30436857 1036
34257239 1036
39692941 1036
30448838 1036
30438384 1036
39253835 1036
37943415 1036
39669987 1036
30431247 1036
30442272 1036
39693704 1036
30443094 1036
34250619 1036
11215795 1036
30447684 1036
7289345 1036
30435856 258827
37934607 258827
30451890 258827
14932819 258827
30440115 258827
37929650 258827
30434504 258827
39650767 258827
30439110 258827
37935254 258827
34247554 34247555
39694827 1075501
30438075 1075501
3540525 1075501
30442576 1075501
3921261 1075501
28409961 13501
30436632 463967
40616335 463967
30448601 463967
30446287 480553
39696935 480553
34240058 480553
34240074 480553
34240108 480553
29599084 480553
30448488 739907
30442753 739907
30438645 739907
39651947 739907
39695085 739907
34261205 739907
32848850 739907
30438650 739907
30443392 612505
39656475 230740
39696955 39696956
30427103 1045883
34258295 1045883
32800684 1045883
34247213 1045883
34258208 1045883
30242140 1045883
39651816 1045883
34254340 732232
4387416 7814
30435227 7814
30436017 7814
30441951 7814
37929182 7814
29591340 7814
39651698 7814
1325750 7814
34246584 7814
30437623 7814
39658257 7814
39688006 7814
1671505 7814
37929188 7814
30441581 7814
29587118 7814
30440567 7814
30442982 7814
31760649 7814
37942964 7814
30431689 7814
39696710 7814
30437632 7814
34312662 7814
37944882 7814
34280972 7814
30420161 7814
37927045 7814
37930946 7814
29600707 7814
30426476 7814
39665891 7814
30446336 7814
30448679 7814
39688544 7814
30446716 7814
34239260 7814
39696716 7814
30440362 7814
13431974 7814
29583973 7814
34310846 7814
30435473 7814
30427680 7814
39659622 7814
37931804 7814
34257482 7814
44314 188196
30447495 188196
30432959 188196
39695126 188196
30433504 188196
30450870 188196
30438116 188196
30447197 188196
39663729 188196
39693124 188196
30435257 188196
39649746 616752
39666651 738624
30438632 738624
37943406 738624
30440082 738624
33308840 646605
40616336 646605
34238973 646605
39662365 646605
29584438 646605
30435920 646605
39656154 483517
30451851 483517
37930914 483517
37929186 1037
34246521 1037
30436079 1037
34284507 1037
30436306 1037
34242817 1037
39688254 1037
37944252 1037
34284544 1037
30436082 1037
30442541 1037
30436312 1037
39669961 1037
30455083 1037
30457097 1037
4307665 1037
30445038 1037
30445035 1037
30439223 1037
30425177 291171
30433128 291171
30444482 291171
30446495 291171
30438633 291171
37925553 291171
30442456 291171
30441955 291171
30442765 291171
30442581 291171
39683385 1511088
34233428 1511088
30439306 1511088
37935336 1511088
34433857 1511088
30444258 1511088
30448977 1511088
30425962 760749
30433078 760749
30442550 760749
30445208 740713
30443596 596481
30444852 596481
30444865 596481
30439380 596481
30442151 596481
30442299 182007
15152668 182007
30442305 182007
30436965 855601
30439239 855601
13522807 855601
30447615 4629480
39654175 549216
37928097 549216
34238286 6843
37924697 6843
34284501 6843
30456623 6843
34238970 6843
30441440 6843
37931778 6843
30243239 6843
30435004 6843
34310714 6843
30437116 6843
30428218 6843
4082840 6843
34240153 6843
30433114 6843
35400139 6843
4965386 6843
30440872 6843
34257235 6843
30430857 6843
30447715 6843
34405496 6843
34259047 6843
3296061 21460
30442465 1912844
30450919 1912844
30439297 1912844
39654284 1912844
30443199 1912844
39691548 1912844
30439113 1912844
30453770 1912844
30446513 1912844
30452190 1167618
37926496 1167618
5006842 1167618
30443057 1167618
34247897 1167618
37940859 466001
39652264 466001
37935584 466001
39651938 466001
30441947 466001
13371882 280000
30429189 280000
40616337 280000
30443792 280000
37943693 580129
30439105 580129
30445421 580129
30445429 580129
4190681 249952
30443301 249952
30443304 249952
12201832 249952
34240809 481255
37930573 726834
29603536 726834
29603537 726834
30429672 726834
15177429 726834
13371882 4888
39673076 4888
37928114 4888
30440809 4888
37927411 4888
40616338 4888
30452198 4888
5006853 4888
30444632 4888
30450479 4888
30445630 4888
30427466 4888
34255566 4888
30442863 4888
29591655 4888
29598679 4888
39694833 4888
29584531 4888
32792822 4888
34303456 4888
39665935 2205700
39665869 2205700
39670761 2205700
34223837 418677
39652277 418677
34311641 418677
37932112 1242228
39695306 1242228
39654371 1242228
3591092 1242228
4387402 1242228
29586670 1267752
13522811 1267752
39651620 1267752
34224848 1267752
13522809 1267752
34375202 1267752
30450560 200294
39656541 200294
40616339 200294
39666753 200294
30446932 200294
30450731 200294
30446925 200294
39654491 200294
30456424 483543
30444730 483543
30444737 483543
30444741 1259599
37928914 1150321
15154108 7149
37940855 7149
34224181 7149
14466087 7149
37942547 7149
30445121 7149
37926612 7149
30447648 7149
30454758 7149
39662494 7149
34266888 7149
34239263 7149
34247933 7149
29586654 7149
39681065 1020
15011537 1020
30420154 1020
30442014 1020
30441781 1020
30430658 1020
30442018 1020
37934840 1020
34314321 1020
15152890 1020
30452530 1020
4361695 1020
30442481 1020
39253841 1020
30426104 1020
39651779 1020
37940474 229185
30443869 229185
30444158 229185
34258972 229185
29597791 229185
39656601 229185
4567273 1160147
39650766 1160147
39693775 1160147
30448968 1160147
30446073 484969
29583649 1133060
34259009 1133060
30430751 610914
37938640 610914
29600700 610914
39696436 610914
39654091 610914
40616340 610914
34247196 249959
34247316 249959
30453049 30453050
34246772 255288
30449732 13481
13365657 13481
37933215 13481
34240022 13481
30438741 13481
30443612 13481
30431331 13481
30431986 13481
30439924 13481
30446269 13481
30447598 13481
1987685 13481
29601209 2026957
30450644 2026957
30450640 2026957
39658287 2026957
39694949 244122
39654441 1230014
1434433 1510665
33227527 550751
39653931 550751
30451352 550751
32785704 399095
34224512 399095
32872330 399095
34228092 399095
29584354 377768
34240145 500017
29599129 500017
34240190 500017
15006507 500017
32872328 737630
39654508 737630
34311555 4889
30448588 4889
30443760 4889
29602928 4889
7418450 4889
4059698 4889
37930938 4889
30232402 4889
34224876 4889
39659618 4889
30446125 4889
29603191 4889
34225781 4889
34249017 4889
29604511 4889
29583947 4889
4541005 4889
39696719 1126955
37940319 1126955
30442588 1126955
2198662 1126955
39666481 1126955
30452555 1126955
39654165 465596
29583599 465596
39654370 465596
39696370 465596
30452565 465596
29583938 465596
34240818 1135470
37926811 1169850
13506812 1169850
13343365 1169850
30444747 188243
4216784 188243
4059684 188243
39654417 188243
39688304 188243
30437398 188243
29583961 188243
4327250 188243
13311852 763306
15626109 763306
30438963 851004
30445459 30445460
34246350 6531
34311574 6531
13283191 6531
13332568 6531
4235643 6531
39658425 6531
39654450 6531
4327252 6531
30445851 6531
4216782 6531
29603559 6531
39652276 6531
29591627 6531
40616341 6531
39658385 6531
30447856 6531
14736607 6531
39662326 1050735
30428860 1050735
30439865 1050735
30452919 1050735
30451882 1050735
29587119 736685
32844902 736685
29584601 736685
30430539 154475
39659442 154475
39659673 154475
34224295 154475
37925582 154475
34224672 154475
30435896 462592
30454430 462592
39659665 462592
29592385 492301
3817686 492301
40616342 492301
39696622 492301
39662472 492301
34240168 492301
31760647 492301
30433366 740428
30445372 740428
37940934 740428
39658613 39658614
15011574 399630
34259001 475420
37934225 1038
37932407 1038
30436414 1038
1328355 1038
30443936 1038
34239919 1038
29584286 1038
28359719 1038
29597528 1038
39657914 1038
37930924 1038
39695117 1038
37935251 1038
37930928 1038
39654404 1038
34397282 1038
30424676 1038
30447756 1038
30453186 1038
30452906 1038
30452914 1038
30453193 1038
30453205 1038
34257631 1038
33187792 1038
4186554 1038
29599257 1038
34250431 1038
34284845 1038
29584103 1038
39659953 1038
34284861 1038
34284863 1038
30442052 2026909
37930929 2026909
37935472 2026909
39654286 2026909
34240770 2026909
30442469 2026909
30452109 2026909
34390829 488753
30442051 488753
37944271 479208
37929305 479208
13323974 479208
39696954 1511251
39696709 719815
39660689 719815
30451159 719815
39654490 259878
34278229 462583
37944350 462583
39688692 462583
39656372 1009950
39658521 1009950
37924761 1124650
34247211 1124650
34240773 1124650
34240855 1124650
15149304 4890
39654316 4890
30438861 4890
39659836 4890
29591572 4890
34310834 4890
30451216 4890
30451222 4890
30451228 4890
30451254 4890
29587190 4890
34248960 4890
30451260 4890
34226008 4890
29586807 4890
30454020 4890
29586806 4890
39654440 4890
34240206 4890
3732403 4890
2715038 4890
12189132 4890
30437762 706056
39652335 706056
30434585 706056
30447147 706056
30448634 706056
39658294 740073
34303125 471092
30427553 471092
30442625 471092
4341657 471092
37943700 483956
30429859 244553
32792799 483525
30432550 483525
30453599 483525
30439954 483525
39659985 495838
14555155 179296
39658190 179296
40616343 1123213
40616344 459868
30449289 459868
4186543 7277
34238062 7277
29604388 7277
32792802 7277
32792803 7277
39654365 7277
34305798 7277
30426342 7277
39654458 7277
29584279 7277
39696633 7277
39665541 7277
37939197 7277
39671938 7277
30448062 7277
15179801 7277
30442631 7277
30447393 7277
30432860 7277
34240803 7277
30452714 7277
32792812 7277
29586049 7277
37925592 7277
37940524 7277
34310849 7277
3471574 7277
1971359 7277
37929315 7277
30455009 1153780
39656469 1153780
39658602 1153780
30431238 1153780
39659720 1153780
39654522 1153780
39656374 1153780
37926883 310557
39696350 310557
37929307 310557
37926023 310557
37944277 310557
34258123 310557
39659831 200737
29584492 200737
34230726 200737
40616345 230670
30221737 230670
30431563 484720
37924732 484720
37933167 484720
30428023 484720
39663674 484720
30450400 484720
39663641 484720
29584553 484720
30423525 464863
37930908 464863
37929300 464863
32785706 464863
39659436 464863
37930925 464863
34257540 452140
39659916 278777
37934615 278777
39693568 481918
34458754 481918
32847970 481918
34246328 7133
39658117 7133
39659997 7133
33221976 7133
37932113 7133
30224497 7133
37925029 7133
40616346 7133
6201134 7133
30247543 7133
34239041 7133
37924774 7133
29584358 7133
37934408 7133
29587224 7133
37939268 7133
29587261 7133
37924727 7133
37924791 7133
39658280 293547
30454191 293547
39696957 293547
4913836 293547
30447289 293547
40616347 377697
29602937 554380
30450027 554380
39696938 741326
34258116 741326
40616348 492594
39696944 492594
30455568 492594
39671362 492594
34258286 177443
29583879 177443
34258789 177443
29583933 177443
34258824 177443
30455337 1125349
32847967 1125349
37944336 1125349
37934609 1125349
29583815 1125349
37930961 1125349
37934660 1125349
30430899 464897
39658615 464897
15011528 279940
39664712 279940
29584370 279940
39695135 7813
34266793 7813
37929605 7813
34246595 7813
15154401 7813
39652263 7813
37930917 7813
30229566 7813
28410012 7813
15180100 7813
37933158 110164
40616349 110164
39662166 110164
39658179 110164
30454970 110164
30453546 29634874
30455067 795439
30453389 720275
29584442 727027
39690567 310231
5008170 1108407
30456604 1108407
5008162 1108407
29585898 1108407
37925031 1108407
30453631 29346625
40616350 771123
35825622 1067285
39652332 1101860
29604449 1101860
39662440 1101860
32785705 1061019
29591628 1061019
37925568 7612
30229555 7612
5011735 7612
30229560 7612
30229819 7612
30229825 7612
15011495 7612
30455277 7612
37944517 7612
37929184 7612
37931753 7612
37935460 7612
37940858 7612
37939187 7612
39659617 7612
37927412 7612
34310713 7612
30443028 7612
30454994 7612
5029560 7612
30229830 7612
5027242 7612
34224562 7612
4965629 7612
39688917 7612
29600655 7612
364746 7612
34309478 7612
30222363 7612
30229571 7612
9965902 7612
13368754 7612
4484501 7612
39661327 7612
30453871 3062548
39654275 3062548
30454488 3062548
39658239 3062548
40616351 3062548
32844904 3062548
34310693 3062548
30453114 3062548
30454070 3062548
30453040 3062548
34246593 495126
15180110 495126
30454523 495126
37926901 495126
37927448 495126
34239202 497090
37932410 497090
37927017 497090
39652470 291696
37935252 457903
29583787 457903
32810839 494891
39658286 494891
39651618 494891
40616352 40616353
37929390 1166690
30453731 1166690
29597505 161424
5021707 6844
34223233 6844
30438280 6844
32818919 6844
29587071 6844
34246369 6844
29584648 6844
15011553 6844
4307676 6844
37939177 6844
37941280 6844
13398233 6844
34460919 6844
39659713 6844
9080528 6844
37924770 6844
30232107 6844
15011568 6844
30447387 6844
34240144 6844
34225309 6844
34258726 6844
30426427 6844
30436750 6844
30453701 6844
15142621 6844
40616354 6844
29599128 6844
29593264 6844
13424404 6844
30422169 6844
30452252 6844
15092016 6844
13371872 6844
4059660 6844
4307659 6844
39663672 6844
4059663 6844
13424402 6844
29597730 6844
30425726 6844
29600936 6844
39651659 1021
15013606 1021
39694541 1021
34238883 1021
37928325 1021
30236652 1021
32838722 1021
176662 1021
39693363 1021
15013620 1021
39659698 1021
37932182 1021
15073018 1021
34286567 1021
39253847 1021
13429197 1021
39696752 1021
29598358 1021
34305800 1021
30427431 326571
39658549 326571
39658550 326571
37934621 326571
29591423 326571
30444093 326571
40616355 326571
30448881 326571
39658559 326571
40616356 450082
30229798 450082
30454232 450082
1531615 450082
40616357 738871
39659959 467786
37934614 467786
37944268 467786
37942552 467786
29592517 467786
29599119 467786
34240174 467786
34309023 230985
4005692 230985
30426695 230985
37944323 230985
39659434 230985
30457128 230985
30456993 230985
40616358 230985
34240173 230985
39678031 230985
30452969 29683249
30452963 2659605
34224675 736686
34226379 736686
29586064 736686
30455997 244528
30455991 244528
30237047 244528
39658567 244528
30427692 244528
4403878 244528
30455993 244528
30455118 244528
30455142 244528
30425094 244528
29599072 244528
29601396 244528
29603541 244528
30455386 244528
30455793 244528
37925765 244528
30451421 244528
40616360 839864
29584226 839864
39662195 839864
30451337 839864
30426495 839864
34258703 839864
15168719 1106450
39659438 1106450
30454331 539516
30451629 539516
37931324 1082365
37943710 1082365
37934409 1082365
37935463 91635
15003693 91635
11631979 720549
34224095 720549
40616361 720549
32792804 720549
37929386 720549
30451894 720549
34258811 720549
39663271 586490
4400272 586490
37940929 764487
37942926 280035
37943703 488905
30456213 1039
37931750 1039
29583527 1039
30453101 1039
34360379 1039
10486641 1039
32829282 1039
39692725 1039
13415708 1039
34250849 1039
30451281 1039
34250880 1039
30232669 2001973
30435824 2001973
34238944 2001973
40616362 2001973
39659770 2001973
39658507 2001973
39659897 2001973
30232698 2001973
39659995 771253
30454393 771253
39658461 771253
37926887 520129
39650762 520129
37928085 520129
37926893 520129
39659993 520129
8408221 520129
39664773 469304
13415709 469304
15673370 469304
37939193 469304
39663639 469304
29599071 469304
30427690 469304
6201026 469304
30427697 469304
30457024 469304
29592504 469304
29583864 469304
15163319 469304
6201039 469304
6200979 469304
28410101 469304
30437548 1125390
37935445 1125390
39658558 1125390
13349901 1125390
30457132 4632564
37935461 1118313
37935446 1118313
4568758 737064
32785720 737064
4272206 494919
32792806 494919
39659443 494919
37940869 494919
30456002 6698
30425315 6698
34284503 6698
34246678 6698
39659437 6698
37935467 6698
30237045 6698
37929187 6698
30456115 6698
39658497 6698
2353276 6698
34257456 6698
39659657 6698
30431556 6698
30238104 6698
29583865 6698
30232704 6698
29583941 6698
3700717 6698
30232694 6698
30236630 6698
40616363 6698
37943419 6698
28410093 6698
34284259 6698
34292758 6698
30232689 531395
40616364 531395
39666646 531395
30234597 531395
34435975 737092
38071578 737092
30428079 1046791
39666575 1046791
37943948 1046791
37935244 527898
37935249 527898
37934617 527898
37935247 399490
34278240 399490
30448376 399490
39668058 1126827
34240043 1057177
29583868 1057177
29583869 1057177
29584215 1140698
34225068 1140698
34231474 1140698
37939190 787624
37935248 787624
30232684 4891
30236591 4891
30236625 4891
30232286 4891
30427395 4891
39654451 4891
1485896 4891
2353279 4891
30426337 4891
30453859 4891
39662262 4891
37929600 4891
37929602 4891
2353280 4891
2353278 4891
39652375 4891
30456292 4891
5021978 4891
37927008 4891
29586008 4891
37930916 4891
37934613 4891
30456316 4891
5029075 4891
34253602 4891
37925764 4891
37929606 4891
29586094 4891
30427388 4891
29599091 4891
30430158 4891
3050603 4891
5021982 4891
30428411 4891
37943411 4891
30453667 4891
30446115 4891
30453692 4891
31077602 4891
29583836 4891
30232318 4891
30428696 4891
30426551 4891
29591641 4891
13008771 4891
33222866 4891
32829441 974551
30456076 974551
39662299 974551
30433232 738933
30427822 738933
30428204 2176795
30454026 234737
30456416 234737
29598344 1510616
29601154 29601155
4327190 954682
13321767 954682
30429511 279556
30426304 279556
37935468 279556
29583674 279556
30425900 279556
34246597 739640
37944856 739640
15097980 739640
34239204 739640
29591659 739640
30456462 188141
34238924 188141
37933076 188141
30429809 495136
29591372 495136
37939192 495136
3841778 1040
4387401 1040
34246603 1040
30456412 1040
29599418 1040
34370506 1040
34238938 1040
34284527 1040
30444021 1040
39653933 1040
4234493 1040
37933079 1040
30434628 1040
30429700 1040
39653853 1040
34284528 1040
34250768 1040
30433546 550322
3844245 550322
39652268 550322
39658289 550322
40616365 550322
30440095 550322
30456158 550322
39662170 550322
29603029 550322
30455798 550322
40616367 550322
30455809 550322
37926907 550322
5022820 550322
39658522 458603
40616368 250649
39658519 250649
39692413 616662
30430620 616662
30432830 616662
39659822 616662
37925587 616662
37924717 616662
37933207 616662
29592394 1263857
39669225 1263857
30429419 737006
30426690 737006
39659656 737006
37929372 173539
37944342 173539
32850308 173539
32850323 173539
39660688 847757
29604419 200763
37934465 200763
34238856 10445
37931738 10445
29602901 10445
2730279 10445
37931741 10445
29602906 10445
34223360 10445
32776007 10445
30430616 10445
34310664 10445
30454261 10445
37928113 10445
30425425 10445
34224063 10445
13323970 10445
37933157 10445
37931769 10445
30426418 10445
37935017 10445
37933217 10445
30449776 10445
39659970 10445
30444175 10445
34223270 10445
30455804 10445
37933218 10445
30427483 10445
39688680 10445
30429425 10445
29598673 10445
37929314 10445
37935587 10445
29584382 10445
3471576 10445
32823186 10445
13323972 10445
34250604 10445
37925591 10445
30447460 10445
29591674 10445
4965559 10445
34226462 10445
29584092 10445
14998992 10445
30451886 10445
30455813 10445
3990531 10445
39659441 10445
39659655 1655107
39678376 1655107
30438973 1655107
39662167 1655107
39660033 1655107
39663442 1655107
29600929 1655107
39666599 45657
30427381 748105
40616369 748105
30430166 748105
39656644 482517
32781108 482517
39696431 482517
30428659 514575
39660003 514575
5006868 514575
30428804 514575
13283253 199383
34224619 199383
34224629 199383
39659832 199383
37934405 1122326
37934407 1122326
37937021 1122326
37935015 600962
5020145 2520
30429708 2520
37935392 2520
13524125 2520
10936566 2520
13489569 2520
39695298 2520
29597557 2520
37924846 2520
39658227 2520
34284576 2520
37934541 2520
34240782 2520
30428619 2520
30427656 2520
30429715 2520
28643931 2520
34240816 2520
34240817 2520
28643933 2520
32799395 2520
32799398 2520
10936563 2520
37925374 601097
39658276 601097
40616370 601097
32850316 601097
29600749 529995
39660031 529995
30442604 529995
39665764 466504
37933203 466504
40616371 147799
32823183 466213
37936028 466213
37930746 466213
34238606 461546
4972584 461546
37927014 461546
34240192 461546
29591643 461546
37931865 156727
7473310 10559
29597484 10559
4588701 10559
37931768 10559
11898678 10559
5021995 10559
4443284 10559
37925572 10559
30426016 10559
39662232 10559
34225015 10559
14897667 10559
39658566 10559
34250595 10559
32785717 10559
6365880 10559
13493120 10559
39663453 39663455
39662160 462432
34220498 462432
39669927 462432
34344843 462432
37935712 462432
40616372 462432
30428310 462432
4341627 554430
37939171 554430
39661336 554430
30431840 30431841
34258232 1128421
34238956 1128421
30441942 1128421
32810841 1128421
15144189 787118
29603100 787118
29597633 787118
13522822 787118
29591672 787118
37941285 787118
37928075 787118
39658110 465578
37925611 1132775
34258504 464876
39658565 464876
34259023 464876
39659769 464876
39658463 462562
37943718 462562
4484499 7971
30428710 7971
1346363 7971
29602921 7971
37931864 7971
29597457 7971
29602923 7971
29602998 7971
29583584 7971
4484540 7971
30239861 7971
30239867 7971
29583651 7971
32845223 7971
39654009 7971
29603090 7971
38072416 7971
37928092 7971
4082811 7971
13388966 7971
29604006 7971
34306455 7971
13388977 7971
32795767 7971
40616373 704874
30437758 704874
30428308 704874
39664554 704874
37931321 704874
30429862 704874
30437780 1113150
37934603 179916
37928100 480626
34239296 480626
29591454 722051
29591453 722051
29592508 722051
29591594 722051
34240177 722051
15154405 488977
39654401 737089
37933155 737089
32828137 737089
37930931 737089
37944522 546234
39663438 546234
34246358 597735
29603511 597735
39669136 597735
37933168 597735
39695587 7817
37932231 7817
14308869 7817
29600797 7817
3894855 7817
29597618 7817
30248492 7817
13489570 7817
29583929 7817
37944273 7817
29601836 7817
37930970 7817
34227063 7817
29599168 7817
30456017 7132
30426370 7132
30456220 7132
30455283 7132
723861 7132
30453794 7132
30450275 7132
30454681 7132
30453138 7132
32813733 7132
5010809 7132
34224415 7132
30441518 7132
30453142 7132
30237062 7132
30456104 7132
37944542 7132
30439815 7132
30456312 7132
39662255 7132
30456725 7132
30436850 7132
30449376 7132
30455152 7132
30425310 7132
34229054 7132
39663719 1180789
39662324 1180789
32690404 1180789
39664411 1180789
39662267 1180789
37944496 1180789
40616374 1180789
39659946 1180789
40616375 39722
30425558 30425559
4965421 4603831
39663705 465609
15151128 740652
30427224 30427225
37924769 596536
39664845 596536
30427220 596536
37926890 459844
37928098 459844
34247049 459844
29591598 459844
34466782 459844
29603025 1050658
32833977 29554
39662476 29554
29583480 29554
34427982 29554
37941382 29554
39658189 29554
13412020 29554
30430499 29554
34257668 29554
32844912 29554
29591490 705680
39662231 705680
32792798 1077007
40616376 1077007
37926912 1077007
30428834 30428836
39661319 1551280
30448319 1551280
32785702 614495
30245336 614495
30428302 614495
39664660 467971
39662329 467971
30454359 467971
39659764 453042
15145963 453042
29583944 453042
37925033 453042
34240175 1061437
29583977 1061437
29583942 1061437
30430508 1061437
29583930 1061437
34223269 1041
37928056 1041
29584254 1041
29584268 1041
34246701 1041
13374394 1041
40616377 1041
4965608 1041
34224299 1041
29583584 1041
39659773 1041
30455499 1041
29603024 1041
37943350 1041
30436173 1041
37944494 1041
40616378 1041
29604447 1041
29591616 1041
15171483 1041
29592543 1041
15171481 1041
15171484 1041
30898853 1041
32796606 1041
37930735 24309
29600786 783541
4216729 734360
37940853 571331
32818921 591074
39664413 461537
40616379 738940
40616380 87077
39669942 87077
37928091 87077
39664619 87077
40616381 336573
29584277 336573
39662156 336573
29583951 336573
37943691 1042
37943696 1042
30418441 1042
4307658 1042
29600925 1042
37934548 1042
39661315 1155813
39662328 1155813
39662373 1155813
40616382 1155813
39663266 1155813
39661317 1155813
30428073 1155813
30436048 1155813
37933152 726457
39694861 726457
30428479 726457
39662201 1140082
34224780 247379
28697869 247379
39661329 247379
37926882 1158341
39658526 1158341
39663267 979867
29592521 1007986
29591666 1007986
29591667 1007986
34240265 1007986
34398853 1043
29604389 1043
32872329 1043
2900041 1043
29603529 1043
29603528 1043
32780547 1043
4965560 1043
32787796 1043
13348355 1043
34353923 1043
34240161 1043
34240165 1043
34248165 1043
34250580 1043
34239271 1043
39663430 1614026
4650505 1614026
37931755 702902
37931757 702902
15635003 702081
29584093 702081
32792816 702081
29584321 760744
29584259 760744
32849063 188858
30430933 188858
29597492 188858
37930912 188858
37926896 188858
37928059 188858
15144185 188858
29584355 188858
37932141 188858
40616383 188858
39658444 188858
39662151 39662153
39662263 760653
29584517 760653
37925569 1054255
37936129 11222
34239265 11222
29584218 11222
29584235 11222
37944334 11222
37934605 11222
37934606 11222
29584269 11222
29602991 11222
37926900 11222
37927553 11222
34311588 11222
37940863 11222
37944339 11222
37933219 11222
39663553 11222
29599080 11222
37944357 11222
13371857 11222
29603199 11222
37944369 11222
34239264 11222
32792813 11222
29584536 11222
15166322 11222
39670020 1050821
30452668 1050821
40616384 1050821
30438431 1050821
38077552 1050821
39665798 1050821
39659907 1050821
39663707 1050821
39663643 1050821
30429566 30429569
39662372 484957
30429168 848279
37927547 739921
30736755 1914736
37924776 1914736
34223934 489953
32818923 489953
30437901 489953
30427970 489953
30427981 489953
39664776 431552
29592426 431552
29583981 431552
34240201 1170916
39659956 574975
37933183 574975
34310701 6535
39666750 6535
39666751 6535
34310732 6535
29602979 6535
34286538 6535
37940323 6535
34310702 6535
37940324 6535
39693366 6535
39664606 6535
37929189 6535
34303163 6535
30426726 6535
34284844 6535
10491311 6535
37940326 6535
30438429 6535
30438436 6535
37940327 6535
37926917 6535
29599174 6535
40616385 1511053
39664657 1511053
39663649 1511053
39663199 1511053
39663702 1048894
37944852 372285
30426230 372285
39664417 466282
39664405 711575
39658172 711575
37929388 483453
37924876 483453
37944349 1106537
32829284 554664
32792637 748732
37937505 748732
29584327 748732
32792820 748732
39653687 1044
34246703 1044
34427980 1044
34258115 1044
34247319 1044
37944356 1044
34248497 1044
32780388 1044
29584105 1044
29584112 1044
40616386 135105
39659712 135105
39670009 1339581
37924765 490002
29584303 490002
37944358 490002
29584384 490002
39659823 490002
39662228 453389
30450976 453389
39662464 453389
40616387 1102450
30429405 30429406
6763967 461573
37944328 461573
39659960 461573
39659340 461573
30439994 461573
32787798 461573
37940337 461573
39659958 466683
15154404 466683
40616388 729445
37939178 494678
14300524 8739
34796368 2997138
39663733 2997138
30432063 2035973
30432068 2035973
30432073 2035973
30432079 2035973
37924830 546255
37933072 37933074
39663667 725282
39665898 725282
40616389 1233634
1743101 1507838
37929303 1507838
37943404 527589
37929360 7150
37925378 7150
37937441 7150
32845097 7150
34257713 7150
34257356 7150
39663441 611428
30426402 611428
40616390 611428
39665786 611428
37943695 537877
37940514 1566590
37940515 1566590
37943706 1566590
37936134 1566590
39664761 475229
32844900 488238
40616391 249986
29584204 738479
39663450 738479
40616392 1159948
39664774 708033
39656257 1045
4059675 1045
4059676 1045
4327376 1045
30428904 1045
37928066 1045
4216960 1045
3441796 1045
28410042 1045
29597932 1022
34247117 1022
37941807 1022
37924772 1022
37928101 1022
39665854 1022
32855813 1022
39659765 1022
33165052 1022
30426444 1022
34257701 1022
29600945 1022
32833123 1022
39663484 1022
