4765411 4766065
4993340 4993383
4564654 4579780
4754899 4755767
44369 188614
4793859 4794179
4764854 4765471
4725375 4727093
4754780 4755637
4773563 4774171
30473974 30473985
4805544 4805821
4683481 4688041
4799512 4799695
30466181 30466188
4801239 4801412
4800899 4801078
4753917 4754791
4796566 4796745
4804698 4805053
4692205 4696303
4783580 4784053
4662142 4668116
4803059 4803230
4773686 4774264
4775933 4776439
30476002 30476010
4074014 4229070
4613875 4623575
4457528 4494673
4494437 4523449
4795517 4795742
4734227 4735612
4592795 4603963
30478700 1263052
4782688 4783125
4795569 4795783
30482486 30482495
4564405 4579544
4773604 4774236
4523669 4546627
4725462 4727158
4744328 4745315
4603942 4614002
4794542 4794804
4074145 4229242
4783950 4784365
4788575 4788965
4603813 4613884
4782725 4783168
4751012 4752107
4457294 4494416
4802276 4802474
4778671 4779329
4809872 4810099
4711950 4714483
4613897 4623591
4727054 4729013
4407731 4457319
4787943 4788258
4809564 4809759
4751128 4752190
4579676 4592804
2916329 3456607
4792217 4792537
4678987 4683490
2178060 2916373
4754830 4755692
30468972 30468980
4546374 4564444
4775399 4775964
4797817 4798002
4863970 4863986
4804455 4804707
4408003 4457537
4494664 4523666
4798074 4798316
4810159 4810341
4523440 4546444
4770349 4771007
44345 188455
4785552 4785904
187623 579202
2915182 3455965
4807380 4807591
4803876 4804051
4784326 4784698
44336 188391
4779265 4779904
30460437 30460446
4337522 4407755
30479662 30479671
4337470 4407698
4749823 4750980
4731035 4732714
1297118 2175491
4763256 4764093
4564699 4579845
4788312 4788742
3831630 4074178
4729223 4731044
4802220 4802414
4714486 4716944
4748659 4749811
4757438 4758268
4760542 4761384
4808276 4808465
4793922 4794266
4748780 4749936
4662274 4668254
3455705 3831590
4798452 4798701
4806270 4806479
4805043 4805263
4791276 4791609
4579577 4592682
4711818 4714325
4800582 4800763
4739781 4741070
4723457 4725312
4763319 4764208
4716887 4719303
2175479 2914575
4805990 4806198
4789290 4789740
4641020 4648891
4758111 4758852
4763335 4764224
4692183 4696292
4592691 4603870
4696228 4699914
4764198 4764865
4229177 4337502
4808178 4808376
4758238 4758994
4827232 4827297
44397 188824
4703089 4706017
4688031 4692080
4546548 4564563
4774846 4775409
4781899 4782316
4794490 4794702
4784726 4785125
4668152 4673872
3831615 4074167
4796695 4796889
4798969 4799175
4662176 4668160
44350 188502
4679017 4683535
44293 187643
4809368 4809573
4719330 4721803
4802032 4802232
4623582 4632573
4756503 4757305
4457114 4494318
4743350 4744337
4804271 4804541
4761390 4762362
4744485 4745479
4564464 4579603
188747 581080
4808593 4808769
4782317 4782734
4787593 4787981
4723677 4725473
4719360 4721840
4782296 4782713
4801638 4801873
4746361 4747498
4632549 4640816
4793617 4793932
4806907 4807046
4766714 4767309
4777491 4778098
4739820 4741117
4803519 4803671
4779236 4779836
4792333 4792616
4892289 4892305
1298428 2177991
4787638 4788011
4703192 4706160
4783551 4784029
4787716 4788049
4641056 4648938
4805252 4805554
4809135 4809305
4790389 4790748
4772961 4773614
4783136 4783577
4723704 4725501
4747665 4748868
4743368 4744354
4457281 4494403
4523696 4546674
4777504 4778107
4748676 4749833
4692121 4696239
4791629 4791994
4730988 4732666
4725333 4727063
4799344 4799521
4745519 4746621
4800688 4800909
4494685 4523679
4662314 4668328
4603872 4613936
4688081 4692132
4806745 4806916
4756604 4757448
4786230 4786551
4801291 4801532
4810090 4810290
4761187 4762113
4768941 4769663
44351 188521
4623567 4632558
2916362 3456650
4783158 4783600
4802100 4802286
4777460 4778066
4668245 4674038
4774227 4774805
4799897 4800088
4805813 4806000
4785117 4785481
4793047 4793321
4797125 4797331
4699978 4703228
4784770 4785178
4683526 4688090
188460 580658
4790102 4790613
4714315 4716780
4679196 4683650
4662157 4668131
4795775 4795983
4735478 4736895
4564686 4579834
4800420 4800592
4749995 4751137
4592883 4604099
4706009 4709208
4744519 4745529
4774796 4775346
4408095 4457614
4784045 4784421
4835576 4835610
4229665 4337967
4748812 4749968
44317 188254
4789083 4789413
4719293 4721731
2177996 2916354
4546423 4564472
4775855 4776363
4730851 4732538
4721847 4723738
4792873 4793168
4683455 4688013
4719233 4721635
44346 188476
581111 1298500
4741108 4742207
4229635 4337852
4613916 4623608
4640896 4648750
4803985 4804193
3832061 4074543
4736927 4738404
4668184 4673941
4803814 4803994
4739752 4741019
4725303 4727033
4772992 4773695
4736885 4738363
4770303 4770934
4728988 4730859
4777020 4777551
4749862 4751022
4699948 4703201
4782598 4783039
4764083 4764772
4750972 4752071
4769744 4770405
4798737 4798977
4758843 4759609
4760601 4761470
4762333 4763328
4795001 4795310
4762104 4763171
30471396 30471400
4721830 4723715
4798497 4798747
4788002 4788321
4788040 4788351
44325 188335
4787973 4788292
4679148 4683621
4745500 4746603
44391 188774
4523408 4546409
4648881 4655916
4809977 4810168
4784357 4784735
4767828 4768391
4786135 4786462
4711897 4714411
2915197 3455976
4795789 4795992
4789404 4789882
4792822 4793098
4801139 4801302
4523557 4546546
4546435 4564483
4802223 4802426
4337277 4407491
4709173 4711814
4771572 4772245
4714402 4716896
4776429 4777007
44321 188305
4801068 4801248
4743399 4744389
4759002 4759722
4790970 4791284
4778056 4778619
30460923 30460934
4546300 4564413
4747541 4748716
4785895 4786239
4721809 4723698
4807582 4807746
4805875 4806050
4769011 4769738
4408015 4457549
4775337 4775916
4784754 4785156
4728980 4730849
4711995 4714542
4648806 4655877
4679180 4683632
4579756 4592844
4794955 4795230
4778146 4778720
4792002 4792342
2914823 3455715
4766115 4766863
4792785 4793057
540 4652
4794170 4794499
4668108 4673840
4564554 4579685
4714474 4716932
4711805 4714313
580390 1297475
4732704 4734256
4696159 4699803
30479241 30479251
4788611 4789002
4678971 4683474
4696189 4699879
4799166 4799354
4737021 4738446
4782632 4783071
4457591 4494747
44400 188844
4798691 4798920
4546538 4564553
3456611 3832070
4786195 4786532
4795221 4795524
4764871 4765487
4805438 4805670
4074314 4229426
4781763 4782212
4807049 4807218
4758259 4759012
4772301 4773002
4786480 4786811
4603860 4613925
4767347 4767911
4784055 4784432
4738395 4739791
4716968 4719385
4786831 4787245
4655828 4662242
4723689 4725484
4721609 4723478
4579824 4592880
4809296 4809490
4782705 4783145
4457457 4494556
4808085 4808285
4727148 4729184
4719377 4721857
4790160 4790653
4808845 4809050
4799638 4799826
4613928 4623620
4784019 4784395
4614157 4623892
4229061 4337286
4727036 4728996
4800754 4800959
4762220 4763265
4632867 4641029
30466197 23813838
4789051 4789397
4742197 4743470
4797625 4797826
3831704 4074313
4494560 4523580
4767365 4767929
4564545 4579674
4807447 4807648
4711975 4714511
188779 581121
4752182 4753142
4788993 4789335
4768436 4769021
4779949 4780482
4759600 4760371
188241 580400
4801865 4802042
4640961 4648814
4732624 4734149
4755628 4756513
4795300 4795578
4604089 4614166
4790739 4791062
4800366 4800534
4780828 4781371
4798912 4799111
4797992 4798251
4784687 4785076
4747610 4748820
4604006 4614074
4723486 4725343
4870939 4870951
4807737 4807921
4737106 4738514
4794794 4795011
4800188 4800375
581098 1298479
4775364 4775943
4640974 4648872
4765997 4766687
4756580 4757416
4785146 4785517
4807082 4807277
4796116 4796296
4546678 4564707
4772322 4773023
4760362 4761196
4743506 4744531
4523276 4546310
4789870 4790385
4074157 4229254
4783920 4784335
4799453 4799647
4808455 4808602
2914885 3455754
4705980 4709192
4706178 4709386
4807800 4807997
30472665 30472674
4614062 4623815
4229404 4337727
4780909 4781435
4797238 4797449
3455692 3831576
4692055 4696179
3455733 3831612
4747512 4748684
4407687 4457291
4793311 4793578
30477497 30477499
4791347 4791657
4754878 4755745
4771032 4771699
4546617 4564664
4716771 4719218
4564447 4579586
4546598 4564649
44316 188234
4662232 4668192
4793143 4793385
4746574 4747619
4799101 4799292
4763161 4764037
4688136 4692193
4523707 4546688
4805988 4806187
4731017 4732695
580376 1297460
4778712 4779344
4774162 4774718
4785066 4785428
4523571 4546558
4729135 4730960
4706149 4709358
4699804 4703080
4751108 4752172
4579593 4592700
4780358 4780837
4802465 4802627
4729004 4730876
4736871 4738345
4692072 4696198
4337717 4407878
4735620 4737114
4734247 4735629
4688167 4692231
4632790 4640971
4757422 4758248
30475157 30475166
4703139 4706063
4741060 4742123
4761376 4762342
4807268 4807456
4739903 4741165
4744344 4745331
4808931 4809144
4727017 4728967
4766837 4767357
4792316 4792598
4770381 4771043
30462930 30462937
4772927 4773572
4074302 4229413
4770924 4771581
4754002 4754888
4727164 4729196
4771659 4772280
4801523 4801747
4793569 4793868
4738503 4739913
4494546 4523566
4756587 4757431
4768383 4768988
4457541 4494694
4714531 4716978
4741009 4742072
4746411 4747551
44315 188212
4457470 4494569
4759713 4760571
4709184 4711825
4074516 4229629
4784401 4784778
4579770 4592860
4619 44785
4603842 4613907
2914564 3455495
4753132 4754030
4745322 4746389
4716952 4719369
2176468 2914881
4766677 4767269
3455486 3831425
4803221 4803428
4792271 4792571
4807037 4807212
4800081 4800262
4795974 4796165
4782714 4783156
4074122 4229187
4592702 4603880
4408080 4457602
4579566 4592669
1297464 2176502
4780473 4780961
4655775 4662184
3831566 4074118
4798307 4798507
1297451 2176478
4799687 4799907
4797439 4797634
4771689 4772310
4784413 4784787
4703203 4706171
4778088 4778654
4773013 4773720
44361 188572
4806801 4806954
4784035 4784409
4797673 4797868
4774256 4774836
4706053 4709318
4759687 4760552
4781426 4781891
30459402 30459413
4767299 4767837
4723469 4725324
1298489 2178101
4776958 4777501
4729187 4731010
4809198 4809377
4806469 4806648
4782202 4782608
3455744 3831625
4592783 4603951
2914822 3455703
3831414 4074022
4781881 4782288
4785169 4785560
4592636 4603822
1297720 2176802
4716810 4719243
44374 188674
4789327 4789769
4727195 4729232
4758917 4759663
4592672 4603851
4776354 4776935
4723554 4725382
4523656 4546610
4796288 4796505
4789387 4789867
4748887 4750003
4732686 4734236
4802417 4802582
4229653 4337955
4655754 4662165
4734139 4735542
4780952 4781462
4752098 4753087
4805660 4805884
4074563 4229674
4752162 4753122
4735603 4737048
4769654 4770311
4803705 4803885
4781361 4781772
4229155 4337479
4808367 4808502
1298440 2178007
4714513 4716961
4603995 4614059
4668122 4673854
4764214 4764881
4757376 4758172
3831717 4074324
4703086 4706006
30467179 30467186
4564474 4579613
4730867 4732556
4613992 4623674
44389 188757
4673844 4678982
4523394 4546381
4743461 4744494
4800011 4800197
4789858 4790373
4791983 4792325
4703060 4705978
4807989 4808187
4802731 4802988
4337841 4408023
4729204 4731027
4769730 4770388
44320 188295
30472685 30472691
4640820 4648600
30479778 30479788
4699870 4703100
4640840 4648618
4732546 4734077
4758985 4759696
4766055 4766723
44360 188562
4740995 4742056
4770395 4771059
4774270 4774855
3832035 4074527
4457321 4494447
4779322 4779940
4757296 4758121
4683611 4688146
4774825 4775373
4769030 4769753
44344 188440
4754020 4754909
4770999 4771667
4790646 4790979
4796157 4796374
4229245 4337533
4782278 4782695
4564641 4579767
4655739 4662152
188137 580140
4776453 4777029
4494310 4523284
4688005 4692047
4688017 4692063
4806189 4806423
4742063 4743377
30460882 30460889
4783510 4783959
4640807 4648584
4808760 4808941
4229416 4337739
4632581 4640849
581056 1298436
4776997 4777528
4744379 4745375
4783030 4783480
4721723 4723564
4801403 4801647
4775907 4776401
4699905 4703148
4745306 4746371
4786770 4787180
4778646 4779275
4785419 4785793
4683467 4688025
4738501 4739901
4494405 4523416
4732530 4734035
4806638 4806810
4804532 4804867
4808493 4808661
4804183 4804464
4762353 4763343
4696294 4699970
4337945 4408090
4746594 4747675
4737039 4738472
4789875 4790398
4655908 4662325
4746612 4747693
2178092 2916411
4711834 4714342
30482692 30482696
4632561 4640829
4725315 4727046
4807912 4808095
4683624 4688159
4753077 4753972
44403 188886
4688150 4692213
4766853 4767374
4407483 4457123
4699961 4703213
4802830 4803068
4798242 4798460
4735463 4736880
4809041 4809208
4752062 4753047
4796364 4796576
4655888 4662297
4760447 4761262
4781898 4782305
4749973 4751118
4807639 4807810
4494749 4523717
4494739 4523705
4738460 4739846
3455954 3831715
4579664 4592793
4623882 4632875
4614005 4623685
4769702 4770359
4788248 4788584
4696283 4699958
4802572 4802740
4648574 4655749
4668318 4674080
4771050 4771715
4709350 4711959
4727085 4729144
4794693 4794964
4787278 4787725
4791648 4792010
4674045 4679189
4787171 4787565
4803164 4803335
4780875 4781404
4648608 4655785
4745366 4746421
4523427 4546433
4696310 4699987
4739836 4741138
4789730 4790111
4457605 4494758
4579536 4592646
4655867 4662283
2177981 2916340
2914872 3455741
4407868 4457467
4735589 4737030
4798909 4799100
4738355 4739760
4457310 4494435
4781395 4781831
4742292 4743515
4732516 4734021
1297710 2176789
4801738 4801934
4758162 4758927
4742276 4743496
4788956 4789299
4786168 4786488
4592834 4604005
4800252 4800429
44371 188634
1298470 2178069
4791326 4791638
4765478 4766123
4783568 4784043
4802617 4802840
4773709 4774279
4725474 4727171
44384 188719
4797859 4798084
4696170 4699813
4765366 4766005
4760561 4761401
4727025 4728987
3456641 3832087
4648590 4655764
4776925 4777469
580661 1297731
4791900 4792226
30482908 29637394
4788342 4788761
2176377 2914832
4623665 4632732
4742047 4743360
44385 188732
4796880 4797066
4789761 4790169
4792607 4792882
581070 1298451
4648864 4655898
4804857 4805157
4783146 4783589
4716936 4719351
4768455 4769040
30481399 30481406
4809675 4809881
4786453 4786779
4768978 4769711
4709310 4711907
2916345 3456620
4794257 4794551
4774708 4775311
4407890 4457480
4623610 4632600
4772235 4772936
4800950 4801148
4711978 4714523
4759654 4760456
4806944 4807091
4692039 4696168
4755683 4756562
4804041 4804280
7696 62915
44406 188909
4785825 4786176
4716922 4719339
4802978 4803174
4742114 4743408
4797322 4797506
4719342 4721818
4781822 4782249
4778122 4778682
4796497 4796705
4674072 4679206
4791246 4791539
4755736 4756596
4775303 4775865
4824353 4824413
4781449 4781908
4709361 4711971
44402 188870
188746 581067
4782240 4782641
4603954 4614013
4792589 4792862
4799818 4800020
4787236 4787648
4748857 4749984
30470517 30470524
4725491 4727187
4783591 4784064
4776392 4776965
4767920 4768465
4777541 4778156
4734194 4735598
4788283 4788620
4564434 4579575
4337490 4407709
3832100 4074572
4074552 4229663
4781910 4782327
4721794 4723688
4719210 4721618
4805148 4805449
4756552 4757386
4744501 4745511
4683641 4688178
4761266 4762244
4785472 4785834
4494424 4523437
4809482 4809685
4747488 4748666
4780415 4780885
4788734 4789062
44372 188649
4797056 4797246
4785853 4786204
4786522 4786840
4738437 4739829
4764027 4764730
4778610 4779244
30482155 30482160
4806040 4806279
4745468 4746583
4762171 26602
4764763 4765420
4674028 4679158
4788753 4789092
4777519 4778132
4766096 4766846
4706162 4709370
4725510 4727204
44318 188277
4785784 4786146
4678961 4683464
4668298 4674055
4772271 4772969
4782307 4782723
2176792 2915206
4699794 4703069
4623805 4632813
4673830 4678969
188778 581108
4632805 4640983
4792562 4792830
4709378 4711988
4732657 4734203
4731001 4732678
4761254 4762230
4767903 4768447
4229232 4337521
4074533 4229643
30482144 740401
4714332 4716819
44335 188373
4748708 4749872
4765461 4766107
4796735 4796942
4790930 4791254
188461 580670
4705967 4709181
4692220 4696322
4662288 4668307
4741157 4742301
4784386 4784762
2916403 3456693
4790363 4790731
4729174 4730999
4874475 4874487
4546399 4564458
4337828 4408013
4807202 4807388
4723728 4725518
4771705 4772332
4739732 4741003
4826483 4826598
4648741 4655839
4673863 4678997
4732670 4734221
4792854 4793151
4753962 4754840
4799281 4799462
4791957 4792279
30468481 24612
4735534 4736936
4407744 4457331
4730951 4732635
3456681 3832110
4786856 4787286
4803326 4803528
4775954 4776462
3455966 3831725
4795732 4795926
4767794 4768361
4407700 4457303
4623598 4632589
44304 188159
4779930 4780458
4801924 4802109
4714302 4716769
4803418 4803570
4716760 4719208
4730839 4732526
4787204 4787600
188136 580116
4779826 4780368
4632721 4640905
44392 188790
4709198 4711841
4796933 4797134
4800524 4800696
4781452 4781918
3831579 4074131
4809750 4809986
4786803 4787214
4623793 4632801
4779334 4779959
4734067 4735486
4767791 4768350
580125 1297130
4790723 4791043
4783062 4783519
3832077 4074561
4791530 4791910
4783117 4783560
4808651 4808855
4764719 4765374
4337513 4407743
4795917 4796125
4711962 4714495
4791033 4791335
4703072 4705989
4787555 4787951
4579605 4592711
4799507 4799682
3831602 4074155
4721596 4723466
4768352 4768953
4786543 4786864
4806559 4806754
4721626 4723496
4592852 4604015
4673932 4679027
4793376 4793626
4803662 4803823
4753112 4754012
4803560 4803713
4783470 4783929
4863619 4863636
4719198 4721605
4703219 4706188
4791602 4791966
4741128 4742286
4494393 4523404
4546664 4564695
4767258 4767804
4738337 4739742
4797494 4797683
2176492 2914895
4337729 4407901
4753037 4753924
4779895 4780424
4727177 4729214
4793090 4793359
4747683 4748897
4074109 4229165
4614049 4623803
4229619 4337838
580648 1297719
4734025 4735472
4792527 4792794
30476452 30476457
2176778 2915194
4592660 4603839
4755756 4756613
4780449 4780918
188240 580386
4734013 4735460
4579835 4592893
4785507 4785861
4746379 4747520
4783565 1112891
3456595 3832045
4791054 4791356
4743487 4744511
4337956 4408104
4790604 4790939
4806414 4806568
