77074 273834
5831876 5831852
34526 137088
34520 136935
3350251 465904
270220 135865
75365 135865
33396797 770409
521266 167838
742335 1513055
3627186 875641
137021 428654
28227180 28227179
4003601 3721516
3830912 3454745
2512438 1674489
3684477 3235940
2445821 1588408
1539523 757199
1282649 563724
1545089 761940
11356534 11356531
34312567 34312568
538604 174620
40772474 40772475
592585 429249
1073214 429249
65850 253319
2502517 3171470
40772478 40772479
2742267 3334985
40772480 40772481
34538 137357
15109073 15109075
4727 44945
28215944 21219
2507255 21219
4986575 21219
7331843 21219
7244905 21219
12492045 12492046
11215532 11215530
2585616 3222446
2130188 1773050
11720565 11720598
28728681 1611382
12962086 12962083
28230781 28230780
14977951 14977948
811811 292958
2154990 1278530
28187725 36657
177883 36657
199576 36657
3077280 2384912
970665 1610074
704883 1463524
3091033 2399448
82608 285064
28226747 28226746
77687 274895
13448760 50463
34305318 65959
796057 1049713
40772482 40772483
10733937 10733955
2897704 2155247
28227188 28227187
28227182 28227183
3708638 3269241
1052103 1914777
1052103 1914778
6601508 6601521
7111243 7111246
4056993 3814294
231225 709833
7787519 7787514
65823 79973
33588862 193696
975725 4973
227234 4973
12589404 4973
15707414 15707416
15707369 15707371
75106 269412
75111 269493
75112 269508
12197951 12197953
75110 269475
75104 269393
15255229 15255225
75108 269444
75109 269459
30748459 30748460
39198809 39198811
12351320 12351324
36408775 561763
14226101 14226104
2193137 1322117
1775188 944595
2333233 3035110
162797 512730
3075306 1949490
430113 752381
28727698 9053728
1279795 2156436
753202 258060
10273219 10273215
78056 190563
647079 212152
84752 16553
32992480 16553
28215942 16553
11932585 11932587
2420734 3106705
34513 136570
2227500 1353874
2691425 1913953
2823130 2287301
1575038 787804
174755 174742
2190509 1319481
13460403 1394814
28279467 28279466
414442 1053019
2474937 1627780
7556944 7556916
73847 267669
73849 73848
1095732 444866
67128 255599
13300119 1514088
34536 137331
3243960 3690013
40772485 1803040
34262253 255237
769572 267838
79037 277488
277497 784412
3170688 3636653
169991 41171
70246 260656
2731043 3321633
263787 762160
3964144 3659233
119892 136808
2914840 2176399
1544150 1544151
263884 761944
4294074 4164324
1505110 733761
28278788 28278787
3819468 3444347
769105 267474
11722920 11722916
13356759 13356763
75119 269588
75120 269605
75107 269430
75113 269523
15856906 15856909
1554712 771926
2125854 2874030
3927516 4134598
1934857 1073559
4158682 3964165
4158682 3964165
3350251 499549
40772486 28215426
28222286 28222284
2415455 3102771
40772488 48489
40772489 48489
40772490 48489
40772491 48489
40772492 48489
40772493 48489
40772494 48489
40772495 48489
40772496 48489
40772497 48489
40772498 48489
40772499 48489
40772500 48489
40772501 48489
32945310 48489
40772502 48489
40772503 48489
40772504 48489
40772505 48489
40772506 48489
40772507 48489
40772508 48489
40772509 48489
40772510 48489
40772511 48489
40772512 48489
40772513 48489
40772514 48489
40772515 48489
40772516 48489
40772517 48489
40772518 48489
40772519 48489
40772520 48489
40772521 48489
40772522 48489
40772523 48489
40772524 48489
40772525 48489
40772526 48489
34533 137276
7254362 7254360
741550 250443
2347 24127
257555 752652
7350361 7350353
10717302 9760581
2165822 2389143
28273733 28273734
14405192 14405189
704776 113554
20211 113554
15613815 7079886
2426303 2426304
5988533 5988535
971120 1810456
1532227 1288214
1693748 876643
180366 43306
781080 1567377
429767 137409
14103375 169194
3066015 2373029
1695708 513801
163389 513801
513587 513801
1560351 513801
3604592 1050828
4318786 4203670
2162777 2903717
42316 42317
8528841 8528839
1533545 752485
538029 174340
12353855 12353853
10880688 10880684
752937 257788
9172757 9172754
2034992 1163349
28467289 28467288
8338737 8338732
28466959 28466958
3085098 3572956
28195245 28195244
240273 727999
11002889 11002885
752939 257789
752941 257790
752943 257791
8359091 8359074
28268343 28268342
1533547 752486
3072766 2381823
613183 204878
1533588 752500
4035921 3780821
58815 239074
2698450 3296075
1907384 408544
1045054 408544
1146774 475001
40772527 40772528
1506705 735290
2842991 2089661
13299063 13299067
1346449 2221408
82609 285072
619063 207598
82606 285046
1833599 571285
3091068 2399583
2834548 2079233
33021063 33021066
39465375 379844
561880 1282113
40772530 40772531
795996 285021
15251948 15251944
40772532 40772533
1358211 2232518
34276914 34276915
35824371 35824372
1899 21123
30329330 10657353
5661537 5661542
28227197 28227196
2154991 1278531
776184 410446
40772535 962
251048 65421
251050 65423
124029 124028
29346 130862
40772536 757210
1129775 464297
36385326 36385325
74622 12217
5885995 5885989
3979303 3683451
965 15178
377125 15178
167522 15178
3103 15178
4266063 4358170
40772538 15417614
971 15385
5098140 5098134
2478394 1632408
10800290 10800272
28487449 63792
2114091 1234606
2878389 2131199
33093315 33093317
2897500 2154999
2155042 1278554
2367200 1503352
36311804 1660656
2500278 1660647
2701861 1925682
28227200 28227199
2222446 2900542
1319587 587917
34527 137140
7784 63326
2463 34458
2100352 1223099
3606226 3731279
426729 136525
426731 136526
65824 253272
65820 253204
7974396 7974386
14423444 14423447
14384639 14384635
2060136 1186145
13457149 13457151
3740468 4013810
28221638 28221642
28279171 28279170
28276647 28276646
1298987 1087627
550959 1274197
45231 195524
28216166 28216172
1400804 658714
6862239 6862292
8311235 8311233
40772539 441381
1089060 441382
25360 25344
34519 136880
4237615 4086291
28216587 28216585
576341 1292170
1208451 2084694
2443819 1585389
1272096 549247
5782717 5782718
1292277 576433
7781173 7781191
12211941 12211946
28206813 28206812
3409774 3798908
28206821 28206820
12548848 167495
11869017 167495
7941379 167495
7296794 167495
12697088 167495
6895965 167495
7853574 167495
3616795 3140932
34733173 3591299
127743 413657
71922 263791
7620595 7620587
3280008 3543830
1914892 1052266
1914914 2692418
14954838 14954830
4237617 4086293
4237620 4086294
9649446 9649437
4111468 4258501
1914893 1052267
2955700 2224530
3851310 3483589
3083324 2390543
157871 497451
40772540 14373613
751976 1532942
15690430 15690432
1074034 1935545
8799010 8798999
3593119 3111714
28230506 28230505
3922264 3593146
429768 137412
12779843 12779839
14504539 14504533
275662 77980
28230510 28230509
28230513 28230512
2877808 3426406
2061530 2745689
3098728 2410926
87362 297369
1940544 1078785
3198583 2550104
3571529 3082952
2899948 2159068
3389956 2824315
4146574 3944240
3724037 3294736
7328722 7328716
1629968 822578
5252173 5252171
4915531 4915468
6065753 6065740
557483 555920
1279450 556120
1940547 1078786
5425673 5425671
5421324 5421319
5147879 5147866
2499134 3168457
1286476 571297
5386336 5386312
113562 370645
28277451 28277449
4270750 4130564
5313492 5313486
2037232 2800507
6253256 6253252
28361432 125270
23081 125270
34521 136968
12612778 12612787
5202817 5202812
9573759 9573756
34252740 34252741
2425874 3110746
2193647 1322891
82605 285038
7442339 7442337
589637 556121
2421748 1562321
429591 429582
137256 429582
3740696 3319527
1533615 752506
1533616 752507
2304518 3015794
43190 179865
1974915 1103532
2930235 2192839
1282851 564374
2715158 1941246
28482502 2189311
256931 68108
5425676 5425672
4158682 3659289
1959759 2730677
1733965 926909
2860981 2602628
8166052 8166040
260006 754930
33091784 33091786
34283029 34283030
34283044 34283045
34283050 34283051
34283081 34283082
434773 139784
1082164 434774
5725485 5725481
8127547 8127537
9314283 9314279
3441750 2899938
1574955 2434358
576976 1293222
28186896 7472237
1301409 583283
2861174 2229128
216269 656763
1949906 1087628
3341788 3757472
1564286 2365622
136795 135234
8727170 8727178
3111434 2426929
10353546 10353541
40772541 6960200
34531 137240
10298093 10298081
28212278 28212276
2689170 1911752
741592 250526
4927674 4927686
6595025 6595019
4297098 4169058
248783 739024
931374 1754634
248881 739207
11674297 11674299
12311430 12311428
248883 739233
1191418 502178
28185921 28185920
28186267 28186266
2421194 1561515
3081680 2389500
750034 1530289
126857 412356
126851 412356
3808013 3426199
3227101 3227103
13323655 13323659
298955 579817
2689400 2399581
34902029 13446290
44928 189648
9954514 9954508
1233898 2113668
1926170 1063958
791118 1580306
1554559 771769
71935 263838
1300996 583034
40772542 128320
434018 139380
4131839 3922953
3008547 2287600
1049691 411957
7042732 7042726
3114363 2431079
3883091 3531484
3386071 2819071
4131841 3922954
30304730 30304729
3913529 3578322
30745971 1692290
4997142 4997164
7673323 7673324
6345976 6345879
4504847 4531421
40721245 4531421
2104908 1226456
77696 274966
761387 263070
787520 1574617
2961117 2454424
9662794 9662790
7568274 7568265
28279597 28279596
28279600 28279599
28279603 28279602
4169100 3980698
7304548 7304544
2422890 1563748
2751048 1977905
2365927 1501742
1832796 1789611
33059564 33059566
10916509 10916506
3684373 3235630
3651339 3960959
11549947 11549943
5914799 5914795
10322847 10322835
10322848 10322836
28200041 28200040
749994 1530234
750051 1530345
750020 1530250
1911860 2689284
4538028 4512206
67125 255578
28228343 28228342
228717 704699
3056277 3553050
3080948 3032294
3201641 3032295
3201642 3032296
3538078 3032297
3414161 3801406
138775 432822
4292363 4161853
953951 357354
3087537 3575012
1949909 1087629
5565984 5565979
1506541 735107
4131836 3922952
11597627 11597621
3528598 3019048
3417121 2867183
28205504 28205503
255598 750052
255527 411813
40772543 40772544
2862783 2114205
15324272 15324266
4050610 3803703
3270108 2650734
1506538 735106
3386068 2819070
4131843 3922955
4131845 3922956
329767 895347
3114212 2430842
3805736 3422775
40772547 40772548
2872786 2124821
4615535 4605178
1275036 180375
3422788 2872783
1292020 576128
3286463 2685049
3081340 2389099
11597629 11597622
9577365 9577362
5574859 5574850
7350094 7350089
9621666 9621661
14692846 14692841
4559372 4540044
14638130 14638126
5709689 5709684
3114214 2430843
5485119 5485111
8761836 8761832
12008829 12008827
34237897 34237898
12336396 12336392
8008176 8008170
3949699 3632443
185744 43890
185744 43890
1049658 411923
255577 750021
2359557 1493797
2388487 1530264
3570152 3080951
3080949 3570153
193009 588051
4479266 4436499
3279780 2666057
2207525 1335502
2390012 180415
1117328 456107
1561665 1074836
1504685 733282
1242148 1242154
2151790 1274960
2333653 1464728
12807879 228804
28193601 2747408
610478 203468
25436471 2077961
2343427 1475182
28194703 1643722
13273296 1275774
11179518 229154
1464394 705723
1561529 307225
1266338 544097
25457607 3360712
25453745 2779426
25439294 2346243
28198731 2013258
2367796 2367798
28198892 1992842
25447688 2077992
25412848 25412850
28198922 2077940
28198949 2779456
25436005 2078449
1275131 551799
3360590 2779246
28199005 3159695
28199039 1992499
25461799 551784
25435916 2151945
2895211 2151964
1995238 1123582
551516 180285
28199320 3041229
25423679 1274616
25436240 1275119
25436530 2037474
28199671 2345806
3763684 3351636
25416603 1859881
25436320 551900
28206174 1275332
28206175 1543069
2790336 2027049
25449122 2151217
25436253 1274891
25436356 1465621
1329596 594636
25442938 706773
487496 1165954
1165513 487197
28212514 1275191
2201420 1329582
3814936 2152056
25439573 180463
25418888 234984
14335215 1146337
25436164 1329615
1177622 494627
594646 198122
25458105 551459
25462787 1123775
2812272 1180368
14377093 180220
28269529 1007592
551504 180262
1275175 551856
2434797 1575460
25417350 610440
2805295 2043892
1920545 1058775
3159866 2486705
28270188 2895163
25445313 1995290
551854 180449
2007029 1135436
2390016 551548
14507775 180392
1275106 551744
28271380 1275041
28272431 2342501
2390014 180494
28272753 2345900
4041582 3789425
28273128 2486475
25441431 1202369
2152575 2152578
3339080 2747736
2418765 1558429
25416443 788468
25459441 1121065
25407838 1985640
974599 372717
3351716 2765162
25436464 1543081
1859933 1009980
2330973 1460721
2765185 1995231
2337651 1468611
3910335 180342
28276174 2403305
1329627 594651
2207786 1335842
2390015 229620
735006 246277
25416434 1180866
543827 176648
372365 115378
25416028 551568
25463940 1120952
1550068 765747
28278968 2342510
25413216 1274578
1992517 1120974
1053853 414955
28279545 2151189
25432814 551888
2800610 2037324
28279944 1275093
78750 277117
40772550 269751
11713654 11713656
12753466 12753459
2555038 1719262
1961621 2732195
2555041 1719263
1961622 2732197
15563006 5723733
2555044 1719264
1961623 2732198
1570119 783640
7816579 7816570
7816576 7816569
3253262 3696887
3623008 3150869
10892670 10892666
28218845 5630181
414442 787078
4213334 4052207
486989 486993
68500 257382
8793791 8793780
182110 555406
4722069 4719639
3944041 4146518
1911861 2689285
3944042 4146519
4915646 4915621
2181742 2919324
2037473 1165479
785820 278945
785825 278945
785857 278945
28227910 278945
3288465 2688938
3288467 2688939
3099597 2411842
34666 34679
29009516 29009514
461415 1125218
6819728 6819727
1494209 724922
724921 724922
725017 238142
238143 238142
1465023 2334591
1494192 724879
724880 724879
113574 370672
136796 427640
75117 269564
67122 255552
28188706 28188707
8874 66949
3235806 3684432
36324 143150
3121324 3599573
2649311 1844618
1580303 1580985
2477 34988
4915550 4915492
30768173 30768174
5661540 5661537
3677303 3974715
1775055 2591588
3203592 3661204
28227205 28227204
28227208 28227207
28227210 28227209
67120 255528
2008029 2774971
2008029 2774972
29003125 29003124
32073894 32073892
34652617 34652616
28503784 28503782
28277769 28277768
35824367 35824368
35824365 35824366
14605649 14605652
13151807 13151811
6055139 6055180
3216336 2576882
12056808 12056806
8381308 8381306
7410033 7410030
2421745 1562320
3563608 3073507
6426363 6426358
8417400 8417382
28211767 1139968
5425508 5425506
130406 416692
28267446 28267445
28267448 28267447
5421327 5421320
1187309 2061433
2766843 1997443
13447668 2616997
6484430 6484426
1554491 771720
28276534 28276533
28276542 28276541
269235 75018
28276544 28276543
28276546 28276545
28276548 28276547
28276551 28276549
28276557 28276555
3102457 2414875
28276554 28276552
3557953 3899880
28276559 28276558
28276561 28276560
28276563 28276562
28276565 28276564
28276567 28276566
28276569 28276568
28221568 28221567
28276571 28276570
28276573 28276572
28276575 28276574
28276577 28276576
28276579 28276578
28276581 28276580
28276583 28276582
28276585 28276584
28276587 28276586
28276589 28276588
28276591 28276590
28276593 28276592
28276595 28276594
28267451 28267450
4815748 4815846
11873077 11873073
556030 767528
1494247 724970
757791 261361
28202246 28202247
4513614 4539055
966 15228
1474772 715729
2373085 1510343
3660044 3964732
1166462 487910
144885 457236
502444 1191607
3222445 3225853
589559 1322059
3963279 3657643
289673 807719
136524 426708
3662573 3966059
2834445 3395942
1558589 774028
1505545 1271069
14283533 14283530
40772551 28211760
40772552 28216603
28277566 28277567
28219992 28219990
8027666 8027680
372149 973310
11930888 76683
13293471 76683
273218 76683
124081 405712
7693888 7693886
7042880 7042879
5064 45894
2899959 2159088
63100 245579
3111436 2426930
538751 182127
43780 182127
28267455 28267453
15483983 15483980
1685811 2522049
2082306 2836729
8590544 8590540
1560484 1560481
775775 1560481
3597086 3117488
8913168 8913166
3706656 3265868
28449717 28449718
414442 1053025
28216528 28216527
9616177 9616174
1961696 2732241
775775 1560483
787557 1574719
28466195 28466194
14718572 14718570
14307262 14307260
3097514 2408893
4269647 4128979
3571229 3907806
64606 248874
33134360 28226986
704885 1463546
113574 370673
3402497 2843645
33021351 33021355
33021283 33021286
55629 229300
2117765 2865236
1093769 1959760
33021733 33021736
159077 499616
12606553 12606548
1533534 752479
2013866 1142692
34314976 34314977
4364540 4426786
11360486 11360483
33021694 33021697
33021748 33021751
745619 564369
6823511 6823515
8768009 8767997
15335738 15335733
34237827 34237828
7440503 7440500
30505026 30505027
7171074 7171072
5300279 5300278
7534551 7534543
33021704 33021708
30026910 20992
4971829 20992
4427371 20992
4505619 20992
4471588 20992
4471585 20992
3664655 20992
4161272 20992
3967687 20992
1473732 20992
4505543 20992
4505544 20992
4505545 20992
4471587 20992
4471589 20992
852781 20992
2368699 1816989
28208069 28208067
28212769 28212770
9632367 9632364
614672 205629
13179623 13179626
15711927 15711938
1539300 1550586
9447917 9447922
6648573 6648577
12229084 45720
11766608 45720
13215848 45720
13148794 45720
13460342 45720
15852699 15852701
4382870 4300422
9062063 9062068
7522839 7522832
34283957 34283958
269472 771908
128167 414130
557480 555427
1280995 558283
1159691 483036
557402 557536
766773 562430
556033 555710
1106468 562620
175026 42547
456711 144708
12347350 12347348
133131 420878
474706 150624
7294433 7294425
1560696 2420619
1915259 1052626
4126222 3913461
2066422 2402014
34759089 32992414
3013201 3525267
33585270 32992412
34678 137679
28219878 28216877
28192151 28192150
538981 174877
267898 73921
769298 267530
5613450 5613404
180120 180124
487106 487112
40772553 1095682
1142289 472160
538822 174815
113563 370650
414442 1053035
414442 1053036
414442 1053037
12224159 6424952
6182713 2028647
3046524 3547315
2689887 1912533
36310039 36310040
2389498 1531392
2389514 1531401
2348796 1531393
3702054 3261475
414442 1053020
48494 207542
3035168 3540345
113568 370667
8312139 8312131
3165771 2493882
28271698 28271699
36249862 1463213
774360 271167
67531 67544
8958794 8958784
9294333 9294315
3964733 4159140
3660045 3964734
3660046 3964736
8230445 8230440
10129273 10129269
10120959 10120955
3201643 3630121
2555047 1719265
3247374 2618215
1463001 1463003
2409644 3097904
2409644 3097903
2626276 1816179
715779 715784
82611 285109
174456 538419
40772555 28212094
277801 277806
4430928 4369013
284756 82380
13524836 444117
1239942 529823
30191479 15101403
40772556 3592959
78057 193376
9079952 9079938
2373088 2373085
2933871 444118
264360 762672
771899 877381
34514 136706
1867338 2666796
734806 734812
23668213 23668211
36364722 1315410
127751 413664
5600763 5600753
5794063 5794049
2430587 1571669
1046467 409811
67123 255558
3081337 2389094
162344 411994
2697279 1920493
2697282 1920494
4057642 1009735
3960820 3651214
5985505 5985498
8836907 8836882
9279211 9279206
3570154 3906839
3660049 3964739
10108701 10108688
5098504 5098505
5098499 5098440
10121767 10121760
3363052 2782971
10110195 10110191
10108577 10108570
5403281 5403227
3571472 3082670
3701766 3260601
34283962 34283963
2165822 2906327
3253669 2626266
34310068 34310069
11673044 156755
30302848 30302838
70528 261004
40772557 40772558
28228833 28228832
8632499 8632485
8632498 8632485
9187107 9187131
3570155 3906840
3570156 3906841
3660047 3964738
3201644 3660050
3660051 3964740
3660052 3964741
6387304 6387295
3908520 3572172
6432018 6432012
12339452 12339450
6524323 6524292
9041412 9041408
32811210 616804
34240928 34240930
1117305 1117310
2637983 2666041
3345374 3760268
6099449 6099431
33021311 33021314
33021839 33021842
420246 420252
2112044 2401933
34282829 34282830
839049 839053
1120797 1120803
460619 460622
458705 458713
25426633 25426631
2537908 3193951
14349383 14349391
14404005 14404008
551234 1274489
15628174 15628172
705403 705406
87661 298166
9839 9849
9850 9849
5036363 5036376
12018296 12018292
28267461 28267460
125888 410157
429574 1073688
40265520 22926022
1911597 1049269
2333342 3035165
28467389 28467387
28467391 28467388
34529 137188
29993990 29993992
2034994 1163350
33092488 33092490
25463570 25463572
372100 372105
1009734 1859575
4370816 4282767
8866 66758
412266 126880
412267 126880
233601 233607
411500 126438
1107741 380035
705378 705382
2626460 1816399
3960726 3651069
1530375 750124
1914873 1052226
63448 246118
180110 551219
2389353 3081557
137405 429754
3922132 3593002
1531088 750672
3922149 3593047
895352 1707517
2002016 2770317
3083321 2390518
1123740 1123742
1531270 750793
2626226 1816138
8343372 8343360
1531272 750794
3592586 3921910
6861070 6861061
31130141 31130144
4383640 4301511
14299454 14299449
1531273 750795
1265723 543613
11564033 11564060
1267450 544759
3193950 3651344
705763 1464398
3651351 3929291
255704 67257
255701 67254
255703 67255
3929252 3604448
3674583 3223658
3432644 3483042
4264359 4121695
2887665 3432647
3081691 2389506
3082155 2389726
3571418 3082569
3571394 3082472
25443967 25443969
3697027 3253635
7745270 7745269
3540196 3035054
3035053 2333135
3193956 3651349
1989223 1989227
12058185 12058189
3888783 3540081
36401939 28271762
260210 755517
704317 1155139
552080 1275538
2697241 1920463
443056 1092126
28197164 28197165
1463144 2333208
28271765 28271766
5214520 5214508
5214521 5214509
4156259 3960765
2537673 1816180
28728472 28211609
3921936 3592680
1053738 1053743
36111767 3540186
370604 113534
113511 370475
2697247 1920471
7106652 7106629
25413632 25413627
1707523 1831467
13510729 13510733
974232 1816747
3651416 3961005
28227964 28227962
731145 1502407
418823 1058729
3651353 3960986
2537909 3193959
25421369 25421371
4271304 4271304
1707665 2538072
2026633 1154732
3570435 3907095
583335 190051
583338 190052
33123 33117
1632561 824236
1920480 2389340
2389098 1531072
3922122 3592960
4830 45479
36107759 14419492
25419771 25419773
2093713 2846303
2013867 1142693
28468811 28468809
28467155 28467154
28471238 28471237
28467378 28467377
3193784 3651243
28467175 28467174
40772559 28468786
28466873 28466872
3464435 1346158
32950224 12807627
1648423 2491425
529452 1239312
710017 710020
32942891 32942893
8534924 8534930
3193953 3651346
28271770 28271771
4383632 4301456
705430 705433
28271774 28271773
28271778 28271783
28223144 28223145
14219193 14219189
1484755 2352841
1484743 2352841
1484756 2352841
1484754 2352889
1484756 2352889
8727173 8727165
25439782 25439781
28229820 28229821
3570641 3907345
28275185 28275184
28441068 28441067
9923198 9923192
467864 1135339
45623 196626
746737 1526200
358212 956048
766999 1551129
446105 1098644
583035 189778
571571 571576
2142813 1265773
47947 206036
1165234 2037170
543493 1265609
709691 1468190
458653 1120740
176583 543589
256228 751184
543529 1265624
717764 1477048
28229824 28229825
13178749 13178741
3988925 3697494
3988922 3697492
704619 1463054
10896225 10896233
14499910 14499914
28271808 28271809
28186122 28186120
1214561 2090569
8986129 8986119
2621652 1810010
2627001 2627007
3814849 3437237
4131206 4271199
15604380 15604375
28271788 28271787
28271790 28271789
15547960 15547954
4468863 4424662
15656399 15656412
14410764 14410762
2389419 3081630
1468201 1468204
28271805 28271804
14346373 14346370
28271807 28271806
1463189 1810011
3571914 3908258
551484 551580
79835 278369
2537538 3193487
231482 710569
8882677 8882670
3013201 3525266
2233093 1358505
3394890 3789216
7641988 7642000
33236883 33236885
4568756 4583259
28540029 28540028
4123875 3910745
785827 1572207
785831 1572207
785832 1572207
785838 1572207
14324424 14324426
62298 243670
4549937 4567347
8660987 8660983
14736210 14736206
4644806 4636784
15824837 15824835
12220385 12220381
4514749 4482401
4514752 4482402
15857031 15857033
14352642 14352639
34244437 34244438
34244414 34244416
10692278 10692275
34244405 34244406
34244426 34244427
34244394 34244395
34244384 34244385
33063249 33063251
33092428 33092431
10836871 10836884
34244471 34244472
34244372 34244374
34244390 34244391
34244408 34244409
14260101 14260098
34244420 34244421
33093951 33093954
34244441 34244442
34244401 34244402
372653 974225
34244444 34244445
28219787 28219784
3724969 3295890
9876623 9876611
28211745 28211744
28187789 28187791
3771005 3366066
2788078 3366066
15228359 15228356
5595362 5595361
34417658 34417661
28225442 28225444
2037233 2038064
1058796 418905
1165297 1058795
2800508 3373427
2800506 3373425
28271820 28271821
3250915 3695060
6620587 6620580
15608010 15608008
3724385 3295137
4421177 4357176
4421178 4357177
28219783 28219782
28269401 28269402
3775596 4033757
28269558 28269560
2895330 3438689
14736188 14736184
3072509 2432125
75115 269547
1023 15604
40772561 242357
1959761 2730682
12373423 12373420
7555326 7555328
1542432 2402221
2866385 2118960
2118961 1239806
2369970 3064006
1959758 1240336
2402216 2143681
1542430 2402215
1202392 508474
2078092 1202393
2117767 2865246
2865245 3415787
706159 1465015
229299 706177
706169 1231000
1465053 2109839
2197829 2934244
444064 1093771
3416953 2866878
3416953 3802975
1959758 2730670
25434415 25434411
4124203 3911098
15230440 15230433
28271822 28271823
28271826 28271827
28271828 28271829
28271830 28271831
28271832 28271833
28271834 28271835
7798378 7798369
1542429 2402208
2117771 2865268
1238846 2117772
25420954 25420952
3697039 3253662
3697036 3253661
990729 381702
11060314 11060308
2120165 1241139
1240649 2119642
1543625 2403983
2403984 3093347
246323 508475
2117770 2865263
759484 1542431
2402222 3092327
1542428 2402203
1542433 2402224
1237752 2116427
2116428 2863983
2863985 3414827
2401934 1542094
1541023 2400767
2117768 1861645
1183780 1542272
158141 497910
2117769 2865257
2119644 2866880
2865256 3415797
2078093 1542095
2112099 2861208
1816914 1531855
1544146 760907
1613790 811798
4045539 3889607
760921 760923
1544176 760942
28219808 28219810
1835932 990281
500672 1189011
271001 774158
113196 369707
12238578 12238575
3035819 3540600
2334624 3035820
1228063 523210
760977 760978
990268 990269
1613784 811782
1613773 811768
1544193 760956
761949 761951
1541024 2400776
1836630 2642675
3803216 4050390
3417475 3803214
3803213 4050385
28738346 28738343
9294375 9294370
15857040 15857042
9485254 9485246
2894001 2151108
25436432 25436434
2866385 3416556
2567888 3207585
2894003 2151109
3395380 2833692
14352010 14352005
2894005 2151110
1093766 529824
530604 171830
2642367 1836316
3207586 2642368
3264969 3264975
1465052 1975287
1093767 1959753
229296 706163
229303 706180
229298 706172
2116432 2864003
2112253 2861368
2116430 2863995
2116429 2863988
2863987 3414838
2863996 3083220
2400775 3091611
3415771 3396399
2865237 2834961
3790283 4042020
3790283 4042018
758507 1541025
1506382 2369969
2369968 3064000
735047 1506385
1506384 2369976
1506383 1242093
2369975 3064011
2369975 3064012
1506384 2369977
7877154 7877149
1506399 2370000
1836629 2642668
735050 1506402
1506401 2370006
1103541 1974943
1974942 2747563
2368959 3063023
735052 1506415
3651339 3960960
1836631 2642680
1643555 2486302
1836627 2642660
2642658 3265075
2642659 3265077
3265076 3706000
3265076 3706001
735049 1506393
1506407 2370021
2370024 1530485
1506407 2370022
735051 1506408
6728118 6728105
2370023 3064039
2867625 3417477
3417476 3803220
3921933 3592677
3898710 3555697
8896274 8896270
6876685 6876682
12001179 12001177
34322319 34322320
4271233 4131299
9263801 9263796
8313158 8313148
8313159 8313149
8313160 8313150
3120819 2438774
3247037 2617767
3040146 2341043
589360 1321721
705830 1464604
970381 1809548
372688 974460
970382 1809528
444213 1094019
894918 1707346
1816209 2626299
25442418 25442420
28272107 28272108
1274770 2151517
1274769 2151513
8003293 8003307
3921937 3592681
3929284 3604584
2151084 1274455
3921965 3592692
785824 1572191
3922158 3593052
3261486 2637804
3261487 2637805
28279190 28279189
750637 1531042
1204092 2079940
785826 1572196
785846 1572196
785821 1572177
785837 1572252
785824 1572192
785822 1572183
785836 1572250
785833 1572229
785839 1572229
785840 1572229
785842 1572229
785843 1572229
785844 1572229
785834 1572240
785829 1572217
3921935 3592678
1572170 2431374
785835 1572248
785841 1572317
1572254 1572317
3035023 2333041
5345346 5345366
28225609 28225610
9429632 9429629
9429633 9429629
4943686 4943713
15137747 15137749
36723764 36723767
32659997 32659994
25443122 25443119
28271742 28271743
25421169 25421171
25418628 25418630
25418715 25418717
5881409 5881440
28271839 28271840
710504 709848
3921928 3592655
28277757 28277758
3922146 3593036
13333055 181329
974377 1816850
11611631 11611651
1560476 2420304
28277786 28277785
34899520 34899519
4567898 4550558
1533489 752437
14406597 3111432
3921897 3592578
3111440 3592574
9323912 9323934
7674348 7674337
28271841 28271842
3538737 3033327
39225840 39225839
335876 824273
3888776 3540076
28271843 28271844
2556472 2421235
1388242 647089
1572428 2432118
7131385 7131391
8934534 7131391
34462347 7131391
7841874 7841880
3837703 3465707
14477951 14477954
13252834 13252830
63416 246089
252925 745699
1490556 745699
1321483 589216
7506972 7506967
3643752 3540154
2461694 1611962
5307151 5307187
8532132 8532128
8532133 8532129
12096 74345
968 15289
699835 1457307
28220382 28220381
136803 427752
538002 174321
65093 250468
276009 190553
3960683 3650952
372676 974300
3532604 3883886
1558636 2418832
77693 274948
77691 274935
77703 275009
77701 274998
274998 274998
77695 274959
77688 274905
77702 275002
77694 274953
77690 274925
77698 274982
77692 274943
7526466 7526461
3082953 2390193
3888817 3540197
10639711 10639714
28271849 28271847
2186539 1315376
7850395 7850392
28271851 28271850
40772562 40772563
251052 65424
75803 270571
28271852 28271853
28226558 28226559
14263090 14263086
4110563 3888839
729068 240972
5610103 5610113
179863 550960
9318666 9318660
13147454 13147462
28271855 28271856
9642402 9642397
28271858 28271857
28271801 28271795
28271860 28271861
28271862 28271863
2935619 3469878
43779 182098
555396 182098
4057269 4215702
1911862 1234746
2389100 1531074
7332452 7332440
15324275 15324267
30346851 30346852
14308855 14308851
1388297 2262327
25445064 25445059
28222920 28222921
9401460 9401448
1505124 733768
895348 1707518
1187369 2061532
895349 1707520
5853860 5853872
34794250 34794253
9767495 9767480
25412052 25412055
1274645 1321689
28279197 28279196
28279173 28279174
3295154 2697280
6388124 6388115
1265426 543272
323225 874874
482368 482340
34619 137455
4374182 4288607
3081556 3570596
1191564 2066260
135505 424965
1216167 2092304
2056541 2815943
1261799 2138941
1261802 2138948
2815940 3383647
2056543 2815956
2065487 2823861
2092283 2844846
2092302 2844903
8023228 8023216
10952260 10952252
4055239 3810883
14688217 14688212
5529512 5529510
2389363 3081567
13222946 13222943
36672657 36672654
68500 257391
5322561 5322508
3159073 3630049
372376 750809
2837 2908
3687596 3240048
9257774 9257763
28223369 28223368
2421196 1561516
7937426 7937420
4035933 3780858
28223365 28223366
3950776 3634313
15496868 15496867
28223331 28223332
5601347 5601351
28223347 28223348
4915648 4915622
28223349 28223350
28223371 28223370
28223322 28223323
3107110 2421197
28223375 28223374
7937607 7937602
2900490 2159679
8877566 8877558
9651646 9651639
25439274 25439276
3922137 3593007
25436260 25436262
34237935 34237936
5075979 5075971
126877 126886
2735564 1965704
15170575 15170577
1094524 1960428
13170873 13170862
77697 274975
1496344 2361342
970383 1809597
266572 766315
12061 74048
3929303 3604657
28272142 28272134
28227825 28227826
15376530 15376526
28227900 28227899
3064283 3064284
3064290 3064291
1506781 1506783
2370267 2370268
3558298 3064302
242182 729884
729883 1501408
991782 991787
1060041 1060045
543274 543280
1060017 1060022
543150 543153
3899992 3899993
3558249 3558250
3558263 3558264
3899999 3900000
3899983 3558274
2370282 2370283
4116497 4116498
25416033 25416036
2370290 2370291
3064262 3064264
5718524 5718571
12244564 12244584
2394826 3087541
3063020 3557412
8986130 8986120
136763 427455
28276277 28276275
774060 1558635
28221100 28221099
28274537 28274536
8943644 8943637
28730372 28730373
28272034 28272033
721166 1481203
5802549 5802553
1572205 2431422
31097379 31097378
2444635 1586057
28269830 28269831
2432948 3115736
12790540 12790539
28269862 28269863
13151851 615971
62120 243276
2867696 3417538
3800308 3411921
2982012 1236239
262781 761131
1544297 761131
2333648 1463574
3929281 3604560
28195450 28195449
2190834 1319895
6921115 6921072
68872 257667
68873 257683
9818199 9818212
2981876 3498787
277638 784686
586570 191870
3814831 3437233
255735 67274
10334637 10334627
28730821 28730823
28227353 28227352
2699613 1923324
119599 381776
28728271 28728273
14438078 14438070
356279 952302
4513618 4539064
589417 194721
1544335 761184
3837705 3465708
14501753 14501749
7332375 7332404
7941755 7941750
750949 551298
2137773 2883760
3592683 3908191
3571663 3908191
12211941 12211947
14653273 14653266
761613 761228
1008607 1858865
1858871 1858865
1858871 1858865
1858871 1008618
1858871 1008618
1008607 1858866
1008607 1858867
7029440 7029436
11419051 11419045
1572208 2431431
7764550 7764540
1858869 2659362
28220015 28220017
5700064 5700088
137064 428914
28186282 28186281
972488 1812171
1997083 1125229
28223032 28223031
28206990 28206989
28206991 28206989
25436536 25436538
14225375 14225378
25443931 25443929
13078354 13078353
28220011 28220013
34252735 34252736
1345520 1232497
2867202 2120073
34252772 34252773
12591048 12591047
3538388 3032796
15621741 15621741
34252777 34252778
9362527 9362517
8862 66674
9362525 9362514
28276486 28276484
4132236 3923641
71132 262383
2995961 2275782
3742220 3321505
25456708 25456710
377125 400491
11049819 11049823
25449832 1057572
1787382 1369
791123 1580390
8943647 8943642
4182758 4305526
4386119 4305526
28277303 28277302
576644 1292690
24285 126776
126775 126776
412262 126776
412266 126776
412267 126776
11744664 11744683
30867048 30867053
227234 290862
7781 63263
176591 176594
12547 75131
263593 71832
71874 263646
741701 250623
14944 79505
277927 79505
2907127 3214951
33941 135386
34523 137029
44034 4393
34516 136769
3023601 2315208
538607 174622
40772550 67249
40181142 67249
30810001 67249
82610 285098
28215036 28215035
2780 35457
3827074 4069062
1207689 512355
67121 255541
10829862 10829856
3929300 3604651
30972 132388
523290 169509
28223407 28223406
761974 263568
760973 262594
263662 71876
62314 243794
3311203 2719387
413605 127656
2649315 1844619
3291728 2692352
28492581 28492580
588984 194199
413589 127653
14458857 14458853
413607 127657
1914875 1052227
2367203 1503354
12356353 12356348
413611 127658
2643288 1837184
15714330 8782076
1553253 770359
3248391 2619575
4264834 4357484
3964169 3659291
15707325 3659291
964454 366515
82607 285054
1941303 2715215
14261056 14261049
1049739 411995
1533542 752482
28410385 28410384
28414745 28414743
2842997 2089676
10300370 10300371
1533825 2392307
3085003 2392307
762012 1545139
15683729 663351
11025 11023
28190702 28190701
70460 260856
1533504 752449
28383066 28383067
39510524 167497
40772564 40772565
497972 497968
40772568 3885538
1572429 2432121
10232 70340
34759090 34759096
34759091 34759096
40772570 40772571
4168872 3980230
424074 134945
34517 136817
45873 197445
3097901 192136
14945 79526
35399140 32073893
35824375 28277840
10320522 10320526
10320527 10320531
35400459 3730896
2732190 1961610
10320532 10320533
35824378 10980350
35824373 2732192
1558591 774029
7267696 7267692
13027468 13027474
15683713 15683715
10272979 10272977
28225898 10865842
13448354 13448357
1561404 776287
2649308 1844559
1093767 1959752
785828 1572214
785830 1572214
28227890 1572214
1572222 1572214
34522 137005
428601 137005
137134 429205
14684993 429205
137133 429196
137131 429184
137128 429117
20427 115793
14470136 14470139
65499 8607
8608 8607
556 4739
45267 4739
3117046 2434441
3032760 3538340
9666170 253340
520554 167072
2185831 167072
7472252 7472249
3059925 3555181
772013 1554791
1251608 2130196
2127018 2874902
9149 9153
128318 25762
72472 264747
752382 752323
752383 752323
40772572 752323
70637 10437
14943 14954
426188 1069065
531259 1242011
196948 592251
441248 555426
136802 427729
4832 45504
2580252 1760308
2199931 809800
28730679 809800
1707672 2538081
34534 137308
34528 137163
34532 137261
