40772876 40772877
41188991 41188992
34497345 34497346
41188993 41188994
41188995 41188996
34498093 34498094
34305276 34305277
34391146 34391147
41188997 41188998
34436177 34436178
34396956 34396957
34413991 34413992
41189000 41189001
34436473 34436474
41189002 41189003
14969461 14969463
41189004 41189005
41189006 41189007
41189009 41189010
41189011 41189012
40778196 40778198
41189013 41189014
41189015 13350713
41189016 41189017
32793061 32793062
34498386 34498387
41189018 41189019
34379945 34379946
34347514 34347515
41189020 34740922
41189021 41189022
41189023 41189024
41189025 41189026
41189028 41189029
41189030 41189031
41189032 34738119
34439591 34439592
34465534 34465536
34402316 34402317
41189033 41189034
14970646 14970648
15140469 13348415
41189035 41189036
41189037 41189038
41189039 41189040
41189042 34787573
34419173 34419174
41189043 23974956
41189044 41189045
41189046 41189047
41189049 41189050
40776409 40776410
14986585 14986587
41189051 41189052
34472020 34472021
34487451 34487452
41189053 24211574
41189054 1194769
34497438 34497439
41189055 41189056
41189058 41189059
41189060 41189061
41189063 41189064
34484330 34484331
41189065 41189066
41189068 41189069
30741907 30741909
41189071 41189072
41189074 41189075
41189076 41189077
41189078 41189079
41189080 41189081
41189082 23806147
34453601 34453602
34363868 34363869
34487842 34487844
41189083 41189084
41189085 41189086
34430596 34430597
40774201 40774202
34472114 34472115
34391804 34391805
41189088 23780885
34402427 34402428
40777260 40777261
41189089 41189090
41189091 41189092
41189093 41189094
41189096 41189097
34390882 34390883
41180687 41180689
41189099 41189100
41189101 41189102
34393661 34393662
34458008 34458009
41189103 41189104
34487690 34487691
34487734 34487735
34487758 34487759
15043350 15043353
41189105 41189106
41189108 41189109
34437265 34437267
41189110 41189111
41189112 41189113
41189115 41189116
41189117 41189118
41189120 41189121
41189123 41189124
41189126 41189127
41189129 41189130
41189131 41189132
40773718 40773720
34475254 34475255
34421174 34421175
41189133 41189134
41189135 41189136
41189137 41189138
41189139 41189140
41189141 41189142
41189144 41189145
41189147 41189148
14957974 14957976
41189149 41189150
14965594 14965597
41189151 41189152
41189154 41189155
15134649 15134651
34351291 34351292
41189157 24021183
34487584 34487585
34497464 34497465
41189158 41189159
41189161 41189162
41189164 41189165
34400803 34400804
41189166 41189167
34418802 34418803
41189169 41189170
34421766 34421767
15034110 15034113
41189171 41189172
41189173 41189174
34406246 34406247
34355635 34355637
41189176 41189177
41189179 41189180
41189184 41189185
41189187 41189188
15051873 15051875
41189190 33494692
41189191 34738634
34412158 34412159
34477621 1188505
41189442 943610
41189444 2840403
41189445 9131793
41189446 41189447
41189448 34739052
41189449 41189450
34431488 15973567
41189451 33561793
34399834 3595912
34463335 34463336
14969453 14969455
41189453 10096915
34458085 34458086
41189454 41189455
41189456 34736062
34279969 34279970
41189458 41189459
34391227 34391228
34418117 34418118
34410958 34410959
41189461 41189462
40776802 40776804
41189463 41189464
41189465 34737449
41189466 41189467
34305896 34305897
41189469 41189470
41189471 41189472
41189473 41189474
41189475 41189476
41189477 41189478
41189480 41189481
34342289 34342290
34391798 34391799
41189482 15977809
41189484 41189485
41189486 41189487
41189488 41189489
41189490 41189491
41189492 41189493
41189494 25087551
41189495 41189496
34476561 34476562
34285743 34285746
34487808 22327071
34402260 24155754
41189497 41189498
41189499 41189500
41189501 41189502
34314974 34314975
41189503 41189504
394224 1004331
41189505 35718364
34412707 34412708
34490321 34490322
41189506 41189507
34462217 34462219
41189509 34788217
41189511 41189512
41189513 39968190
41189514 35704352
41189515 35398061
41189516 41189517
34464087 34464088
34395149 34395150
41189518 41189519
41189520 41189521
34402278 34402279
34485570 34485573
41189522 41189523
41189524 41189525
41189526 41189527
34393404 34393406
34473176 34473177
41189529 41189530
41189532 41189533
34409285 34409286
41189535 41189536
34460514 34460515
41189537 41189538
41189539 41189540
4809396 4809590
40776795 40776797
34431534 34431535
40774618 40774619
41189541 41189542
34461722 34461723
41189543 41189544
15106595 15106598
41189546 41189547
41189548 41189549
41189551 39967757
41189552 41189553
15049921 15049924
41189554 41189555
34378840 34378841
41189557 41189558
41189559 41189560
41189561 41189562
41189563 41189564
3620476 3942588
41189566 41189567
40772795 40772796
41189569 41189570
41189571 41189572
41189573 41189574
34430869 34430870
41189575 41189576
41189577 41189578
41189580 41189581
34499038 34499039
15102599 15102603
34463296 34463297
41189582 41189583
41189584 41189585
41189586 41189587
41189592 41189593
41189595 41189596
41189597 41189598
41189599 41189600
41189601 41189602
41189603 41189604
34465695 34465696
34464671 34464672
41189605 41189606
41189607 41189608
41189610 41189611
41189612 41189613
41189614 41189615
41189617 41189618
41189620 41189621
41189622 41189623
41189624 41189625
41189626 41189627
41189628 41189629
41189630 33614641
34384989 34384990
41189631 33500784
41189632 35727393
41189633 33486604
41189634 35692200
34478474 33353410
41189635 41189636
34405364 34405365
34422249 34422250
41180691 41180693
41189637 41189638
41189639 25170214
41189640 41189641
34496351 34496352
41189643 41189644
40773543 40773545
41189646 41189647
40777179 40777181
34473819 34473820
41189648 41189649
41189650 41189651
41189652 1408740
41189654 1408741
34409971 2727172
41189655 41189656
41189657 41189658
41189659 41189660
41189661 41189662
41189663 41189664
41189665 41189666
41189669 41189670
41189672 41189673
15063688 15063690
40775827 40775828
41189674 41189675
41189676 41189677
34472140 34472141
34487663 34487664
34353335 34353336
41189678 41189679
41189680 41189681
41189683 41189684
41189686 41189687
41189688 41189689
34399076 34399077
41189690 41189691
41189693 41189694
41189695 15989024
41189696 41189697
41189698 41189699
41189700 41189701
41189702 41189703
41189705 41189706
41189707 41189708
41189709 41189710
41189712 41189713
41189715 41189716
41189717 41189718
41189719 41189720
41189721 1906023
41189722 41189723
41189724 41189725
40774363 40774364
40778549 940801
41189726 41189727
41189728 41189729
41189731 41189732
34491747 34491748
41189733 41189734
34393694 34393695
34303769 10097156
41189735 41189736
34463766 34463767
41189737 34789615
41189738 41189739
41189740 41189741
41189742 41189743
41189744 41189745
41189746 41189747
14955871 14955873
41189748 41189749
41189751 41189752
41189754 41189755
41189757 41189758
34497328 34497329
41189759 41189760
14957916 14957918
41189763 41189764
41189765 37329844
34416637 34416638
41189766 41189767
41189768 41189769
41189770 41189771
41189772 41189773
34305280 34305281
41189774 11920629
41189775 41189776
41189777 41189778
41189779 10097735
41189780 41189781
34253141 34253142
34402264 34402265
34478429 34478430
40778502 40778504
41189782 41189783
41189784 41189785
41189786 41189787
34305274 34305275
34492064 24269512
41189788 41189789
34462224 34462225
41189790 41189791
41189792 41189793
41189794 32814833
34497180 34497181
41180694 41180696
34370448 34370450
41189796 41189797
34305258 34305259
41189798 41189799
41189800 24799496
41189801 41189802
41189804 41189805
34497236 34497237
41189806 41189807
34285609 34285611
41189809 11164205
41189810 41189811
34477273 34477274
34285435 34285438
41180697 41180699
41189812 41189813
40776375 40776376
15155130 15155132
41189815 32876469
41189816 41189817
34285698 34285700
34393532 34393533
41189818 41189819
41189820 41189821
41189822 41189823
41189825 41189826
14965460 14965463
41189827 41189828
41189829 41189830
41189831 41189832
41189833 41189834
41189836 41189837
40776423 40776424
14931629 14931631
34343409 34343410
41189839 41189840
41189842 41189843
34496399 34496400
34379872 34379873
41189844 41189845
34499033 34499034
34343199 34343200
41189846 41189847
15137502 15137504
34457487 34457488
41189848 41189849
41189850 41189851
34497193 34497194
41189852 41189853
41189854 41189855
34387274 34387276
41189856 41189857
41189858 41189859
41189860 41189861
41189862 41189863
41189864 41189865
41189866 41189867
34409783 34409784
41189868 41189869
41189871 41189872
41189874 19036431
41189875 41189876
41189878 41189879
34346578 34346579
15133824 15133827
34403187 34403188
41189880 41189881
41189883 41189884
41189885 41189886
41189888 41189889
41189890 41189891
41189892 41189893
41189895 41189896
41189897 17040133
41189899 16768077
14956086 14956088
41189901 41189902
41189904 19820097
41189905 18425642
34411789 34411790
34414979 34414980
34427542 34427543
41189906 41189907
41189908 41189909
41189911 41189912
41189914 41189915
41189916 41189917
41189919 41189920
41189921 41189922
41189923 22406150
34367894 34367895
41189924 41189925
41189927 41189928
34381376 34381377
41189930 41189931
34428743 34428744
41189933 41189934
41189935 41189936
41189937 41189938
41189939 41189940
41189941 41189942
41189943 41189944
34403091 34403092
41180701 41180703
41189945 41189946
41189948 41189949
40775642 40775644
15140695 15140697
34497443 34497444
41189950 41189951
41189952 41189953
41189954 41189955
41189956 41189957
41189959 41189960
41189963 41189964
34487432 34487433
34314797 34314798
41189965 41189966
34496857 34496858
34487924 34487925
41189968 41189969
41189970 41189971
34364020 34364021
41189972 41189973
41189974 41189975
34478182 34478183
41189976 41189977
41189978 41189979
15047898 15047900
14956041 14956043
41189980 41189981
41189982 41189983
34386398 15944043
41189984 41189985
41180704 41180706
34305288 34305289
34458043 34458044
14957920 14957922
41189987 41189988
34456919 34456920
40773207 40773209
41189989 41189990
41189991 41189992
41189993 41189994
41189996 41189997
41189998 41189999
34487930 22457656
40772797 40772799
41190000 41190001
34494363 34494364
41190003 41190004
34484475 34484476
41190005 24259863
41190007 41190008
34412919 34412920
41190009 41190010
41190012 41190013
40776664 40776665
41190015 41190016
34478102 34478103
41190017 41190018
41190019 41190020
34487281 34487282
34409354 34409355
34485209 34485210
41190021 25191725
41190022 41190023
34430606 34430607
15106601 15106603
41190024 41190025
41190026 24338490
40773703 40773704
41190028 41190029
41190030 41190031
41190034 41190035
41190037 22363053
41190038 41190039
41190042 41190043
41181474 41181476
41190045 41190046
41190047 41190048
41190049 41190050
41190051 41190052
41190054 41190055
41190056 41190057
34411982 34411983
41190058 41190059
41190060 41190061
41190062 41190063
34345455 34345457
41190065 41190066
41190067 41190068
41190069 41190070
41190071 41190072
34441289 34441290
41190073 24560942
41190074 41190075
34342945 34342946
41190076 41190077
34346264 34346265
34362638 34362640
41190078 41190079
34402288 34402289
41190080 41190081
41190082 41190083
34392914 34392915
41190084 41190085
41190086 41190087
41190088 41190089
15087923 15087925
41190090 41190091
41190092 41190093
34471670 34471671
41190094 24955455
41190096 41190097
41190098 41190099
34471530 34471531
41190101 25108268
34459741 34459742
41190103 41190104
41190106 41190107
41190108 41190109
34487572 34487573
41190110 17615370
41190112 41190113
40776196 40776198
40775722 40775723
34347230 34347231
41190114 41190115
41190116 41190117
34426983 34426984
41190118 23817512
34444558 34444559
34460530 17834620
41190119 41190120
41190121 41190122
41190123 41190124
40776338 40776339
14956027 14956029
41190127 9756867
41190128 9756868
41190129 41190130
14956019 14956021
41190132 41190133
41190134 41190135
41190136 41190137
41190138 41190139
41190141 41190142
34346228 34346229
41190143 41190144
41190145 41190146
41190147 41190148
41190150 41190151
34498048 34498049
41190152 41190153
41190154 41190155
34305286 34305287
34305268 34305269
40774539 40774540
34305262 34305263
34485732 34485733
41190157 41190158
41190160 41190161
41190163 41190164
41190166 41190167
15066447 13347363
41190169 41190170
41190171 41190172
41190173 41190174
41190175 41190176
34497325 34497326
34497706 34497707
34457874 34457875
34457547 34457549
41190177 18838696
41190179 41190180
41190181 41190182
41190183 41190184
34477358 34477359
41190186 41190187
41190188 41190189
41190190 41190191
34498613 34498614
34402338 34402339
34487512 34487513
41190192 41190193
41190195 41190196
34477258 34477259
34345738 22347413
41190198 41190199
41190200 41190201
41190202 41190203
15076505 4261108
41190204 41190205
41180708 41180710
41190206 41190207
34487456 34487457
41190208 15903161
34410532 34410533
41190209 41190210
34473202 34473203
41190211 41190212
41190214 41190215
41190216 41190217
41190219 41190220
34497426 34497427
34414445 34414446
41190222 41190223
41190225 6573436
34430861 1058376
41190226 41190227
41190229 41190230
34402347 34402348
41190232 41190233
34456873 34456875
41190235 30925915
41190236 41190237
41190238 41190239
41190241 41190242
41190243 41190244
41190246 41190247
41190248 41190249
41190250 41190251
34457042 34457043
41190252 41190253
34403008 34403009
41190254 41190255
34253144 34253145
41190257 41190258
34499390 34499391
41190264 41190265
41190266 41190267
41190268 41190269
41190271 41190272
41190273 41190274
40775081 40775083
41190275 41190276
41190278 41190279
34477163 34477164
41190280 33645725
41190281 41190282
41190284 41190285
41190286 41190287
41190289 41190290
34464605 34464606
41190291 41190292
41180712 41180714
41190294 269885
34499014 33852779
34498394 118459
41180715 157980
34412816 34412817
41190295 405802
41190296 41190297
41190299 41190300
41190301 41190302
41190304 41190305
34496315 34496316
41190307 41190308
34487523 34487524
41190309 41190310
41190311 41190312
41190313 5561452
41190314 41190315
34407354 34407355
41190316 41190317
41190319 41190320
34415017 34415018
41190322 41190323
41190324 17402590
15122105 15122107
41190325 41190326
41190327 41190328
41190329 41190330
34409975 34409976
41190331 41190332
41190333 41190334
41190335 1403474
34352202 34352203
34352147 34352148
38792001 38792003
41190337 41190338
41190339 41190340
34393796 34393797
41190341 41190342
41190343 41190344
41190345 41190346
41190348 41190349
41190350 41190351
41190352 41190353
41190354 41190355
41190356 41190357
34494626 34494627
34386731 34386733
34497678 34497679
34487854 34487856
34390823 34390824
34465704 34465705
41190358 23825763
41190359 41190360
34487537 34487538
34487488 34487489
41190362 41190363
34393422 34393423
34487495 34487496
34487471 34487472
41190364 41190365
41190366 41190367
41190368 41190369
41190371 41190372
41190373 41190374
41190375 41190376
41190377 41190378
41190379 41190380
41190381 503345
41190382 41190383
14956339 1044025
41190384 41190385
41190386 24485630
41190388 4180775
41190389 41190390
41190392 24235615
41190393 41190394
41190395 18194743
41190396 41190397
41190398 41190399
34487444 34487445
41190401 41190402
41190404 41190405
34495139 34495140
34345764 34345765
41180718 41180720
41190406 41190407
34409121 34409122
34252707 34252708
41190408 41190409
41190410 41190411
41190412 41190413
41190415 41190416
41190419 41190420
41190421 41190422
41190424 41190425
41190430 41190431
41190433 41190434
34350355 34350356
41190435 41190436
41190438 41190439
41190440 41190441
34378800 34378801
41190443 35675461
41190445 39960996
34390888 33284864
41190447 34938995
14953449 14953452
41190449 33307474
41190450 39969261
41190451 39492519
34409272 10101160
34417488 34417489
15087983 15087985
41190452 41190453
34498090 34498091
34414399 34414401
34471846 34471847
41190454 41190455
41190457 33500647
41190458 41190459
41190461 39972544
41190463 36802151
34412985 34412986
41190464 41190465
41190466 40955367
41190467 35681187
34498825 34498826
41190469 41190470
41190471 41190472
41190474 41190475
41190476 41190477
39462995 39462997
41190479 41190480
41190481 41190482
34431486 34431487
41190484 41190485
41190486 41190487
41190488 41190489
41190490 41190491
41190492 41190493
34266509 34266510
41190494 41190495
15014883 15014885
41190496 41190497
34430594 34430595
41190499 41190500
41190502 41190503
41190504 41190505
34497709 34497710
41190506 41190507
41190508 41190509
41190510 41190511
41190514 41190515
41190517 41190518
41190520 41190521
41190522 1971560
41190523 41190524
41190525 41190526
41190527 41190528
34483072 34483073
15026365 15026368
41190529 41190530
41190531 41190532
14935026 14935029
41190533 41190534
41190535 41190536
41190538 41190539
34369623 34369624
41190540 41190541
14952739 14952742
34402678 34402679
41190544 41190545
34403177 34403178
41190546 41190547
41190549 41190550
41190552 41190553
41190554 41190555
34417254 34417255
34352295 34352296
41190556 41190557
41190558 41190559
34378269 34378270
41190560 41190561
41190562 41190563
34498134 34498135
41190565 41190566
41190567 41190568
41190569 41190570
41190571 41190572
34447189 34447190
41190574 41190575
34487286 34487287
34487362 34487363
41190576 41190577
34487977 34487978
41190578 41190579
41190580 41190581
34392941 34392942
41190583 41190584
34404905 34404906
41190585 41190586
41190587 41190588
41190589 41190590
41190592 41190593
34484323 34484325
34285765 34285768
41190595 41190596
41190597 41190598
41190599 41190600
41190601 41190602
14954645 14954648
41190603 41190604
41190605 41190606
41190607 41190608
41190609 41190610
41190611 41190612
41190613 41190614
41190615 41190616
41190617 41190618
34487305 34487306
41190619 41190620
41190621 41190622
34305266 34305267
41190624 41190625
34305260 34305261
34305278 34305279
41190626 41190627
14903694 14903696
41190628 41190629
41190630 41190631
40774012 40774014
41190632 41190633
41190634 41190635
34497233 34497234
41190636 41190637
14959195 14959198
41190638 41190639
41190640 41190641
34393962 34393963
41190642 41190643
41190645 41190646
41190648 41190649
41190651 41190652
41190654 41190655
34382762 34382764
14990541 14990545
34487301 15972149
41190657 41190658
41180722 41180724
41190659 41190660
41180726 41180728
41190661 41190662
41190664 41190665
34487371 34487372
41190666 41190667
41190669 41190670
41190671 41190672
34293754 34293755
41190674 41190675
34498265 34498266
14897597 14897601
41190677 41190678
41190679 41190680
34491580 34491581
41190682 41190683
41190684 41190685
41190686 41190687
41190689 41190690
41190691 41190692
41190694 41190695
41190696 41190697
41190698 41190699
41190700 41190701
41190702 41190703
34343186 34343187
41190705 41190706
41190708 41190709
34305282 34305283
41190710 41190711
40774262 40774263
40773081 40773082
41190712 41190713
41190714 41190715
41190716 41190717
41190718 41190719
41190720 41190721
41190722 41190723
41190724 41190725
15076501 15076503
34499156 34499157
41190727 41190728
14970637 14970639
41190730 41190731
41190732 41190733
41190734 41190735
15180217 15180219
34402249 34402250
41190736 41190737
41190738 41190739
41190740 41190741
41190743 41190744
34457028 34457029
41190745 41190746
34285548 34285551
34342548 34342549
15087988 15087990
41190747 41190748
15106610 15106613
41190749 41190750
41190752 41190753
41190754 41190755
34421384 34421385
41190756 41190757
41190759 41190760
34498095 34498096
41190761 41190762
34487133 34487134
15048009 15048011
41190763 41190764
34498794 34498795
41190766 41190767
34401991 34401992
41190768 41190769
41190770 41190771
41190772 41190773
41190775 41190776
41190777 41190778
41190779 41190780
34285757 34285759
41190781 41190782
34405567 34405568
34410585 34410586
41190783 41190784
34487527 34487528
41190785 41190786
41190787 41190788
41190790 41190791
40777038 40777039
41190792 41190793
34357948 34357949
41190794 41190795
14957934 14957936
41190796 41190797
41190798 41190799
41190800 41190801
41190802 41190803
14954650 14954652
41190804 41190805
41190806 41190807
41190808 41190809
41190811 41190812
41190813 41190814
34487517 34487518
41190816 41190817
41190819 41190820
34312456 34312458
41190821 41190822
14904578 14904581
41190823 41190824
14908098 14908100
34485455 34485456
41190826 41190827
41190828 41190829
41190830 41190831
41190832 41190833
41190834 41190835
41190837 41190838
41190841 41190842
14909650 14909653
41190843 41190844
15076497 15076499
34391873 34391874
41190849 41190850
41190851 41190852
34476782 31931974
41190853 41190854
41190855 41190856
41190858 41190859
41190861 41190862
34342698 500498
41190864 41190865
41190867 41190868
14955928 14955930
41190869 41190870
41190871 41190872
34457050 34457052
41190873 41190874
41190875 41190876
41190877 41190878
34490161 34490162
41190880 41190881
41190882 41190883
34405549 34405550
41190884 41190885
41190886 41190887
41190889 41190890
41190891 41190892
41190893 41190894
41190895 41190896
41190897 41190898
34219989 34219990
34259159 34259161
41190900 41190901
41190903 41190904
41190906 41190907
40773744 40773745
41190908 41190909
36524442 33772126
41190911 41190912
41190913 41190914
41190915 41190916
41190917 41190918
41190919 41190920
34487291 34487292
34487302 34487303
34487307 34487308
34487521 34487522
33583473 33583475
41190921 41190922
41190923 41190924
41190926 41190927
14984723 14984725
41190929 41190930
41190932 41190933
41190934 41190935
34342667 34342668
14931772 14931774
41190936 41190937
41190938 41190939
14956330 14956332
41190940 41190941
41190942 41190943
41190944 41190945
41190946 41190947
34285777 34285778
15156663 15156666
41190948 41190949
41190950 41190951
34285673 34285675
41190952 41190953
34487485 34487486
41190954 41190955
34487911 34487912
41190956 41190957
34487837 34487838
41190958 41190959
34487552 34487553
34497596 34497597
41190960 41190961
41190962 41190963
41190964 41190965
41190966 41190967
15035981 15035984
41190969 41190970
41190971 41190972
40773931 40773933
41190974 41190975
41190977 41190978
41190979 41190980
41190981 41190982
41190983 41190984
41190986 41190987
41190988 41190989
41190990 41190991
41190992 41190993
15156696 15156698
41190994 41190995
34496520 34496521
41190997 41190998
34405387 34405388
41191000 41191001
34401093 34401094
14904707 14904710
41191002 41191003
41191004 41191005
41191006 41191007
41191008 41191009
41191010 41191011
41191012 41191013
34349795 34349796
34461409 34461410
41191015 41191016
41191017 41191018
41191020 41191021
34404364 34404365
41191022 41191023
41191024 41191025
34444079 34444080
34368879 34368880
34459660 34459661
14954799 14954801
41191027 41191028
41191029 41191030
41191031 41191032
41191034 36686952
41191035 41191036
41191037 41191038
41191040 41191041
41191043 41191044
41191046 41191047
41191049 41191050
41191051 41191052
41191054 41191055
41191057 41191058
34497625 34497626
41191059 41191060
34367010 34367011
41191062 41191063
14954641 14954643
41191064 41191065
41191067 41191068
41191069 41191070
41191072 41191073
41191075 41191076
41191078 41191079
41191082 41191083
41191084 41191085
41191087 41191088
41191090 41191091
41191092 41191093
41191095 41191096
40773011 40773012
41191097 41191098
41191100 41191101
34487579 34487580
34487515 34487516
34400742 34400743
34475495 34475496
40777069 40777071
41191104 41191105
41191106 41191107
41191108 41191109
41180729 41180731
41191112 33355973
34390989 34390990
34476208 34476209
41191113 41191114
41191115 41191116
34412242 34412243
34457686 3952639
41191117 33499226
41191118 41191119
41191120 41191121
34349792 34349793
41191122 41191123
41191124 41191125
41191209 41191210
41191212 41191213
41191214 41191215
34402335 34402336
34394526 34394527
41191216 41191217
34478437 34478438
41191218 41191219
41191220 41191221
41191223 41191224
41191225 41191226
34349924 34349925
41191227 41191228
14955877 14955879
14957929 14957932
14954859 14954861
41191229 41191230
41191231 41191232
14957268 14957271
41191234 41191235
14954905 14954907
34497540 34497541
41191236 41191237
34305284 34305285
34463737 34463738
41191238 41191239
41191240 41191241
34363535 34363537
41191242 41191243
41191245 41191246
41191247 41191248
41191249 41191250
34495566 34495567
34363318 34363319
41191251 41191252
41191253 41191254
14955837 14955839
41191255 41191256
34495635 34495636
41191259 41191260
41191261 41191262
15089789 15089791
41191263 41191264
41191265 41191266
15116334 62395
41191267 41191268
41191269 41191270
41191271 41191272
41191273 1182501
41191275 41191276
41191277 41191278
41191279 41191280
34487890 34487891
41191281 36866810
34405546 34405547
41191282 41191283
41191285 41191286
41191287 41191288
41191289 41191290
40778555 40778556
41191292 41191293
41191295 41191296
41191298 41191299
41191300 41191301
41191303 41191304
41191306 41191307
34463928 34463930
41191309 41191310
41191311 41191312
41191313 41191314
41191315 41191316
41191317 41191318
34285508 34285510
34478450 34478451
34410975 34410976
15087966 15087970
41191319 41191320
40776116 40776118
41191321 41191322
41191323 41191324
41180733 41180735
41191325 41191326
41191327 41191328
41191329 41191330
34393692 34393693
34411575 34411576
41191333 41191334
41191335 41191336
41191337 41191338
34441304 34441305
41191339 41191340
41191342 41191343
34411263 34411264
41191344 41191345
41191346 41191347
41191350 41191351
41191352 41191353
41191354 41191355
34402345 34402346
41191357 41191358
34285731 34285735
41191359 41191360
34342546 34342547
41191361 41191362
41191364 41191365
41191367 41191368
41191369 41191370
40776891 40776892
41191372 41191373
34304929 34304931
14954655 14954658
41191374 41191375
41191376 41191377
14955900 14955903
41191378 41191379
41191380 41191381
41191382 41191383
41191384 41191385
41191386 41191387
41191388 41191389
34478951 34478952
41191390 41191391
41191392 41191393
34497661 34497662
41191394 41191395
34409619 34409620
34415727 34415728
41191396 41191397
34417110 34417111
41191398 41191399
41191400 41191401
41191402 41191403
41191406 41191407
41191409 41191410
41191411 41191412
41191413 41191414
41191415 41191416
34399317 34399318
41191417 503989
14969595 503992
41191418 503993
32829901 503916
41191419 355305
40777401 503923
41191421 503924
15135593 503926
34487688 503928
15114362 170485
41191422 503930
32823552 503936
41191423 41191424
41191426 503953
15017312 503957
34462674 503959
41191428 503971
34406065 503972
41180736 2879025
34279074 2349192
36521641 34390261
34278033 4087319
41180738 1252267
34450469 4593557
34354888 4703970
34358184 181824
40772926 296010
2943549 1071882
34405972 4703971
40772730 1810483
40772732 4538115
41180739 30806589
8016666 8016676
41180741 30804660
34498864 4569350
34358004 4192815
40772739 4648372
30737800 1200036
41180744 15300296
34391230 30517868
41180746 3821425
40772744 4338900
40772753 2131714
33582914 4238354
30742275 19004717
30805145 30805148
30806122 25439522
34437995 3331896
41180748 30517297
31131512 9609822
9609809 9609822
41180750 2600944
41180752 41180754
34494180 2131711
34498682 34498683
34285579 30807577
40778506 30806624
34417743 2961918
34285450 18811924
40772764 30805999
34439888 34439889
41180755 4189650
34379912 30804341
2877343 3426051
34285553 15334229
34487519 30806701
34386704 5508374
41180758 33326110
40772792 30805788
34373211 30513146
34394908 15067634
34285637 30509930
34477047 4505283
34497588 30220365
34457966 4338889
41180760 30517504
34441351 33336728
40772814 33326187
34402340 33472777
40772820 32875568
5018952 5018955
40772822 30530339
15022293 15022297
41180763 2816710
41180765 33372310
41180768 35705974
40772811 40772813
34342926 18411494
40773887 40773889
41183121 41183123
15092330 15092332
34285506 16192885
40775549 40775551
15129284 15129287
41191429 41191430
40773280 40773281
34285447 28621459
34495749 4219275
14992702 14992705
34285555 30805464
34285378 884665
40772845 39972680
34487655 4493078
41180770 40772848
34378402 3749352
34285728 34285729
41191431 1171943
40777799 40777800
7328727 1536919
34498391 31066789
34454117 1967852
40772857 4680279
34458610 2877344
40772862 34219628
34402189 30515210
14969447 14969449
40772868 1125790
34461939 4219300
41180772 24275655
40772878 17835093
41180774 2132143
34455210 15725341
34291365 4504750
15723055 3852808
40772885 24748
32846120 2130356
41191433 181481
30804860 30804863
34498830 24672108
40777490 553958
33588404 4343297
40772890 30801895
40772892 3327879
34285432 32857338
34441414 34441415
34389546 34389547
34498626 4321069
34449401 1963436
34497267 31090155
30803083 30803087
40772902 18162905
30739190 30517092
40772904 2416322
40772907 32856946
34342607 30806092
40772914 11059466
40772916 35701842
41180776 30520120
34487347 34218023
34487446 4584067
34498026 33128239
41180778 30529288
34477994 2733775
34488002 30806984
41180780 35703418
41180782 34218225
34422095 3976917
40772921 24294637
15090176 4524715
34475658 4576612
34487811 260347
34497937 4136010
40772985 4274792
34363479 4017803
40772938 15057976
40773121 4142095
34498919 2130958
15013344 4531674
34487611 4087458
34456897 2877336
41180784 30805427
40772945 1253272
34487875 13145858
34457871 1967831
34499252 3942234
34497876 4404271
34481925 4505684
41180786 4673094
34487603 4219260
535145 1251746
34480188 29345386
40772965 28566024
30736841 28602110
34345744 28428311
34417211 28481380
34485883 2131963
34285445 4467045
34486481 34486482
34484612 34484613
34487617 33307491
32796300 7506
32796302 7506
34499473 30520184
41180788 1185330
34499478 32856160
34476188 34476189
34487240 34487241
30737801 4460061
40772998 40773001
40773002 40773003
41180790 4623135
34487913 4453061
34232887 4086998
34487928 3486981
34345333 34345335
34476114 30804117
34379880 34379882
34464130 30802384
34343412 34343414
34450472 34450473
40773021 38775514
41180792 29028885
34313324 13350321
34474004 4411658
34282993 34282995
41191434 41191435
41180794 35398206
41180796 181820
34380417 24111524
41191436 503995
41191437 503998
41191438 503984
41191439 504001
34455615 504022
34491394 504023
41191441 504003
41191442 504024
8203944 4332769
41180798 30512553
10243445 314954
36357404 3603007
40773567 2878695
40773045 1578037
41180800 942204
34471019 4606213
34390793 2424159
40773051 3747970
30803201 13263098
40773291 39972750
34494783 11310169
40773067 15058188
35580649 11984941
34414213 30519146
40773084 3329125
34285711 2962049
34391318 3603567
34417558 4238316
34393308 4332776
34437247 30803847
34311185 4454807
14897538 14897540
34487284 4411370
15097968 15097970
40778412 3332911
41180802 4547503
40773100 33337879
34269082 153461
15122457 4087460
34285720 1357413
41191443 2773572
34477142 2231734
41180804 30508391
40773108 15357228
30805359 24152436
34483788 33354577
40773112 4019131
34487771 1107771
40773119 2962104
34401230 30521455
34457270 4062445
34458102 1550838
34394379 28216710
34398879 30805025
34285718 33307556
30742459 1996136
34460405 4493070
41180806 13345331
34496855 33284909
15162192 4042970
34492293 479039
34489127 30806070
40773149 4343249
40773151 30516084
32819408 14056
41180808 40773155
30806712 30519229
34436455 2231293
41180810 4606822
31770338 15502898
40773157 40773158
34482637 4135313
34441269 34441270
41180814 4452818
34351050 32850075
31770334 14990544
32780585 3927954
34363569 2147796
34419674 30527684
41191445 1995596
40773172 30516417
41180816 30804206
40773175 3927964
34379628 34219581
40773181 2878946
34386406 846398
34492353 33321276
30804102 3748248
40773184 1806707
40773187 36516205
40773190 4343593
8876990 4343593
34456983 1967860
40773198 352512
30423839 2349076
34310520 4316380
34498273 34498274
34358181 3487518
32811398 231616
34488690 4470574
34472175 13297095
14897549 14897552
34390287 30515198
30739044 30739047
34378358 3445842
173502 535805
34488980 4552041
34491480 2441863
40773227 18940052
40778473 4019804
34396791 34217934
40773232 34252629
30738489 30738491
30804940 30804942
41180818 41180820
34473623 34473625
34492755 3326991
36520004 850782
34461942 34252468
34285474 30515093
40773263 30528186
34396188 4273708
41180821 4492854
40773287 181825
40773289 421884
15122091 2736732
36519494 24533574
34399825 2131495
34342923 3820268
34417221 4411575
34285722 25094492
1073915 1935355
36522273 30513884
1251554 2130157
30518685 9551
41180823 30507972
34342850 4237947
34349833 32820875
34285540 34285541
34496410 30807493
34488968 34488969
40776086 9887572
34491447 34386407
34487586 34487587
34464686 34464687
40773325 4390330
34498370 4364922
40773328 30527148
2130127 2877433
40778397 4134970
41180826 24323428
41180828 40773336
34498821 33307565
34462181 34462182
41180830 41180832
40773351 4574105
34490715 4531668
41180833 4580826
34313338 30507813
34489098 34489100
15019052 3820321
41191446 1821338
41191447 1405926
40778599 4308423
41191449 330259
34285422 4187953
41191450 4007965
41191451 20532
34471668 4007947
41191452 329232
34497183 701467
41191453 520768
34487557 15924611
41191455 1400509
41191456 1400510
41191457 4221232
41191458 3825656
34373317 4221230
41191459 2430129
41191460 1012761
41191461 318448
41191463 296910
41191464 1012842
34412814 4099915
41191465 15914840
41191467 976021
41191469 41191470
41191471 993208
34498959 1012814
41191472 22460699
34495340 498471
34457969 1012248
41191473 37192981
40773557 23050
41191475 380503
41191476 380494
41191478 380504
41191480 380505
34389308 380501
34465120 15906985
41191482 37249197
34220479 34220480
41191484 41191485
40776976 40776978
15091334 15091337
30739980 30739982
40773502 4459753
15734037 15734041
34343073 2131841
40773386 4086906
34465480 15034186
34484448 3603555
34479343 260291
34341989 2231219
34391718 23950405
34282988 32857390
34487944 1252676
40773405 4018937
41180836 632939
40773415 4276679
40773422 40773423
34461680 2444325
34285391 4579118
34457446 30802562
41180838 4563898
40773433 40773434
34410229 29347221
40773436 40773437
40773439 13387
34497174 34252661
34498446 34498447
34285748 30804417
40773441 4535689
40773446 3328370
40773447 15058125
34232619 4018910
40773449 4018910
41180840 29347692
15129290 15129292
40773463 40773464
40773467 40773468
40773470 40773471
34498641 4547565
34342635 34342636
40773474 3603643
34498867 1251853
41180842 41180844
34285419 34285421
40778052 34473308
40773479 3853291
34499405 30804510
40773481 16115604
34499353 34499354
34484483 4584042
40773484 4285074
34491660 30740677
31082445 4195185
34487797 4479409
34388645 1120350
34458077 2251796
34416860 4053836
34499092 260432
34355186 4654581
15017349 4531700
41180846 2877337
34456120 28620916
36297409 28620916
40773499 28620916
41180848 14767189
41180850 30514366
34444574 17985229
36521607 3328354
34497717 34382118
34285429 34218149
40773513 1109246
40773518 30802352
34499118 3125784
40773541 30802973
40773534 40773535
40773537 4017268
34390886 34373313
34401919 34401921
41180852 32857584
40773550 17076616
34378267 3972375
34487534 34487535
34426965 34426966
34484274 34484275
41180855 34393611
41191487 41191488
41191491 41191492
34253725 34253726
41191493 41191494
2129864 2877275
41191495 41191496
34476021 2131635
34438451 29341392
34286765 30521443
40773559 4238020
34285399 854394
40773565 1044727
34410224 30517398
535032 1251494
40773569 1586838
41180857 21667737
14969466 3639932
15144665 15144669
34284303 30802269
41180861 260450
40773592 40773593
40773596 5508377
34431520 34431521
34405564 34405565
34478959 29343984
41180863 4956207
34496380 34496381
41180865 34218568
40773601 30802476
40773606 30423180
40773613 2878952
34390616 34390617
34358002 4579112
40773616 30515074
41191497 41191498
40773624 1536420
14930836 594855
15016032 1967796
40773629 34252647
40773631 1251789
15138921 4650897
34349837 4471184
3247861 3692676
34498024 4018107
34472953 15838189
41180867 3618983
34434162 34434163
41180869 4238374
40773647 15178350
34402330 15058012
32833564 32833566
34463890 2739152
41180872 30512540
40773652 40773653
34499289 4552307
41180874 4958721
41180876 34368544
34346013 4569420
41180878 4505144
15126364 260221
40773658 3487391
34379947 1556784
34494182 260354
34458048 18839033
40773554 30769004
40773663 4343270
40773665 4332736
36359365 4583895
40773670 2424155
34393311 3104037
34497610 4396334
34406836 30516449
41180880 4555904
34438453 3747936
34483923 4364706
41180882 282931
41191499 3572907
40774019 40774020
41191500 40774020
15005995 4569739
41180884 41180886
15071488 3487281
40773702 4311780
34342158 161137
34422068 30381752
40773710 1536830
34342298 4459778
41180887 3748147
41180889 4312220
34352548 30803635
535143 1251732
40774689 34218569
40773548 30808009
34498715 34498716
14897956 14897959
31758912 14708937
34345873 34345875
36524764 3356352
40775218 4343394
40773736 40773737
34478175 34478176
41180891 30509064
41180893 41180895
41180896 30527582
34285405 24275697
34484368 24193043
40773752 40773753
40773684 4364523
41180898 41180900
34487756 4505145
34269413 34269417
15129296 15129299
34439959 30515739
40773769 30516172
34390821 4552315
41180901 41180903
40773774 4195246
41180904 4312525
34342183 34342184
41180907 4207376
34387285 1141071
41180909 4430955
41191501 3729882
15035991 3304882
34403194 4007941
41191502 4066771
41191503 4308450
34397028 4224219
41191504 4224211
34404352 4332142
34387429 4522691
41191505 4100200
41191506 1678248
41191507 4563849
41191508 4579076
41191509 4603387
34390438 4492587
34363046 4454439
41191510 4330358
41191511 4403618
34482017 4402294
34404727 4333754
41191513 537206
41191514 4224255
41191515 4333758
34439623 1394993
41191516 1688521
41191517 1377450
41191518 35631210
41191520 34226666
41191521 2976830
34487359 1549825
41191523 2075374
34350983 2577203
41191525 624687
34285625 34285626
34417691 34417692
41191527 22467989
41191528 804716
41191530 41191531
41191532 34247353
40773780 40773781
30804219 29350868
34394850 4207580
34421387 3330611
1253379 535158
34461428 476515
41180911 41180913
34431489 4196024
40773795 4427192
34458266 34458267
535033 1251504
40773800 4274877
34404812 15450838
34405263 3328872
36521515 30525686
41180916 36535661
34476134 295970
30807799 4066166
15070185 73953
34498957 144745
34285402 174904
34385168 4531933
535247 260325
40773813 40773814
30804122 4454840
34368920 30514571
34476439 30528073
535000 1251341
40777150 4626203
34487782 1148705
15020237 15020239
15022304 15022306
40773831 1900633
34368999 33585227
34487950 34487951
41180918 1128090
34494117 34494118
41180920 2417217
34388059 34388061
34403172 2879001
30240005 1962292
34285377 1113053
32832678 721365
34343230 34343231
34496845 32857601
34485858 34485860
40773850 4237967
41180922 34489860
10242543 10242548
34498931 4956210
34497681 30804436
41180924 24219981
34432500 34432502
41180927 4311349
40773858 796134
34499407 34499408
34498792 4301264
40773864 773161
15080648 15080656
40773882 2084547
34313320 34313321
41180929 476126
34342234 30513142
40773900 30516025
40773896 4003052
30742637 30515129
41180931 4194285
34497943 30513931
30803336 2416451
36316320 2416451
34430995 30807985
34456877 535541
34390301 17831446
34488636 30521804
34358202 4332753
34399970 34399973
535147 1251762
34498053 34498054
34342190 1545384
40773929 25095025
34487785 34487786
41180933 41180935
34349871 34349872
34285394 4451576
41191533 34219644
34285603 34218902
41180937 40773939
34384837 3333290
34414623 30516072
40776304 2416891
41180939 3331756
34379899 34379900
41180941 4531809
40773943 40773944
34481916 34481918
41180944 41180946
41180948 23812008
30804199 30804201
41180950 4545718
34487383 4596042
41180952 4596042
34496203 4543565
34342447 34342448
34356430 30804427
28409379 28409398
41180953 41180955
34471793 34471795
41191534 4187933
41191535 3399470
41191536 15093721
34460804 336320
41191538 4070874
40774122 2684622
15171534 4455951
41191539 3758644
34386649 1904497
34499398 407828
34404293 1904498
34477822 4065103
41191540 143594
41191541 1106908
41191542 4545921
34477116 4336138
41191544 3045
41191546 3826774
41191547 4067858
15127249 2386954
41191548 3828785
34487886 4068914
41191549 44115
41191550 35635647
41191551 3399526
41191552 3450704
34499147 4273990
34472696 4068447
41191553 3822937
41191556 4330792
41191557 680872
41191558 22390811
41191559 3829917
41191560 3829086
41191561 3826498
32802119 4064967
34487576 4069362
34285572 621518
41180957 2416363
34490930 2962281
36521467 12000
40773961 28332
41180959 2961924
34498220 34342753
34390811 597383
34342949 4643266
40773975 34304764
41180961 260085
34379919 34379921
40773985 40773986
11611697 11611703
11611694 11611703
41180963 41180965
34487294 13301056
41180966 24102794
427092 1071185
34490954 17508537
34285708 34285709
40773992 40773993
41180969 41180971
30739416 1968522
34293012 1968522
34342528 34342529
34342273 34342275
41180973 34218700
40774001 40774002
36396403 36396404
41180975 40774013
41180977 29347919
34392521 30508166
34373225 34373226
34473524 34473526
40774016 4391602
34394839 28428480
34483252 34483254
34487940 34487943
34342193 28481801
32622623 30525892
41180979 41180981
40774030 30803751
34394036 34394038
34496110 34496111
41180982 41180984
15149817 15149819
34496153 34496154
34487872 34218914
41180985 778632
40774039 2878753
34285704 34218018
34342294 34342295
34495221 32856297
40774050 15827010
34461655 2397737
30802612 4583970
34285707 3332605
34490718 535233
40774060 40774061
34499237 4504795
34374365 2961945
15111273 15111276
34487435 34487436
30240004 30240025
40774071 3487198
34285453 34285456
40774072 40774073
13376471 13376512
34453667 34453668
41180987 41180989
34412879 34412881
34483083 34483084
34457776 1176910
34341918 10253441
34368480 3487285
34487080 3327872
40773989 35399198
34342999 34343001
40774102 3333147
34463006 4778902
15053218 505040
15033346 15033348
40774116 2191109
34484428 4657700
41180990 31952
34368882 37655
34499019 34499020
41180991 30516836
34398666 29065
41180992 30805112
40774135 40774136
40774138 29348977
41180994 41180996
34438084 34438086
41191562 41191563
41180998 41181000
34457391 34457392
41181001 41181003
35819395 35819397
40774144 40774145
40774148 40774149
173513 535956
34285629 34285631
34387278 34387279
41181005 41181007
41181008 40628384
41181010 41181012
41181014 41181016
34457288 34457290
41181018 4552512
41181020 41181022
41181023 41181025
34342673 2416347
34497228 34497230
41191564 891871
41191565 891864
41191566 891867
40778442 624727
41191567 891868
41191568 4387884
41191569 397649
41191570 900434
41191571 1374853
41191572 1197613
1251541 1197079
34401188 880555
41191573 880533
41191574 15904346
41191576 15904798
41191577 15904800
34344538 4504886
41191578 29588806
41191579 4064720
34307293 4221138
41191580 4330363
34498044 4453630
41191582 4492040
41191583 1364159
41191585 1364679
41191586 4221110
41191587 4064693
41191589 2074112
41191591 41191592
41191593 15970519
40777100 1364382
41191594 1364383
34425484 15009982
41191595 29588850
41191596 29588816
41191597 29588957
34397534 15110541
41191599 15110542
41191601 9702161
41191602 2075135
41191604 29588871
41191605 9702162
34399864 34399865
14933748 14933751
41191606 41191607
30803358 30803363
41181026 41181028
40774297 4531719
31759274 3746817
34417074 3746817
34444750 1556644
40774163 40774164
40774167 4635165
34313341 4580857
41181029 4501818
41181031 41181033
41181034 30517714
15111279 4643184
41181036 41181038
34303765 1194637
34487399 34487400
41191609 41191610
40774178 4293183
34380043 30530412
41181042 41181044
34472550 30526698
36521659 4471132
34497665 147057
34476580 30526702
40774186 30508894
34405376 34405378
34390809 4535672
40774189 30803529
427769 1071796
40774191 1556161
34409593 34409594
15087442 15087453
34409248 34355660
41181045 41181047
34392917 28481425
34497780 34497782
34487800 4639964
34349849 34349850
14953073 24836
41181048 937294
32832704 4519562
40774209 40774210
34432091 4135560
41181051 1276586
34402273 4228365
41191611 41191612
41191613 41191614
34498720 4613140
34487748 10443449
1556015 2416289
34472991 2937596
40774215 4421639
41181053 24009183
40774222 1992
34498706 4590009
40774224 30802280
40774232 40774233
36365577 36365578
34499035 13489627
40774236 40774237
40774239 40774240
34395467 4122754
41181056 3487290
34457876 34457877
34285516 4214504
40774249 30508423
41181058 4997795
34498607 34236291
34442182 34442183
40774254 22429287
34358782 30802947
41181060 3333230
41181063 35715307
41181065 2962044
40774272 35686569
41181068 35712819
30807454 1177244
34365842 28620816
40774278 850807
34498660 30527933
40774281 4569528
34460616 34460617
34359702 2153232
41181070 24166409
40774290 40774291
34402343 30523120
34487506 30228498
197257 593259
34285761 4579196
40774293 1357358
34414376 553918
41181072 1109740
41181074 4471440
40774300 40774301
41181077 4411522
40774303 34252529
40774306 30509918
40774308 40774309
40778426 40778428
40774229 34310592
34458071 34458072
34496463 10248603
34436028 34436030
41181079 41181081
41181082 4531835
34379915 1169696
40774315 40774316
34390806 34390807
41181084 40634853
41181086 4595966
41181089 36535902
34472493 34472494
34285692 4557947
40774318 40774319
41181091 538706
34499469 1169687
41181093 41181095
41191615 2831859
41191616 41191617
34404370 1146483
40774325 32856441
34395421 4635179
34457624 13304577
34285526 18918153
30736300 4135324
41181097 30805152
41181099 4157530
34345735 4274206
34486553 139227
34285512 34285514
41181101 41181103
40774357 3328122
34494333 376614
14898989 14898995
34498610 18942203
34395293 30807217
34352373 4552430
41181105 3399813
40774366 40774367
34342267 494974
34494679 34479253
40774375 40774376
40774385 4650890
34396933 34396934
34343561 32820910
40774390 40774391
32805247 32805248
41181107 755666
34461895 34461897
41181109 34286832
41181111 30526695
34473546 4470993
34232732 30736343
40774417 3487619
14473572 14473574
40774419 28481946
34473272 34473273
34497352 28482733
40774428 40774429
41181113 41181115
41181116 4545712
40775366 4496104
34497171 34497172
34407285 29344035
34405984 34405985
41181119 41181121
40774851 30791141
34385096 378217
40774451 30806548
34342445 32855942
34285562 34285563
40774465 40774466
34385524 34385526
34391723 2962337
34498268 417487
40774469 30519718
34404479 30803841
32789888 4590142
34285545 9977915
34384638 34384639
34426293 34426295
34470973 34470974
41181122 4086959
41181124 32856478
34498711 15133826
41181126 41181128
34370588 4505185
40774492 181568
40774494 376625
15735878 15735881
34485895 28482460
34344092 34344093
41181129 4343189
41181133 120457
40774501 28584824
41191618 4312682
41181135 41181137
40774171 4552236
34461946 30518052
34457863 16710123
40774507 40774508
34478470 34478471
34455732 30517130
34462312 34462313
34471229 1535746
40774512 4343199
34371762 1815376
36320439 34252431
40774518 34252431
41181139 4343354
40777229 24947940
34497300 34497301
36328825 4312528
34385098 4602362
30802625 4087479
30735334 28600672
30738574 4569329
34285566 1133495
40774535 2416560
34286315 2005179
41181141 4606719
34454022 4569581
34404755 34404756
40774541 30520370
34499098 34499100
34402251 34402252
535246 1251912
30740637 1251912
34471621 4552431
40774554 40774555
34391076 24462
41181144 4471768
40774562 32857379
41181147 41181149
40774568 34219529
41181151 41181153
34498808 30788627
34404641 1685355
41181155 3327861
40774576 36520828
34495694 30741868
34483066 4426783
40774369 40774371
40776813 4583974
41181157 40774585
34379903 34379904
30803391 30803395
14964050 3928352
34469692 4545715
41181159 4274152
41181161 41181163
41191619 3928236
41191620 3451723
34497226 1571141
41191621 4135150
34291497 4579384
34488095 4221019
34487847 4064586
34418340 33321322
34430952 2444188
34497492 4470951
41191622 30512011
34412992 2070238
41191623 3829799
41191624 3829794
34403132 3126127
41191626 41191627
34471837 34249018
41191628 22424989
34471149 34471150
40774598 1125771
41181164 30517803
34497472 22331025
35343837 2231191
41181165 1536411
40774603 40774604
40774611 4584059
40774613 1556700
41181167 4709164
34439526 32857143
34481871 30505957
34396497 34396498
41181169 4655574
41181171 41181173
34487975 18373075
34285499 3327818
41181175 41181177
41181178 41181180
34342715 16976900
31757881 550820
36522599 36522601
40774624 4214485
34498099 4569366
40774626 40774627
4809395 37683
40774629 4657773
34417537 1107445
41181181 4427015
2644039 3265966
34495799 24269175
40774640 3853416
40774643 4531883
34497749 9092376
32845642 4086995
41181183 30805870
34484458 2962156
41181186 41181188
41181189 41181191
31757884 4479175
15111284 15111286
40774790 40774793
40774734 40774735
40777745 40777746
40774657 3853269
40774660 40774661
4193332 4311636
41181192 2782223
34487453 31202869
40774667 24463304
41181194 4519526
41181196 41181198
34487396 34487397
36519831 2416768
34394830 34394831
41191629 41191630
34236941 34236942
34285493 4479399
34417148 4135319
34490500 30519251
40774695 3126370
34439734 4531270
40774697 30515448
41181199 1556665
14626696 2961965
34496234 3487123
34349840 32857480
34393817 30515701
40774751 1251620
34285502 2878732
1253174 2131876
34379710 34379711
41181201 41181203
15118766 4595862
34394642 34394644
40774716 3399875
41181204 4087302
34409996 34409997
34285443 478973
34393389 1536040
40774730 1252834
36412795 153088
30742316 30742323
34285496 34285497
34464646 17144635
41181206 30508701
34489115 30804544
34342230 34342232
15043344 15043346
41181208 41181210
34461949 34461951
34391142 34391143
41181211 4657774
40774741 30513706
40774746 186391
34285535 30522197
30240001 30240019
34402349 32847123
41181214 29345573
41181216 41181218
41181220 4329014
41181222 3332607
40774707 2780320
34497362 4401504
34495500 32856603
10242650 516676
34251025 2393545
34363477 30518786
34384967 11059422
40774765 40774766
34439397 30515627
30741957 30741962
40774768 34252549
15111151 1497794
40774786 34458053
34458052 34458053
15138859 4332746
34439814 34439815
34285504 4470519
34497314 4552398
34490883 4563913
41181224 41181226
30805543 721545
34497354 32857474
34475113 34475114
15055282 15055284
40774807 40774808
41181227 41181229
40778508 618425
34497993 1357560
40774652 36535917
34373207 34373209
30220864 4364724
34285487 32856675
30807535 4552571
34421805 29347282
40774813 3808746
34345367 34345368
34477033 3808722
34481218 34481220
41181231 4590929
41181234 30527288
34352293 34239566
41181236 41181238
41181241 4364841
34428458 34428461
41191631 1362902
41191632 208158
41191633 3824840
41191635 2486111
40776587 208198
41191637 5760
41191639 39969626
34396098 208331
34390458 1382340
34394529 1362903
41191640 41191641
41191642 4224287
41191643 3788944
41191644 624937
41191646 3825645
41191647 1363445
41191648 120722
41191649 41191650
41191651 111229
41191652 955557
41191653 8397224
41191654 41191655
34457726 34457727
34457300 1206105
34457733 34457734
34342539 1071012
41191657 41191658
41191660 617659
34390802 2918029
41191662 41191663
41191665 209347
34495007 34495008
41191667 41191668
34416946 34416947
41191670 41191671
41191672 620049
41191673 41191674
34462479 22403820
41191675 41191676
41191677 41191678
28409378 28409394
173492 535637
36337466 28584914
535249 1251939
34285713 34285714
41191680 118688
41183124 41183126
14953968 14953970
30740835 30740838
34458602 30801847
41181243 41181245
40774853 40774854
34491698 34491700
34390453 32857384
34396744 34396746
34403189 34403191
41181246 30805128
40774864 40774865
41191681 41191682
34285489 34285491
15005700 15005702
34266690 34266692
34285620 34285621
41181247 41181249
34473001 34473003
34285592 34285594
41181251 41181253
41181254 41181256
41181258 41181260
41181261 41181263
34471672 34471673
34485562 34485563
34466964 34466966
15057314 4623354
41191683 41191684
34400920 34400921
40774901 40774902
36274425 34289577
34289576 34289577
15120165 2911903
30808066 30808067
15722728 15722735
41181265 28602279
34380086 24319553
34499094 34499097
15105747 10024148
41191686 41191687
30423838 12277
34483849 9833209
34498436 30804717
34476131 4459776
30737697 2399290
40775736 4411275
36319655 1567599
30807612 2961997
34487614 4613652
34425157 34425159
40774933 40774934
34394868 24330045
34494978 13514029
34269412 25080415
30736926 30736931
41181267 41181269
41181271 3807984
36521522 36521523
40774964 22435384
30741956 30741959
30740238 30513688
40774968 15837714
40774971 30808574
34444553 34444555
34400771 4562202
30738317 30738325
41181273 30797190
34458067 30742299
40774986 30807156
41181275 41181277
15138705 15138708
34285689 4331918
34379884 3328257
41181279 34281535
40775011 34281462
34422179 34422181
34412112 34412113
34487860 34487862
40777557 30420242
40774285 30806321
34491820 4135765
30737145 4544451
41181282 40775003
34458407 34275213
30736950 30736960
34473980 30808555
41191689 30507396
41181285 41181287
34496841 34496842
40775019 30512252
41181288 30803558
34425079 412017
173494 535674
41181289 41181291
41181293 41181295
41181296 41181298
40775039 8441392
34438241 4647988
34498621 32856684
40774548 28621685
34498603 34498605
41181299 28602093
34425086 34425087
41181301 30802682
34345130 1039557
34419601 32856468
34441285 28601801
41181302 41181304
30736230 30736234
40775077 40775078
34313167 34313169
33588807 33321321
33588808 33321321
40775064 34219661
30736675 1556099
34420991 34420992
34415766 34235595
34342632 34289412
40775084 39455729
41183129 41183131
41181305 41181307
41181309 41181311
34422063 34422065
41181314 40775093
41181317 41181319
34498644 4519486
41181320 30526774
41181322 34219856
34406113 34406115
34342535 4648476
41181324 34481452
34456127 34456129
41181327 41181329
34285598 34285601
41191690 1037326
34436488 4068027
41191691 4308438
34496860 4187948
41191692 4007963
41191693 4064548
41191695 3449438
41191696 3824162
41191697 3450987
41191698 4223792
34496106 4064801
40777254 536475
34343366 3928180
41191699 4403633
41191700 507321
34421193 22386179
41191701 5006865
41191702 10075942
41191703 10095170
34400986 34400987
41191705 41191706
34473029 4646916
34408697 1902970
41191707 41191708
34497263 22445401
41191709 506640
34428304 15932535
41191711 41191712
41191713 41191714
34402393 34402394
34391263 34391264
41191715 41191716
41191717 41191718
34426041 34426042
34401605 34401606
41191719 4425485
41191721 41191722
41191723 41191724
41191725 41191726
41191727 41191728
41191730 41191731
41191733 41191734
14959814 14959816
34487501 30801840
34285577 535324
34224930 34224931
34488025 34310382
34487497 34487498
34410505 34410506
34487883 34487884
40775160 40775161
41191735 41191736
15022248 15022251
34285440 34285441
34285542 2961843
32858603 30515231
41191737 41191738
40775211 30802950
34285568 34285569
40775226 30523255
34285574 4643270
40775244 3331467
40775261 1986685
34358813 34358814
34285462 4552295
30804358 30804359
40775281 40775282
34387287 34387288
34387269 4390435
41191740 34935490
40775288 2446664
40775289 32856177
33583474 30388844
34285663 2369178
34487357 30808037
34285475 2873921
34285532 30804430
34285589 34285590
34285585 34285586
32810313 311001
40775360 40775361
40775370 40775371
34285606 25503
41191741 41191742
34285724 34285725
34285529 4563942
40775389 40775390
34393923 22455416
34475140 517904
15127299 4334154
34293635 4224812
40773344 4064404
34293641 34293642
41191744 30439532
34357916 34357917
41191745 1234902
34491574 22422418
34257810 1904899
41191747 407721
34485737 22422063
41191748 41191749
41191751 5006850
40777096 40777097
41191753 41191754
40776715 37372059
41191756 33849248
34349015 404580
15050566 15050571
15126112 14947571
41191757 1233915
41191758 1199788
41191762 41191763
41191765 41191766
41191767 41191768
41191770 41191771
41191773 506790
41191776 506952
34474022 34474024
41191778 14973797
34460874 34460875
34342650 34342651
41191780 22668
41191781 22403241
41191783 35056459
34431531 408028
41191785 29355430
15127503 15127505
14985761 14985763
41191786 41191787
34499338 3328578
40775393 40775394
34475716 4505747
34425281 1967810
36519917 1556120
34426786 27126
2877335 3426036
34459854 30523145
121928 400137
34286821 4471193
40775406 40775407
34499040 34499041
34342177 773999
34496758 3853025
34457273 17747792
34394859 4486737
40775500 4579133
41181330 4580830
34491618 2809078
40775428 3186704
30803783 3675249
31770234 3675249
34498665 30526958
34342223 4650953
40775438 2416742
34499296 2231263
14945954 3487375
40775449 2962153
30740723 30740726
34232666 8047505
8047470 8047505
40775452 40775453
34358435 30808183
535030 1251478
30803587 30803588
34472772 23794339
34379415 30508684
34313287 4325611
30807221 4569525
34498378 4479389
41183133 29026831
34285613 29026831
41181332 30507994
34457821 4471183
40775475 30526651
40775490 4552322
34342605 4552505
40775456 40775458
41181335 28482454
34311514 3853267
869643 1685769
34394768 34394770
34390768 34390770
40775505 40775506
34391345 4066168
34403174 2138317
40775583 32856589
14899196 14899199
41191789 41191790
40773497 34304773
41181337 30515533
34487430 4606681
34430954 30517143
34470154 465085
41181338 31758881
34462649 29350877
34490940 29350877
40775538 30510079
34498101 30802910
40775543 30515192
14329395 4449395
34389439 4560847
34402400 34402401
40775554 35698139
40775556 4675355
34425887 34425888
40775564 2962346
40775571 14507932
40773061 40773062
40775578 18961502
40775581 1556330
35397341 35397342
34422164 33614442
40775587 3331618
34473675 4019743
34388471 34388472
41181340 41181342
30737103 3487589
36329867 35689773
34426999 4641490
34469912 3748300
34342443 574858
34427830 33500674
41181343 1271983
41191791 41191792
34401023 34401024
41181346 34288339
34495378 4606773
40775619 40775620
41181348 21646472
40775625 2957677
41180445 20523386
30740977 30740980
36353136 1968542
41181350 41181352
34363313 14664089
34478005 30515458
31758628 4531879
41181353 13426772
34444556 11310170
40775654 34219866
34342187 4471569
34411583 1061062
40775659 30802246
41191793 40775665
34403192 2416777
41181355 4545681
40775675 34218803
41181357 41181359
40775679 4238347
41181361 30515966
34478156 4616878
41181364 36370467
40775682 28621777
34458270 34458271
41181366 4019969
34396208 737621
34457978 30516361
34460343 2878762
34497356 4087041
34471679 34471680
34390423 34390425
40775691 19150061
34497358 34497360
40775694 4632416
41181368 41181370
34490710 34490711
41181371 4639976
34386522 34386524
34408851 4454861
40775710 40775711
41181374 4364718
30805566 141734
41191794 3826079
34390061 4069646
41191795 4492689
34484433 4522185
34417100 4334443
41191797 3450877
41191798 3452908
41191800 2911125
41191801 1192646
34497374 3823937
34487896 3451784
34487429 1192647
41191802 4067319
34487848 4064802
41191803 4064862
41191804 3892671
14930875 1399553
41191805 1399552
41191806 817526
41191807 2277672
41191808 4454687
41191809 4404107
34492475 4332382
34356435 4222750
41191810 22455051
34403134 1675157
41191811 10085572
34342216 10053866
41191812 993320
41191814 1382038
41191816 10075331
41191817 4354878
14897544 14897547
34409737 10059640
34369410 10048001
34460338 10084725
34415741 10049932
34496123 10060326
41191819 13284962
41191820 3450705
41191821 4405249
34385122 4224659
34413761 4067801
41191822 3826131
34497538 4067807
41191823 10090934
41191824 41191825
41191826 30422843
41191828 2219692
41191830 34247224
41191831 41191832
41191833 804638
41191834 41191835
34387836 34387837
41191837 41191838
14969578 14969580
41191839 41191840
41191842 41191843
41191845 41191846
41191847 35669896
41182577 41182578
40778220 40778222
41191848 41191849
41191851 41191852
41191854 41191855
34401299 3853321
34491145 4017367
40775714 18789589
34391254 1168024
30807065 30807068
34460864 10483
34474551 2130375
34365174 30517721
34496478 30805928
30739450 17318990
34285618 30805850
34404116 24259128
34415768 34415769
40773948 34288809
2130455 2877697
34459466 1363336
41181376 30510480
34490941 4635309
15128293 3331591
34405380 4532240
34458958 3928645
8876973 8876982
34285753 1539022
15725340 15725346
34497466 4274981
40775738 4552499
2130126 2877423
806197 1605935
41181379 30740946
41181381 34241886
41191857 41191858
41191861 41191862
41191863 41191864
34358204 32820942
34495480 30736399
34285232 34285238
34285737 30807282
34381388 30525701
41181384 4552256
34343063 4466932
34410954 30531624
1251557 2130165
34293637 34293638
40775751 3426098
40775496 40775497
34426302 18960910
34396972 34396973
34388529 4572670
34352070 145305
535148 1251773
40775765 470977
34478632 30519107
41181387 30507420
30740836 24443344
40775774 40775775
34461953 4421559
34373238 34373239
34490431 30530306
40775789 40775790
34499015 30807941
36318624 4532111
34291473 4532111
34342197 34342198
40775797 40775798
36370857 4238004
34419431 4238004
41181389 4697140
34422753 32856936
34476586 29586029
34431493 18278
34393392 28482152
34491390 4562867
34496755 4562868
34285523 2878750
41181392 4122705
15128798 3487080
30804383 3916702
40775817 3916702
30314635 30314636
41191865 2462732
173508 535909
34232549 9913744
34496241 3935836
40775825 39455886
34405295 4505595
34498668 3445770
40775834 40775835
41181394 4388538
34345759 34345760
36524560 36524562
34409801 4061441
34257081 3487453
2130125 2877418
34496388 3827706
41181396 29351991
36519622 461707
40775862 30803463
34498374 34498375
40775864 40775865
41181399 24194813
40775874 3329943
41181402 4999499
15132228 15132231
34496290 2542414
34393506 30803682
41181404 4531847
40775829 4543558
41181406 11059535
36516987 3573897
40775880 40775881
34497401 34497402
34391871 24106206
34496191 4595958
34285395 4343235
34413928 34413930
34497260 33541338
32873577 30528791
40775893 4552257
14896320 9784972
40775895 4449594
41191867 41191868
36412781 4264974
34497485 4269114
34491204 34491205
34416342 33521
34497520 15176791
41181408 30803449
40775915 3909466
34498734 4343218
41181410 40775923
34498085 4809586
34497445 34497446
34497199 34497200
41191869 41191870
34302242 4522454
40775929 1154901
34499476 4061476
40775948 4569661
40775950 1262702
34457442 3746186
34285537 34285538
34495298 1556692
41181412 9614402
40777207 18454752
40775959 29603042
40775961 18847773
41181415 4423287
36520074 36520076
34473901 18854549
40775967 4552509
40775760 40775762
34475489 34475490
40773694 35401296
15053383 469322
40775991 40775992
34499393 34499394
36420016 4135987
40775997 4135987
40776000 4999571
34498441 30527475
41181417 30518350
15092594 1247492
41181419 32856226
40776007 4471815
41181421 3328396
30742274 22426835
35350376 30514302
36521528 4421520
34390232 15067639
535149 509079
40776024 3328282
40776027 4509236
2543793 3197108
41191872 41191873
36345607 4411592
40776039 4411399
34499335 29344260
34285740 3808700
39141950 2459685
15138761 15138764
34458932 22440659
30736231 316094
34464002 30523161
34360049 34360050
40776058 30516544
39141946 39141948
28409376 28409391
34497177 1556956
40776071 40776072
40776074 40776075
41181423 36513343
34417694 30517434
34415725 34355636
40776078 40776079
40776089 40776090
15027694 15027696
40776095 40776096
1251650 2130228
34475133 34256771
34342857 3928711
41181425 30805780
34498703 30517449
34487550 22345878
30424989 967793
34391435 34391436
36521419 36521420
34385282 4522232
34285747 769979
34438321 2231239
30803985 1044229
34285736 4569521
40776144 40776145
41191874 34392268
41181427 3853287
36521588 36521589
34417755 34417756
41191875 1374117
34363530 4063194
40775953 407632
34347047 1311954
34484457 4007960
34347235 4187945
41191876 4220492
41191878 504350
41191879 1458714
41191880 4063272
34219991 3825561
41191881 1397282
40777836 217543
41191883 221565
40774918 1699403
41191884 4072848
40777703 3824839
41191885 32739124
34457632 3824047
41191887 504589
41191888 30441128
41191889 143620
32810316 32708789
34444586 34444587
41191890 35632389
41191891 1359560
34457987 506704
41191892 2976535
41191893 35632639
34352246 34352247
41191894 3343065
41191895 35623099
41191897 35622338
40774123 35632940
40778113 35633015
34436470 34436471
41191898 3758632
34220013 4025172
41191900 3343052
34343024 4456814
41191902 4336872
41191903 4228324
41191905 22417884
41191906 35633591
41191907 32715722
41191908 35633645
41191909 507158
41191910 450781
41191911 22494415
34430901 22461278
41191912 35633976
41191916 22417925
41191917 1205992
41191918 3399562
41191921 35634054
41191922 35634066
36521576 409389
30452939 4626228
40776238 40776240
41181429 41181431
41191924 41191925
34223118 2685703
34225283 2508994
24425478 1107292
40776215 1273211
41181433 30515713
41181435 4663945
41181436 4663944
34224636 1964473
32780605 32780607
33556534 18833154
34223163 4505088
41181439 4454371
41181442 30523834
34224909 34224910
15136620 15136622
15029003 15029006
24425485 2459782
41191927 41191928
41191929 41191930
31760014 4531721
34223154 34223156
41191931 4066836
34480209 4066863
41191933 4221186
34223138 4274636
11027970 11027978
34224939 3332382
40776294 2514622
41181444 41181446
14383034 14383036
41183135 503346
34224637 34224647
34224634 34224638
34394781 2365436
34224932 3939978
4410121 4458886
40776332 30527541
40776333 30527541
30738353 30738359
41181447 4459745
41181449 4617056
34225330 13822572
34224928 2416749
34225280 7813049
34224948 30804845
40776347 4471234
28310542 4471234
1072338 1934217
34224951 34224953
41191934 34488003
34285484 34285485
14934906 3487422
10244478 10244484
34224581 30527585
40778080 40778082
34222408 34222410
40773891 40773894
41191937 41191938
41181454 30801823
34223157 34223159
41191940 41191941
34436486 34436487
40776380 3399815
34223114 30802029
34487700 30802029
15142047 15142049
34224943 34224945
31758270 31758273
40776369 15014822
41191942 1480945
41191943 15014823
41191944 15014824
41191945 15014825
41191947 15014826
34393447 15014827
34475872 4516969
41191948 208228
41191950 4064709
15126212 4402380
41191952 4402374
41191954 4330346
40773620 4221124
41191955 15014828
41191957 15014829
40776420 15014830
41191959 15014831
41191961 15014832
41191963 15014833
41191965 41191966
41191967 15014834
41191968 15014835
41191969 15014836
41191971 22428592
34498675 15008092
41191973 22448414
34412871 34412872
15134935 15134937
41191974 8582830
41191975 41191976
34418065 34418066
41191978 41191979
41191980 41191981
41191982 41191983
41191984 41191985
41191987 22436592
41191989 41191990
14959981 14959984
15132875 15132877
34477266 34477267
41191991 41191992
40773371 164840
15134930 15134932
15134306 617660
41191994 41191995
40776393 40776394
4060010 3928799
8152570 8152574
40776400 2739326
41181456 24264264
34285596 34285597
34494300 34494301
41181458 41181460
41181462 41181464
40776432 30801942
40776434 34219735
41181465 34423090
40776443 40776444
8047442 8047464
34497384 34497385
40776453 29347958
41191996 41191997
41192000 41192001
41192002 41192003
14949640 14949642
41192004 41192005
41192006 41192007
41192008 41192009
41192011 41192012
41192014 41192015
41192016 41192017
41192019 41192020
41192021 41192022
41192023 41192024
41192026 41192027
41192028 41192029
41192031 41192032
41192034 41192035
41192036 41192037
41192038 41192039
41192041 41192042
14956093 14956095
41192043 41192044
41192045 41192046
41192048 41192049
41192051 41192052
41192054 41192055
41192056 41192057
41192058 41192059
41192060 41192061
41192062 41192063
41192064 41192065
41192066 41192067
14955905 14955907
41192068 41192069
41192070 41192071
41192072 41192073
41192074 41192075
14955892 14955894
41192076 41192077
41192079 41192080
41192082 41192083
41192085 41192086
41192088 41192089
41192090 41192091
41192093 41192094
41192096 41192097
41192098 41192099
41192100 41192101
41192103 41192104
41192106 41192107
41192108 41192109
41192111 41192112
41192114 41192115
41192117 41192118
41192119 41192120
41192121 41192122
41192123 41192124
34403169 34403170
40776460 32836325
1253173 2131871
41181466 40776468
34478802 34478803
41192125 41192126
40776481 40776482
41181469 41181471
40776486 40776487
40776490 40776491
40776414 40776417
40776494 40776495
40776427 4531913
34494163 28621244
34499143 4087205
41181472 4333596
34458034 34458035
41192127 41192128
41192129 41192130
41192131 41192132
41192133 41192134
34378872 2231333
34350951 10004642
40776510 30515638
34414220 34414222
34444099 30515829
34487668 30803793
34495130 34495131
34491687 34491688
41181478 2753149
41181480 34384667
30740615 1556523
30805041 30805045
34363461 4552535
34368550 34368551
36523193 14948068
40776535 1118877
34496852 34496853
41181482 41181484
34378680 34378681
34489883 34489884
34457529 2131693
41181485 30803827
41181488 482563
40776537 40776538
41181490 41181492
34487492 34487493
34285680 34285681
35607683 35607684
40776547 32856755
40776554 40776555
34482079 34482080
40776558 34482080
41181493 41181495
41192136 41192137
41192139 41192140
14956334 14956336
41192141 41192142
41192143 41192144
41192146 41192147
41192148 41192149
41192150 41192151
41192152 41192153
41192154 41192155
41192156 41192157
14955298 14955301
41192158 41192159
41192160 41192161
41192162 41192163
41192164 41192165
41192166 41192167
41192168 41192169
41192170 41192171
41192172 41192173
41192174 41192175
41192176 41192177
41192178 41192179
41192180 41192181
14955832 14955834
41192182 41192183
41192184 41192185
41192186 41192187
41192188 41192189
41192190 41192191
41192192 41192193
41192194 41192195
41192197 41192198
41192199 41192200
41192201 41192202
41192203 41192204
41192205 41192206
41192207 41192208
41192209 41192210
41192211 41192212
41192213 41192214
41192215 41192216
14954850 14954853
41192217 41192218
41192219 41192220
41192222 41192223
41192224 41192225
41192226 41192227
41192228 41192229
41192231 41192232
41192233 41192234
41192235 41192236
41192237 41192238
14954855 14954857
41192239 41192240
41192241 41192242
14957979 14957981
41192243 41192244
41192245 41192246
41192247 41192248
41192249 41192250
41192251 41192252
41192253 41192254
41192255 41192256
41192257 41192258
41192259 41192260
14955242 14955244
41192261 41192262
34288887 34288889
41192264 41192265
41192266 41192267
41192268 41192269
41192270 41192271
41192272 41192273
41192275 41192276
41192277 41192278
41192279 41192280
41192282 41192283
41192284 41192285
41192286 41192287
41192289 41192290
41192291 41192292
41192293 41192294
41192295 41192296
41192297 41192298
41192299 41192300
41192301 41192302
34306079 34306081
41192303 41192304
41192305 41192306
41192307 41192308
41192309 41192310
41192311 41192312
14955896 14955898
34402261 4193875
34341905 30802881
534993 1251296
41181496 3808776
36521164 36521165
34498433 30737792
15004794 15004797
34487449 30804174
34487805 30802890
34458028 34458029
40774114 1969240
34285623 1252812
30492914 30492920
34355795 28602367
34482632 34482633
35073400 32857268
40776574 40776575
41181498 41181500
41181502 40628844
15002757 2340663
34491228 34491229
34285464 34285465
34285480 3426902
40776596 4238068
15102359 15102361
41181504 40776602
41181506 41181508
34487763 34392567
41181510 4530177
34458350 34458351
40776603 40776604
40776607 40776608
34444539 34444540
40776610 4505243
41181512 41181514
40776412 30803727
40776612 40776613
40776616 9741093
41181515 13345951
31758271 31758279
41192313 41192314
34471942 34471945
41181518 40628857
40776622 40629102
34484263 34484264
40776626 2131987
41192315 3449415
41192316 41192317
34487609 10054534
41192318 22428582
41192319 3451024
34481488 13259019
40774468 14916749
34487813 14993866
41192320 13259020
41183137 4067978
41192321 14993897
41192323 15091693
41192324 39304
34498277 5586342
15050287 15050289
41192325 36114334
40773746 36114336
41192326 14994006
34352273 34352274
15050165 15050167
40773708 4905765
34310568 4562193
40776628 3915123
34260997 30233085
13458566 13458571
40776751 1656050
34285955 30804574
40776631 31068491
40776636 40776637
30739318 4552461
41181520 30805965
34479333 34219360
34285656 34285657
40776929 40776931
34497169 32857157
34392982 11059485
30806482 3331877
34373244 34373245
34342722 4958193
30742175 30742176
40776678 2129921
15723054 15723070
41181522 4445368
34487917 30808187
34483760 2235179
34498218 4626198
34285632 30515672
41192327 30806102
41181524 34466143
34383537 34383538
34491195 34491196
34487858 1556727
32811401 18259730
34414743 30519137
40776713 2684491
36521373 34218078
40776721 32856876
40776723 40776724
41181526 30507661
40772750 40772752
40776730 40776731
535031 1251487
15127294 4427125
34285634 3333257
40776733 13394120
535034 1251512
30738479 6608811
34439522 34439523
32811400 32811406
30736287 23783309
40776742 3331958
34441749 144629
3879583 4105126
40776744 4105126
40776748 40776749
34352038 34352039
41181528 41181530
34285520 1998514
40776754 40776755
34373250 9887267
41181531 30805219
40776774 40776775
34386317 30517961
40776781 2416597
15038919 4343170
40776784 40628718
41192328 4396525
34396789 30508533
40776794 30508231
34457673 30508231
34478848 30530720
40776846 30524216
41181533 41181535
41181536 11059407
34394827 34259190
40776952 30508150
34385093 30507656
34362311 4053984
34402257 29357504
34430608 4569333
34285769 4531791
30739496 30506285
41181538 2027652
34497428 34497429
40776815 29341321
41181540 41181542
40776825 32856005
40776828 39455875
41181544 22351035
34285640 4445370
40776837 40776838
30808596 30808600
34394531 34394532
14975143 4693059
34460378 34460381
34390426 4693060
41192330 37523621
41192331 41192332
40776858 30517393
40776861 4017973
41181546 2130549
41181548 1252581
34465115 4311101
41181550 4372379
40776876 18751378
34498933 24337713
40776881 966638
14974817 1462698
34238389 2767985
34457997 34219021
34285459 575988
34349802 34349804
34458003 4552713
40776889 4552713
41181552 3853414
40776709 15058033
13127580 966549
34497890 34497891
41181554 30508417
15022064 4593545
30805413 15111928
40776901 1481757
40776902 4606693
34473464 30515213
34285772 2495247
34494862 34494863
34352244 24483260
3046210 3546981
34478072 34268766
34405373 30735359
34498582 34498583
34343226 34343227
40776926 3747277
1251463 2130043
41181557 34342957
34494871 34494872
41181561 2131784
34416924 34416926
15031314 15031317
40776938 40776939
40776941 2012495
41181563 41181565
40776944 30802169
41181566 41181568
34358721 34358722
34306553 34306554
34479337 4454942
40776956 40776957
34378810 1623909
41192333 5508381
40776967 40776968
41181569 29357506
34487558 4616818
41181571 41181573
41181574 23817537
40775837 40775838
40775216 22393268
34305270 4068353
14909633 1359580
41192334 2589454
40777078 1556581
40777081 3329695
34398232 406634
41181579 34252830
34497713 30804672
34224013 3748832
41181580 4503677
14902733 14902736
40777104 32856627
41181581 30804928
41181583 40777109
40777117 3935805
34285616 30802573
10243439 68643
41181584 4274658
41181586 4116267
40777126 35995705
40777130 40777131
40777137 30801962
41181589 41181591
40777140 4680266
40777147 40777148
34458517 4066165
34406215 810502
34498798 34498799
15131677 15131681
427806 1071876
29046695 29046697
34388614 30801987
34497350 13784814
41181592 1153285
41181594 2878751
34431539 34431540
34405018 4238285
40777165 4151307
41192336 4569600
34491576 34473211
34342136 29347271
41181596 34402206
15055289 15055292
30736727 2231676
34465482 1168033
34351157 34253442
40777171 40777172
15130831 15130833
10786253 4505472
34473265 3330110
41181598 30802521
30737539 29706067
40777184 40777185
40777187 1176309
15169902 15169904
40777189 40777190
34479257 3103682
40777198 2416586
40777203 4122800
41181600 4122793
34395298 4492981
41181602 30803521
34458400 32851579
14558895 14558900
40777212 4647987
41181604 3487138
30741865 30741871
34404616 34404617
34478523 1967802
34402210 1556517
40777222 30806651
30739191 4616418
34487483 656301
34313310 4524460
30802414 30511305
34401349 574859
34428334 450606
34415275 3330605
34373261 3405018
41181605 32857712
34471134 34471135
15087295 15087297
15162161 15162164
15107651 15107653
34342867 34342868
34373233 34373234
41181606 41181608
34401037 34401038
34285642 1967961
41181609 152514
34403066 30807116
36519833 2048810
40777251 40777252
32833920 3329579
34499122 30507691
30736432 3935860
34487441 30515635
34381163 3487418
40777580 4531731
34412437 4569807
40777158 3539930
34459654 30521334
33581215 33581217
40777282 4637275
41181611 41181613
34343096 34343097
34497296 32814444
41181614 30807474
34498457 34498458
34489580 34489581
41181616 3487201
34353600 34353601
41181619 30807391
40777290 40777291
34460454 34460455
41181621 40777297
34497476 34252825
41181623 41181625
40777299 40777300
34450961 3449410
34461743 2393519
34305264 4089181
34496502 1097232
34353599 4089184
41192338 1193840
41192340 4089188
41192342 4066905
34402785 211636
41192343 3824017
34430961 3449947
41192345 4064459
41192346 3823759
41192348 4089189
34491220 3928303
41192349 3603315
14899550 2444184
41192350 4089191
34393689 1193843
14899558 4089192
34497524 4089211
34368706 4089212
41192351 1189812
41192353 4089213
34427529 4089193
34472522 1193847
41192354 4089196
14898111 4089197
41192357 4089214
34279968 4089199
34477117 4089200
41192358 4089201
41192360 1193844
41192362 4089215
30805675 4089216
41192363 4089217
34497605 4089218
41192364 4089219
34497694 4089205
41192365 4089220
41192366 4089221
34369038 1193848
41192368 4089206
14970643 4089222
41192369 4089223
41192370 4089224
41192372 4089208
41192373 1071024
41192374 4089225
41192375 4089226
41192376 4089227
41192377 4089228
41192378 41192379
41192380 41192381
41192382 41192383
41192384 41192385
40778355 40778357
40777302 1556834
40777305 3487083
34487659 1651662
34439645 28621760
34251014 597374
40777310 643534
15039696 4325601
34490503 5530175
40777314 5530175
40775981 1149294
41181626 30526961
34240879 30514237
14985488 14985490
40777326 2962154
34457435 4669713
41181628 4458924
40777329 4087469
34498652 1967964
41181631 28600651
34497719 30528619
34484460 2910475
34499468 30530741
34497289 4377839
34285416 32857296
14969407 3329548
34427598 2416775
30740581 2236507
34285668 34285669
34394667 30507476
41181633 18373956
34497586 34497587
41181635 24327158
34436478 2962077
2129885 2877309
34458016 181650
40777351 773155
34285647 30507345
34497366 3852785
2878456 3426879
40777358 43556
34498662 1128209
40777362 3328864
40777364 30517254
41181637 962799
40777369 4020029
34485734 4343193
40777355 2132031
30738348 553717
30222502 4531885
40777377 40777378
535250 1146591
34430323 33580449
41181639 32856772
40777384 40777385
34362725 4530372
34441274 13263088
40777392 13263088
40778189 29345269
40777398 4449703
34342180 4135711
34487751 3749216
40777400 4505202
34462696 4505202
34285665 34285666
39584109 3824801
34285702 516779
34285468 652764
40777407 4127210
30807557 29356551
40777416 22432630
34285695 4207623
41181641 29609835
34312617 508848
34497440 30808748
34285716 34243517
40777439 29347291
40777451 40777452
30735287 30735289
34487698 4364647
41181644 3487209
40777461 4522369
2129851 2877257
41181647 34219101
34283014 806885
31758596 2193249
31132514 2193249
41181650 4279622
34285780 2131174
34492008 30643241
34473556 1967789
34461240 23960734
535146 1251753
40777480 29345388
40777483 4583166
34416039 4612657
15111289 2417290
10782152 554147
34379634 470957
15149324 33150
34285671 3808778
34498215 1915284
40777498 3852834
40777502 14496
32804186 29347986
34285660 3487233
40777509 4532101
31083702 3278195
41181652 34266567
34342441 18471975
34475960 1556842
41192386 41192387
1251471 2130076
41181655 3918476
41181657 4127211
40777523 4136092
34490705 622301
34285389 3928846
34457527 30514945
34497685 30516273
41181659 1982932
40777536 15034204
34285653 2417457
34495382 30519022
41181661 30808192
40777541 3852830
34416647 181353
40777544 4584047
40777546 3928812
41181663 30518437
34494057 1817175
34232640 1114161
40777551 1114161
34390431 34390432
34379878 2961905
34404814 34404815
30418775 283212
41181665 14139
34487601 317329
34342300 626607
34457973 4364846
40777267 920083
34495135 34495136
31769918 4018948
40777593 14369795
40777596 30527953
34373248 2131931
34483523 4604650
40777616 1076892
40777619 3331948
40777624 4471547
41181667 1556893
2129852 2067935
40777626 2961903
5004623 4551250
1251462 2130039
40777630 31069389
14961808 14961811
34404332 2231744
40777632 40777633
15004707 1968590
34394545 3806538
32834083 28620706
41181669 30521790
6974390 4562900
40777650 30804458
30736354 30736357
41181672 40777654
34285645 535506
40777655 40777656
34474991 4427184
41181674 28621886
34284460 260360
34477113 2231315
40777670 40777671
34285775 2153707
34313163 533923
34498431 2962307
34491208 30517220
41181676 30518525
40777686 40777687
40777698 4531798
30736183 30736185
34473756 34473757
34232564 4404353
40777705 4238362
41181678 41181680
34392721 4545789
40777715 9874441
34390456 4519484
34484768 4274492
34357944 25710
34232652 30807108
40777732 4693065
34498677 4772424
34494166 34283707
41181681 479631
41192388 4065831
34342649 4063229
41192389 4063291
40778671 3449488
41192390 3822603
41192391 3448671
34498388 4220981
34498435 4064542
41192392 202590
34498097 4064810
41192393 2388470
41192394 3824059
41192395 3603132
41192396 202592
41192397 806844
41192398 806845
41192399 806842
34497947 806846
41192400 806847
41192401 806848
41192402 806849
41192403 806850
41192404 806843
32814967 1372491
41192405 41192406
41192407 41192408
41192410 1846874
41192411 41192412
41192413 41192414
41192416 1003735
41192417 41192418
34498401 34498402
34498372 22407951
41192419 202490
41192420 41192421
41192422 41192423
41192424 41192425
41192427 41192428
34498383 34498384
34498439 34498440
40777737 34352198
34285457 28621903
34357502 4404278
41181683 2014842
34472535 22460089
34498953 32850182
40777757 3328301
34487525 22459659
34232635 4274471
40777763 1968762
15168738 3748992
40777765 40635137
40777771 40777772
34457084 175019
40777782 40777783
34458046 25136470
30735837 28611294
41181685 30528654
34285676 5010988
34393341 34393343
34378852 34378853
41181687 34217932
41181689 33307451
41181691 34275229
34426995 535490
34417251 22458165
34343060 34343061
34489819 34489820
28409375 4018909
34343403 885392
34393655 30802111
40777853 30803510
34285755 2137258
34391245 30807644
40777870 39637620
34349139 540518
34396978 4449497
34393850 4616882
34373269 28602406
34437991 4454841
15050787 2962305
15064310 1968680
32843210 30805934
34402726 4603486
40777900 22348330
30227638 4404340
34379875 4454959
13497537 4545751
32775901 24922135
41192429 41192430
40777930 938575
40777849 4675291
34490951 24517851
40777942 4574107
34379970 30528809
40778645 34347033
1912241 2689645
41181693 40628468
34412379 34412380
34285677 1535643
34487761 32857510
15722756 4325606
40777957 1194872
34498922 627146
30736949 1556676
40777966 955398
34498935 4122812
34349042 34349044
34416059 3282322
41181695 41181697
34483520 34483521
41181698 41181700
34307363 1535633
34460408 3331505
40777979 4697144
34441076 30508768
34497592 15065525
41192431 41192432
34391371 3328244
41181701 1556593
40777989 4454994
34349668 4066753
40778139 4223710
41181703 3928390
15168879 15168882
41181711 3748240
40775308 3451700
30807191 4663983
34261929 28483439
30806344 22457927
34477589 3104243
30803874 30803877
41181714 41181716
36521367 3328786
34475587 2877738
34352506 34352507
34390281 34390282
30802665 2877798
41181717 30767360
34456978 34342942
40778029 40778030
41181719 41181721
34417895 285027
40778038 2632699
34402161 34402162
40778050 503080
34475492 34475493
34458953 123384
36411673 29350879
30807083 29350879
40778061 30807631
41181722 32847399
34416324 34416326
41192433 4522586
41192434 4563828
41192435 22408840
40773111 4454476
41192437 4403660
41192439 4222448
41192440 4222443
41192441 4454679
41192442 41192443
34457039 34457040
34473807 34473808
34369052 34369054
41192444 41192445
41192447 41192448
34456985 34456986
15155117 15155120
41192449 41192450
41192451 41192452
34286781 34286782
41192453 41192454
34358810 34358812
41192455 41192456
41192457 41192458
41192459 41192460
41192461 41192462
41192463 41192464
41192465 41192466
41192467 41192468
41192469 41192470
41192471 41192472
41192473 41192474
41192475 41192476
41192477 41192478
41192479 41192480
41192481 41192482
41192483 41192484
41192485 41192486
41192487 41192488
41192489 41192490
34232545 32857684
34305271 34305272
34373273 34373275
34498736 2348777
40778206 40778208
41181724 41181726
40778078 1556750
34350378 34350379
40778086 40778087
40778091 30516900
34444182 34444183
40778094 40778095
40778098 40778099
14937085 14937087
40778111 28600949
34471187 34471188
40774899 1976375
15130820 207281
40778122 124053
34352310 32847371
40778141 40778142
41181728 41181730
34285782 34285783
34475486 34475487
34285423 34285424
40772960 3012812
34285688 17911718
34497656 34497657
40778164 13368056
40777339 36527893
40778167 40778168
34498617 29162552
34260999 34261000
41181731 41181732
41181733 34219197
34476821 1252838
40778199 40778200
34491636 34491637
34285784 34285786
34464753 34464754
34497273 34497275
40778214 40778215
34498672 34498674
40778223 40778224
40778227 40778228
34497420 30803811
14300201 14300203
34285412 34285413
40775526 40775528
14947766 3331568
34489584 4390332
41181736 15518569
40778259 40778260
34486627 34486628
34232690 30802123
34458059 34458060
34414852 4602391
34285470 34285471
34416019 34416020
34456968 4142044
41181739 472272
40778271 24109799
40778273 40778274
34406167 30522371
40778280 40778281
34461892 34461893
40777588 40777589
30807492 30513150
34373241 34218370
34458521 30806781
40778292 40778293
41181741 41181743
40778297 40778298
41181744 41181746
34342451 34342452
34499069 4279560
34470794 14408459
41181747 41181749
13412119 13412154
34232723 34232724
34495126 34495128
427804 1071866
40778333 1071866
40778335 40778336
40778339 40778340
15006454 15006456
3305045 3730080
37911926 37911928
34498832 30802016
41181750 30807822
40778362 18842063
40778367 40778368
40778371 40778372
41181752 41181754
40778389 40778390
41192491 41192492
41192495 41192496
41192498 41192499
34443863 34443864
40774546 40774547
34400807 34400808
41192500 2233465
41192502 3488951
34373222 215027
41188773 29353322
41192503 29353751
41192505 29353755
41192506 29357211
34368861 34368862
41192507 41192508
41192510 3928279
41192511 4135251
34497784 4274103
41192512 4364492
41192515 4426729
41192517 4470936
34431502 4523020
34394751 34394752
41192520 4564245
34484405 4546162
41192521 4564299
34484437 4579432
40777247 4592495
41192523 4579422
41192525 3328557
36521845 4564294
41192526 4579425
41192528 4603691
41192530 4531474
41192532 4426552
41192533 4426494
41192535 2217996
34363308 2217997
41192537 14737584
41192538 41192539
41192541 41192542
34483220 34483221
34279934 34279935
41192545 41192546
40776704 40776705
34431500 34431501
40775602 40775604
40778520 40778522
34458333 34458334
34487590 34487591
34285397 3487411
40778414 34219194
34285426 30516409
34498637 34498638
40778418 656522
40778421 2962367
40778436 3423473
41192547 41192548
40778456 40778457
40778463 4313626
34285651 4426354
15130815 4086916
34498575 30514183
34285684 34285685
41192550 41192551
41188809 41188810
34285518 4584104
960449 1797284
34285558 34285559
31769912 4446521
34490885 4237962
41192553 41192554
40778511 2529255
34285649 4471400
30807790 1142327
14937404 14937407
41192556 41192557
41192560 41192561
41192562 41192563
36521593 36521594
40778550 2416496
40778553 4396530
34400763 3427109
40778560 40778561
41192564 41192565
34458024 34458026
41192566 41192567
34379505 34379506
34489437 34489438
15035167 15035170
34481524 34481525
41192568 41192569
14986173 14986176
14986183 14986186
15116532 15116534
41192571 41192572
30805707 30805710
41192573 41192574
41192575 41192576
41192577 41192578
34417052 34417053
41192580 41192581
34399867 219675
40774778 40774780
41192582 41192583
33581216 288326
40778574 40778575
34365276 4703663
14945945 14945947
36530792 36530793
40778626 4596011
41192585 41192586
34363303 34363304
34402310 34402312
41192587 2910494
34496486 4331995
41192588 4067314
41192589 4067975
34373284 4504932
41192590 2224710
41192591 4640625
34392290 4623428
41192593 4579226
41192596 4545869
41192597 4522600
41192599 4493248
41192600 41192601
41192603 41192604
41192605 41192606
41192607 41192608
41192609 41192610
34404643 34404644
41192612 41192613
34402719 34402720
41192615 41192616
41192618 41192619
41192621 41192622
41192623 41192624
41192625 41192626
41192627 15838939
34386238 34386239
34285788 29347698
1556827 2417248
34458960 34458961
40778910 4661731
36424043 30527848
34400619 30527848
40776456 40776459
34285581 34285584
34496259 34496261
34428280 34428282
41192628 41192629
40773070 40773071
41192631 41192632
34362246 34362247
34487903 34487905
34487499 34487500
34285408 34285410
41192633 41192634
34387281 34387282
34391211 34391213
34347428 34347429
34394878 34394879
41181755 22462383
40779309 33035361
34399930 34399931
40779351 40779352
34366432 24299194
