30321085 30321101
39504189 39504191
15227467 15227472
34896291 34896300
28910805 28910808
28910805 28910809
260270 755835
39504189 39504192
34034682 34034683
4983401 4983409
15120891 15120899
15120891 15120900
15183919 15183922
41502283 41502284
34430905 34430907
534152 1248564
30862767 30862769
3035122 3540294
13386725 13386729
10634346 10634478
30791764 30791767
30791763 30791765
30793079 30793080
35910146 35910147
30295272 30295278
33822835 33822836
33673859 33673873
30813351 30813354
30321085 30321102
29049215 29049219
35622366 1233061
41502286 41502287
55221 228111
38046933 38046936
5029145 5029154
30657066 30657072
30657066 30657074
41502289 41502290
30321085 30321103
33822383 33822384
28440854 28440856
266529 766154
30321085 30321104
13294547 13294555
30678838 30678842
33096579 33096580
31760826 31760827
15602400 15602402
30866160 30866166
13385321 13385325
30321085 30321105
30321085 30321106
11676345 11676353
41502292 41502293
41502294 41502295
2740493 3332791
28382234 28382236
36758669 36758671
30321085 30321107
41413373 41413375
30354940 30354942
30321085 30321108
14280905 14280923
15242750 15242760
225404 698034
41502298 41502299
39461668 39461670
33162729 33162730
1915185 2692598
41502301 4603156
41502301 41502302
41502301 41502303
378789 983995
28400490 28400492
13464761 13464765
2350952 3047735
6082816 6082820
41502305 41502306
30321085 30321109
41502307 41502308
30321085 30321110
30321085 30321111
8258391 8258404
2827 35973
13295708 13295715
15208901 15208914
41502311 41502312
30321085 30321112
755442 1537329
30813154 30813159
10525009 10525029
10525009 10525030
20838 117264
41339127 41339128
41502313 41502314
73841 267568
3125844 3602801
13156791 13156796
30780717 30780721
41502315 41502316
129063 415442
42853 177284
4168758 4296737
35041219 35041222
41502317 41502318
41502317 41502319
41502317 41502320
30314513 30314537
30321085 30321113
30321085 30321114
36037639 36037642
36437862 36437864
34481126 34481127
34481126 34481128
28305237 28305239
37941974 37941975
11677350 11677358
30810341 30810343
1581470 2440077
766262 1550838
3073161 3563362
36437862 36437863
39465394 39465395
34474871 34474872
34474871 34474873
3920660 4130276
28318608 28318609
15645305 15645308
15218133 15218141
31054021 31054022
38071531 38071534
33093407 33093412
30321085 30321115
4277843 4367522
36309372 36309375
30321085 30321116
37214204 37214206
986412 1833240
967340 1806709
30813154 30813160
15242334 15242339
30321085 30321117
967340 1806707
10335364 10335368
3647911 3958746
29049821 29049826
34251994 34251996
148365 467509
41502321 41502322
11929759 11929762
15726816 15726824
30741749 30741750
35413305 35413306
7401442 7401481
43787 183362
29044638 29044645
266542 766274
195530 590151
30321085 30321118
3125739 3602763
2361733 3058021
41502323 41502324
39467279 39467281
73668 266563
295385 817040
8493429 8493525
12080 74300
12061 74061
268067 769935
23744111 23744116
30738208 30738210
30321085 30321119
640614 1377430
28729119 318448
36363809 36363810
32690065 32690066
41502325 41502326
36064053 36064055
3925148 3598215
35460845 35460847
2351014 3047772
15322976 15322984
3035122 3540295
33822352 33822353
15227483 15227488
30797454 30797456
30765204 30765208
13405866 13405872
39468893 39468894
73659 266513
30321085 30321120
38047646 38047647
11738547 11738554
190777 584883
182227 556629
39469068 39469070
30597549 1253130
30597549 30597551
3957999 4154620
35061907 35061909
29049811 29049815
8524739 8524761
298571 822766
39469406 39469410
39469406 39469411
30321085 30321121
30751553 30751554
30647289 30647295
9453292 9453302
9492115 9492128
35413146 35413148
604265 1341517
33058401 33058404
86507 295285
9792008 9792016
4990708 4990712
41502329 41502330
34893601 34893605
30297325 30297330
32691885 32691886
30321085 30321122
41502331 41502332
1301425 2180932
21133 118140
41502334 41502335
36860569 36860572
22968068 22968089
13393361 13393364
43194 179887
41502337 41502338
12341707 12341716
13511500 13511505
28726643 28726646
1810 20620
1810 20601
30321085 30321123
10559109 10559144
30321085 30321124
41502339 41502340
3468767 3841990
15731554 15731558
15092300 15092302
35948988 35948990
34049550 34049553
34463359 34463364
808590 1610843
30959244 30959253
28731885 28731888
30321085 30321125
21861758 21861765
30321085 30321126
450749 1107882
14896325 14896327
41502342 41502343
41502344 41502345
30321085 30321127
2270924 2992056
41502348 41502349
15227294 15227302
15227294 15227303
1505434 2369308
15217417 15217423
41502350 41502351
368722 967871
28728083 28728086
41502352 41502353
33782325 33782326
11983841 11983846
979425 1823549
41502355 41502356
932 12145
36008532 36008535
15731051 15731056
30321085 30321128
35773896 35773900
28216993 28217000
118588 379820
14675665 14675675
1246453 2125649
3955773 4153222
56652 232921
14259327 14259336
15235433 15235443
15235433 15235441
33059378 33059384
15141349 15141353
30321085 30321129
3182200 3644861
41502358 41502359
41502361 41502362
32686365 32686366
4978711 4978722
3967125 4160906
3967125 4160907
30321085 30321130
1094681 1960629
10098128 10098136
37033 148410
30321085 30321131
34033122 34033124
33583396 33583398
808179 1610357
37214204 37214207
10657320 10657330
11913168 11913176
1762264 2581361
37696 153050
38202 156588
14998028 14998035
41502363 41502364
39901562 39901563
30321085 30321132
10634336 10634441
28310344 28310345
10365249 10365252
41502366 41502367
35798629 35798631
39476190 39476192
39583504 39583506
10187511 10187518
41502370 41502371
29365157 29365161
29365159 29365164
29365160 29365169
29365159 29365165
29365162 29365173
29365172 29365176
29365175 29365183
29365180 29365194
29365192 29365199
29365198 29365203
29365201 29365208
2565746 3206284
30490344 30490346
3743642 4015728
28362093 28362095
39477050 39477053
39477050 39477054
185503 572656
15227294 14102915
12666695 1560898
15225722 15225731
41502373 41502374
33993568 33993569
35408111 35408115
14775945 14775948
11183 72146
11183 72147
3093779 3580080
39535646 39535649
990916 1837014
16977 87605
9685453 9685460
15008482 15008492
11670893 11670900
28730478 28730485
28730478 28730486
28362045 28362057
28362011 28362025
28362008 28362015
28362035 28362052
45873 197457
1051445 1914138
260253 755742
33543737 33543738
39477960 39477962
3330138 3748010
30787678 30787679
11140888 11140896
30321085 30321133
36293500 36293501
39477741 39477743
202525 608328
41502375 41502376
41502377 41502378
41502379 41502380
13509889 13509894
29039452 29039454
30321085 30321134
13523864 13523878
2198476 2935739
3317563 3739214
41502381 41502382
30357326 30357329
21875515 21875519
755919 1538608
39478755 39478759
34259194 34259197
39478790 39478793
30604057 30604061
144885 457234
41502385 41502386
14439408 14439412
30321085 30321135
9747250 9747257
12334074 12334076
14653509 6404623
30691531 30691532
30786598 30786601
13521712 13521715
2915259 3456046
39479093 39479098
39479093 39479099
39479093 39479100
39479093 39479101
32715809 32715811
35948128 35948131
35948130 35948132
41502387 41502388
14464396 14464399
39522314 39522316
1611147 2461161
12288558 12288561
12288558 12288562
33089398 33089400
39479271 39479272
30321085 30321136
39584070 39584072
30321085 30321137
773024 1556385
20378 20381
1724 20381
41502390 41502391
33058327 33058332
39483065 39483071
117144 376708
39535824 39535826
9407860 9407867
33543737 33543739
35801622 35801625
295201 816472
30354940 30354943
15248227 15248231
9664054 9664070
20790 117152
35801662 35801668
30321085 30321138
10634349 10634483
12247046 12247056
12247046 12247057
32793712 32793715
30321085 30321139
30321085 30321140
39501656 39501660
12347661 12347670
35801980 35801983
30646452 30646455
15543023 15543030
21686882 21686886
30321085 30321141
182193 556052
35622366 4664037
12270547 12270554
3841555 4080763
30781281 30781284
30321085 30321142
41502393 41502394
30679787 30679790
34368892 34368894
13286378 13286386
15217334 15217361
318167 856087
9123 67507
36115521 36115523
808108 1610280
1806842 2618516
41502396 41502397
41502399 41502400
34302774 34302776
30321085 30321143
41502402 41502403
30321085 30321144
13433890 13433895
2618432 3247542
1667 1742
2618432 3247546
2033657 2797370
10074936 10074940
14414710 14414717
1827276 2636155
13286839 13286843
30321085 30321145
15248110 15248114
30321085 30321146
893 7661
30496297 30496301
30321085 30321147
377846 981979
39584154 39584156
266534 766226
30321085 30321148
30636534 30636536
39483065 39483072
39483065 39483073
3875371 4102970
148367 467546
24425004 24425006
30321085 30321149
30321085 30321150
13304833 13304843
14198064 14198075
6186 55965
6186 55966
10634336 10634442
11806850 11806867
28951106 28951126
967342 1806720
30321085 30321151
30321085 30321152
1208637 2084883
30321085 30321153
14680413 14680425
36572 145242
30321085 30321154
30321085 30321155
34010356 34010358
261054 756908
30321085 30321156
30621796 30621800
148368 467570
30321085 30321157
13524054 13524061
30321085 30321158
41502405 41502406
12275361 12275367
273476 778428
30321085 30321159
9614549 9614559
29046762 29046766
29046762 29046767
34420659 34420661
22060385 22060400
39485623 39485626
3466168 3839782
15241380 15241383
15241645 15241647
15244660 15244663
41484379 41484380
15243834 15243839
30321085 30321160
41502407 41502408
558403 1281109
30321085 30321161
34472985 34472987
21646306 21646312
30489447 30489449
30321085 30321162
30751241 30751244
31841308 31841313
35414231 35414232
33288816 33288819
15236778 15236782
30768061 30768063
30781262 30781264
537052 1256007
23168 125714
29039655 29039658
114 1104
41502409 41502410
2736923 3327578
5874162 5874178
30604082 30604083
12181242 12181250
2292116 3011062
30758619 30758626
30321085 30321163
23161 125693
32840042 32840050
1092272 1956698
34747235 34747234
33558633 33558636
30742992 30742994
39488299 39488300
39488656 39488658
39585873 39585876
39488664 39488666
21767167 21767175
30711934 30711936
30321085 30321164
13159694 13159699
1674947 2512705
967341 1806717
30321085 30321165
807781 1609589
13872935 13872940
30320910 30320912
34448290 34448291
35655 141874
30694453 30694455
35811371 35811375
39537239 39537241
39537242 39537241
28303614 28303620
30321085 30321166
30780717 30780722
34487187 34487188
35809691 35809693
2588258 3224456
35490744 35490745
34834481 34834484
30321085 30321167
39491709 39491712
121777 399841
30321085 30321168
30321085 30321169
32088836 32088839
814382 1617079
39492262 39492264
34834625 34834626
35811812 35811815
15447886 15447892
34134164 34134168
4289049 4374594
15181105 15181128
10634340 10634457
41502412 41502413
30391319 30391324
33948086 33948088
36052891 36052907
36052877 36052892
36052871 36052879
36052870 36052873
36052872 36052886
36052885 36052901
36052914 36052926
36052924 36052932
36052930 36052938
36052937 36052943
30321085 30321170
15300672 15300675
30321085 30321171
412923 1051390
30594942 30594944
31897371 31897372
11743178 11743186
30321085 30321172
15181101 15181112
36052891 36052908
36052877 36052893
36052871 36052880
36052870 36052874
36052872 36052887
36052885 36052902
36052914 36052927
36052924 36052933
36052930 36052939
36052937 36052944
4013561 4191000
15196852 15196854
15196852 15196855
15530511 1909475
35337293 35337296
30321085 30321173
32581534 32581535
28369136 28369138
15261096 15261102
30321085 30321174
3980349 4168925
36021568 36021572
30321085 30321175
30321085 30321175
30321085 30321175
30321085 30321176
34012721 34012725
34011130 34011131
35543701 35543703
30321085 30321177
39116984 39116986
41502415 41502416
30321085 30321178
4115120 4260167
41502417 41502418
4906436 4906477
30321085 30321179
9658885 9658897
41502420 41502421
39496292 39496294
29357471 29357474
10605469 10605598
41502422 41502423
9664054 9664071
29045761 29045771
35821953 35821955
3344583 3760144
34237149 34237154
34237044 34237046
37936253 37936255
10634339 10634454
28382723 28382731
38062259 38062269
28422233 28422237
30766211 30766212
30536150 30536153
2444119 3126036
28368360 28368362
36020284 36020286
36020284 36020287
41502424 41502425
15182427 15182431
41502426 41502427
30737465 30737466
30741206 30737466
621 5501
9492115 9492129
13518931 13518942
10634347 10634479
30630457 30630460
15244587 15244590
4995976 4995985
10634329 10634418
36116033 36116036
36116033 36116037
36116033 36116038
36116033 36116039
36545198 36545199
483037 1159701
483037 1159702
30321085 30321180
30321085 30321181
36686628 36686632
678837 1421597
28463426 28463431
776160 1561166
5011929 5011937
14679483 14679489
34402322 34402325
11885239 6904223
23140 125656
32701126 125656
23159 125656
15247714 15247719
23140 125657
32701126 125657
30321085 30321182
28860889 28860892
16813 86665
14456369 14456371
22194 121346
45187 193591
9860486 9860507
41502429 41502430
5147 46285
29050498 29050500
25437796 25437798
39500615 39500618
35816385 35816390
30321085 30321183
30321085 30321184
44294 187301
39499667 39499671
3607001 3931022
2736437 3326932
15241239 15241242
1854584 2655642
11941301 11941308
39500615 37925917
39483065 29013473
10037533 10037544
35816932 35816934
30321085 30321185
30321085 30321186
34116790 34116791
30780717 30780723
4906426 3792696
30780716 30780718
23015963 23015996
666793 1408789
35949693 35949695
39501791 39501792
41502432 41502433
28460711 28460713
1725357 2561469
39525175 39525177
30321085 30321187
266531 766181
35940346 35940349
35940348 35940352
36067347 36067349
271658 775421
36070558 36070559
36070560 36070559
14351626 14351630
41502434 41502435
37681456 37681459
10657334 10657366
30780717 30780724
3634949 3951204
3634949 3951205
15358272 15358276
39269584 39269587
39269584 39269588
10634336 10634443
41502436 41502437
28363842 28363846
41502438 41502439
41502441 41502442
28362563 28362582
5755602 5755635
34049361 34049362
14192427 14192435
39504189 39504193
2352200 3049705
29045761 29045772
33090115 33090120
13365438 13365442
10634336 10634444
10634327 10634411
2930028 3465305
32121081 32121085
30321085 94242
30883231 30883234
4359421 4422601
33045949 33045953
41502444 41502445
30811083 30811087
39507738 39507740
3444074 3819319
41502447 41502448
30321085 30321097
30321085 30321188
13393361 13393365
30777714 30777721
30810341 30810344
30810341 30810345
409822 1046478
41502449 41502450
576460 1292349
36322175 36322178
39506428 39506430
39506479 39506481
34292011 34292014
822763 1630228
28313203 28313221
36109559 36109560
4812945 4813149
4813146 4813294
2436904 3119205
3705238 3994204
28224187 28224193
915 10302
424816 1067231
3693692 3986665
30737109 30737112
41502451 41502452
14462981 14462988
33990936 33990937
33990936 33990938
153009 483070
64611 248904
557254 1280224
6811523 6811555
15502444 15502449
15335218 15335221
41502453 41502454
55221 152642
39507962 39507964
32676263 32676264
118242 379043
39507962 39507965
35821065 35821067
35774532 35774534
10634342 10634464
56017 230851
2991686 3507084
13757960 10165828
1643633 2486378
30798324 30798329
30798324 30798330
15239812 15239820
30671657 30671661
30682904 30682906
35459819 35459821
55221 228112
35821065 35821068
16464 84539
290003 808166
38048134 38048138
55222 228124
41502455 41502456
55224 228129
1093796 1959880
86488 295212
1185127 2058598
86507 295286
16770 86509
117145 282888
81486 282889
16439 84389
35413968 35413970
41502458 41502459
33046431 33046434
3693692 3986666
36060245 36060249
41502460 41502461
16439 84392
39509309 39509310
30764807 30764809
41502463 41502464
51255 216298
30321085 30321189
80585 280310
39511457 39511459
532505 1244025
34402322 34402323
550142 1273070
4312001 4390442
40040551 40040552
41502468 41502469
39509848 39509850
39509848 39509851
34261987 34261991
41502470 41502471
30321085 30321190
90410 307377
21665010 21665022
28303532 28303533
30321085 30321191
30321085 30321192
34343474 34343476
30321085 30321193
30776843 30776846
41502381 41502383
36044498 36044501
36044495 36044501
36044497 36044501
36044495 36044502
36044497 36044504
38399858 38399861
41502472 41502473
39511261 39511266
14673995 14674002
41502474 41502475
41502474 41502476
28194190 28194191
3748009 4018553
9759548 9759571
30321085 30321194
32858723 32858727
33543737 33543740
3467985 3841634
41502477 41502478
13608257 13608265
34049464 34049466
295201 816473
1158548 2030614
36021568 36021573
3980349 4168926
36021568 36021574
36021568 36021575
36021568 36021576
41502479 41502480
30321085 30321195
41502481 41502482
7647131 7647159
4738 45259
41502483 41502484
11005829 11005843
34040939 34040940
21696164 21696185
41502486 41502487
41502488 41502489
39512162 39512164
10634327 10634412
32824272 32824276
245 1848
21796736 12148225
41502491 41502492
15248110 15248115
41502493 41502494
40020353 40020354
30780717 30780725
30321085 30321196
30321085 30321197
256440 751400
28762140 28762144
977035 1820226
1820213 2630375
1583864 2442175
1107741 1980005
30321085 30321198
39495369 39495371
39513419 39513421
30796923 30796924
2458675 3137045
37942348 37942349
30321085 30321199
41502496 41502497
41502496 41502498
41502500 41502501
41502502 41502503
41502504 41502505
30321085 30321200
34829866 34829867
41502506 41502507
498532 1185025
3398042 3791256
40611835 40611836
560480 1281711
120887 397940
37238634 37238635
41502508 41502509
65726 253155
30321085 30321201
28702143 28702146
15729632 15729636
30762152 30762160
30333692 30333696
30321085 30321202
368566 967409
30321085 30321203
229216 705967
30611845 30611855
30314499 30314519
30742992 30742995
33658632 33658635
37657332 37657335
1371 18080
11140885 11140892
41502511 41502512
12331314 12331322
30321085 30321204
30676034 30676037
36541971 36541973
30321085 30321205
200435 600532
15220887 15220892
2279631 2998635
41502513 41183620
10634337 10634448
3896908 4115124
41488169 41488170
36544901 36544902
39518341 39518343
41502515 41502516
41502515 41502517
33058387 33058391
35797035 35797038
22002994 22002999
15200999 15201020
35899356 35899358
15227294 15227299
30672418 30672420
34236519 34236522
32855617 32855621
30321085 30321206
3234070 3683194
30784781 30784782
10634334 10634435
33062429 33062433
41502518 41502519
30897256 30897257
30603261 30603262
30603257 30603262
30603259 30603262
30603264 30603262
30603273 30603262
30603275 30603262
30603277 30603262
30603279 30603262
30603281 30603262
30603283 30603262
30603285 30603262
30603287 30603262
30603291 30603262
30603294 30603262
30603260 30603262
4920747 4920791
15220897 15220914
35784101 35784105
30757423 30757429
252972 745793
30782181 30782185
4936624 4936637
30321085 30321207
30321085 30321208
34261987 34261992
39520462 39520463
41502521 41502522
41502521 41502523
41502521 41502524
38043989 38043990
30798325 30798332
30321085 30321209
30625642 30625667
30625642 30625664
29045761 29045769
30331751 30331754
30321085 30321210
80266 279291
28269015 28269016
39520757 39520758
36008861 36008865
10634338 10634451
10634328 10634415
2455 34208
15220897 15220915
15220897 15220910
14762424 14762429
442043 1090655
734030 1505438
30321085 30321211
182383 558264
30321085 30321212
13219614 13219624
43780 182134
41502526 41502527
30715307 30715309
2198151 2934707
13156690 13156694
1283271 2160810
32805859 32805863
183016 562933
35378326 35378327
31848390 31848395
34486497 34486500
949315 1779839
30321085 30321213
39521655 39521656
30760963 30760965
35828565 35828567
30738208 30738211
10099247 10099254
34400797 34400798
39591367 39591369
30321085 30321214
33673858 33673863
30596721 30596724
36545513 36545514
43008 178330
14986568 14986570
30321085 30321215
30321085 30321098
39522314 39522317
15227294 15227304
15227294 15227305
33804507 33804513
2835693 3396972
36039353 3396972
2835693 3396973
36039351 3396973
2835693 3396974
36039349 3396974
2835693 3396975
36039347 3396975
2835693 3396976
36039345 3396976
2835693 3396977
36039343 3396977
2835693 3396978
36039340 3396978
2835693 3396979
36039339 3396979
2835693 3396980
2835694 3396980
2081437 2835697
30603289 30603292
13344513 13344518
1550893 2410807
2279631 2998636
10657351 10657411
37648210 37648211
39519452 39519453
10634344 10634473
32820541 32820542
41502531 41502532
34134049 34134051
34420686 34420687
34365369 34365370
41502533 41502534
2592088 3227349
30321085 30321216
30647289 30647296
2163189 2904099
34915367 34915369
182688 560249
33544565 33544571
10634330 10634422
10634330 10634423
34865891 34865895
15261063 15261068
36064372 36064375
39510680 39510684
14460905 14460911
143367 450732
15251250 15251255
36007671 36007672
13398309 13398320
3989265 4174834
36547993 36547995
30751557 30751559
29357471 29357475
30738258 30738263
34397569 1252370
37214204 37214208
15439541 15439548
10634303 10634312
15243834 15243836
1401631 2275854
30642171 30642172
119611 381814
30321085 30321217
13110556 11018246
35830472 35830475
41502535 41502536
30737109 30737113
39504065 39504069
30321085 30321218
2187529 2925037
39539700 39539702
30246270 30246271
39509309 39509312
30737109 30737114
7491307 7491335
28159082 28159086
28159082 28159087
41502538 41502539
30684975 30684977
521113 1224791
43312 180440
11916268 11916283
37562841 37562844
23168 125711
23211 125735
23140 125658
39590392 39590394
21855525 21855533
30321085 30321219
39526027 39526030
30321085 30321220
39527778 39527779
33684363 33684371
34464098 34464099
727083 1496151
30321085 30321221
15225722 15225732
15196852 15196856
41502541 41502542
15196852 15196857
713139 1472173
41502544 41502545
41502544 41502546
36115803 36115808
29028513 29028514
28313203 28313222
28731885 28731889
15242365 15242366
15242363 15242366
15242365 15242367
15242363 15242367
15242365 15242368
15242363 15242368
15242365 15242369
15242363 15242369
15242365 15242370
15242363 15242370
10634345 10634476
10634339 10634455
10634335 10634439
10634348 10634481
10634344 10634474
30625642 30625668
10634320 10634393
10634342 10634465
10634327 10634413
10634350 10634486
10634321 10634401
39579653 39579655
33683318 33683323
33683318 33683324
31869587 31869590
39506432 39506434
14673983 14673997
39532883 39532885
30657066 30657075
39458154 39458156
15247475 15247486
35413305 35413307
39503473 36309384
15241931 15241933
15241931 15241934
39485554 39485556
39425767 39425769
41502547 41502548
14999923 14999937
14999921 14999930
35878146 35878147
39526970 39526972
690264 1445146
14999905 14999910
766262 1550839
2346702 3044256
34444171 34444172
8916331 8916362
41502549 41502550
34422543 34422544
34422543 34422545
41502551 41502552
41502553 41502554
1806995 2618628
6082814 6082818
30321085 30321222
9426665 9426678
10634326 10634408
1934170 2709489
12151344 12151349
3843403 4082171
36009595 36009596
36036830 36036831
39539799 39539801
1827276 2636156
30768205 30768206
30321085 30321223
4511196 4537254
4511196 4537261
39469406 21411380
30321085 30321224
34427689 34427690
30321085 30321225
4698277 4701757
4701756 4704736
15242365 15242371
15242363 15242371
41502555 41502556
41502555 41502557
32784090 32784092
190170 584036
7412109 7412125
28310344 28310346
1762567 2581400
14485281 14485291
21868266 21868272
35409886 35409889
30321085 30321226
39486707 39486709
41502559 41502560
30321085 30321227
2198434 2935648
30321085 30321228
30321085 30321229
12300147 12300156
41502562 41502563
3035122 3540296
30629141 30629143
33015632 33015635
33015632 33015639
30321085 30321230
10634343 10634468
14521218 14521224
13401422 13401428
1213941 2089940
10634333 10634431
216243 656522
35438733 35438736
37659606 37659607
11689173 11689176
36860563 36860565
4113813 4259488
1291411 2168568
35102578 35102580
41502564 41502565
39531014 39531015
33090268 33090273
30321085 30321231
13875065 13875081
30321085 30321232
30321085 30321232
33090470 4343273
34058686 34058687
35910146 35910148
37214204 37214209
30712595 30712601
31909065 31909066
8324 64564
87671 298325
2835667 298325
35814026 35814030
35814029 35814033
36010115 36010117
36010116 36010120
1165 15794
3396877 3790790
2835677 3396880
28313118 28313120
35834017 28313120
41502566 41502567
204 1352
1348 1352
10657353 10657421
23344671 23344697
33062751 33062757
87380 297521
30768633 30768635
28269110 28269111
1093795 1959869
35834234 35834239
35834234 35834240
30758531 30758532
3232437 3681520
32840043 32840055
21615485 21615506
148360 467425
30321085 30321233
30321085 30321233
3396761 3790567
41502568 3790567
28761106 28761124
38072510 38072513
260243 755654
41502569 41502570
30764848 30764854
35809691 35809694
2901285 3442362
719077 1478822
9662385 9662420
9662409 9662420
46407 200466
30321085 30321234
36527650 36527653
35834714 35834716
35834714 35834717
15219258 15219262
15248110 15248116
1816832 2627288
36363166 36363171
39483065 39483067
39483065 39483074
15255876 15255879
15255876 15255883
15255876 15255884
39517302 39517303
15773797 15773803
39532951 39532953
30780717 30780726
10634341 10634460
12364685 12364691
3599259 3925685
30321085 30321235
30321085 30321236
13234531 13234537
13234529 13234537
12208488 12208496
22408835 14571384
22408833 22408841
22408835 22408856
2952800 3481278
13283399 13283414
30321085 30321237
