13001272 13001278
13254937 2099525
41245151 416528
130285 416528
273972 778905
13263967 1203884
41685602 34942557
11658517 11658522
30340756 22192
14787 79003
1959972 591298
762036 1545174
770581 1553407
11031803 11031811
21815223 4361
41333899 4361
41333959 4361
41333144 4361
41334625 4361
41334315 4361
32636696 4361
8795089 4361
32630681 4361
41685603 4361
9988102 4361
15554941 4361
35446020 4361
32626536 4361
10839405 4361
41334013 4361
14270834 4361
39606085 4361
8744649 4361
41333878 4361
253182 746563
5454 5480
24509 126982
34490086 1719250
44945 4734
5362395 4734
194356 589124
3225853 3675844
7590 62842
41685606 2665784
750130 1530380
16629 85811
9060171 5426
1672407 2510979
41685608 2510979
37854886 2510979
471914 1142020
8132052 8132053
41685609 56360
34752174 37180
770409 1553283
41685610 15351077
41685611 41685612
34768381 34768384
34768433 34768432
34769429 33136743
1078785 1940544
2899938 3441750
34252736 34252735
34252741 34252740
12056806 12056808
1078786 1940547
5421319 5421324
41685613 34716208
32785644 32785643
32789020 32789019
159795 501304
1189996 501304
1990051 2761228
30759010 30759011
779466 1565679
34752174 48082
771726 1554498
30758478 40878
781032 1567369
8080557 8080563
1857874 2658787
6819727 6819726
6819720 6819726
770575 1553402
7252 59753
5425506 5425508
267474 769111
11933 73566
75366 163209
1092088 163209
28603051 9266
4054190 10645
4456843 1295622
770409 1553281
9153 67632
75366 269951
41685614 35603860
5157164 5157169
8450925 9123
2716532 9123
41685617 15123820
578803 1295751
15178 79849
579141 1296079
5842341 10771
3762020 458413
34319470 143524
9008 67292
955045 1786068
45681 196884
271713 775495
111675 366953
578836 1295785
6205442 4362
3294736 3724037
6491029 5437
39606009 37440
141007 443240
5300278 5300279
178187 547721
197815 594246
5350569 11087
5411462 15323
337173 92608
1063430 1925673
69021 9942
1562322 9942
7424907 8186
1500925 2365207
1619630 1524592
1805959 2617959
139274 433814
187314 577289
8368034 8368042
41685618 1151552
477828 1151552
6972236 30969
41670114 168891
12782274 6205
5646945 6205
13081 6205
2411842 3099597
8607 65503
517868 1217927
7448050 1217927
32992416 15533
194099 15533
482246 1108615
34283992 166659
37843468 32848572
5147866 5147879
174742 538747
1079326 1071708
277179 784161
15248480 15248483
5202812 5202817
13352052 3447179
15833095 15833097
41685620 41685621
28365780 35144
28195788 17950
25127 127739
762672 1545849
28267467 77242
14214 78012
242877 78012
242878 78012
28219351 28219354
32826400 32826402
71110 262369
2333304 262369
11781602 769345
34768995 34768996
41685624 3004
1066091 37448
547573 520639
2328482 66359
9598499 8586
1207253 6651
6459674 20400
11579719 24896
7493838 23752
187538 578807
559 4976
381503 990434
26557 128849
1757116 833866
832543 1643195
14588539 38668
197815 594240
24213 126669
3922 40182
399666 1010194
11204 72322
1657744 125451
12295378 5419
7398110 11304
564374 1282851
5425507 5435
34768978 34768979
658714 1400804
1924630 201256
2177113 201256
1073991 1935521
272180 74235
776155 74235
4397470 2700547
6678 58739
776122 1560966
661223 1402564
36874530 1402564
686303 1440504
31127778 2103001
197815 68995
34752174 37218
36250288 583002
330083 583002
958817 583002
5425671 5425673
41685626 32816575
28436171 34151
28201951 43385
3294737 5417
28311331 28311333
12340 74666
9849 68511
752363 68511
752323 68511
38124944 38124946
40159484 40159485
12217 74424
31923 133404
34490086 66976
8875 66976
67126 255583
9314279 9314282
190453 584370
35598398 735579
7171072 7171074
3668860 3970188
41685627 1647882
579715 1296702
4216593 38202
13078353 13078354
360444 959470
795996 518419
256380 751307
253182 40005
12612787 12612796
8628166 8628178
253182 746564
271873 746564
30305817 30305819
2700756 3297644
13308 76384
1179767 1179759
255528 8856
470173 37094
3363069 670444
218597 670444
2833468 3395153
275529 781076
28853020 4696722
94422 320143
104306 336422
7801 63083
7398111 33989
7546568 1752895
13184181 32695
29024933 29024934
8479 65190
41685630 14881629
30773537 21966
14669804 6495
41685631 41685632
41685634 41685632
8724700 8724702
41685635 584436
190553 584436
34752174 703303
799183 1590356
443060 1092130
13174 75892
34768732 34768733
9593129 76432
4090540 1370
12447 12429
7410030 7410033
28313097 28313099
267530 769301
7645280 7645299
39629296 39998
7534543 7534551
32591 134176
13108317 134176
1632379 2478377
33092490 33092488
41685636 372286
38824557 149910
6606548 2206037
10437 70638
1163281 153884
2098835 522053
176601 543619
1497397 2362119
2824315 3389956
7626482 3016
30484321 30484324
3944240 4146574
1291170 575530
13582 4363
15646088 575207
1049268 1911593
2688943 1911593
13229846 151525
34374949 34374948
41685637 1311793
34768936 34768937
13905 77677
34768676 34768677
36868123 9187581
34763099 34763100
34769289 34769290
34768631 34768632
253319 746888
6046333 5425
34714525 34714526
1161189 2032812
8194281 6206
34768697 34768698
1915644 2692936
5905594 6216
36768232 6216
25344 127941
193022 588071
8404326 24287
34768757 34768758
41685638 41685639
783631 1570114
25563 128260
91902 312959
5588707 6202
7945 63598
8194 63962
34714512 34714513
32935237 1959446
41685643 4360414
41685644 41685645
2490352 3162761
41685648 32787365
41685649 35567394
18803 302
334973 302
335090 302
862526 302
3010197 302
335021 302
1057748 1919577
41685650 32846304
7085314 7085329
41685651 41685652
17863 90138
34768396 34768399
7064249 7064253
15176331 7064253
35462820 7064253
7912931 7912932
7064243 7064250
34768502 34768503
34768513 34768514
32785631 32785633
34768603 34768604
34768421 34768425
34768668 34768669
10635711 10635713
34768692 34768693
34768742 34768743
34768778 34768779
34768801 34768802
34768868 34768869
34768878 34768879
34768889 34768890
34768922 34768923
34762968 34762969
34714508 34714509
34763034 34763035
34763037 34763038
34714532 34714533
34763040 34763041
34763044 34763045
34762982 34762983
34763048 34763049
34763063 34763064
34763059 34763060
34763052 34763053
34769027 34769028
34763026 34763027
34769033 34446719
34762960 34762961
34714503 34714504
34762978 34762979
34763030 34763031
34714520 34714521
34762986 34762987
34762992 34762993
34763006 34763007
34763018 34763019
34769285 34769286
34763069 34763070
34763073 34763074
34763077 34763078
34763081 34763082
34763084 34763085
34763088 34763089
34763092 34763093
34763096 34763097
34762973 34762974
34763104 34763105
34762964 34762965
34763108 34763109
34763112 34763113
32810775 32810777
34763001 34763002
34763116 34763117
34763009 34763010
34714540 34714541
34714543 34714544
34763120 34763121
34714562 34714563
34762996 34762997
34768806 34768807
34763013 34763014
34763022 34763023
34768896 34446721
34768834 34768835
34768852 34768853
34768524 34768525
34768540 34768541
34768549 34768550
34768585 34768586
34768608 34768609
34768612 34768613
34768685 34768686
34768796 34768797
34768812 34768813
34768449 34768450
34768898 34768899
34768841 34768842
34768560 34768561
34768581 34768582
34770609 34769431
34768640 34768641
34768651 34768652
34768783 34768784
34768883 34768884
34769052 34769053
34436985 34436988
34768491 34768492
34769056 34769057
34769060 34769061
34769182 34769183
34769186 34769187
34769097 34769098
34768636 34768637
34768643 34768644
3025069 3533355
34769070 34769071
34769082 34446723
34769190 34769191
34769193 34769194
34769198 34769199
34768713 34768714
34769203 34769204
34769207 34769208
34769210 34769211
34769214 34769215
34769218 34769219
34769014 34769015
34769018 34769019
34768987 34768988
34768739 34446726
34768999 34769000
31915357 31915363
34769004 34769005
34769010 34769011
34768721 34768722
34768982 34768983
5431246 5431258
34768727 34768728
34768991 34768992
34768471 34768472
34768477 30765451
34768479 34768480
34770607 34769433
34768860 34768861
34768598 34768599
34768647 34768648
34727988 34727989
34769023 34769024
34769035 34769036
34768510 34768511
34768507 34768508
34768496 34768497
34768499 34768500
34768413 34768417
34768940 34768941
34768659 34768660
34768664 34768665
34768673 34768674
34768773 34768774
34768809 34768810
34768816 34768817
34421490 34421492
34768849 34768850
34754074 34754075
34768838 34768839
34769221 34769222
34769224 34769225
34769227 34769228
34769101 34769102
34769231 34769232
34769236 34769237
34769242 34769243
34769245 34769246
34769249 34769250
34769109 34769110
34769094 34446728
34769254 34769255
34769257 34769258
34411218 34411219
34769262 34446732
34769264 34769265
34768763 34768764
34769269 34769270
34769274 34769275
34769277 34769278
34769282 34769283
13036375 10511
34768487 34768488
34768465 34768466
34768857 34768858
34768520 34768521
34768544 34768545
34768575 34768576
34768578 34768579
34768615 34768616
34768680 34768681
34768689 34768690
34768702 34768703
34768705 34768706
34714466 34714472
34768709 34768710
34768746 34768747
34768443 34768445
34768844 34768845
34768927 34768928
34768930 34768931
34768461 34768463
34768914 34768915
34768826 34768827
32710 134285
34768517 34768518
34768530 34768531
34768553 34768554
34768556 34768557
34768564 34768565
34768568 34768569
34768573 34768574
34768593 34768594
34768621 34768622
34726266 34726267
34768627 34768628
34768655 34768656
34768717 34768718
34768749 34768750
34768753 34768754
34768769 34768770
34768788 34768789
34768792 34768793
34768864 34768865
34768821 34768822
34768873 34768874
34768886 34768887
34768893 34768894
34768904 34768905
34768909 34768910
34768830 34768831
34768918 34768919
34713516 34713517
34713520 34713521
34713524 34713525
32785950 32785955
34713529 34713530
34713540 34713541
34713534 34713535
34713544 34713545
34713548 34713549
132751 420107
24803 127265
5646946 30701
14319 78235
11779758 78235
2160439 78235
7867191 16594
192954 587993
41685657 15879953
1805959 39992
41685660 41685661
296555 356077
41685662 38503510
41685663 38430232
41685664 41685665
41685667 38280595
28640226 1783058
37843476 37843477
41685668 38280519
3063737 2798462
4012587 4190488
41685669 35600083
41685670 41685671
588157 1320133
183017 562937
41685673 562937
1562320 2421745
5252171 5252173
12077 74261
1989894 166872
2156190 2898011
6644774 31152
202370 590740
2156436 1279795
5675235 16608
1943105 2716533
2716532 2716533
11823 73431
367464 965611
24300 126868
18805 105088
41685674 41685675
30810 132276
11745026 31433
34752174 513874
41685677 41685678
41685681 35782553
28932 130483
779577 1565816
41685683 41685684
4420946 549082
246843 246845
63906 246845
416986 1056495
1053093 1915646
37850098 13422221
751452 1532519
6606521 6606549
6566745 6566754
6566756 6566754
1793903 2093049
27369 129342
9573758 16607
9023402 9023416
511679 1206727
3817582 31237
6972237 5414
11464 72698
28380 72698
61428 241693
83205 286565
41685688 41685689
8075355 9708
2466 23078
408986 23078
125341 23078
2936564 3470365
28803 130317
418024 131422
9962 69122
41685690 41685691
9156690 9156711
1562323 4387
5250257 25861
2410928 15156
502216 1191422
28277449 10897
5676827 10897
6710815 6209
14112 14094
576429 576428
186876 576428
41685694 40303743
176648 543828
5934894 26653
12308477 6196
35426083 35426084
14711022 14711032
7184780 68097
5842342 6197
34921107 56505
115584 372813
41685696 741146
35446801 741146
250085 741146
1989888 285902
7626484 29713
63704 63702
8073 63702
5399885 43019
5421320 5421327
7156026 22203
158157 497975
497968 497975
497971 1183837
2577482 2384950
2287297 2384950
7916390 28260
32306 133863
7373299 7101
63078 245539
5968785 30499
59885 43991
12276676 43991
8042153 11807
3407195 519595
55918 230202
34763134 34763135
63864 63857
133448 421808
75366 269958
141007 269958
2429612 43015
32992509 1553325
770478 1553325
28311331 8408989
470173 1138672
6127480 6127497
43401 181200
43398 181193
3334747 1035614
34752174 39988
40035 164578
274527 779667
41685699 765216
3275996 765216
28303538 28303542
41685700 40315774
492496 1174562
34752174 2479349
2410926 3098728
30038353 30038355
34768534 34768535
34769570 34769571
39065 159368
34752174 243289
502216 502325
2273633 34582
3964798 502811
34763137 34763138
770595 1553427
34769333 34769334
274322 779524
28540821 779524
4058 41022
10326066 4352
2159089 4352
34406662 34406664
8913166 8913168
770451 1553320
13702 77276
28267467 77276
321404 869614
197815 594247
2180878 8355
9194820 8355
1512245 8355
256408 751358
1415419 22224
4514706 4539813
72111 264143
770581 1553409
176380 542628
832543 275692
7432 62267
269353 75143
12555 75143
411610 1049357
3109891 3591788
36535633 36535634
30903 132314
111555 366657
29851860 489773
6408719 6408731
4841 45602
768991 1551940
19728 111978
279775 787094
320509 866268
32992496 1069068
1990051 145190
610103 1348061
190403 584365
5431237 5431254
41685701 5431254
28385974 5431254
12591047 12591048
5313486 5313492
2159088 2899959
5661537 5661540
34252773 34252772
2576882 3216336
571297 1286476
6484426 6484430
7352314 7352324
321014 869133
12965822 12965825
86089 294331
35415507 32780992
77355 274603
121471 121480
762036 1545170
26671 128934
7897993 7898003
2426317 3111070
1500924 2365205
2126895 2874838
799241 1590403
223916 694350
2232164 2962859
10429395 10429406
1045567 1907692
41685703 38069928
142516 444362
305883 444362
34714557 32810774
583003 1300959
176895 544703
5934892 5934895
28216105 2107036
6253252 6253256
5386312 5386336
1562321 2421748
15621739 15621741
34252778 34252777
7442337 7442339
9573756 9573759
5425672 5425676
8381306 8381308
9616174 9616177
4130564 4270750
1575214 2434592
2881655 2134956
334959 1369
772541 1555440
216008 655298
41685704 655298
616355 1354594
191728 586199
1049356 2472
8155616 42598
501254 501220
4458793 78041
1346158 78041
441419 1089080
35687456 36460
197815 257889
12080 499
12264872 499
32619821 499
931464 532896
8546231 4366
1398979 4366
18688 2090
319116 2090
2270610 2090
846291 2090
3110351 2090
28738041 2090
331474 2090
2230702 2090
1731609 2090
11733512 2090
69196 69189
41685705 69189
10087 69189
2900235 36567
169380 169374
2081418 2835584
433263 1079853
1079852 1079853
34775 137936
14457947 14457950
381241 990024
1053901 1916460
30352670 30352672
5613404 1481851
1400687 1481851
4485598 4516913
33137622 1160350
271596 775323
64539 248839
248840 248839
271660 775375
366560 964622
169129 522586
41685707 13352815
197815 594241
30987 132404
111609 366878
165735 519433
192361 587159
13343545 13343550
11705 73082
30302309 3644687
274388 779561
522505 1227521
130345 416653
111738 367003
292587 811248
1807626 369089
6500 58446
7333586 7333608
6411476 6411484
190453 512531
1065087 1928520
190453 584371
4397471 4450542
242967 730660
40035 164576
780114 780151
514192 1212512
2553302 1941902
313021 849286
412862 1051244
274463 779629
366756 964787
12652 75223
196598 591334
7334297 7334310
27786 129603
27868 129656
165677 519359
25021 127694
366689 964712
139044 433342
271532 775214
1225699 168460
271779 775559
1060189 292747
2109210 2064186
238539 725690
523118 311947
3969462 3434651
3893446 4113277
40360 165849
5613394 5613446
169191 522693
433055 1079719
542060 1263575
187395 7566
44266 7566
187357 7566
62410 7566
187253 7566
187335 7566
187386 7566
111806 367089
8341 65021
11204 72324
324404 400179
1558810 1074065
822578 1629968
12691932 12691933
34679 137567
34319263 36566
9161896 9161905
12830 75395
12860 75395
192943 14655
1148628 37406
273962 199631
197815 594239
11390231 190634
272897 777384
36249695 777384
311732 846719
5658258 6213
41685708 119426
6127489 46106
31149357 4364
32992503 65821
8718 65821
7042879 7042880
23766 126275
762562 5431
1925586 5431
934597 1760342
7149615 9392
10928281 9816
75366 269954
141007 269954
5350570 10328
32785893 32785892
13348730 399922
5202814 3000
41685709 33304
41685710 2125639
10788 71262
32992479 37698
28191925 731315
16010 82616
13272055 482553
194910 589631
2550104 3198582
2003711 2010428
165147 518061
33057239 166036
3110350 21475
319180 21475
8362190 13795
