34916817 15515755
41686179 3731734
31172117 31172119
35740473 7890668
34746348 27444162
33284052 33284054
40112503 40112504
12170527 12170534
1833093 2639249
10329689 10329693
35652144 35652145
41686180 41686181
41686183 41686184
41686186 41686187
33536557 33536558
39969995 39969996
12118004 12118012
41686189 41686190
35737754 35737755
39956712 39956714
33345834 33345835
41686192 41686193
41686195 41686196
39195667 39195668
35669538 35669539
41686198 41686199
39960560 39960561
15081837 15081845
41686201 41686202
35731406 35731407
41686204 41686205
33348850 33348853
41686208 41686209
41686211 41686212
35741686 35741687
10335120 10335125
35672534 35672535
33349090 33349094
41686214 41686215
33792714 33792716
4743295 4744284
4757267 4758081
4306648 4386721
4747447 4748617
31074266 31074268
35637898 35637899
31113750 31113752
4746329 4747453
33373104 33373107
15548102 15548106
15343196 15343200
11103304 11103311
1318385 2189641
33548618 33548619
35638282 35638283
15572813 15572816
33279423 33279428
35541053 35541055
4738271 4739675
33320804 33320807
35636999 35637000
35729415 35729416
11131428 11131439
33374838 33374840
32066401 32066406
40210060 40210061
4736792 4738267
33294689 33294695
31089181 31089183
33376011 33376012
31174962 31174964
33549962 33549963
10355834 10355839
33284039 33284045
14759167 14759171
33376003 33376006
33376004 33376009
38219262 38219264
14606510 14606513
33373926 33373928
40217912 40217913
33320801 33320803
33535115 33535116
15550163 15550166
15475153 15475157
33325494 33325496
6093747 6093759
33534588 33534589
15475169 15475171
11572785 11572793
35636908 35636909
15474681 15474684
4586994 4598630
31182378 31182381
33378725 33378727
32917904 32917906
15474757 15474760
33375957 33375959
14698851 14698855
15540477 15540480
33378947 33378949
33375966 33375968
31176346 31176349
31071089 31071091
15550014 15550017
12276514 12276517
15475160 15475164
35701577 35701578
15550209 15550213
33386288 33386290
40192582 40192583
4730753 4732423
10941528 10941536
15540490 15540495
8785355 8785362
33384869 33384872
33320795 33320797
33379820 33379822
33537268 33537271
8355387 8355390
15562288 15562291
33380351 33380353
15550096 15550098
4728906 4730758
15572919 15572922
33381517 33381519
4714212 4716644
15130328 15130335
15743171 15743175
33284034 33284036
15549999 15550007
15561853 15561858
15561745 15561748
33382507 33382510
15549997 15550001
35674368 35674369
15563395 15563398
35740676 35740677
4002731 4184729
33331263 33331265
31071542 31071543
33384758 33384761
33550855 33550856
40196919 40196920
4716656 4719062
4723371 4725217
927084 1734185
33384763 33384765
15562941 15562944
33386395 33386398
33384359 33384362
14581997 14582001
33383594 33383596
41686216 41686217
41686218 41686219
33386210 33386213
35739276 35739277
35539349 35539350
10305528 10305532
15739153 15739156
35654554 35654555
33384817 33384819
41686220 41686221
902972 1712436
13124069 13124084
35637480 35637481
33384811 33384813
33384814 33384816
33383551 33383553
41686222 41686223
35637535 35637536
33383850 33383853
33279328 33279329
15858651 15858655
33548584 33548585
4705792 4708978
35637954 35637955
41686225 41686226
35638415 35638416
41686227 41686228
9281497 9281506
33384889 33384891
35637959 35637960
33383380 33383382
31072590 31072591
10355821 10355830
33550851 33550853
35637540 35637541
35739625 35739626
33330390 33330391
41686230 41686231
30485100 30485102
31081552 31081553
35638138 35638140
30362924 30362925
40193721 40193722
15747583 15747586
31166256 31166257
33376895 33376897
40118925 40118926
35731512 35731513
11995244 11995248
6564500 6564511
11996443 11996446
35701607 35701608
35638129 35638130
35637945 35637946
4711700 4714209
8749282 8749289
40178514 40178515
33384636 33384637
34856650 34856651
33330428 33330432
34962969 34962970
35673780 35673782
41686232 41686233
4695891 4699521
35738106 35738107
33546018 33546020
12539241 12539250
15773887 15773890
35738577 35738578
34836665 34836666
33279434 33279435
33330403 33330404
35659192 35659194
41686235 41686236
40129092 40129093
35669418 35669419
3094165 3580330
15773879 15773888
31071872 31071874
35695276 35695277
10275781 10275794
35637360 35637361
33283401 33283404
33330397 33330398
4708981 4711698
1000322 1849333
35658565 35658566
35739082 35739083
35638114 35638116
12647584 12647591
33000179 33000182
31113268 31113270
31073821 31073823
35674069 35674070
35739621 35739622
41686237 41686238
34938167 34938168
35725852 35725853
12494819 12494825
11949124 11949127
33279405 33279406
31165834 31165836
31096652 31096655
35537134 35537135
33552088 33552090
35659001 35659002
32917791 32917793
4687696 4691808
33551789 33551791
31091497 31091500
41686239 41686240
41686242 41686243
11111273 11111283
34864632 34864633
35672169 35672170
4184963 4306595
5963024 5963032
4678517 4683095
4683100 4687688
31081859 31081860
35043528 35043531
33533789 33533790
35540719 35540720
41686244 41686245
35658539 35658540
35669847 35669848
35739531 35739532
35669007 35669008
35675513 35675514
35637455 35637456
35738516 35738517
35740330 35740331
33544626 33544627
5883991 5884000
40109157 40109158
4673381 4678516
2510922 3178146
40109215 40109216
36683884 36683885
33330361 33330362
4661651 4667628
35046226 35046228
4631447 4639865
4655131 4661656
4667632 4673380
11041559 11041565
35696611 35696612
34904340 34904341
4639867 4647872
35739285 35739286
10316130 10316133
15561855 15561862
35737736 35737737
4622389 4631444
35654186 35654187
35669348 35669349
33275463 33275465
40114013 40114014
40180344 40180345
33325945 33325946
4647876 4655129
40218071 40218072
40208704 40208705
40167846 40167847
33330399 33330400
4341221 4409858
35740304 35740305
13053558 13053562
41686247 41686248
35729098 35729100
41686250 41686251
35693728 35693729
8174605 8174622
41686253 41686254
31100913 31100915
33330442 33330443
28737142 28737148
331523 902978
41686255 41686256
33505083 33505086
41686258 41686259
35637483 35637484
33549265 33549266
35701006 35701007
4612491 4622386
35637537 35637538
41686261 41686262
10282924 10282926
34893809 34893810
41686264 41686265
33330438 33330439
33279449 33279450
33330395 33330396
10274546 10274550
10297723 10297727
4590630 4602102
10298806 10298817
35738794 35738795
41686267 41686268
10271183 10271189
40162314 40162315
4543077 4561783
36760751 36760752
10281420 10281423
4154583 4287547
10315863 10315865
41686270 41686271
35727216 35727217
35690317 35690322
10303242 10303247
35637475 35637476
902962 1712431
10867897 10867904
15789752 15789755
15851143 15851146
35654249 35654251
12998225 12998231
41686272 41686273
35654474 35654475
10286314 10286316
10282476 10282482
4577331 4590627
31085616 31085617
10354875 10354877
4317640 4394155
41686275 41686276
10292628 10292631
10364631 10364634
35677033 35677034
30788174 30788177
7512872 7512879
35669016 35669017
10308789 10308792
35662201 35662202
11243068 11243073
10301075 10301077
35674052 35674053
4561787 4577327
35701605 35701606
40154498 40154499
2033640 2797130
35734780 35734781
41686278 41686279
10363110 10363115
10910042 10910050
34750366 34750367
10270419 10270425
10293422 10293425
14305446 14305449
35685440 35685441
10271528 10271530
41686280 41686281
10285808 10285810
41686282 41686283
41686285 41686286
35863655 35863656
4448012 4487791
5326024 5326030
10305179 10305184
15496676 15496687
10287130 10287133
10360378 10360386
4202202 4317635
39961688 39961689
10292955 10292959
34959719 34959723
41686287 41686288
10299289 10299292
10297850 10297852
10296254 10296256
10269910 10269912
34959718 34959721
10275411 10275414
35672076 35672077
35738489 35738490
10305842 10305846
35738799 35738800
33330349 33330350
35739559 35739560
10284079 10284082
10293113 10293116
35740318 35740319
35740363 35740364
10282708 10282712
10360274 10360277
10293117 10293119
41686289 41686290
10273178 10273185
10293674 10293678
10317622 10317624
3590281 3920702
3774015 4032879
35637464 35637465
35637024 35637025
35652792 35652793
35637013 35637014
10306305 10306313
35661238 35661239
35653928 35653929
415462 1055322
34915388 34915389
33342955 33342956
32554252 32554255
35669809 35669810
35740261 35740262
10363297 10363299
35640806 35640807
41686292 41686293
41686295 41686296
10362434 10362440
35654573 35654574
1054486 1916756
10305114 10305117
15526863 15526868
33279440 33279443
10302396 10302400
41686297 41686298
15342555 15342558
41686300 41686301
33422713 33422714
10270986 10270989
10356652 10356656
39953759 39953760
10288091 10288094
10298123 10298127
10278054 10278059
3920710 4130296
33544838 33544840
35739219 35739220
6580630 6580636
10288751 10288753
35668857 35668858
35672748 35672750
28422306 28422308
33420685 33420686
34868117 34868119
35637017 35637018
41686304 41686305
41686309 41686310
35740019 35740020
35738587 35738588
36760749 36760750
4202204 4317653
41686311 41686312
7801656 7801661
35743405 35743406
35727639 35727640
41686315 41686316
10270394 10270397
35740239 35740240
35730246 35730247
4317662 4394166
10290962 10290982
35668815 35668819
31167460 31167461
40176470 40176471
35672080 35672081
35638316 35638317
10362565 10362568
10302596 10302604
33551808 33551809
5692720 5692734
41686317 41686318
41686319 41686320
10292706 10292712
35637470 35637471
35668810 35668811
40175246 40175247
35677056 35677057
28821069 28821078
33549187 33549188
41686322 41686323
4474652 4508086
33534013 33534015
15778044 15778046
15741092 15741095
3370999 3774023
35637912 35637913
1695660 2529465
34822811 34822812
41686324 41686325
33424784 33424785
10288275 10288278
33420494 33420495
35637570 35637571
15538285 15538287
41686328 41686329
36701055 36701056
35673926 35673927
35741573 35741575
34812486 34812487
33144496 33144497
10275696 10275699
34920048 34920049
41686330 41686331
33534009 33534010
33423293 33423295
10309120 10309125
33536256 33536258
13055670 13055678
35740274 35740279
41686333 41686334
33603194 33603196
33534014 33534016
15308185 15308189
5053509 5053528
10317422 10317425
12310155 12310158
41686338 41686339
2033645 2797194
10891701 10891708
35737931 35737932
1695656 2529458
35741297 35741298
35637467 35637468
35658319 35658320
35654708 35654709
33536257 33536261
23759938 23759941
35725729 35725730
41686341 41686342
15002832 15002835
15013836 15013838
39938844 39938845
35638288 35638289
35668923 35668924
33543954 33543955
33536586 33536587
35738496 35738497
39464885 39464888
35738906 35738907
35731032 35731033
41686343 41686344
35637581 35637582
35658349 35658350
35638146 35638147
35536775 35536778
41686346 41686347
35737796 35737797
35739148 35739149
5654370 5654379
39938790 39938791
35640336 35640337
35674028 35674030
35638213 35638214
2033622 2796673
33342957 33342958
35654449 35654450
35740273 35740275
2797213 3371002
11309613 11309624
32940708 32940711
35638325 35638326
35737997 35737998
10274548 10274551
41686350 41686351
39954558 39954559
35741715 35741716
41686353 41686354
35661552 35661553
36769202 36769203
41686356 41686357
35669893 35669894
35741484 35741486
39945640 39945642
35654085 35654086
35638292 35638293
32552476 32552480
40229841 40229842
36769132 36769133
36760764 36760765
35045060 35045063
35737809 35737810
35654684 35654685
41686358 41686359
41686360 41686361
10299197 10299200
39958066 39958067
41686362 41686363
41686364 41686365
35668841 35668842
35637392 35637393
39956790 39956791
33544091 33544093
95746 322926
12338612 12338618
35737860 35737861
35661563 35661564
35658325 35658326
41686367 41686368
34963977 34963978
8459827 8459833
35661481 35661482
31094994 31094997
35669132 35669133
35637436 35637437
4182574 4305191
40103413 40103414
35669245 35669247
2364923 3059891
28732101 28732106
12310165 12310168
41686370 41686371
35660447 35660448
14457603 14457609
41686373 41686374
33535123 33535124
31093568 31093569
35673851 35673852
35637452 35637453
35661439 35661440
35660232 35660233
33452991 33452995
2817996 3385175
35638224 35638225
39960927 39960929
33534950 33534952
39948559 39948560
41686375 41686376
35731854 35731855
35637528 35637529
39958149 39958151
35738002 35738003
39956524 39956525
10287682 10287688
35731030 35731031
35674476 35674477
34837869 34837870
25407071 25407073
35738169 35738170
10282478 10282486
31087641 31087642
33449211 33449213
33542349 33542358
10287623 10287626
6898877 6898899
41686377 41686378
35660730 35660731
35636992 35636994
33558276 33558278
2613732 3244169
33453418 33453421
39940808 39940809
33447565 33447567
13055675 13055684
35669850 35669851
39945646 39945647
39942741 39942742
35674489 35674491
35677660 35677661
11105103 11105109
39963453 39963454
33452993 33452998
41686380 41686381
41686382 41686383
33536284 33536286
35661787 35661788
35644723 35644724
34827502 34827503
33454087 33454089
33451381 33451384
35739441 35739442
35672284 35672285
39961768 39961770
33557885 33557887
35739415 35739416
35660065 35660066
35660481 35660482
35654595 35654596
35740012 35740013
10279017 10279021
23761884 23761888
35673838 35673839
32690569 32690573
35660133 35660134
33453447 33453449
14469618 14469623
33453346 33453348
40238715 40238717
39964537 39964538
35654699 35654700
33455747 33455749
41686385 41686386
32653244 32653258
33454034 33454037
41686387 41686388
41686389 41686390
35739449 35739450
33446094 33446095
9172725 9172736
34834856 34834857
21829355 21829362
33357857 33357858
10287384 10287389
35729245 35729247
35731640 35731641
41686391 41686392
10315413 10315423
41686393 41686394
39964572 39964573
33444855 33444856
35739006 35739007
33461087 33461089
33544613 33544614
35394064 35394066
41686395 41686396
10360941 10360953
41686397 41686398
30719624 30719627
33535405 33535407
35661623 35661624
35738179 35738180
2797622 3371490
33447518 33447521
33444921 33444924
35637246 35637247
10367045 10367051
33443255 33443258
15049595 15049606
31098329 31098333
12913467 12913473
35668878 35668880
32950245 32950247
35728474 35728475
31100792 31100794
33456338 33456341
33346614 33346616
35740297 35740298
33453942 33453946
34898567 34898572
35648738 35648739
33346418 33346419
41686400 41686401
10717878 10717884
2796256 3370616
35661430 35661432
35669913 35669914
35733283 35733285
10291924 10291929
35637674 35637675
10300860 10300864
10276420 10276425
33454217 33454220
33446001 33446002
33443280 33443283
10295776 10295780
33446236 33446237
15049121 15049124
41686402 41686403
34776649 34776650
41686404 41686405
10365195 10365207
35739228 35739229
35640072 35640073
35650389 35650390
33454621 33454623
10278115 10278118
35696087 35696089
10354995 10354999
35648148 35648149
35394292 35394294
41686406 41686407
41686409 41686410
41686411 41686412
33442481 33442484
35637337 35637338
33451952 33451954
10281599 10281603
33454055 33454058
33446375 33446378
12256727 12256733
2033630 2796939
33452174 33452176
35730381 35730382
35738863 35738865
34958823 34958824
33448396 33448399
322902 874240
39957159 39957161
10355456 10355460
33351497 33351501
33451371 33451374
33467618 33467621
35738047 35738049
35737712 35737713
35672137 35672138
35740231 35740232
41686413 41686414
33346649 33346651
33346526 33346527
33459815 33459817
35740006 35740008
35672221 35672222
39957005 39957006
10290598 10290608
39963006 39963008
33476442 33476444
41686415 41686416
28733591 28733613
12733261 12733266
33447686 33447688
33447550 33447553
33458592 33458594
39951093 39951095
10292602 10292606
33444992 33444993
33532146 33532148
33550269 33550270
10304910 10304917
33287872 33287874
2796262 3370625
10316935 10316939
10282058 10282067
10305182 10305190
39957944 39957945
39941190 39941191
28731402 28731404
41686418 41686419
35739264 35739265
35637850 35637851
11272162 11272184
10357697 10357700
3200595 3659712
10309526 10309531
31100758 31100761
33551198 33551202
33356441 33356443
33448374 33448377
33542026 33542028
33467343 33467346
33462521 33462524
35733275 35733276
41686420 41686421
10366620 10366624
33455442 33455444
33358176 33358179
33534898 33534899
33450708 33450710
30324649 30324650
15767801 15767805
15893204 15893207
39965877 39965878
33468199 33468202
33536228 33536233
10291596 10291599
33351491 33351494
2033629 2796892
33453551 33453553
33447058 33447061
35636783 35636785
35637859 35637861
33463136 33463139
33450646 33450649
41686422 41686423
33349061 33349074
35637876 35637877
34853521 34853523
10300848 10300851
14981950 14981971
33464313 33464315
33475062 33475064
33452166 33452170
35637646 35637647
33451804 33451807
35678458 35678459
35650278 35650279
35645511 35645512
41686424 41686425
41686426 41686427
39944187 39944188
33529972 33529974
33453495 33453497
30313397 30313402
183471 565782
8897304 8897321
2033654 2797320
10274193 10274196
33446982 33446984
10269938 10269941
10316915 10316919
10305200 10305204
10290919 10290925
41686428 41686429
35741563 35741564
39950914 39950915
33457337 33457339
35637940 35637941
41686431 41686432
41686433 41686434
33460867 33460869
10364297 10364300
33452561 33452563
35739596 35739597
35676480 35676482
10304874 10304878
33458419 33458421
33455409 33455412
484697 1162126
35731846 35731848
39948789 39948790
29029060 29029069
35738052 35738054
41686435 41686436
10314431 10314439
33287867 33287870
33455806 33455808
35743402 35743403
33484795 33484798
10281506 10281510
35669378 35669379
10365715 10365720
2033551 2796395
33475552 33475555
39946099 39946100
33483643 33483645
34868234 34868235
41686437 41686438
33476006 33476008
33441337 33441339
10361649 10361652
35730573 35730574
33454280 33454282
33468396 33468399
34830172 34830173
10360114 10360120
10283678 10283685
10287251 10287256
10298858 10298864
10299858 10299864
33452468 33452470
33454792 33454795
35741105 35741106
35652811 35652812
35737848 35737849
33454191 33454193
28410140 28410154
33474726 33474729
33474633 33474638
33468330 33468332
33457645 33457647
33459212 33459214
33474782 33474785
33466570 33466572
35728667 35728669
33461234 33461238
33449273 33449275
33481212 33481215
10293370 10293379
33462593 33462595
33463025 33463028
4359126 4422397
33454605 33454607
41686439 41686440
33484283 33484286
33457855 33457859
39945571 39945572
10274259 10274263
41686441 41686442
35663156 35663157
35661459 35661460
35661352 35661354
35743469 35743470
41686444 41686445
10293179 10293186
39960514 39960516
33474798 33474801
10366371 10366375
33460872 33460874
35738827 35738828
10290371 10290375
33455312 33455314
33454198 33454203
41686446 41686447
41686448 41686449
33459245 33459248
33468099 33468101
10295684 10295689
15176770 15176785
35733294 35733296
35661655 35661656
35674072 35674074
10363737 10363740
35672487 35672488
32690989 32690992
33468982 33468985
10291148 10291154
35729072 35729074
35738553 35738554
39953580 39953581
33461565 33461568
35661474 35661475
10291158 10291162
33466391 33466394
41686451 41686452
33456160 33456162
33475782 33475785
33467474 33467477
10286168 10286173
41686454 41686455
35731475 35731476
33467186 33467188
777171 1563061
14244034 14244041
41686457 41686458
35394419 35394422
10303125 10303129
33458438 33458441
33455250 33455252
41686459 41686460
7837686 7837707
10365491 10365497
33461271 33461275
33540929 33540931
35638313 35638314
33468909 33468912
33461603 33461605
14981949 14981966
34855840 34855841
33459168 33459170
41686461 41686462
33459226 33459228
39954375 39954376
10365863 10365867
41686464 41686465
10272366 10272372
35740302 35740303
33345144 33345146
41686466 41686467
15013781 15013786
33468786 33468788
10275777 10275788
33358276 33358277
41686468 41686469
33476169 33476172
33475923 33475925
33467837 33467839
33469375 33469377
10282661 10282666
33324116 33324118
33486638 33486641
39946021 39946023
33474157 33474160
35660035 35660036
34834500 34834502
33455359 33455362
41686471 41686472
35672046 35672047
10362266 10362274
10299294 10299298
35393555 35393557
33358309 33358310
41686473 41686474
39941236 39941237
41686475 41686476
35731358 35731360
33466931 33466933
35723793 35723795
35661395 35661396
33344410 33344412
10279695 10279708
35648790 35648791
41686478 41686479
35650366 35650367
41686480 41686481
12063974 12063978
33463418 33463420
35670098 35670099
10357871 10357876
35731692 35731694
35669878 35669879
33461652 33461655
32553147 32553153
39948553 39948554
35675297 35675299
35661346 35661348
33466318 33466321
35661390 35661392
33466635 33466638
4171507 4299224
35391661 35391663
35636986 35636988
39960425 39960426
35661315 35661317
41686482 41686483
33465207 33465210
33344388 33344389
33542925 33542926
33332491 33332493
23751625 23751633
39948670 39948672
41686484 41686485
33464875 33464879
35730118 35730120
33474572 33474574
35731737 35731738
41686486 41686487
35739245 35739246
35658902 35658903
35740248 35740249
35739209 35739210
10294702 10294707
41686488 41686489
10898871 10898881
34827486 34827487
10286922 10286926
1695240 2529004
35669474 35669475
41686491 41686492
10291858 10291866
10365927 10365934
41686494 41686495
35739710 35739711
10301155 10301160
35638336 35638338
34866469 34866470
33475700 33475704
35654057 35654058
41686497 41686498
33470056 33470059
41686499 41686500
35739436 35739437
35669853 35669854
39951066 39951069
41686501 41686502
10300841 10300844
33464952 33464956
35669188 35669190
10314933 10314939
33364836 33364840
10314468 10314473
29028158 29028160
33544441 33544443
41686504 41686505
33344626 33344629
33477279 33477282
41686506 41686507
35741473 35741474
35741790 35741791
33484578 33484581
28939145 28939152
33475575 33475577
41686508 41686509
10301544 10301549
41686510 41686511
39956628 39956629
35739633 35739636
10282679 10282694
14985277 14985282
33322323 33322325
33349124 33349129
41686513 41686514
41686515 41686516
35738860 35738861
39960476 39960477
1162016 2033579
35733266 35733268
41686517 41686518
10277578 10277582
33548230 33548232
10334315 10334320
35668999 35669001
28776013 28776026
35669221 35669222
39949660 39949661
33480170 33480173
35738603 35738604
33462508 33462511
33480735 33480738
4141158 4279067
2351772 3048641
39957033 39957035
39958056 39958058
28410136 28410141
35638237 35638238
33480467 33480477
41686519 41686520
15757878 15757881
35739428 35739429
33495780 33495783
33345115 33345117
35653229 35653230
15033980 15033985
41686521 41686522
33332722 33332724
35662105 35662106
33265625 33265627
1162167 2033755
10289130 10289134
10284293 10284298
10303647 10303650
10280935 10280942
35741794 35741795
33473661 33473665
33468505 33468508
33532780 33532783
35661330 35661332
35672299 35672300
33549177 33549180
35668913 35668914
35669184 35669185
33475628 33475631
35654692 35654693
41686524 41686525
41686528 41686529
35637767 35637768
35739434 35739435
41686530 41686531
33323016 33323018
41686533 41686534
41686536 41686537
15180411 15180414
33487332 33487334
33358414 33358415
33548857 33548859
10295842 10295846
33322024 33322026
41686539 41686540
41686542 41686543
33483113 33483115
35739234 35739235
35661839 35661840
35672572 35672573
41686544 41686545
2398365 3090003
35651804 35651805
33349156 33349159
41686547 41686548
41686550 41686551
35743438 35743439
35662087 35662088
33480279 33480285
39960723 39960725
39945496 39945497
35638228 35638229
33478417 33478418
10366467 10366473
35669011 35669012
35669397 35669398
39964662 39964663
32692871 32692889
32692870 32692880
33548123 33548125
33356638 33356641
33480902 33480905
10940251 10940259
35740079 35740080
33480728 33480731
33322385 33322386
41686552 41686553
41686555 41686556
10329945 10329950
31085935 31085938
9599737 9599742
41686559 41686560
25416610 25416613
2033517 2795900
7363530 7363689
41686562 41686563
41686564 41686565
41686567 41686568
10273541 10273547
35738883 35738884
41686570 41686571
39953650 39953651
35638256 35638257
10271412 10271415
33488569 33488572
15580069 15580071
33545705 33545707
33544740 33544742
10366404 10366411
10357944 10357954
10272844 10272852
32690001 32690005
34853099 34853100
35661026 35661027
33479180 33479187
41686574 41686575
35647025 35647026
33356654 33356656
28732356 28732359
33474112 33474114
33475563 33475565
33331354 33331363
41686577 41686578
33472177 33472181
2033652 2797282
41686581 41686582
33484275 33484277
41686583 41686584
35672241 35672243
33480465 33480469
33323678 33323687
33544733 33544735
10363143 10363147
35638217 35638218
10329602 10329609
12357866 12357880
35672469 35672471
41686586 41686587
33321745 33321746
35733260 35733261
1609559 2459794
35733302 35733303
33551160 33551162
33497965 33497969
33349218 33349221
41686589 41686590
1538747 2398431
35669052 35669054
33349149 33349152
35673747 35673748
33470395 33470397
33348791 33348794
33349047 33349050
4431134 4474656
33545248 33545250
41686592 41686593
35643691 35643692
33323677 33323681
35743465 35743466
33484360 33484362
35647230 35647232
41686595 41686596
33487323 33487327
33274219 33274222
33480928 33480931
35672216 35672218
35738085 35738086
33484908 33484910
33480942 33480945
32674539 32674543
10317809 10317814
10327012 10327028
33320994 33320997
33480864 33480868
41686598 41686599
33323745 33323746
10362199 10362204
10290780 10290786
35661275 35661277
10278217 10278221
39960899 39960900
33336797 33336801
35637713 35637715
33349304 33349307
41686601 41686602
39510147 39510150
35731062 35731063
33481077 33481080
41686604 41686605
35731351 35731353
35661283 35661285
35739424 35739425
35662100 35662102
33480528 33480531
41686608 41686609
35740089 35740090
41686611 41686612
41686615 41686616
10332250 10332254
35669355 35669357
39948679 39948680
35739839 35739840
35669865 35669867
33474569 33474570
33322452 33322455
33487434 33487437
2033653 2797303
33464877 33464883
35739394 35739396
33332657 33332659
41686617 41686618
33349226 33349229
33349275 33349278
32553110 32553118
33534021 33534023
33274230 33274232
2655065 3273158
41686620 41686621
35638189 35638191
35738196 35738197
33356815 33356818
35637963 35637965
33539049 33539051
33358869 33358873
30313398 30313406
2733891 3324066
34968415 34968416
39464883 39464886
33322717 33322721
35739647 35739650
33349326 33349329
39951040 39951041
10332145 10332150
33488575 33488578
35738068 35738069
33349333 33349337
33480290 33480293
33495252 33495256
35661323 35661325
31082154 31082155
33356907 33356908
33356943 33356946
34866487 34866488
33549481 33549484
41686623 41686624
2058010 2817039
15049687 15049692
35738626 35738627
33472166 33472169
10317995 10318003
39969197 39969198
41686626 41686627
33324480 33324481
33332918 33332920
35640864 35640865
41686630 41686631
34750026 34750028
10324737 10324747
35669233 35669235
33539797 33539799
33478427 33478429
35740510 35740511
33489397 33489400
35669462 35669463
15156398 15156402
33332520 33332522
33487036 33487039
10323182 10323189
35738672 35738673
41686633 41686634
33333034 33333035
35663181 35663182
33483874 33483877
34821516 34821517
35652804 35652806
33349132 33349135
28737141 28737145
35866064 35866066
35637923 35637924
39967306 39967308
41686636 41686637
35741731 35741734
41686639 41686640
33349187 33349190
35654029 35654031
10332189 10332194
39964561 39964563
35740063 35740065
32691006 32691010
35669939 35669940
35743457 35743458
10338349 10338354
35669844 35669845
33349031 33349034
35739899 35739900
33486110 33486114
41686641 41686642
33332653 33332655
33486613 33486618
33495656 33495659
41686645 41686646
35651446 35651448
32684319 32684321
10329571 10329587
33485677 33485679
35654948 35654951
33323234 33323235
33322469 33322472
15582135 15582142
33320987 33320990
39945922 39945923
39637339 39637341
33349039 33349042
35738499 35738501
33356822 33356824
35740269 35740271
33349054 33349057
10321229 10321232
10320312 10320326
35637396 35637397
10318436 10318440
41686647 41686648
33356874 33356875
35669359 35669360
35663173 35663175
32687243 32687244
33323367 33323368
32683262 32683266
33349060 33349065
35661422 35661425
41686649 41686650
41686651 41686652
41686654 41686655
41686658 41686659
35669774 35669775
33494898 33494902
33322538 33322541
33321001 33321004
727189 1496555
41686662 41686663
33322007 33322009
33333075 33333076
41686665 41686666
33349262 33349264
484695 1162060
33356617 33356618
33487392 33487396
10329703 10329708
33539963 33539965
35739638 35739639
33495664 33495668
33349001 33349004
33349291 33349294
41686667 41686668
1563003 2422264
10332178 10332183
35733291 35733292
32653243 32653253
35653440 35653443
35743460 35743461
12426374 12426382
33495335 33495338
35739977 35739980
41686669 41686670
41686671 41686672
41686674 41686675
33348889 33348891
4898896 4898910
35661290 35661292
35741799 35741800
41686677 41686678
10274307 10274312
41686680 41686681
35654045 35654046
35669477 35669479
10335629 10335634
777167 1563021
2733890 3324050
39965821 39965823
33323386 33323388
33323883 33323884
33349349 33349355
33494833 33494838
33345814 33345815
39968173 39968175
35743434 35743435
41686683 41686684
35738082 35738083
10327977 10327984
35661298 35661300
2796579 3370833
35669391 35669392
33548849 33548851
34831843 34831845
35731696 35731698
33346038 33346040
33349364 33349366
41686686 41686687
33487180 33487184
41686689 41686690
10337953 10337965
33349370 33349374
33348804 33348807
35739658 35739660
41686692 41686693
34985418 34985420
35674107 35674109
35674101 35674102
41686695 41686696
33348797 33348801
33495260 33495264
41686700 41686701
33324572 33324573
33346208 33346211
41686703 41686704
35668549 35668550
39967216 39967218
35661508 35661510
10356018 10356021
35741249 35741251
5392755 5392770
41686707 41686708
35673822 35673824
33348785 33348789
33539034 33539041
39955060 39955061
33324101 33324104
33495371 33495376
35661694 35661695
35672178 35672180
41686710 41686711
35674055 35674056
41686712 41686713
33307289 33307290
33538620 33538623
35670076 35670077
33496651 33496654
33324240 33324241
15013799 15013807
35654486 35654489
35672272 35672274
35741711 35741712
41686716 41686717
41686720 41686721
35662109 35662110
33323781 33323782
41686724 41686725
35673798 35673799
35674097 35674098
41686726 41686727
41686729 41686730
35731786 35731788
41686733 41686734
41686737 41686738
34868039 34868041
33349105 33349108
35654012 35654015
35654633 35654635
12347078 12347083
3577634 3912896
33349164 33349168
41686741 41686742
39964510 39964511
35739936 35739937
35669790 35669791
33346132 33346133
33548704 33548707
4157019 4289287
41686745 41686746
29029059 29029063
15055328 15055339
35638169 35638170
35740040 35740042
32684522 32684525
35739358 35739359
33348995 33348998
33349232 33349234
35661928 35661929
41686749 41686750
33324057 33324060
33345627 33345630
35660787 35660790
11604490 11604496
41686752 41686753
35670106 35670107
41686756 41686757
33346086 33346087
32684504 32684509
35741566 35741568
33323403 33323404
33356756 33356759
15138532 15138536
41686759 41686760
35661630 35661632
35669203 35669205
33274178 33274179
41686762 41686763
33548236 33548238
33349318 33349322
41686765 41686766
39950559 39950561
35666815 35666816
35669786 35669787
10324838 10324841
41686768 41686769
33348909 33348913
33534854 33534856
41686772 41686773
41686775 41686776
33348843 33348847
32652854 32652859
41686779 41686780
35669916 35669917
41686783 41686784
41686786 41686787
35637884 35637887
41686790 41686791
35741775 35741777
10340968 10340974
35741151 35741152
35658441 35658443
41686793 41686794
41686796 41686797
33345722 33345723
10335187 10335191
35741726 35741728
41686799 41686800
41686803 41686804
41686806 41686807
33267132 33267133
41686809 41686810
35741522 35741523
41686812 41686813
35637586 35637589
15091873 15091882
35651646 35651648
35739902 35739903
41686815 41686816
41686818 41686819
41686822 41686823
33349254 33349258
33534877 33534879
33557113 33557115
11723566 11723570
41686826 41686827
33349247 33349250
35739301 35739302
33324007 33324008
39954162 39954163
33349358 33349361
33349269 33349271
35661712 35661713
34852143 34852145
33321007 33321010
33345683 33345684
33255574 33255576
41686829 41686830
35670054 35670055
41686833 41686834
35739960 35739961
41686836 41686837
35661705 35661707
39225296 39225297
33346044 33346047
33348864 33348868
41686839 41686840
33349139 33349143
32662152 32662157
35668929 35668931
39946122 39946123
33323074 33323075
35669468 35669469
32875963 32875966
35672098 35672100
10332240 10332244
35669266 35669268
10331618 10331622
33324566 33324567
39476022 39476025
41686842 41686843
41686846 41686847
41686850 41686851
35737791 35737792
35661956 35661957
33349076 33349079
33549396 33549397
41686855 41686856
33345709 33345711
41686858 41686859
35734736 35734737
15001857 15001861
35729503 35729504
35658528 35658530
3371381 3774363
34818838 34818839
35643695 35643697
35653811 35653813
33349181 33349184
33324524 33324526
33349297 33349300
33496523 33496526
35669875 35669876
33348772 33348775
33267153 33267154
33266808 33266810
33307775 33307776
33348874 33348882
41686862 41686863
33322635 33322637
41686865 41686866
35660715 35660716
35661525 35661527
35660211 35660213
41686868 41686869
41686872 41686873
32882029 32882031
41686875 41686876
39965780 39965781
33557570 33557571
41686878 41686879
33479182 33479202
35730709 35730710
33348857 33348860
41686881 41686882
35741720 35741723
41686884 41686885
35673846 35673847
39955237 39955238
39949525 39949526
35652868 35652869
41686887 41686888
41686891 41686892
35730787 35730789
33530629 33530633
41686895 41686896
39191342 39191343
35661758 35661759
41686898 41686899
41686900 41686901
35672114 35672115
35661742 35661743
39960695 39960696
41686904 41686905
34985060 34985063
35733263 35733264
39946056 39946057
34809931 34809932
33322002 33322003
41686907 41686908
41686911 41686912
41686914 41686915
41686918 41686919
41686921 41686922
41686925 41686926
35672103 35672104
41686928 41686929
41686931 41686932
34843762 34843764
35738074 35738075
39956979 39956981
41686934 41686935
35649615 35649616
41686937 41686938
33340226 33340229
41686941 41686942
41686944 41686945
32701961 32701965
35669488 35669489
39191446 39191448
33348827 33348831
41686947 41686948
41686951 41686952
41686955 41686956
41686959 41686960
35636978 35636981
41686963 41686964
41686966 41686967
41686969 41686970
35661789 35661791
35641625 35641626
41686972 41686973
33549015 33549018
41686976 41686977
33321015 33321019
33274067 33274069
41686979 41686980
41686983 41686984
35731947 35731948
41686987 41686988
35739363 35739364
41686991 41686992
41686995 41686996
41686998 41686999
34746355 34746356
35653972 35653974
41687002 41687003
39481951 39481953
39945917 39945918
41687005 41687006
35729575 35729577
29370333 29370336
33345775 33345780
35660567 35660568
35669094 35669096
35669022 35669024
39953863 39953864
41687008 41687009
41687012 41687013
35730713 35730714
33558380 33558384
35638048 35638050
35733279 35733280
41687016 41687017
41687019 41687020
41687022 41687023
33345832 33345833
41687025 41687026
4996009 4996016
35740093 35740094
41687029 41687030
35669884 35669885
41687032 41687033
39961223 39961225
41687035 41687036
41687038 41687039
33349282 33349286
41687042 41687043
33541336 33541339
41687046 41687047
41687048 41687049
41687051 41687052
41687055 41687056
41687057 41687058
28732093 28732096
35741677 35741679
41687060 41687061
41687064 41687065
39960678 39960680
41687067 41687068
33348814 33348818
41687070 41687071
34925820 34925821
41687073 41687074
41687077 41687078
28774791 28774793
41687080 41687081
33538393 33538396
35739932 35739933
35652449 35652450
41687083 41687084
35651992 35651994
41687086 41687087
39954946 39954948
32653242 32653246
34985397 34985398
15197252 15197256
35737780 35737781
35737812 35737813
35738505 35738506
41687088 41687089
41687091 41687092
41687094 41687095
39966994 39966996
41687096 41687097
41687098 41687099
41687101 41687102
41687104 41687105
35638124 35638126
41687108 41687109
34985400 34985401
41687111 41687112
35739325 35739326
41687114 41687115
35638482 35638483
41687117 41687118
33345634 33345636
35735619 35735620
41687121 41687122
41687125 41687126
41687128 41687129
35739366 35739367
33454200 33454207
35737844 35737845
35662181 35662182
41687131 41687132
34774462 34774465
41687134 41687135
33558506 33558507
41687137 41687138
41687139 41687140
41687143 41687144
41687147 41687148
41687149 41687150
41687152 41687153
41687155 41687156
41687158 41687159
34825626 34825627
41687161 41687162
41687165 41687166
41687168 41687169
33542097 33542100
41687172 41687173
35743041 35743042
41687175 41687176
35733271 35733272
41687178 41687179
41687182 41687183
33274112 33274114
41687185 41687186
41687188 41687189
35660993 35660994
39960612 39960614
41687191 41687192
41687194 41687195
41687196 41687197
41687199 41687200
39194831 39194832
41687202 41687203
41687206 41687207
41687209 41687210
41687212 41687213
41687215 41687216
41687218 41687219
41687221 41687222
35738630 35738631
41687225 41687226
41687228 41687229
41687231 41687232
41687234 41687235
41687238 41687239
41687241 41687242
41687243 41687244
41687246 41687247
41687249 41687250
41687252 41687253
35638591 35638592
41687255 41687256
41687258 41687259
41687261 41687262
41687264 41687265
33333408 33333409
33557173 33557174
15051803 15051806
41687267 41687268
41687270 41687271
41687274 41687275
41687277 41687278
41687280 41687281
