16379 5469
4666037 42322
15224139 10362273
13156736 10969609
21801344 4520926
21763382 6589439
2450692 374496
21727318 21727320
21926835 3436377
21651776 2928978
37681533 37681539
12241525 12241536
21948616 20794855
7060217 97406
806891 901554
21853290 20829838
21676824 21676828
14670131 2092736
34049972 4650032
21756402 21756413
15217919 15217929
15215828 15215835
15220398 15220412
30487173 30487183
39117686 39117689
34010564 34010570
21720311 6320987
21932347 979233
21675291 21675297
21929770 3923037
21795357 20994456
39117549 39117555
15210368 15210380
11833910 255620
6231535 6231557
9770136 9770145
21856224 20503927
1593064 112008
15190937 15190940
21713019 21713024
21719345 21719357
21771778 21771784
15197288 2730189
33948371 33948372
34047340 31240230
15454355 1006910
21655879 21655886
21668517 21668549
21622002 2230303
21804158 21804160
34129697 31244905
2207504 394767
10344908 2298866
15246790 15246797
337406 361646
21959969 16758172
15223984 15223994
13467160 916975
21934416 18606022
37681576 20622639
32978741 883460
21937114 20716446
21683765 20713126
21827163 10068160
21668229 701939
41723965 41723966
15446568 582136
21840087 20689533
4298918 134678
15215837 15215844
41723967 20792221
21730500 21730502
12319326 12319339
14201694 14201709
15215855 15215863
21730400 21730406
39117082 31281458
14640829 14640832
21892040 21892049
21895103 21895105
41723968 10504724
10855451 2214411
2296261 97968
4337388 109872
15217712 15217719
21664777 3013875
3930437 144659
21937825 17287134
9781300 93167
39117279 39117284
37680323 20720944
15217027 15217035
11869744 822253
21951190 21951192
21716008 21716013
14676062 14676071
21883072 16488597
21682367 21682381
33668487 33668491
21820210 21820216
3468083 3841698
21906671 21906673
33863699 33863702
21725253 21725258
9786320 154096
15122515 848933
39117824 25176712
21846878 16784276
14491122 2658631
21654578 19132501
15190989 15191012
15241831 15241858
21749907 890569
21878569 109136
9760501 101773
2311757 413873
15157530 15157559
21684664 1034051
21837598 395172
21921562 21921567
41723969 572546
15385257 15385260
1826258 610527
34352228 34352233
21828099 21828103
21696774 21696776
10339756 10339784
36549597 36549598
34130221 34130222
15226754 15226762
15242462 15242477
326614 218350
14567758 14567764
15254756 2803831
21735776 1724190
15250987 1307946
15219582 15219590
12885980 4229211
12273294 12273297
21943253 2133846
21660806 21660808
289501 235251
21635538 19551277
15219694 15219704
15592784 15592793
15592738 15592744
21659873 21659881
11872641 248043
12326524 12326533
21814615 21814617
21854467 21854472
15241357 15241366
21781013 21781016
4698593 121061
1845229 2649604
32966263 32966266
23204094 23204107
21756793 21756795
21720818 21720825
32975000 32975008
21654296 2055570
15224752 15224760
4472918 4506580
11883447 4099
21678362 21678364
21683560 21683562
3156349 2181625
15220029 15220039
14271591 1181735
12906115 1606541
39117424 39117428
28778363 28778368
21787394 21787400
21753645 20885948
33952515 33952518
21891071 20874939
21906770 21906776
21807213 21807220
7130409 7130449
21930826 21930834
37681879 37681885
21670539 21670543
15263714 1671743
11881870 5311771
21750174 21750185
15226559 15226566
21631782 21631791
10944214 10944231
21715021 21715023
21867662 21867668
2296260 36140
21852399 977219
39117533 39117536
21799186 18482579
4385586 121432
11282762 5112759
21643980 21643987
15226696 15226704
15226370 15226380
3612591 3935063
21665933 20589311
15197506 15197510
21636366 21636373
21685568 21685574
1593066 2450603
9842370 9842379
2566576 56614
331521 1404
21630745 19033719
21877281 21877289
33688779 33688783
11857499 11857502
15238968 15238977
21873739 21873747
15247525 15247529
9485708 9485746
21711876 21711880
21688810 346626
21909306 21909310
140291 332389
15219464 15219473
12251092 12251095
9786335 867237
15227004 15227017
14545314 300301
13147784 413229
21632216 292159
34816891 20860177
41723970 20453940
15227125 15227132
21799640 20442872
14643196 5323915
15240274 15240282
1701271 174013
15226052 15226066
10345298 10345353
11797984 148092
12879220 12879240
11770528 756000
21636952 21636972
4141875 4279414
13969769 685174
4288085 94889
21779228 21779233
14291666 14291669
14285774 3568001
21811668 7421239
807462 51954
21810270 3204464
21791269 21791276
21925748 21925750
21672845 9537780
9769394 1128621
807461 188442
883549 36136
11885336 359281
39117614 39117618
12315759 12315762
34016509 5899151
13467155 13467157
21624665 21624671
15245965 15245970
21676660 4021207
7623759 7623769
21639884 21639890
21806712 21156384
10275863 39645
21823907 21159499
21812236 21812241
15202694 15202702
39117599 39117601
41723971 41723972
15592759 15592762
21728131 21728137
15227533 15227540
13112904 13112918
21865999 20367423
33659521 33659524
8981957 8981965
6436296 6436306
21882555 16747380
41723973 18052088
21676496 13771456
21896653 16591503
34013217 34013223
11836352 11836356
15227553 15227566
21834622 21834632
33859605 1001562
21878890 13425742
21808411 21146719
21831492 17627397
11897897 11897902
21916781 21916787
21795895 5209166
11892733 8321992
21755318 21755324
21723718 21723720
21656394 21656396
21939050 18226299
15137863 15137888
7625520 678324
41723974 31539986
13194468 3643133
10347041 321717
32980480 32980485
21790993 21790995
21634528 10421127
14226036 14226070
9821716 548164
2084765 2838495
21922268 21922270
15424805 605308
25439035 20554869
15440021 15440025
21922239 14859231
12833227 225654
39117682 31568864
9861685 643978
15245460 15245468
21770764 21770766
12143098 8787264
21922007 21922016
12869185 12869189
14730379 5807827
15245460 15245469
21790101 1433492
21961015 5886365
6880609 1122102
34007146 31585471
15240027 15240034
21766939 21766944
11877765 3182176
12870512 8498351
15405890 376406
3570483 160290
4298940 549879
21802047 21802052
21951648 21951656
15515389 2643928
15193605 15193614
39510838 39510841
4690003 1975557
18802 1339
21795910 2354413
15241293 15241298
21852949 21852957
41723975 21321372
11844039 80182
15251703 15251706
12669803 12669808
15242679 15242685
15241621 15241631
15241621 15241632
34994100 31615574
21852301 21852304
21726527 4192652
1733635 787655
15194890 15194899
15243512 15243524
21649000 2526051
21684311 1211070
21743469 513435
21639412 21639419
4653521 2271928
11818140 342802
21769940 21769946
21826232 11043866
2904482 1294004
14637462 10288790
39117372 39117377
21900715 21900719
21721793 21721799
14743191 14743195
14504816 14504827
41723977 13436223
3935313 4141569
13458774 3553343
21647598 19339740
15409562 911953
21840246 9844120
21862262 21862266
21855231 213865
21627508 612421
15247926 15247935
1281047 2158236
14279533 14279540
28764250 28764257
15242293 15242300
9769392 9769398
4428426 4472682
15434086 332677
13877336 13877347
15399638 1000742
21938730 1310407
21749008 570342
21917520 276010
32967078 32967081
15196860 15196862
21833614 21833616
7060020 3026646
21692795 21692803
21921664 19581094
11978765 2385190
21641817 21641820
18704 78773
21921909 16150981
21859578 17657384
21791094 21791096
6251948 871085
6758795 6758807
21904516 21904521
21723227 21723233
21674743 21674749
21796058 21796060
21676196 21676198
21798030 21798032
21755470 21755477
21858363 21858366
11859663 1770642
21929121 52507
28764282 28764286
15034440 15034444
15157523 15157534
15389706 15389709
21625030 19183490
21698596 21698598
21817021 21817027
21817046 9487397
33646964 4008104
21777432 21777438
15247974 15247980
21682518 21682526
9832842 340290
4533577 4554132
21938206 205585
21915401 21915407
7619327 233704
34019750 34019753
21703378 21703383
39117123 39117130
21937801 21937806
15427292 15427308
21616372 21616379
12883783 12883792
15239688 15239697
21674376 20450283
34015598 16610360
21884907 21884911
9993131 9993138
11799997 11800008
21819576 21819582
21627141 21627145
21744137 21744142
21772899 21772901
21864313 21864318
39117454 39117456
11865151 11865157
15200116 15200140
9799952 8632112
33307571 33307575
3081497 3570513
4584588 896612
1687020 2523165
15183235 15183244
12168251 12168262
12870950 944915
15498168 136261
21871989 1777284
15227038 8647012
21813731 21813735
3612621 3935123
21817442 21817447
21867376 1097825
21631021 316390
21802817 21802823
14110771 14110784
12179309 8271871
88006 301857
15242002 942977
10318681 344676
21763182 21763189
15396829 339825
15242907 15242914
21692913 655705
15181035 15181047
21653027 21653032
12181194 10731037
4636982 6428
21638976 20279403
15242948 15242954
21673386 21673388
21625816 21625819
21690815 21690822
11799190 11799208
21655579 1551319
4477764 493323
21640876 21640884
12559801 12559814
14323871 2439003
15537025 10741108
11983894 514963
21806945 21806951
21726071 1011039
13469264 6802437
12265698 3679726
335832 189254
21855923 9925180
3947578 93764
11803816 5981840
15247628 15247637
21935560 13909730
7363354 7363604
15452380 15452386
11864341 251924
15588342 15588350
21749539 100090
21833867 6433465
2898488 3440854
15244031 15244038
15243392 15243399
11641950 103446
3676146 3973739
15572365 15572375
13449913 2641103
15248157 15248163
28383248 28383252
6598199 390239
15243600 15243611
28776740 28776745
21880219 21880225
2594898 394981
21913403 981508
2658120 3275613
21838474 21388890
11742288 123298
21701605 289599
21928948 21928954
21800346 16663799
21756392 10800108
21767442 21767445
21773195 5931934
14546998 6791236
21857228 21857235
9284620 3241814
3607401 3931498
21835046 21835056
4652691 322839
9365522 907778
3855329 54016
15239674 10827121
1588258 2052
21726422 21726428
11859068 9078062
21955630 21955632
21801880 21801886
12718903 12718910
32877754 32877761
21817763 436348
11457805 1285358
12073717 216891
21852267 906008
21873166 323874
21651765 18305649
15191181 3431535
21673366 21673369
802310 1094761
33872004 33872008
21630651 4355019
21911061 1006876
4619062 1183942
15511796 892343
6115613 1736858
15449529 859146
21888680 1313041
225403 697917
15408395 99774
11877001 462447
21612874 21612880
21740803 18349059
15261512 15261523
15035045 15035059
21762794 12565871
21861354 4234702
21706879 21706885
14271385 14271398
3130325 175370
21747753 127430
21961309 4154332
21628399 874373
21952408 10870167
13151923 7294934
21654029 9075505
4154029 329088
21939302 17199251
337411 54186
15497112 776684
4631129 779141
11887312 340337
354106 479240
21840669 21840674
21677891 20952386
7648324 7648334
6598199 6598232
6228818 5904610
10342905 2135370
21662788 21662794
41723978 41723979
15384050 975247
15592651 10429964
15495962 807280
15244020 15244028
13458949 126603
15481637 5380897
15508914 5215118
6115615 6115689
21852187 568401
21636919 21636947
33664433 8524641
10504534 794131
11921291 11921294
11885849 2733066
21943941 8518253
4849598 4849703
152233 480404
6168691 6168720
6516429 6516461
4828484 4828575
7187279 7187310
1588248 2445578
21810334 631559
21866236 21866242
9305472 4742085
9899152 70747
5595876 390358
15196871 10909810
10340537 120406
21804293 17163242
807434 64126
11831259 648148
2084765 2838519
11086903 11086918
7701097 7701125
4856581 4856632
5854314 5854338
3565369 3903785
7605111 7605143
9778681 105473
6200881 6200908
5826346 5826370
14235484 1211130
12399160 12399176
4556821 2083331
13160048 13160054
13467178 13467182
21702631 7013538
21622177 21622185
21869129 538058
11848106 1354719
11601886 912792
9878932 288535
21767185 21767191
21915318 722799
15600287 15600297
9814336 1466626
21753615 897735
3848000 4084529
11857573 9279673
12897791 573079
21828280 1495598
3935308 1094298
14481731 14481735
1733634 2567378
4761454 4762397
32634859 32634861
13459858 344215
11469328 450277
15538422 10962776
21949341 21949346
15500885 4751043
21827342 21827346
21939438 10972728
2480885 3155085
11850792 11850796
3710456 854644
337386 51519
14652081 546629
14448085 5035477
14271506 14271513
21872061 2617234
15410614 2740759
15537274 10365763
21777038 16930618
10327826 3979639
15592697 6586560
13160254 618288
12315969 12315982
21682811 755999
7229162 151366
21887415 7041311
337389 43404
11870564 11870570
34965641 4745165
2479923 99516
37862922 37862926
337394 285621
13150886 1522421
9882364 96767
15419713 1370872
21635817 1605740
10295129 142031
21645686 2456117
4475999 21101
2594896 889128
7608610 144277
2731481 652252
21753259 13948555
34931729 32055221
21803531 21803535
1640434 53857
1640046 35308
39117163 39117165
336138 55259
14271987 1692186
9788513 337888
2934042 3468512
362850 142624
21807877 21807883
807464 1608696
21732253 687080
912509 1722957
12907536 6996601
21623886 11135562
2451321 1734057
21662045 6595248
34005670 20934593
15011189 1046030
13461142 637624
9882692 5464
88026 178308
21692700 12088965
21829656 21829661
9963893 3818040
21671320 691346
1733629 2567303
1808182 1413
11797984 5466
11789144 1778981
11921331 4776978
11846837 1186454
2481212 8483
15407075 111157
15412483 1305231
34016514 10223044
9818800 9818810
120120 387077
15486977 1660494
11974717 5080310
15196918 15196926
5854191 44178
13458879 3060313
7625520 7104103
6410221 3334638
10017311 276394
15433883 1796765
826205 17881
15179575 890277
824157 112305
21887031 1304460
12913986 8050226
14670018 19586
21743560 43100
21787456 21787460
15191228 15191235
9916029 215891
14259978 252943
11880244 11880257
11797982 11797992
8224500 126730
21635983 21635990
21825191 21825195
2658063 729910
21855982 21855986
21668691 21668696
120141 158897
326602 56781
387050 295621
15564411 4239914
21735313 9911005
21854469 1633120
21802658 21802665
11837030 5796234
35369940 3890378
11852404 152776
4138410 53776
6023030 21716
7755294 1659456
14271601 8914370
7625520 5428674
21686266 21686268
21654069 7042796
826831 1638761
15445141 152889
6677909 449296
12258062 3507344
21639117 1328552
21719345 3914682
21615975 21615982
21649007 6101652
15215449 15215461
4506207 582016
21936302 21936304
4717656 51187
16300 83568
13458879 11212433
21742718 754348
2594895 1623570
21677689 1828850
7719194 713788
41723981 39994261
21750336 3280486
9426111 9426150
21893907 21011094
5495263 5495299
11849948 4646084
1588257 2445737
21657175 7607068
11819901 11819910
21812129 7252390
21882773 21416620
826833 21710
4596643 2589607
11797982 11797993
4290486 4375716
9887742 9887747
9829920 9829926
21747451 5432009
39117804 20034474
11718013 11718018
15568259 10050240
21797462 21797472
21789232 21789238
21849432 11238365
21735091 3539312
15757495 9850275
21705614 3276547
1701594 330581
11831810 11831817
1733643 249707
41723982 41723983
12213817 396697
11871724 249889
21677371 8347082
1606878 249912
11855778 790745
11872008 11872014
12213842 5610212
10350195 577914
21697531 5706031
11868739 11868742
14540833 14540840
21652305 5951582
21776635 8744977
1701630 225965
12901776 92138
826839 1638976
1401553 551245
4033585 4202600
7605439 7605471
14287824 14287834
41723984 41723985
21944427 3904033
11872927 8750175
21782006 8452957
21823810 2413487
15408602 10066841
14292830 14292835
9818101 78076
13169586 2322851
5011574 49228
4189610 4309258
14719479 3731901
13466108 13466115
4597414 4608279
727105 1496226
14422772 14422777
3747447 829045
11873307 11873316
21920643 7705532
21882754 2143081
21724518 9519
14271755 5731643
7281000 7049768
37680785 9054809
21897994 4075327
826226 5545
15404791 10109398
400277 1011221
5254065 5254089
4442341 13193
11826278 10254
1826222 16017
9963893 9963898
14943802 23770
12513375 8471830
8608537 8608542
14958727 23910
14645010 1914196
1584912 2443326
4715532 214742
21890738 2714797
11867753 2541045
15169036 11528896
15401098 118498
9403978 651802
2594597 86208
21810225 8693751
337380 299987
13109014 6968140
120527 117095
11892770 53049
8551511 52286
21808870 21808877
326600 46217
21688631 6094533
13149838 403793
21787610 140106
37681475 5437493
21714163 13314945
21938390 4588482
4664201 4669955
21819331 2183732
111451 365918
15191802 15191810
12910525 12910542
21709366 136773
21726738 9155064
2566937 3207125
13467170 13467175
11876100 959958
12902663 670658
13470647 1515
15406921 771031
21918014 19767858
21927436 9548513
21711194 15416146
41723987 11325289
21627497 6862169
21844943 21610441
21702332 21702337
21743360 21743362
11457486 11457494
826815 367521
21623499 6350573
21678790 11866908
14232734 14232740
21812060 13365891
21890150 9815537
11889888 3860244
21844585 11331594
11848390 3625083
11507548 876946
14616469 4226243
41723975 41723976
328215 590605
2899215 207391
13251879 578050
3134808 1009884
4653031 442887
12910246 6723652
12909153 6555436
9665188 9665198
15494627 3780783
14573588 9813665
4852648 4852676
37681137 5086871
21688632 5248360
3137798 3613066
11847073 13706
1484137 42613
9870068 94105
4660275 10348
21963106 25567
15197333 15197336
21861701 544379
21816140 3456337
21757053 608350
9786380 25768
21927044 3395297
7201009 3159602
12881559 3294992
15191580 705824
13149235 27489
41723988 2140187
21804223 2112159
11849277 59890
25406108 17202805
826249 80515
11824055 5125972
3971755 451723
13151958 6772883
34498117 34498119
21615898 21615903
15220228 15220236
21626131 493380
21667729 21667739
4507314 4533696
3833215 672838
15592090 15592097
21796551 8281332
21827469 9798657
21705342 21705345
14505139 14505148
21721214 21721217
21827223 21827228
21752845 7696163
41723989 19412941
21849117 19272026
21831367 10304411
21672916 9078489
14596317 3271654
13467155 621385
21860809 21860816
21747625 3225620
21706036 21706044
120099 144988
826867 1639339
11882678 11398238
179 1251
4570540 464702
21636952 21041244
21787563 21787573
21875542 19100351
10855878 219628
21725056 21725063
21771032 4649264
4585485 4597168
14704642 12869234
21642045 5602428
10790780 10790786
15537209 9094592
21766973 21766977
7067381 444963
21839233 11411744
21686944 21203148
11838071 372719
3611279 753936
34000038 10738171
16370 54826
21835888 2365886
3155531 3626686
15198832 2080981
2300173 91965
39117366 39117370
5064961 5064987
1949110 2722549
21673995 8194149
39117782 11421459
34026917 15207635
21649767 21649775
21693280 2016279
3611427 3934587
15537741 15537746
21794641 12082563
21700036 3953736
15550683 11789963
7130409 7130450
21810052 20731726
34050532 4938034
21953900 21953905
12216645 11438335
21655093 11439714
14706040 14706048
9786743 9786752
21758458 4981697
9786758 9786778
21630396 13826619
12871036 100776
21749244 21749249
10344834 651
15201802 15201805
22083654 19980891
15395735 1505440
21725741 872212
11873563 506482
21874079 21874086
33674472 33674477
21885441 79928
21754137 21754142
21614491 12709308
15410445 146871
21733734 21733739
7914119 7914143
14622238 14622243
21751073 18265566
15194933 15194942
21863054 21863060
5012080 5012088
21784407 21784413
21817125 7802853
15191655 15191662
807442 120745
15249252 15249258
21831084 21831087
12889313 12889344
2658220 3275661
21762970 21762980
1593065 2450579
15592774 15592782
21799687 19603898
21688893 21688898
12868055 9766169
9842400 9842419
21868399 21868405
5874121 5874137
21804209 21804217
34895847 34895853
807447 312775
15581868 15581873
11926763 11926767
21695137 20961435
21667446 21667453
8671652 8671668
21741090 21741099
14488614 14488617
15394921 15394925
7130409 7130451
802279 156164
21685327 21685333
21752019 544049
15190974 15190984
21624360 21624365
21624362 21624374
13061563 13061571
87997 98444
21796551 21796553
21958159 21958162
21895977 21895981
21957635 21957640
12266010 12266018
21782733 17270998
15192118 15192124
21675185 21675189
12339600 12339608
15196932 15196939
15253847 15253853
1640427 2483438
39117909 39117911
21854426 21854431
14535870 14535885
10331027 7797032
21651561 21651566
21908181 21908184
21824086 19012846
21774524 21774531
34945906 34945909
14280551 14280559
37862894 16531475
21811110 21811115
6917726 342241
21738480 21738487
9870373 211889
12260607 8556629
13157295 181478
10036141 332521
7364153 1350269
21722327 21722334
825264 679209
1606871 2456819
21613853 21613858
13169773 11477277
21778193 21778198
15540609 15540617
12898000 12898006
12905899 7006005
21830245 21830250
1720689 2556457
15191940 15191949
21750397 10375136
12873033 291513
14622626 14622633
21736333 21736339
9786521 9786538
11831910 11483428
21859847 11037348
33998469 33998474
15380810 15380814
12344115 12344122
2594595 135881
15497578 11487818
21676887 21676892
21681199 21681206
11876664 11876674
21930454 21930458
21884681 21884688
11888063 11888068
12958177 12958190
21921735 21921740
11857424 8381520
33863363 33863367
21935449 21935456
2459266 3138172
39117527 39117530
34005677 34005681
21927889 21927892
21905559 21905568
4768748 4769417
15557885 8618270
11457087 11457100
12331094 12331108
21673366 21673370
21634546 21634549
21717331 19502932
15191157 2049742
21772633 1125088
21739892 21739901
21948909 21948915
4848572 3096369
21941025 2103398
21905219 21905224
21879594 21879598
4566265 4581511
2526299 22782
21636332 21636336
3930171 4137240
12907532 12907551
10282838 2020960
15209833 15209840
1857131 2658207
21646758 21646763
21735685 21735691
21692182 21692187
39117347 39117350
41723990 3348958
11884666 116956
21863901 19220438
21682882 21682886
21668518 15003604
39117440 39117445
39587107 39587109
21858570 21858576
15191197 15191205
9933611 9933626
15384189 15384194
21767114 9633306
3251256 320314
21722095 21722103
21747901 21747910
2351790 929485
21892063 21892071
21842262 20525388
4434627 4477771
21830007 16904368
21663157 16911316
15222156 15222165
120500 392447
15586709 15586716
21711734 21711740
21854119 21854126
21656940 21656951
14155795 14155820
21896957 20961200
21930693 21930700
15253474 15253486
15399138 15399141
21703275 21703286
9203979 9203997
21948981 17582776
21745903 21745908
21931916 16912223
21702305 21702309
21854519 21854525
21871089 21651879
15227508 15227519
15255652 15255660
11849124 11849134
15401010 4256701
9817125 9817136
15400994 15401008
34856437 34856443
21743505 21743511
21916551 19703499
21853622 21853630
21746054 21746064
21771321 20418133
21618759 21618764
1733589 67201
21683576 21683582
11775121 11775132
21859371 21859375
14587874 11531464
12902644 12902655
11128156 11128172
34930742 34930745
21677045 21677047
21857303 21857309
4638185 325206
6705052 6705079
3628376 3947484
15497490 12685815
21917222 21917230
21866862 21866869
4288846 4374369
21789051 21789061
21620527 21620535
21658079 20256051
39117139 39117141
12866327 12866341
21686318 21686326
21942155 21942161
15775504 15775513
39117633 17389551
21953953 21953957
21828911 21828921
13468427 343709
12559801 12559810
21841056 21841062
2511799 330582
21919318 21919325
5531990 5532016
11922957 11922967
15247859 15247873
21798556 21798561
15571112 15571116
21656626 21656633
21908258 17282973
15397307 15397313
21834217 21644619
3194801 454693
21901406 21789628
12910315 10316672
285586 38525
41723991 41723992
14567201 14567213
9786465 880008
21654069 21654076
21654069 21654077
15585361 11548338
12148180 2316672
13150515 13150520
3935177 4141389
21863684 21863691
11880049 11880056
21917207 21917209
15244069 15244077
15222914 15222925
21864080 21864086
21749019 21749027
21633384 21633398
11853662 234893
1401558 2275709
14485429 1603081
21873853 21873861
21954601 21954608
11870889 220189
9786304 89895
21736201 14633680
21952952 11555981
2904461 3444959
21758502 16861997
15433376 55086
369002 968280
21633382 21633387
11871803 11871815
11885976 1057139
15244042 15244051
13522283 13522296
21907153 21907159
15600477 15600485
21894005 21894009
3385039 3783879
4538984 4558627
21669654 11726600
21736551 21736557
1297223 39291
21642728 21642733
21702465 21702476
14544732 14544739
9769083 9769095
21742865 21742869
9769447 41757
9791185 9791191
21636350 21636355
12913985 224129
21872487 526498
21919739 21919748
21806841 21806848
21853341 21853345
11833326 221494
14670726 11567957
4666079 4671700
14281632 14281637
21855910 8416772
21650969 21650986
15260964 15260970
10331027 10331039
21696094 12103635
10330892 10330903
15260745 15260752
15384134 15384142
15198025 15198035
15187341 15187349
82052 283829
11875617 11573328
405032 52567
21640640 21640642
21948736 21948741
15191030 15191050
10313387 10313403
21947295 21947300
21719345 2301307
15208556 15208569
21767883 21767891
1118608 1990170
15215231 15215239
21722705 21722714
4288080 154372
35531847 35531849
12360426 12360439
21743237 21743244
10278784 10278801
21804830 21804838
9931099 101167
21898545 21898549
21862321 53777
21639902 21639911
21805616 21805622
21622192 21622208
21743546 21743551
10443562 5598
15568136 135210
15231256 15231261
39117809 39117813
21672684 12835710
12167348 12167360
21672161 21672165
14559781 274265
21816621 21816631
21861142 21861146
11944014 11944017
4532739 997779
21843706 21843712
21698190 21698197
21962671 21962673
21883947 21883951
32975475 32975478
15226639 15226646
15196899 15196907
21857486 12932481
14289425 14289436
10626260 10626275
21643018 21643023
13465426 13465436
21642819 21642822
21952332 21952336
21945122 21945128
21949084 21949086
15196932 15196938
13057592 13057603
33729006 20724539
11911519 11911525
34060240 34060241
21774130 21774136
21822361 21822369
9875185 9875205
9662275 9662292
10650251 10650305
21620683 21620695
11921148 11921155
21703344 21703347
21634546 21634560
21947141 21947144
11875123 11875127
21806206 21806212
12889972 12889981
21623625 17187047
21642085 17184970
15261658 15261665
7363328 1139130
32619448 32619452
12871034 5159
21716740 587007
21724379 21724384
15197017 15197023
21780653 21780658
15395332 15395338
34006007 34006011
15257019 10844560
21816521 21816524
34012191 34012194
88015 80893
21883467 21883472
21949356 21949362
21898341 21898343
21805246 21805250
15574792 15574797
2451386 3130977
21632908 21632910
8512397 87580
21703169 21703173
15587412 15587417
21847803 21847807
21729073 21729076
15247613 15247620
21682097 21682103
13161207 12292364
21860541 21860545
21641995 21642002
15225585 15225603
326636 886299
3130983 3607365
21791753 21791759
21960615 21960622
12316309 12316319
21909118 325559
14407784 14407790
4166291 4295004
11669584 317168
4623817 4632826
21672188 21672194
21871539 21871543
15247641 15247650
15259331 15259337
9477995 36005
15219370 15219376
1771123 2585393
9874895 9874914
21665872 21665878
21815833 21815837
15193964 15193974
21952274 17273039
4652779 153227
4139335 4277426
21909087 21909096
21622192 21622207
21832285 21832292
4611041 117483
21845986 21845996
3365402 3770740
12226950 12226955
21777250 21777258
15253850 15253858
21639155 16763329
34006290 34006293
21760835 21760842
21797833 21797837
21656245 21656251
15567985 1966697
14590067 14590071
21870040 21870046
15384535 15384540
21952316 20525000
21696230 21696236
15191854 15191862
21830338 21830343
21819650 20681314
2460982 3140209
2459025 75379
9786872 2840383
21818351 21818360
8777789 8777813
15197475 15197482
37891516 1221166
21659909 21659928
21887997 21888004
39117587 39117592
21855661 21855665
21901092 2491463
35535550 35535551
35534690 35534691
15191790 15191797
15243007 15243014
445903 1097466
21660571 21660577
15193558 15193578
11870943 8748621
21805407 21805415
33779816 33779824
15592651 216735
15444226 790530
1594120 2451343
21868266 21868276
11501922 11501948
39520876 39520878
15191147 15191153
13060289 13060306
13020584 13020591
21925872 2514780
11146225 11146237
21805927 21805933
15423368 15423376
21961749 21961754
15191075 15191086
21722687 21722693
21898063 21898069
11860186 101710
12315160 12315174
21705708 2857886
33653385 33653389
21953557 21953561
21780568 21780574
21652233 21652239
15592687 15592694
34009743 7752056
10853994 376170
15448216 4146631
21680716 1041305
37882620 37882621
21628590 21628606
15505069 1050143
15225722 15225734
21865758 21865765
1733752 325059
21869471 2758068
11838228 1601866
12562173 220352
15564411 15564418
15587903 3342102
2566718 321066
15197115 15197123
33657949 33657954
21896884 21896889
9872307 889479
15191214 15191224
21769192 21769195
2482662 3157322
11887072 84663
15192152 15192159
15241134 15241143
9926768 1635285
6410221 6410239
21741978 21741981
21719976 21719982
21877273 21877276
15245894 15245902
21652708 13499446
21889669 21889673
15210006 15210016
21657924 21657928
21913789 21913794
10346805 1310530
4241769 4345671
10278793 10278838
21681807 21681812
1946281 2720033
21647978 21647983
3935277 4141472
288645 552680
500914 1189341
21630881 21630884
15568170 3730470
15390283 15390286
21643076 21643090
21783395 21783400
21927174 21927181
13251707 40899
14481777 367955
3900525 284546
21616871 21616878
21884028 1116318
15191634 15191642
21741023 455474
11863933 11863940
21904794 21904800
4313981 4392115
21741540 2049289
21915790 2395160
21904794 16750850
21619484 212375
21787031 21787034
4428372 207727
1588247 51524
11892356 2120284
41723994 792938
3848021 4084557
807435 1031032
15191128 15191139
21694101 21694107
21851891 21851899
21654535 21654542
21758976 21758984
21915688 2197648
14703802 14703811
36654678 36654683
9884640 153672
21722502 21722519
9912740 107608
21715867 21715875
6610447 6610461
21732415 2242797
1297222 144350
11882080 430087
21627740 21627742
10650239 10650278
1830144 26982
15191101 15191110
14704841 14704848
21704498 18127007
21742699 525304
7632634 1858363
21802157 1964280
12216373 12216389
15197001 15197011
15589415 15589419
21882468 21882479
15588480 15588483
15191257 15191264
807433 177264
21787182 21787188
15240615 15240622
21859722 1082742
11889599 94929
14508951 1178126
14612846 349750
21622790 285039
21923614 1149289
21698190 21698198
11830948 451319
15568073 149279
2450690 218290
15197157 15197167
21816534 21816538
21754290 3216504
21855001 5838699
14651750 14651757
21762896 483229
320741 222322
21620964 21620969
21866733 377302
21702435 21702441
21705083 306906
11881969 347716
11875112 365308
13469281 54585
30611359 30611374
15203216 15203230
12365559 12365572
21657524 21657548
21720875 21720884
11501913 15210
3134808 2974595
21870546 21870551
8165549 406528
21827686 21827688
21880394 21880399
21751278 21751285
21702159 21702166
21805540 21725714
4166296 4295052
21907338 6360093
21828032 178785
21638536 21638539
21799244 371247
21669836 21669844
871377 756702
37879962 37879963
15197149 15197154
21748817 21748824
21792072 21792077
39117734 39117738
21939560 21939566
21938390 3693935
6628210 1578418
21940845 21940848
21787760 21787765
15191379 15191390
11881363 538208
21720113 21720119
21818340 18554626
4105056 4254481
21639904 21639921
11857631 321188
15186247 15186257
11849180 6205031
13150250 149326
15404445 15404450
15191622 15191630
15216179 15216190
13155568 13155574
32971417 32971422
34088504 34088509
21739772 21739777
21765414 21765418
12145220 12145228
11833209 1636459
41723997 21700373
39117653 39117655
15240990 15241003
33868187 33868192
21733847 21733853
39117653 39117656
21877281 21877290
21782522 21782533
3229700 457808
21892063 21892072
15239523 15239532
13452374 1420303
15222741 3099348
21751251 21751255
21935954 7424795
15218736 15218744
21858161 21858166
21798090 21798095
21879993 21879999
15226958 15226967
21689940 21689948
21668520 21668595
21758414 21758420
1701631 141377
21898953 483502
9921486 9921508
11877375 1683211
15191907 15191920
15221080 15221089
21797865 456831
5811933 5811962
923162 316876
21916367 21916373
15191416 15191423
14409929 1657752
9853902 2139702
3137255 124901
21612720 21612726
15197042 15197047
21694936 405799
21753085 21753090
21868201 21868208
15231336 15231345
21656159 21656167
21736926 867090
1593069 385576
4137780 4276497
21677648 3674315
9877911 787361
7363333 6504918
807463 54618
15489364 137782
21782522 21782534
11547885 11547892
11873354 224130
21907609 109199
21739320 21739325
6705052 2946698
10291416 45586
11855626 41923
15191400 15191409
3976606 1392827
15191321 15191335
9982137 4409249
21752053 21752058
11851602 108682
21806180 21806189
21706603 21706608
9931847 91809
39117666 39117669
15196967 3306668
15384358 1693435
15415220 99946
4699440 505864
12245296 12245310
4431206 52727
6310070 332902
15192202 15192210
21665066 21665074
11867356 101775
14228205 14228214
8224500 3357349
4775101 84327
1326928 2198760
21845328 21845332
21788473 21788478
21938547 21938553
21614703 21614711
21786757 21786762
15400158 231324
9786478 397789
826346 18476
15239315 15239321
15218487 15218495
1002832 156094
21927646 21927653
13148276 661928
21645838 16282002
14034059 1321397
7100497 36044
21785152 21785160
34893506 34893511
15197223 15197232
21627428 21627435
15192135 6104336
21728409 21728415
5408209 1369617
4697561 4701133
1707421 2537860
33675017 33675019
12884924 3250762
7253770 5148138
12853347 672300
4604238 4614533
4476011 43218
15411696 180837
21775374 21775377
33863363 33863368
21636798 21636805
10324855 892544
1733629 2567291
14589028 14589041
33939139 33939143
301902 826684
39117287 39117289
14291543 14291554
15191775 15191782
88005 301787
34009841 34009846
4954559 4954595
997000 142067
9899515 3595783
15241828 15241843
21720091 2335839
13149304 333539
21946795 2468723
15098480 21713
39117143 39117145
21671298 2468581
15433883 2773062
12273151 12273164
37882382 37882383
15393652 6878548
21884961 21884969
4664173 325745
6405073 1344273
21823109 21823112
15191266 15191274
13877453 345852
4719039 447987
21734701 21734708
15478074 628327
21926583 21926588
21728612 21728616
21865292 17644455
15383982 15383988
10345298 10345354
21675201 21675205
15585334 13615534
12187820 12187845
21852611 21852613
12552263 2988797
30394452 30394456
21679218 21679226
2482662 3157323
21660788 21660795
15221055 15221064
15568228 825492
21726754 21726758
15201688 558693
21738925 21738932
15190922 15190931
21825465 21825472
15193254 15193263
11857876 913812
21702764 18997638
32976987 32976991
21732756 21732759
21731794 21731799
9105819 9105829
14645130 14645150
21731274 21731280
39228283 39228285
7203353 878081
15197259 15197268
11721643 579808
9890712 54827
21769679 21769686
21870972 21870980
15411785 345526
9786282 481991
21635561 14295332
41723997 41723998
37681533 28798987
10097576 1527137
21798514 21798517
4295154 4378491
11882696 11882709
21903705 21903711
21674303 1898090
21959666 7197070
9770811 3774731
41723999 41724000
21643727 1048570
1642258 2485369
14547235 14547241
4573634 2868504
15228787 15228793
11867892 361086
2436663 3118754
15196881 15196889
11855234 676825
21781110 21781117
15191289 15191298
21897659 21897663
21743348 1640744
21908073 9935555
21630797 21630804
15204160 15204168
9766602 9766611
21779116 15207159
10320064 10320073
21792030 126506
15197094 15197099
15221382 15221394
21620060 21620068
15200164 15200172
15227508 15227520
39590343 39590345
21804533 21804541
11869942 50520
15382580 2947916
15200064 15200072
14531407 125277
15220206 15220216
1593061 50088
21651626 282561
21691024 21691028
15399427 2218432
15200080 15200096
9785825 18171
11889780 82487
4166874 1785574
39117384 39117388
15229493 15229501
21699276 21699283
15394674 190197
10853135 10853145
902086 337567
21636548 665684
21650261 21650266
21853892 21259157
32980594 32980600
21615485 21615511
9870009 628417
6913941 109138
3920801 4130333
33939140 33939147
120095 265994
14664670 14664677
21727043 16686008
11853913 11853920
15241774 15241785
21929009 21374190
9869059 671647
14489478 783454
9787076 862911
583729 1304219
15212625 15212633
13011780 13011783
15222238 15222245
21677507 17395025
11748513 970727
36750323 36750329
21773812 21773819
15433662 190184
4608708 121586
15203416 15203429
14583685 2633058
88012 94447
41724001 9832836
21828477 21828483
21729589 21729595
4600314 4610891
14582128 7376591
14488493 14488497
1401811 2276208
326610 62851
9255864 53550
9913115 232959
21902428 21902436
4527146 4549315
15592419 541514
21767013 18218203
15247701 15247709
15235811 15235817
4651176 4657940
12202001 12202015
15206275 15206281
21864467 21864472
10339690 393031
21834819 21834823
4229142 305554
33674957 33674963
39117342 39117345
15496646 491090
2158506 1045958
21795470 1277807
21839850 21839855
21641093 21641098
21708099 21708110
10320632 10320653
15211883 15211890
4653279 4660060
10810182 430159
1640426 55627
4619228 788822
1638553 103242
14528976 14528982
15240869 15240878
11868956 861068
14976204 832
15202737 15202743
21777681 542367
11883462 165239
21853202 21853209
21805540 21805545
10328727 10328732
15206466 15206474
13150131 70251
21640959 21640966
21661983 1648310
15247125 15247131
21925021 21925026
15210878 15210886
21850017 21850022
21702710 21702717
11861542 2659748
33688799 33688804
21787138 21787146
15510310 105148
15246399 15246406
21903009 21903012
21782838 21782843
15211523 15211531
21816279 21816286
39117713 39117715
12265307 12265350
13878680 13878683
21792204 21792213
14528945 2893292
13158940 2516497
21766866 4309054
15229229 15229236
21676508 21676516
28383274 28383281
2612142 416232
996995 567077
15228082 15228087
21669739 8116604
21918137 21918143
21781788 1061320
7710850 836468
15246935 15246943
3679116 3976413
21630432 21630441
15215515 15215524
21775075 2654743
21667493 21667497
4435687 40038
9974078 846811
21722367 21722373
11672361 711369
39117882 39117885
15246858 15246869
21632220 18050260
1593929 141257
13147824 3860685
39117413 39117416
21621522 21090435
21817705 21817710
21656968 21656972
12213664 650240
33729958 8652561
15216263 15216274
14706393 190728
225577 393885
14271869 2264589
21771553 21034187
11884368 4741775
21624089 21624095
15221102 15221107
21733591 15478437
15246238 15246276
1946280 2719995
1946282 2720057
301320 118312
4678694 2948319
6880635 648822
21889459 21889464
2649586 1226358
21740216 21740221
