4078843 4233250
4142590 4279933
3992764 4178157
3993721 4179729
35661969 35661970
3937327 4142657
33327878 33327886
4302748 4384279
3384832 3783518
3992722 4178107
35672651 35672652
35666211 35666212
2192901 2930296
35638608 35638609
3992604 4177968
35741908 35741909
35638438 35638439
3384481 3782425
4205662 4319700
4036936 4204838
3993276 4179156
3384568 3782866
35672439 35672440
35743259 35743260
4036792 4204708
4036517 4204256
35673894 35673895
4036768 4204659
4036841 4204770
4142406 4279820
35669595 35669596
4142532 4279909
4394868 4448709
3992913 4178373
3993767 4179800
4036738 4204612
3993083 4178716
4318896 4394846
4036541 4204282
3839322 4078929
3384484 3782461
4302730 4384265
3783476 4038210
3613880 3937051
4036589 4204370
3992757 4178150
4036406 4204138
35638468 35638470
3992432 4177375
4319438 4395238
35739457 35739458
33328829 33328857
3992695 4178066
3993738 4179752
3783657 4038434
35740656 35740657
3992127 4176512
33327210 33327211
3992817 4178212
35672416 35672418
4036531 4204276
4384573 4441411
3783475 4038200
4319189 4395041
4036177 4203773
35669597 35669598
4036789 4204703
3993203 4179099
35740368 35740369
3783004 4037485
35637871 35637872
3783012 4037505
3384526 3782641
35741941 35741942
4078283 4232725
4384369 4441369
3783190 4037642
4205021 4319415
35669331 35669332
3992311 4177024
3384707 3783158
3993070 4178693
35674534 35674535
35669447 35669448
35743227 35743228
4037430 4205248
3262790 3703826
4302905 4384379
4204965 4319396
4036994 4204902
4319539 4395288
3783264 4037821
3783477 4038214
35742021 35742022
4233213 4339704
3992135 4176528
3992234 4176828
4302756 4384284
3613796 3936244
4204415 4319085
35741739 35741740
33329032 33329034
3992626 4177991
4302753 4384281
3992176 4176590
3993412 4179340
3992047 4176291
3262792 3703853
4037454 4205272
4037552 4205355
4233317 4339759
3992418 4177347
4204114 4318978
3384752 3783367
4178246 4303020
4036405 4204133
3262834 3704121
3993370 4179259
3783210 4037686
3783209 4037682
35674552 35674553
35636819 35636820
35636802 35636803
35638619 35638620
3992065 4176327
35668976 35668977
35740483 35740484
4302647 4384239
35637345 35637346
35740350 35740351
3993333 4179230
35670037 35670038
3465967 3839418
33329712 33329714
3384322 3782156
3992746 4178139
4302831 4384323
3613936 3937458
4036504 4204242
4179346 4303293
35662022 35662023
3992510 4177703
3993346 4179244
4038414 4205637
4302986 4384473
3992124 4176507
3993195 4179084
3384537 3782679
35742760 35742761
3613902 3937163
35672063 35672064
4038074 4205484
3613908 3937248
35638173 35638174
3992901 4178345
3613775 3936101
3992295 4176987
3262768 3703476
4123666 4265932
35638285 35638287
4205433 4319598
3384561 3782802
3384493 3782562
3993743 4179770
4303113 4384552
3262765 3703438
3992130 4176517
3783308 4038041
33329029 33329031
3262748 3703152
4205394 4319584
4205023 4319418
4142483 4279876
35741756 35741758
4318926 4394883
35658296 35658297
35669633 35669634
4205349 4319573
4303295 4384732
41724791 41724792
3992787 4178179
3993499 4179428
4036546 4204289
3992390 4177256
35741018 35741019
3993236 4179116
35743044 35743045
3384694 3783102
3992299 4176992
4037158 4205083
4488289 4519171
3613925 3937355
3384544 3782695
35739775 35739776
4303321 4384747
4036316 4203982
4036418 4204146
35673510 35673511
35743129 35743130
35672447 35672448
3992400 4177277
4178092 4302996
3783006 4037487
3384480 3782403
3613969 3937607
3465793 3838081
35743349 35743350
34863101 34863102
35740627 35740628
3262759 3703340
3992382 4177252
3465940 3839212
4205176 4319498
3993718 4179726
3992571 4177872
3993176 4179022
4037089 4204998
3384691 3783092
3992605 4177969
3992756 4178149
4142938 4280087
4078043 4232343
3465788 3838052
3783480 4038240
35741765 35741766
3384757 3783423
4233218 4339710
3992313 4177025
35743025 35743026
35658472 35658473
4078023 4232334
3384307 3782007
4318881 4394832
4036402 4204126
35669279 35669280
4037288 4205166
3465794 3838111
3783005 4037486
3992223 4176733
4036857 4204789
3262778 3703585
35738961 35738962
3992213 4176679
4483187 4515133
3613827 3936633
33327843 33327844
4142537 4279913
35672669 35672670
3992926 4178384
3993612 4179557
4179373 4303300
3783701 4038603
35742019 35742020
3262769 3703480
4036491 4204225
4036383 4204100
35669296 35669297
3613855 3936884
3613961 3937574
4279784 4369229
3783199 4037653
4142589 4279932
4178089 4302993
3613968 3937606
4036331 4204029
3992206 4176632
3384472 3782334
4441397 4483211
4038380 4205609
4303076 4384527
30840123 30840124
4176477 4302605
3993695 4179695
3384302 3781960
35738313 35738314
4036829 4204760
4036588 4204365
3783483 4038253
3465907 3838954
4448925 4488459
3993745 4179775
35638671 35638672
3613808 3936455
4036833 4204766
3992078 4176435
35743080 35743081
3613813 3936516
4038394 4205626
4319108 4395000
4395202 4448896
4078116 4232451
35738329 35738330
3384706 3783149
35738344 35738345
3613897 3937117
4078921 4233311
3465830 3838435
4036543 4204285
4078375 4232851
4036307 4203976
33057004 33057006
4205397 4319587
3262786 3703773
3992214 4176693
33300527 33300528
4319467 4395255
3993257 4179143
4458219 4495180
3465865 3838876
35741504 35741505
3993398 4179308
4036467 4204201
3993332 4179227
3384303 3781963
3992739 4178131
35740299 35740300
3992278 4176972
4036644 4204490
4302649 4384240
4142355 4279790
35672090 35672091
3993248 4179123
35660297 35660298
3993251 4179128
4319408 4395223
35658518 35658519
3992644 4178010
4036747 4204623
4142497 4279883
4036893 4204810
4142905 4280071
3992264 4176950
3262762 3703403
4384269 4441347
3992521 4177748
3992052 4176301
3993615 4179566
4339502 4408971
4123681 4265938
4038411 4205631
33347842 33347843
4302935 4384441
3384678 3783057
4279785 4369230
3384682 3783065
35661126 35661127
4036247 4203883
4205546 4319639
4079064 4233477
4142534 4279911
3993631 4179594
38083515 38083516
3614027 3937815
3384751 3783366
3614012 3937759
3384309 3782021
4302787 4384317
4036831 4204764
3783677 4038533
4038608 4205706
35638434 35638435
4142937 4280086
3613971 3937611
4319466 4395254
3384285 3781715
4302646 4384237
3992257 4176930
4142678 4279960
3613964 3937584
3384264 3781340
3992533 4177799
35636796 35636797
3992911 4178371
3993157 4178945
35669287 35669288
35670019 35670020
3993576 4179529
35638432 35638433
3613887 3937067
35738977 35738978
3992897 4178329
4142942 4280093
3993327 4179222
3613835 3936663
35636882 35636883
4037446 4205264
3993224 4179104
35672579 35672580
3613774 3936093
35741949 35741950
35638598 35638599
4232870 4339542
4232755 4339456
4409046 4458187
3614036 3937896
35673722 35673723
4036983 4204885
35743281 35743282
4339308 4408820
4233559 4339812
3384741 3783244
35637932 35637933
35638411 35638412
4178039 4302976
3993020 4178548
4078439 4232924
4448738 4488309
3384334 3782242
3992077 4176430
3384675 3783033
3613800 3936337
4319015 4394952
3993684 4179675
3613984 3937631
4038056 4205474
3613986 3937639
3992204 4176631
3384277 3781572
3783640 4038431
35738348 35738349
4204429 4319090
3993249 4179124
4038388 4205619
4205613 4319669
3384255 3781175
3992381 4177251
4036444 4204171
3384263 3781323
35637319 35637320
4037115 4205017
3993330 4179226
33328494 33328495
4302953 4384460
41724793 41724794
3992342 4177126
4177442 4302886
35669440 35669441
35739742 35739743
4036993 4204895
4395199 4448894
35743369 35743370
3992492 4177634
3992150 4176538
35743279 35743280
35654093 35654094
3992416 4177339
4142803 4280029
3992699 4178087
4303192 4384647
3465968 3839420
3838831 4078544
3993382 4179268
4036380 4204092
3992948 4178423
4303317 4384742
3992080 4176446
35636798 35636799
4078572 4233138
33329700 33329702
4302636 4384215
3839129 4078738
35743140 35743141
35672317 35672318
3993406 4179329
35637126 35637127
4036879 4204807
4205046 4319432
3384662 3782965
4036176 4203772
3992459 4177428
4036319 4203999
3992960 4178467
3993151 4178906
3993167 4178980
4078489 4233086
3992698 4178086
3384268 3781445
3992991 4178512
3992198 4176615
3992330 4177056
35738911 35738913
4142399 4279810
4142391 4279804
35737899 35737900
35673600 35673601
35737901 35737902
34946982 34946983
35638381 35638382
33327310 33327311
4078332 4232781
4036255 4203897
3992650 4178014
4319032 4394960
33329601 33329602
4559450 4575245
3992675 4178035
4302670 4384248
35637324 35637325
3993531 4179448
33291701 33291703
3783639 4038426
3384313 3782058
33329327 33329339
4036640 4204480
35738331 35738332
3992487 4177580
4319039 4394967
3992406 4177287
3993455 4179382
3992477 4177529
3992809 4178205
4036290 4203968
3384685 3783072
3993512 4179437
3613903 3937166
35673649 35673651
3992607 4177972
3992064 4176318
3384683 3783069
4036778 4204684
3262817 3704048
4078039 4232339
3993265 4179148
3384852 3783629
4205573 4319650
35642588 35642589
33328682 33328683
4205165 4319489
3992959 4178465
3384278 3781577
3992360 4177193
4302618 4384200
35673574 35673575
3992522 4177769
4142675 4279959
4036758 4204645
4036487 4204223
35639268 35639269
3614048 3937924
3993388 4179283
3384755 3783417
3992873 4178273
4448790 4488365
3783202 4037656
3992696 4178072
4038405 4205630
3783010 4037495
33274166 33274167
4302940 4384456
4441364 4483189
3613940 3937487
3993062 4178651
3992826 4178225
3993744 4179772
4205164 4319488
4036436 4204155
4078282 4232724
3992688 4178063
35638651 35638652
3384508 3782607
3992151 4176551
4038109 4205515
3783212 4037717
35742070 35742071
35741906 35741907
4204589 4319168
4303392 4384765
3992730 4178119
4142288 4279769
35638385 35638386
3992475 4177512
3384704 3783130
33329463 33329465
3992601 4177964
4303124 4384558
35673528 35673529
3783001 4037481
34899768 34899769
35654105 35654106
3783208 4037664
4205672 4319708
4205330 4319554
4037206 4205128
4037088 4204997
3465861 3838858
4279755 4369219
3993713 4179724
3262831 3704107
4205683 4319711
4279854 4369254
3839663 4079325
3992041 4176287
35636792 35636793
4233214 4339706
35741767 35741768
3782257 4036903
3992937 4178399
3384571 3782876
3992996 4178514
35638270 35638271
35743072 35743073
35658749 35658750
3993394 4179302
4037171 4205092
35674605 35674606
4142422 4279833
4123685 4265940
4204116 4318981
3992494 4177642
3993169 4178987
3992195 4176612
35740341 35740342
3992235 4176832
3993562 4179488
3262832 3704108
3993281 4179166
35742764 35742765
4037093 4205001
3384513 3782613
4078263 4232687
35658900 35658901
41724795 41724796
3993450 4179376
3992896 4178327
4078947 4233327
4395031 4448775
3614013 3937782
3384265 3781346
35636790 35636791
4394931 4448720
4319065 4394988
4280062 4369311
4078114 4232435
35740631 35740632
3783215 4037735
4319455 4395246
4078057 4232350
4036265 4203945
3613812 3936509
35743199 35743200
3992997 4178515
3993556 4179480
4036529 4204274
4036668 4204503
4078709 4233221
3992359 4177182
3993462 4179393
4036267 4203948
3783702 4038604
3384258 3781260
3992597 4177947
3782536 4037049
3992242 4176886
4037416 4205233
4519268 4543400
4038384 4205611
4037536 4205332
3613783 3936178
3992503 4177672
3384477 3782377
3992953 4178445
4519266 4543398
3614018 3937796
4036489 4204224
3782997 4037471
3992595 4177943
34946963 34946964
4205173 4319494
4036473 4204207
3465791 3838077
3992567 4177861
33329592 33329596
3992617 4177983
4303232 4384702
4303222 4384666
4142366 4279798
35741008 35741009
3262840 3704180
35636751 35636752
4204013 4318931
3992545 4177820
4302728 4384263
4036540 4204281
4078412 4232908
4036228 4203852
4078046 4232344
4339653 4409036
3992583 4177905
4036634 4204478
3384765 3783439
4036680 4204540
4339686 4409043
3937754 4142888
4036560 4204304
3783304 4038035
35743127 35743128
35673542 35673543
4036278 4203958
33329285 33329292
4177289 4302858
3993127 4178831
4037222 4205136
4448927 4488461
3992245 4176909
35743136 35743137
4204969 4319398
4036567 4204336
35636811 35636812
3613868 3936996
33345875 33345876
4079260 4233576
4123668 4265935
3783671 4038466
35673989 35673990
4319387 4395204
35670034 35670036
4204732 4319259
35741588 35741589
3783696 4038586
3992573 4177874
3992840 4178229
4205379 4319580
3262837 3704163
4036513 4204248
35638398 35638399
4078260 4232684
4205422 4319593
4395205 4448898
4036816 4204740
35741541 35741542
4319060 4394981
35673488 35673489
3992552 4177829
3992462 4177448
3993487 4179404
4078122 4232453
35742011 35742012
4204413 4319084
3992529 4177794
4036282 4203960
3384749 3783358
4142802 4280026
4279997 4369292
35638491 35638492
33328030 33328032
3993138 4178890
35661999 35662000
4036731 4204595
3783667 4038451
4369259 4431034
35738252 35738253
4319079 4394992
35673578 35673579
4559454 4575258
3993351 4179253
3262781 3703659
3465913 3839096
3613944 3937510
35741071 35741072
35668917 35668918
4204231 4319004
3782550 4037062
3613930 3937403
35733362 35733363
4078837 4233246
4142468 4279860
4319109 4395001
3782858 4037254
35743131 35743132
35638349 35638350
3937620 4142827
35638132 35638133
3613826 3936625
35672444 35672445
3992526 4177781
4233216 4339708
3781948 4036663
3839135 4078764
3384500 3782584
4036659 4204498
3993097 4178732
3992181 4176597
35738812 35738813
35673656 35673657
35741108 35741109
4384266 4441344
4142524 4279906
4205178 4319499
3993564 4179503
4037415 4205232
34946975 34946976
3992760 4178153
3839158 4078827
4319053 4394980
3384347 3782272
3993552 4179473
3783311 4038042
35638436 35638437
3993081 4178714
4036240 4203873
3992193 4176610
3384847 3783614
3262813 3704029
4036387 4204102
4302724 4384260
4036566 4204325
4319019 4394956
4142579 4279927
3262749 3703183
3384297 3781911
4142339 4279783
3992225 4176746
15262795 15262800
4036486 4204219
4384186 4441310
3384558 3782772
4448786 4488364
35645690 35645691
3384345 3782269
3262791 3703827
35743076 35743077
35743289 35743290
4205543 4319633
35672654 35672656
4036786 4204702
3613958 3937567
4319440 4395240
35673586 35673587
3992863 4178256
4037178 4205103
3992453 4177419
3993452 4179377
3993189 4179044
3783274 4037887
4037565 4205363
3782999 4037478
4319052 4394979
35741436 35741437
3613891 3937070
4302635 4384212
3992363 4177204
3992310 4177019
3992508 4177696
35738512 35738513
3992577 4177887
4037518 4205305
35673567 35673568
35661996 35661997
33328798 33328824
34946984 34946985
4037544 4205337
4037193 4205120
4036672 4204516
3992100 4176470
4302768 4384293
4038075 4205486
3465768 3837865
33329632 33329634
4036796 4204712
35741933 35741934
4302726 4384262
4303322 4384748
4280014 4369300
4078491 4233088
33328449 33328451
4233321 4339761
35672070 35672071
3783297 4038008
4319148 4395019
35661829 35661831
3782883 4037341
3782551 4037063
3992485 4177573
4319268 4395078
3992853 4178240
35669342 35669343
35658892 35658893
35638268 35638269
4302876 4384356
4037553 4205356
4037458 4205277
4036390 4204107
4204582 4319162
3992727 4178116
41724797 41724798
4204227 4319000
3384763 3783435
3384271 3781474
4037512 4205296
3782441 4036971
4319277 4395085
4142400 4279811
4036318 4203986
3384748 3783354
3993228 4179111
3993023 4178554
3992066 4176331
3384326 3782199
35669498 35669499
4037125 4205032
3839131 4078751
4038404 4205629
3783253 4037785
4036251 4203892
4078924 4233313
3937755 4142889
3992297 4176989
35743155 35743156
3993436 4179364
3993013 4178542
4177268 4302854
3613885 3937065
3993129 4178835
4036519 4204262
3992791 4178192
4036525 4204267
35743007 35743008
4078894 4233279
3993423 4179348
4279726 4369202
3613901 3937161
4078865 4233254
4038090 4205506
4142597 4279940
3992081 4176451
35670080 35670081
3613784 3936184
35743056 35743057
4037516 4205299
3992769 4178163
2058176 2817487
4302754 4384282
4036713 4204568
4303096 4384530
4078520 4233111
35674556 35674557
4319179 4395032
3993672 4179656
3783673 4038473
35741850 35741851
33328670 33328674
33300520 33300524
3992566 4177859
3783268 4037844
41724799 41724800
35670017 35670018
4395206 4448899
4036411 4204140
3613948 3937534
4448953 4488487
4178248 4303022
4036741 4204615
35738927 35738928
3992053 4176304
34854164 34854165
4302619 4384201
35743371 35743372
4179653 4303402
3839133 4078756
3465916 3839118
4179592 4303373
4233209 4339698
3993614 4179563
3384300 3781955
3782542 4037056
3993098 4178733
3614004 3937735
4078671 4233191
33328061 33328065
4036379 4204073
4178454 4303094
4036720 4204580
4142243 4279738
3992323 4177038
4177313 4302860
3993109 4178748
4142560 4279922
3613820 3936593
4205458 4319607
4448932 4488465
4142365 4279797
35658465 35658466
35741402 35741403
35743203 35743204
35672683 35672685
3993505 4179435
3993042 4178609
3992376 4177227
3937404 4142689
3384325 3782189
3937618 4142820
3465939 3839197
3992729 4178118
33347848 33347849
3384475 3782355
3993454 4179380
3465789 3838054
4204417 4319086
4448924 4488457
3783247 4037770
4142230 4279718
33262322 33262323
33328911 33328960
3992460 4177441
3993638 4179608
3992357 4177180
35669629 35669630
35738941 35738942
4319404 4395216
3614042 3937911
3384767 3783442
3992569 4177866
4483209 4515144
4037127 4205033
35674532 35674533
4179731 4303413
3992201 4176623
3993182 4179031
3782523 4037026
4204640 4319186
4302851 4384331
34871640 34871641
3782517 4037015
3613978 3937625
35741937 35741938
4303381 4384758
3384679 3783058
4233207 4339694
3992568 4177864
3384474 3782347
3384305 3781993
4078405 4232903
35740372 35740373
3992902 4178347
33328254 33328257
4302855 4384334
3465990 3839656
4303389 4384762
3613913 3937276
3782884 4037343
4441319 4483177
4142420 4279829
3992779 4178170
4038248 4205559
3993338 4179237
35740638 35740639
35668861 35668862
35658744 35658745
3384532 3782656
4205347 4319569
4036937 4204839
3465987 3839638
3782859 4037255
4036679 4204539
3613988 3937642
3465946 3839306
3993334 4179233
35737917 35737918
3613950 3937536
3783680 4038542
3992266 4176958
3993126 4178829
4303050 4384513
3993391 4179289
3993395 4179304
35673534 35673535
4142387 4279802
41724801 41724802
35639302 35639303
4036745 4204620
4078869 4233256
4319470 4395257
35741462 35741463
4204072 4318954
4036942 4204845
3992230 4176808
4078423 4232917
4302775 4384306
4319465 4395253
3262779 3703594
3992710 4178094
4037087 4204996
35742767 35742768
3384298 3781947
4036551 4204296
4036858 4204790
3992447 4177414
4302638 4384228
3993411 4179337
4318963 4394911
35741995 35741996
4319026 4394957
4036229 4203853
4233220 4339712
4204949 4319379
35739974 35739975
4303100 4384538
3992495 4177644
4408818 4458111
35738327 35738328
35669453 35669454
4037133 4205044
3992964 4178472
35738305 35738306
4078424 4232920
3992159 4176570
4279924 4369275
3992936 4178397
4036196 4203792
35673536 35673537
3992196 4176613
3838905 4078621
4142364 4279796
35638065 35638066
3992185 4176602
35638345 35638346
3993492 4179411
3384551 3782721
3993133 4178858
35738361 35738362
35668865 35668866
3992048 4176293
4036210 4203828
35743054 35743055
3992228 4176778
3993632 4179595
4036691 4204550
35638579 35638580
4036389 4204106
3465840 3838821
4036866 4204791
3613990 3937646
4519267 4543399
4036547 4204290
4036299 4203975
3992683 4178052
3992275 4176968
3783700 4038602
3993267 4179150
4036483 4204214
4142269 4279760
33328676 33328678
35673530 35673531
3613947 3937529
4319265 4395076
3993173 4179020
35738430 35738431
4303292 4384731
3992572 4177873
3992427 4177359
3992725 4178110
4142232 4279721
33329294 33329297
35741162 35741163
3262770 3703513
3384548 3782708
3992580 4177890
4394934 4448725
35738914 35738915
3384504 3782593
3993689 4179687
4036714 4204569
4037285 4205161
3992782 4178177
4036286 4203963
4036750 4204635
3262756 3703298
3992821 4178221
3838832 4078546
4384267 4441345
3993356 4179254
3993185 4179037
4303101 4384539
3384853 3783630
3992954 4178448
4036262 4203940
3992189 4176606
33327312 33327313
3992602 4177965
3993067 4178666
3262760 3703344
4078061 4232351
4205345 4319566
35738339 35738340
3384925 3783721
3613869 3937001
4205175 4319497
4142923 4280079
41724803 41724804
4176994 4302762
35673648 35673650
35740629 35740630
3384552 3782729
3782663 4037119
3993466 4179397
4036558 4204302
35668974 35668975
3992750 4178143
3992499 4177663
3993170 4178988
4302643 4384232
3993226 4179107
3614014 3937785
3992535 4177804
4037435 4205253
3384518 3782630
35660295 35660296
4142935 4280082
4204591 4319171
35738806 35738807
3992507 4177693
4036823 4204751
3993569 4179514
3992978 4178502
4036398 4204120
3992408 4177293
3465909 3838994
3992732 4178121
4302733 4384270
4078634 4233157
35672681 35672682
4036563 4204313
4318940 4394896
3992625 4177989
3992513 4177710
4205137 4319469
3465867 3838895
3837805 4077899
3993085 4178718
4037073 4204977
3992351 4177156
3992446 4177412
4279990 4369287
3993724 4179732
3992377 4177228
35672412 35672413
4036191 4203788
3992646 4178011
4036322 4204011
3992222 4176730
3613879 3937044
3993541 4179459
4142518 4279898
3993223 4179103
3993343 4179241
4038073 4205482
3384555 3782759
3992055 4176308
3992123 4176506
35672657 35672658
4205461 4319617
3384257 3781217
4302747 4384278
4318907 4394866
3992272 4176963
3783288 4037970
3993753 4179793
3783205 4037659
4078470 4233064
3384543 3782694
3782995 4037469
3992182 4176598
4178040 4302980
3384521 3782633
3262785 3703701
4204730 4319257
3783569 4038372
3465959 3839346
3992578 4177888
4279753 4369218
35638099 35638100
4279948 4369277
4319223 4395061
4037291 4205170
3613906 3937229
35638073 35638074
4036819 4204746
3262795 3703911
4036710 4204561
33329236 33329249
35672678 35672679
35740651 35740652
4036330 4204028
4037277 4205156
4036688 4204546
35638387 35638388
3992296 4176988
3937752 4142886
3613987 3937641
4540101 4559419
3384700 3783126
3993197 4179094
4036690 4204549
4036818 4204744
4178618 4303158
4179264 4303256
4318947 4394906
3783690 4038572
3783008 4037489
4179263 4303255
3262803 3703959
3384549 3782715
4179736 4303414
3384269 3781460
3782530 4037034
4038050 4205464
3992122 4176503
35741987 35741988
4078682 4233197
4036460 4204194
3783002 4037482
3783284 4037933
3384547 3782702
4302642 4384231
33291704 33291705
3782261 4036910
3613997 3937698
4037571 4205369
35741888 35741889
4303284 4384724
4036498 4204240
3384687 3783075
33329038 33329040
3704033 3993377
3993688 4179683
3993561 4179487
3992365 4177207
41724805 41724806
35741884 35741885
3613898 3937149
4038609 4205707
4036846 4204780
35654169 35654170
4205642 4319682
4303056 4384516
3992903 4178360
4177035 4302767
4302915 4384384
3993757 4179794
4233208 4339696
4178620 4303159
35741380 35741381
4204637 4319183
3839125 4078726
3992170 4176584
3992843 4178235
33292941 33292942
4204729 4319256
3993038 4178602
3384569 3782870
3262775 3703555
3613939 3937483
4179284 4303262
3783007 4037488
35658298 35658299
35741371 35741372
4036822 4204750
35741875 35741877
4319446 4395242
3783266 4037837
4318914 4394874
4409045 4458186
3465942 3839290
3992493 4177637
3992528 4177793
35738335 35738336
4303003 4384488
3783171 4037592
3992471 4177496
35741549 35741550
4142540 4279916
4142578 4279926
4038607 4205704
3992483 4177560
3993709 4179717
4037080 4204991
3993039 4178604
4037186 4205113
3613867 3936954
4037143 4205060
3384556 3782766
4078357 4232812
3384514 3782622
4303026 4384501
4036872 4204799
3992465 4177459
35673558 35673559
4205185 4319512
3993058 4178642
3613889 3937069
3992865 4178261
4384213 4441325
4318921 4394880
35740257 35740258
4079318 4233626
4078646 4233180
4038403 4205628
4037461 4205281
4038355 4205579
4142449 4279845
4384245 4441342
4079063 4233471
4302765 4384292
4036795 4204709
3992215 4176700
35673571 35673572
3465950 3839323
4036939 4204844
4142474 4279865
4205657 4319690
35636800 35636801
3465926 3839155
35743247 35743248
35740415 35740416
3992270 4176961
4205387 4319582
35638358 35638359
35743148 35743149
3992165 4176579
4037436 4205254
3992131 4176522
3992183 4176600
3992158 4176565
3782878 4037337
35669512 35669513
3992900 4178342
4233315 4339757
3465832 3838445
3993384 4179271
3993266 4179149
4079120 4233517
35740645 35740646
35741886 35741887
3993095 4178730
3613840 3936670
4078441 4232925
35740658 35740659
3262767 3703456
35737912 35737913
3993174 4179021
3613818 3936576
4319406 4395221
4078069 4232390
3613866 3936947
3993082 4178715
35673584 35673585
3992216 4176707
3384665 3782975
4036969 4204866
4303266 4384719
3992956 4178452
4037566 4205364
35741456 35741457
3614043 3937912
35740356 35740357
4303257 4384717
3613839 3936669
35654102 35654103
3992841 4178231
35638471 35638472
4037542 4205335
3782524 4037027
3465984 3839590
4318942 4394897
3384489 3782499
35666213 35666214
3992551 4177828
3384860 3783645
3992132 4176523
4036257 4203899
4036450 4204178
3614022 3937810
4302652 4384242
3992536 4177807
3993068 4178668
3782538 4037051
4179324 4303283
3992276 4176969
4079282 4233586
3992553 4177830
4079251 4233570
3992424 4177350
3993486 4179402
28848809 28848816
3613875 3937023
3993110 4178749
3993014 4178543
3992366 4177209
4142397 4279808
4303047 4384510
3384328 3782225
4302671 4384249
35638595 35638596
35673532 35673533
35638347 35638348
3992931 4178390
4303267 4384721
3993250 4179125
3783697 4038592
4038386 4205615
4036642 4204485
35738258 35738259
3384564 3782826
4037979 4205449
3993761 4179796
3993347 4179245
3993268 4179151
4036355 4204068
3613909 3937252
35741555 35741556
35638653 35638654
4123665 4265931
4279720 4369198
35743176 35743177
4319427 4395228
33327876 33327883
35738352 35738353
3992968 4178485
3782872 4037324
3783699 4038597
3993135 4178865
3992169 4176583
35637934 35637935
4142394 4279806
4036673 4204520
3782235 4036886
35662204 35662205
4078898 4233282
3992096 4176464
35743092 35743093
4037290 4205169
3992361 4177195
4303391 4384764
33333741 33333744
4142617 4279945
4036591 4204377
3992855 4178244
3993240 4179120
4319575 4395300
3384528 3782645
4319200 4395049
3613857 3936893
3993453 4179378
4318923 4394882
3384766 3783441
3993192 4179074
3783271 4037851
35669666 35669667
3992452 4177418
3992887 4178298
3613822 3936602
35673503 35673504
3613777 3936112
3384275 3781539
4205328 4319552
3937330 4142665
3993140 4178899
33367092 33367093
3993153 4178923
4036670 4204509
35741006 35741007
3993414 4179342
3993664 4179651
4036231 4203855
3384510 3782610
35658886 35658887
4078905 4233300
4036550 4204295
35669285 35669286
3993579 4179531
35717540 35717541
4302883 4384367
4279756 4369220
3992633 4177995
3993440 4179367
3783687 4038566
35741612 35741613
3993560 4179485
3783658 4038435
4037756 4205414
35741912 35741913
3384536 3782677
4037284 4205160
3992905 4178363
4079028 4233464
4303155 4384581
3384829 3783500
3992049 4176294
3992072 4176391
4280061 4369310
4204959 4319391
4038423 4205641
4318999 4394928
35638464 35638465
35668830 35668831
4205028 4319424
35638660 35638661
4078902 4233293
3839130 4078740
3614044 3937915
41724807 41724808
35672125 35672126
35669610 35669611
4036223 4203841
3992441 4177405
4203869 4318900
3992709 4178093
33328044 33328060
34895673 34895674
33347861 33347862
3992241 4176878
4319723 4395345
35737742 35737743
4205551 4319643
33347844 33347845
4079256 4233575
35639295 35639296
3993400 4179313
3783474 4038197
3993392 4179293
35636698 35636699
3992915 4178375
4036832 4204765
3992509 4177698
35653918 35653919
3993619 4179579
4142539 4279915
4142486 4279878
35660616 35660617
35692518 35692519
35673598 35673599
3992184 4176601
3993177 4179025
33329035 33329037
3992606 4177971
35678262 35678266
4319176 4395030
3613952 3937550
35740623 35740624
35741754 35741755
35669603 35669604
3384753 3783382
3992246 4176911
4036201 4203805
3384274 3781535
4233149 4339684
4036178 4203775
3992054 4176306
4077637 4231966
4036350 4204064
3992751 4178144
3613965 3937587
4036202 4203807
4078870 4233257
4037194 4205124
4142873 4280066
4079277 4233583
3937325 4142653
3262846 3704293
4036874 4204803
3993310 4179196
3993467 4179398
3613781 3936159
3992294 4176986
4302653 4384243
3993191 4179049
3993639 4179610
3613786 3936194
3783262 4037817
4318876 4394830
4302674 4384251
4205022 4319417
4319158 4395022
3783691 4038573
4037448 4205266
33329329 33329350
3992723 4178108
4205346 4319568
4319100 4394995
3384871 3783655
3384527 3782643
3993137 4178887
3782258 4036905
3783003 4037484
3992845 4178236
4037437 4205255
35670013 35670014
3384473 3782336
3993448 4179374
4588823 4600199
4038103 4205514
4233140 4339655
4142598 4279941
35673580 35673581
4303289 4384729
35743225 35743226
4078875 4233260
4037094 4205002
4036241 4203875
3993225 4179105
3992950 4178430
4142929 4280081
3992638 4178001
3993629 4179590
3992888 4178304
4036298 4203974
3384529 3782646
3782879 4037338
3992540 4177816
4038373 4205596
3993447 4179372
35672315 35672316
4078690 4233203
3613955 3937554
35741939 35741940
3384284 3781708
3613973 3937615
3992168 4176582
3629451 3948293
4142421 4279831
3992364 4177206
3993132 4178855
3993201 4179098
4474580 4508065
4036264 4203944
2058082 2817232
4620892 4630149
4302773 4384303
3839120 4078718
4037179 4205104
3992860 4178250
35738219 35738220
3992530 4177795
3614001 3937727
35738981 35738982
35669637 35669638
3992584 4177906
3613778 3936126
3992370 4177215
35743417 35743418
4204804 4319285
4384336 4441355
4036748 4204625
3783319 4038046
3992502 4177670
3613945 3937513
35668832 35668833
3993697 4179699
3613773 3936089
4037411 4205228
3993029 4178568
3992383 4177253
3992701 4178088
3993647 4179620
41724809 41724810
3992263 4176946
2058007 2817031
4036678 4204537
3613942 3937499
3384327 3782209
3992105 4176481
4441405 4483214
3992806 4178203
4036271 4203953
3384339 3782255
4204772 4319281
35741973 35741974
4036791 4204705
4036401 4204125
3783321 4038047
4319399 4395212
4302888 4384368
3993043 4178610
3992962 4178469
3613768 3936036
4280064 4369312
4036260 4203939
4303319 4384744
3783698 4038593
4205378 4319579
4179315 4303269
4037278 4205157
4038054 4205467
3992614 4177977
3993116 4178762
35743233 35743234
34946986 34946987
35670021 35670023
35672441 35672442
35659969 35659970
3384525 3782640
35741451 35741452
4318973 4394916
3993115 4178754
4441381 4483203
35737542 35737543
3993238 4179118
3384520 3782632
3993091 4178726
3993046 4178616
3993369 4179257
3993309 4179193
35668859 35668860
4142249 4279749
33358705 33358706
4205179 4319500
4205402 4319589
4448954 4488488
4233491 4339801
3993770 4179801
4077636 4231946
4318989 4394923
4036452 4204182
35738333 35738334
4078496 4233099
3992534 4177802
3384535 3782674
35672581 35672582
3613967 3937602
4588817 4600191
35670069 35670070
3465891 3838913
4036464 4204198
4037428 4205244
3993669 4179652
4384313 4441353
3384769 3783446
3993449 4179375
35743172 35743173
3992320 4177032
35660284 35660285
4037513 4205297
4078693 4233204
3992428 4177360
3613929 3937401
3384509 3782609
4036239 4203871
33328608 33328611
4204418 4319087
3783203 4037657
35673508 35673509
3992883 4178292
3993703 4179706
3384828 3783496
3993345 4179243
33329705 33329707
35669277 35669278
3783312 4038043
4179662 4303406
4078497 4233100
3992548 4177822
4036468 4204202
3783668 4038452
4204115 4318979
3993457 4179388
4036581 4204357
35636805 35636806
33329662 33329665
3993318 4179209
35639876 35639877
4036742 4204618
3992469 4177491
35673783 35673784
3992967 4178477
35731939 35731940
3993533 4179450
3993222 4179102
4142211 4279715
3993134 4178860
35662185 35662186
4036469 4204203
3262854 3704403
4233215 4339707
4303052 4384515
3613937 3937466
3384505 3782594
35638662 35638663
4302675 4384252
3993386 4179277
4303378 4384754
35738341 35738343
3262776 3703560
35658494 35658495
4142477 4279867
35668970 35668971
3613850 3936790
3992818 4178215
3613910 3937258
35673817 35673818
4078698 4233206
35741981 35741982
3613895 3937089
3384771 3783448
35742998 35742999
33306728 33306729
3384311 3782036
4176341 4302581
3992102 4176475
4319106 4394998
3384693 3783099
4036878 4204805
4038393 4205625
3783478 4038228
3993178 4179026
35741977 35741978
3993060 4178647
4036611 4204422
3992866 4178264
35741854 35741855
3993702 4179705
3992957 4178455
3992869 4178268
4441459 4483253
4384332 4441354
4204960 4319395
4037224 4205139
3384747 3783344
35672088 35672089
4036439 4204161
4319279 4395087
35743231 35743232
35743144 35743145
33350937 33350939
3992356 4177178
4038605 4205702
35638489 35638490
4078374 4232850
3993230 4179112
4036785 4204701
4302988 4384474
3783221 4037740
35669484 35669485
3262784 3703696
3992324 4177039
4318948 4394907
3782535 4037044
4441370 4483193
3993458 4179389
15560486 15560490
4233186 4339692
3992050 4176295
3384703 3783129
3783314 4038045
3992636 4177998
4142512 4279891
35743419 35743420
4036967 4204865
4205395 4319585
4142263 4279752
3613914 3937282
3993190 4179047
3782525 4037028
4036616 4204428
35741910 35741911
4038062 4205476
3993577 4179530
3992613 4177975
4037439 4205257
3465871 3838897
3993707 4179712
35738969 35738970
4142300 4279776
3992972 4178495
3992947 4178415
4036328 4204026
3993161 4178958
4279855 4369255
4394936 4448727
3992820 4178216
3838918 4078657
3384292 3781853
35669289 35669290
3783273 4037870
3613871 3937008
4205576 4319651
4303009 4384491
4302931 4384434
4078658 4233183
3993432 4179360
3992429 4177364
35743046 35743047
4318911 4394871
4036716 4204575
3993026 4178557
3613926 3937372
4280008 4369299
35741543 35741544
3384524 3782639
3993076 4178702
4279856 4369258
4205545 4319638
3993737 4179750
3613951 3937547
3992562 4177844
4319462 4395251
4232732 4339416
3992559 4177835
4279727 4369203
3992724 4178109
4303215 4384660
3262750 3703234
3992500 4177665
3992977 4178500
4302961 4384461
4037444 4205261
4204725 4319252
35636753 35636754
4142294 4279771
4204228 4319001
4078912 4233303
4123653 4265923
4302585 4384190
3384862 3783647
3613870 3937006
4369261 4431036
3993642 4179615
4078873 4233258
4037091 4205000
35658481 35658483
3613894 3937081
4038246 4205556
33329539 33329542
35737523 35737524
4205426 4319594
35738428 35738429
35738931 35738932
4036976 4204874
3992271 4176962
3613799 3936299
35672433 35672434
3992237 4176847
4036619 4204444
4179318 4303275
3783272 4037854
3992591 4177938
3993729 4179735
35654896 35654897
3993350 4179252
4142417 4279827
35741752 35741753
33327963 33327973
3992909 4178369
35668827 35668828
4205341 4319562
3783692 4038576
4036325 4204022
3993463 4179394
4142509 4279888
4319063 4394985
3993024 4178555
4280065 4369313
3992186 4176603
35738217 35738218
35638625 35638626
35737739 35737740
3783257 4037794
35743142 35743143
35644688 35644689
33347846 33347847
4078505 4233105
3613938 3937476
4303219 4384662
4233210 4339699
3783213 4037727
35638621 35638622
3384672 3783016
35641803 35641804
35661988 35661989
3992520 4177727
3992362 4177200
4078368 4232838
4319068 4394990
4204244 4319021
4077955 4232271
3992199 4176620
35664428 35664429
4441320 4483178
3992642 4178006
4078891 4233277
3993065 4178661
35638557 35638558
3614038 3937901
3993155 4178942
3384482 3782440
3839146 4078826
3384531 3782648
3993035 4178595
3613949 3937535
3993349 4179251
4178224 4303016
3384674 3783023
4302594 4384193
3992157 4176564
4441441 4483246
3262808 3703998
35741004 35741005
35741537 35741538
3613876 3937025
3838902 4078616
3992231 4176811
3992970 4178491
3993156 4178944
4037451 4205269
4142620 4279946
3992467 4177473
4233314 4339756
3614032 3937823
4036807 4204728
4302729 4384264
3992192 4176609
35638265 35638266
3992882 4178290
4036410 4204139
35739181 35739182
4036461 4204195
35638567 35638569
3782543 4037057
3937801 4142919
35741965 35741966
3993696 4179698
3613878 3937042
4319028 4394959
4142239 4279734
4179690 4303407
4178265 4303029
4036658 4204497
3782529 4037033
3992405 4177285
3992219 4176724
4303008 4384489
35738933 35738934
3992743 4178137
3384911 3783715
4036268 4203950
4036462 4204196
33329586 33329589
2835189 3396503
3704040 3993404
3993687 4179681
4394941 4448729
3838839 4078549
3937324 4142651
3613804 3936417
35673719 35673720
3993045 4178613
4038421 4205639
35737893 35737894
35738424 35738425
35639270 35639271
4319504 4395267
4036587 4204362
3993232 4179114
3613972 3937614
3262811 3704020
3992898 4178333
3465863 3838863
33328699 33328713
4036667 4204500
35672688 35672689
3993427 4179357
3384856 3783631
3838302 4078197
35741944 35741945
35743197 35743198
4036451 4204180
4037425 4205242
4303135 4384564
3613823 3936605
4036806 4204727
4205544 4319636
4142526 4279907
4036618 4204433
3613806 3936432
3992762 4178155
4303110 4384549
3384668 3782981
3992138 4176529
3992232 4176813
3993421 4179345
4319666 4395319
3613934 3937449
4036479 4204211
3465971 3839466
3936966 4142573
3993139 4178894
3384502 3782590
3992282 4176979
4279904 4369270
3993172 4179019
3993080 4178713
3384677 3783054
3993529 4179446
3384320 3782141
3384276 3781552
4038415 4205638
3993090 4178725
35741062 35741063
3262763 3703411
4037191 4205118
3465936 3839171
3992544 4177819
3783260 4037811
3992039 4176281
3992172 4176586
3384684 3783070
35669635 35669636
3993711 4179721
3993572 4179519
3262842 3704218
33329737 33329739
35673576 35673577
4037100 4205006
3993125 4178826
3992792 4178195
4233548 4339809
35639196 35639197
3783659 4038437
4038087 4205501
4303299 4384734
3262830 3704080
4303074 4384526
4204583 4319163
4384378 4441372
35638389 35638390
3992315 4177027
3993407 4179331
4036518 4204261
4303286 4384727
3992486 4177577
35743257 35743258
3384666 3782979
3992951 4178438
3992929 4178388
3992925 4178382
4303156 4384582
3613915 3937288
3993648 4179621
4318913 4394873
3993329 4179225
35739966 35739967
4079164 4233529
4179316 4303270
3992878 4178281
4078366 4232835
33321892 33321893
4302985 4384472
4319565 4395293
3614037 3937898
35673550 35673551
3384290 3781821
33329635 33329637
3613886 3937066
4036404 4204131
4078836 4233245
4036590 4204372
35741858 35741859
3992523 4177778
34946977 34946978
35738346 35738347
4142458 4279851
3992473 4177508
4038338 4205575
4142272 4279761
3993302 4179187
4079072 4233484
4319280 4395088
4036950 4204850
4142737 4279988
34981702 34981703
35738232 35738233
3384688 3783076
3993682 4179667
35638673 35638674
3783275 4037892
3384831 3783512
35742009 35742010
35742699 35742700
4036601 4204410
3781995 4036695
4078911 4233302
3993739 4179757
35668847 35668848
3992749 4178142
4036252 4203893
4038063 4205477
4279719 4369197
3992125 4176510
3992417 4177340
3992349 4177145
35669795 35669796
3992478 4177534
4036974 4204871
4142943 4280098
3993162 4178963
33327945 33327951
3384512 3782612
3993574 4179527
4037102 4205007
3783686 4038563
3384563 3782818
3937329 4142661
35638568 35638570
3993460 4179391
3993710 4179720
3783662 4038438
4384500 4441401
35739792 35739793
4036421 4204150
3993637 4179606
3614030 3937818
4036542 4204283
35743222 35743223
35669431 35669432
35654164 35654165
4319046 4394978
3384952 3783740
4302981 4384467
3993348 4179247
4037142 4205058
4303035 4384504
3993326 4179221
3783289 4037976
4205327 4319551
33328755 33328765
35737519 35737520
3992070 4176356
35668906 35668907
4036740 4204614
4474565 4508057
3384478 3782384
3937326 4142655
2817423 3384883
35737703 35737704
4036717 4204578
3613872 3937012
3465776 3837958
4142296 4279774
35669688 35669689
41724811 41724812
3993554 4179478
3613780 3936143
3465912 3839084
3992928 4178387
3783481 4038243
3936204 4142328
4395266 4448937
3613946 3937514
4395200 4448895
3993483 4179401
35743263 35743264
3384516 3782628
3613782 3936173
3992850 4178237
3993260 4179144
35673936 35673937
4038383 4205610
35637604 35637605
4179188 4303243
3384768 3783443
4303137 4384565
4318916 4394876
3613918 3937308
4395198 4448893
35738939 35738940
3992733 4178122
35741971 35741972
4179637 4303394
3384534 3782668
3993532 4179449
3782871 4037309
4036997 4204903
3992579 4177889
3613980 3937628
3993237 4179117
35638571 35638572
35738979 35738980
3384332 3782239
3992810 4178206
3992197 4176614
4142514 4279893
3384851 3783628
3613849 3936779
4302995 4384485
3993003 4178519
3384565 3782851
3262825 3704062
35740352 35740353
3992984 4178507
3782531 4037035
35743146 35743147
3993096 4178731
4036276 4203957
35738985 35738986
4179438 4303316
4142804 4280030
3614040 3937908
4036336 4204047
33327812 33327813
3993299 4179185
4037449 4205267
3993553 4179476
4038049 4205463
35673560 35673561
4204814 4319289
3992904 4178361
4204585 4319166
35740359 35740360
4319276 4395084
3992527 4177788
3782873 4037327
35658541 35658542
4036280 4203959
35743157 35743158
3783471 4038181
35740641 35740642
4037412 4205229
35639291 35639292
35743239 35743240
4142614 4279943
4078326 4232773
3992742 4178136
35674563 35674564
4078363 4232817
3783201 4037655
4319538 4395287
35672414 35672415
3993393 4179298
3262796 3703924
35741975 35741976
4319444 4395241
4037466 4205286
3384497 3782567
4037217 4205134
3992594 4177942
4078868 4233255
4369233 4431022
3937673 4142871
3992200 4176621
3783484 4038265
3993015 4178545
4177267 4302853
3783000 4037480
35740443 35740444
35674502 35674503
4123667 4265934
35658342 35658343
3993163 4178965
4142235 4279729
3937322 4142643
3993742 4179768
4038568 4205685
4037181 4205110
3384740 3783242
3992514 4177712
35673569 35673570
3993012 4178540
35740599 35740600
4036821 4204749
33328606 33328610
4233147 4339683
35673588 35673589
4078645 4233176
3783479 4038233
4369264 4431038
4037557 4205358
4036761 4204650
3613884 3937064
4036197 4203797
3262754 3703261
4142922 4280077
35658536 35658538
3783265 4037835
4036712 4204566
35737514 35737515
4302644 4384233
3384546 3782700
4204726 4319254
4303412 4384775
3993649 4179623
4319194 4395047
4303200 4384658
4078465 4233029
3384270 3781467
3992615 4177979
35637321 35637322
35743261 35743262
4176479 4302611
3992585 4177926
4384498 4441399
4205612 4319668
3465993 3839662
35638647 35638648
4142681 4279962
35639284 35639285
3992697 4178085
4037131 4205038
3992971 4178493
4078042 4232342
4302772 4384299
3992114 4176495
4559455 4575269
4303059 4384520
4036253 4203896
3384286 3781720
4448713 4488283
3783228 4037747
4178569 4303140
35739784 35739785
35741458 35741459
3613933 3937443
35674038 35674039
3465947 3839320
3783249 4037773
35741935 35741936
35669329 35669330
35738372 35738373
3783294 4037977
3993409 4179334
4178016 4302963
4036867 4204794
3384488 3782494
35738797 35738798
3783683 4038558
4142470 4279862
3992051 4176296
4036596 4204405
3262766 3703447
33329468 33329470
35638044 35638045
3613931 3937438
4036840 4204769
3993675 4179659
4036781 4204689
4037090 4204999
3384664 3782974
35658344 35658345
3992108 4176490
4205187 4319514
4036388 4204105
35672665 35672666
4384194 4441315
3993740 4179761
35738350 35738351
4038389 4205622
4142817 4280049
3992768 4178162
35673604 35673605
4302945 4384458
3992586 4177927
35738285 35738286
3384294 3781892
35738924 35738925
3614051 3937927
4123651 4265922
3992217 4176712
4078041 4232341
4037541 4205333
3992685 4178059
35673890 35673891
3783684 4038559
4233154 4339687
3992040 4176282
35658520 35658521
4204243 4319020
4303324 4384750
4178696 4303171
4303108 4384546
4319144 4395014
35636743 35636744
4037465 4205285
3783296 4038006
3992511 4177706
3781153 4036175
4303411 4384773
3992574 4177875
4036873 4204800
3613996 3937696
4233211 4339700
4142414 4279822
4205186 4319513
3465958 3839341
33331184 33331185
4037535 4205331
3992129 4176515
3613943 3937501
4142361 4279795
3384317 3782114
4319555 4395292
3465986 3839634
35639293 35639294
3783195 4037648
3782533 4037039
3992140 4176531
3783688 4038569
3262809 3704004
4394915 4448715
35741557 35741558
3384698 3783122
3992227 4176764
3993055 4178626
4037564 4205362
4303098 4384535
4037464 4205284
3993712 4179723
3613821 3936601
35740643 35740644
3384857 3783636
3782874 4037335
3992384 4177254
3384830 3783507
3783250 4037778
3993583 4179539
4036820 4204747
3384314 3782069
3782260 4036909
4319107 4394999
3613794 3936218
4205025 4319420
3783487 4038284
4036631 4204471
4142556 4279921
35669501 35669502
3992717 4178105
3993571 4179517
3992565 4177856
4036987 4204889
35739970 35739971
4204934 4319376
3993041 4178606
4142266 4279757
3993049 4178619
35664051 35664052
4078548 4233130
35741539 35741540
4037418 4205235
4036447 4204172
3993646 4179619
3262822 3704053
3992474 4177510
3613772 3936068
3613874 3937018
4036810 4204735
4036465 4204199
4037556 4205357
4078895 4233280
4037199 4205127
4037511 4205295
3992334 4177070
4036533 4204277
4036527 4204268
3262838 3704169
4079274 4233581
4036586 4204361
3782546 4037059
4394867 4448708
21803064 21803069
3937760 4142901
4384574 4441412
3613837 3936665
4077931 4232242
33329685 33329688
4036246 4203880
4036520 4204266
4037561 4205360
4319066 4394989
3993027 4178560
4142730 4279985
35669528 35669529
3992218 4176714
4142392 4279805
35662010 35662011
3993618 4179576
3992737 4178129
41724813 41724814
3993001 4178517
35712505 35712506
33328405 33328407
4036715 4204574
35658470 35658471
4384439 4441388
4205396 4319586
3384861 3783646
35738990 35738991
3992044 4176289
4205174 4319496
3839475 4079189
33329478 33329481
3613912 3937272
35658509 35658510
35660618 35660619
3993401 4179314
4036573 4204340
3783193 4037646
35638075 35638076
3992596 4177945
3783166 4037579
3993765 4179798
3993131 4178843
3783643 4038433
35669608 35669609
3838901 4078597
35738140 35738141
33345677 33345678
4078376 4232852
4303133 4384562
4037153 4205072
41724815 41724816
3992875 4178277
3993287 4179173
33328429 33328434
35738268 35738269
35668966 35668967
3613981 3937629
3992590 4177936
4677540 4682303
4319103 4394997
35738957 35738958
4036726 4204588
3992431 4177371
35673544 35673545
3613814 3936522
4036813 4204738
4205589 4319664
4177314 4302861
3993118 4178804
4036327 4204025
33328258 33328259
4178394 4303086
3384272 3781479
3993056 4178632
3993074 4178699
35738337 35738338
35673486 35673487
3613960 3937571
35740255 35740256
4279782 4369224
3384291 3781837
35638552 35638553
3782256 4036902
4448722 4488299
3384498 3782579
35739834 35739835
3992772 4178168
4319506 4395271
3838849 4078563
3993650 4179624
3992498 4177658
35743190 35743191
3838165 4078129
4037136 4205048
3992682 4178046
3992175 4176589
4303063 4384521
35669605 35669606
4037419 4205236
35738283 35738284
35672428 35672430
3384695 3783106
3384256 3781188
4142403 4279815
3613776 3936107
4078377 4232853
35733494 35733495
33328833 33328901
4302769 4384294
4037462 4205282
4302745 4384276
4204245 4319022
3783200 4037654
4394841 4448700
35669541 35669542
3465834 3838508
4302722 4384258
4078676 4233192
3992741 4178135
33306726 33306727
3993390 4179288
4319062 4394983
4036466 4204200
3992256 4176926
3704045 3993415
4142698 4279979
3613975 3937617
35638634 35638635
3937532 4142800
4302613 4384199
4036287 4203964
3993694 4179692
4078408 4232904
33328025 33328029
4036760 4204649
3262823 3704054
35674560 35674562
4037438 4205256
4178266 4303030
3993387 4179279
3384689 3783090
4302928 4384433
3993044 4178611
3782267 4036912
35737521 35737522
4369280 4431041
3993383 4179269
35674415 35674416
33284667 33284668
33328716 33328746
4448739 4488310
3992068 4176350
3384761 3783429
4176658 4302668
3993194 4179082
35638645 35638646
3384320 3782142
4302890 4384372
3465970 3839434
4036848 4204783
3992758 4178151
35672109 35672110
4205148 4319473
4037434 4205252
33329597 33329598
35743004 35743005
3992482 4177556
41724817 41724818
3992575 4177884
35637347 35637348
3992549 4177824
4303078 4384528
33307217 33307219
3992244 4176905
3575315 3910474
35738426 35738427
3613907 3937246
3613829 3936635
4303043 4384509
4078334 4232787
33329577 33329580
4142465 4279859
3384487 3782489
3993602 4179550
35638393 35638394
3384471 3782331
3992037 4176270
4078710 4233222
3992735 4178125
3992470 4177493
4037065 4204971
4037453 4205271
4036827 4204756
4078047 4232345
4036574 4204345
3993283 4179171
4037569 4205367
3783679 4038541
3613788 3936202
3992872 4178272
3993635 4179601
35741759 35741760
4233318 4339760
35639266 35639267
3384681 3783063
4232816 4339508
35662008 35662009
4036195 4203791
35672424 35672425
4078255 4232674
4037529 4205325
3783685 4038561
4302848 4384326
35739750 35739751
4037508 4205293
3783641 4038432
4319505 4395270
4302669 4384247
4319033 4394961
3993708 4179715
35743169 35743170
4319667 4395330
35743125 35743126
35664280 35664281
3839127 4078730
3992333 4177067
4515143 4540111
35673494 35673495
4037077 4204983
3384312 3782043
3993741 4179765
35658601 35658602
4179191 4303245
3384770 3783447
4036454 4204185
4319436 4395233
3993732 4179737
4036561 4204305
3783278 4037901
4178103 4303000
35669616 35669617
4303012 4384495
4319149 4395020
4394935 4448726
3993405 4179325
4037431 4205249
3993184 4179034
4036612 4204425
3262835 3704139
4142561 4279923
4036463 4204197
4431030 4474576
4037078 4204984
3992461 4177445
35638077 35638078
4179317 4303272
4303377 4384753
4037452 4205270
35661130 35661131
33328537 33328538
4302994 4384484
35638466 35638467
3993198 4179095
4038379 4205607
4303031 4384502
4036762 4204653
33328490 33328491
3384318 3782126
4303291 4384730
3384566 3782855
3993104 4178739
3384667 3782980
3992643 4178009
3993239 4179119
3783301 4038014
3993128 4178833
4431033 4474578
4448778 4488359
4302989 4384475
3384663 3782972
35743237 35743238
4078183 4232561
4339503 4408972
4303013 4384496
3384304 3781965
4036802 4204724
3993106 4178741
35674611 35674612
4142337 4279781
4036584 4204358
3614006 3937751
3838840 4078550
4302752 4384280
35637328 35637329
3613989 3937643
3992864 4178259
4395178 4448865
4037128 4205034
33291706 33291707
4036359 4204070
4319725 4395346
4142443 4279839
35638478 35638479
4036317 4203984
3613802 3936372
4078378 4232855
35741068 35741069
3993341 4179240
4303116 4384554
3992038 4176272
3992229 4176782
4036988 4204892
3704034 3993379
4037525 4205320
4036580 4204354
35741551 35741552
4319450 4395245
35637961 35637962
4038079 4205491
3992188 4176605
4204638 4319184
35741959 35741960
3992369 4177214
4142880 4280069
3992107 4176488
1832895 2639138
3783276 4037897
4036333 4204033
3992435 4177382
3992440 4177404
3992570 4177871
3992517 4177718
3613911 3937260
3993750 4179787
4233219 4339711
3262845 3704289
35652613 35652614
3993094 4178729
4319574 4395299
3993726 4179733
3993114 4178753
35649234 35649235
4339644 4409032
4037423 4205240
3992327 4177048
3992262 4176945
3992560 4177836
35673602 35673603
3992655 4178018
3262787 3703780
35739331 35739332
4036458 4204192
4303125 4384559
35741406 35741407
3992385 4177255
4319010 4394949
35670011 35670012
3993528 4179445
4036689 4204548
4205003 4319409
3992626 4177992
4142488 4279880
3993164 4178968
4319180 4395033
3992161 4176578
3992635 4177996
35739918 35739919
3262773 3703544
3993747 4179779
4036440 4204163
4319064 4394986
35669427 35669428
3992874 4178274
35737818 35737819
3993158 4178947
4037289 4205167
3465941 3839219
4303281 4384723
3992335 4177076
4395217 4448900
33057003 33057005
3992436 4177384
3992754 4178147
3992939 4178403
4038633 4205718
3384491 3782514
3992654 4178017
4036622 4204455
4394933 4448724
33358698 33358699
4142479 4279869
3384281 3781632
4036348 4204060
35741882 35741883
4036227 4203851
3993113 4178751
4302914 4384380
3783414 4038095
4318887 4394834
4036495 4204237
4302770 4384295
4302937 4384449
2057942 2816821
35636886 35636887
35668825 35668826
4303104 4384540
3992439 4177400
35740370 35740371
3937790 4142914
3613905 3937196
3262804 3703969
3993168 4178983
3262847 3704295
3993630 4179591
33328532 33328534
33358707 33358708
3992243 4176892
3262824 3704057
4036400 4204123
3992518 4177721
3993656 4179642
33328684 33328694
3465915 3839105
3614033 3937824
3992391 4177262
4038400 4205627
3384260 3781297
3783689 4038570
3992413 4177312
3992484 4177570
4036272 4203954
3783672 4038470
35638600 35638601
4078573 4233139
3613995 3937695
4319263 4395075
35672426 35672427
3993525 4179442
3993385 4179274
3783669 4038454
3993547 4179468
3993022 4178551
4448732 4488302
41724819 41724820
3992986 4178509
3992187 4176604
35739964 35739965
3613828 3936634
3783295 4037981
3384479 3782389
4036274 4203956
3783267 4037838
3993335 4179234
4037149 4205067
3993563 4179493
4036459 4204193
3839141 4078795
35739864 35739865
35741495 35741496
4177034 4302766
3262799 3703934
3613921 3937320
3783231 4037751
4036456 4204187
4036470 4204204
4037139 4205056
35658614 35658615
35741998 35741999
4205577 4319652
3384562 3782812
4142475 4279866
4078495 4233096
3993277 4179158
35638279 35638280
35743174 35743175
4142580 4279928
3782541 4037054
35743002 35743003
4302927 4384432
4036984 4204887
3992916 4178377
4319159 4395023
33328722 33328749
4204953 4319384
4205647 4319684
35673934 35673935
4036399 4204121
3384310 3782030
3783473 4038192
3993325 4179220
4142452 4279846
4179189 4303244
3992752 4178145
3992098 4176466
35652275 35652276
4036605 4204416
3465980 3839576
3783225 4037746
4037168 4205088
4036675 4204531
35637314 35637315
4302740 4384275
35637340 35637341
4205432 4319597
35741545 35741546
3992375 4177226
4384659 4441432
4176980 4302759
4302641 4384230
4036190 4203787
3613833 3936656
3992463 4177450
33328961 33328988
3993120 4178808
35664282 35664283
3992858 4178249
3936312 4142385
3613793 3936216
4204968 4319397
35739314 35739315
3992881 4178286
41724821 41724822
3783675 4038524
3992399 4177275
4204592 4319173
3992318 4177030
3992248 4176917
4205509 4319623
3993663 4179647
35654161 35654163
3993231 4179113
3613927 3937375
3993141 4178904
3992491 4177630
35674571 35674572
3993746 4179777
3992074 4176400
3992961 4178468
4078331 4232780
4142262 4279751
41724823 41724824
3262774 3703551
4142639 4279951
4142813 4280048
4302737 4384272
4037558 4205359
3613862 3936918
3613974 3937616
35673938 35673939
3993088 4178723
35741772 35741773
3992347 4177137
35678261 35678264
4302734 4384271
3992512 4177708
4038110 4205516
3992331 4177057
3992252 4176918
4303139 4384567
4303134 4384563
4279728 4369204
3992468 4177475
3937811 4142921
3465839 3838777
3993057 4178639
35662026 35662027
35741904 35741905
3262812 3704022
3992790 4178190
4037456 4205275
4205182 4319503
35672018 35672019
35741922 35741923
3783676 4038527
3384904 3783704
4318922 4394881
4318951 4394909
3992914 4178374
3783279 4037903
3783277 4037899
3262788 3703803
3993284 4179172
3937753 4142887
3465910 3839027
3613816 3936553
3613928 3937387
35738973 35738974
3992438 4177398
4036381 4204096
3384849 3783619
4178510 4303120
35743062 35743063
3384670 3782993
35743272 35743273
3384476 3782367
35658335 35658336
3993633 4179599
4142600 4279942
3992715 4178102
35662015 35662016
4142837 4280050
4037414 4205231
3465914 3839102
3992793 4178197
41724825 41724826
3993071 4178694
3992444 4177409
3993521 4179441
3992561 4177842
3783681 4038546
4036732 4204596
4303149 4384577
4176340 4302580
3992765 4178158
3783211 4037698
3992505 4177678
4036224 4203846
4142536 4279912
3384344 3782268
4303285 4384725
3384554 3782754
3262761 3703370
35743283 35743284
3992097 4176465
3992719 4178106
3992346 4177135
4303411 4384774
4279950 4369279
3992989 4178511
4037286 4205163
35738250 35738251
35741867 35741868
4559453 4575255
4036346 4204057
4038076 4205490
3384295 3781897
3613956 3937559
4303141 4384568
4204247 4319025
4204479 4319099
3783491 4038336
35740460 35740461
35638383 35638384
3384750 3783364
4204188 4318996
3992952 4178441
35743023 35743024
35731373 35731374
4036179 4203776
4036669 4204505
3262805 3703970
4303017 4384497
3993233 4179115
3384517 3782629
4142489 4279881
3262780 3703634
3993193 4179076
35669312 35669313
4038086 4205499
4142810 4280033
4178062 4302991
35741830 35741831
3992203 4176625
4036628 4204458
35668978 35668979
35741838 35741839
3993037 4178601
3992265 4176956
4394840 4448699
4303138 4384566
33329023 33329024
35737546 35737547
3613842 3936700
3838848 4078555
35637317 35637318
3384573 3782881
4036798 4204714
4036855 4204786
4302850 4384330
33329479 33329482
3783198 4037652
35669530 35669531
3614039 3937905
3992221 4176729
3384696 3783116
3992476 4177519
35743249 35743250
4037002 4204906
3993643 4179618
4078529 4233129
4037293 4205172
3993399 4179310
3384259 3781274
3783303 4038033
4036180 4203778
3993300 4179186
4038371 4205595
35738935 35738936
4302634 4384209
4037459 4205278
4318950 4394908
4303048 4384511
4036980 4204880
3992992 4178513
3384329 3782234
3465908 3838978
3993381 4179267
4036958 4204859
4408924 4458132
3384533 3782660
4036324 4204015
3992338 4177104
3783286 4037937
3992488 4177606
4142928 4280080
3262819 3704052
41724827 41724828
3783230 4037750
3782856 4037231
4205548 4319640
3613877 3937028
35658545 35658546
4232270 4339278
4142462 4279853
3993278 4179159
4142240 4279735
35668901 35668902
4205405 4319590
4038391 4205623
3993092 4178727
4142732 4279986
4036256 4203898
4036395 4204118
4441433 4483243
3993685 4179677
3992328 4177049
3993617 4179572
3384575 3782888
35637600 35637601
3384835 3783561
4037079 4204985
33307218 33307220
4036344 4204054
3993671 4179654
4036571 4204337
3384702 3783128
35669631 35669632
4036839 4204768
3783270 4037849
33327845 33327847
4488285 4519170
4303127 4384560
35737805 35737806
4036382 4204099
4205329 4319553
4205583 4319658
4079118 4233515
4177043 4302785
15175545 15175548
4142586 4279931
35739334 35739335
4078050 4232347
35669424 35669425
3384838 3783573
33328667 33328669
33358694 33358695
3992274 4176967
3465911 3839062
3992063 4176315
3384708 3783163
4142481 4279873
35653926 35653927
3262771 3703529
4038606 4205703
35740476 35740477
4142701 4279980
35638239 35638240
4037441 4205258
35669577 35669578
35662133 35662134
3992454 4177420
35636868 35636869
4037123 4205030
35672127 35672128
3992095 4176459
4142469 4279861
4384188 4441311
3993152 4178910
33327922 33327928
35741547 35741548
30871159 30871161
4036233 4203868
4037551 4205354
35737903 35737904
35738983 35738984
3992325 4177040
4079066 4233479
4302719 4384256
3992691 4178065
3384953 3783741
35743287 35743288
3993316 4179204
4319221 4395058
3993075 4178700
3783281 4037914
4384312 4441352
4037417 4205234
4078019 4232332
33056890 33056892
4205386 4319581
3384705 3783140
3992457 4177423
3992239 4176866
35638109 35638110
4036320 4204005
33329920 33329921
3993247 4179122
35741979 35741980
4302925 4384429
4037172 4205093
3992061 4176313
3993498 4179421
4441389 4483206
3993252 4179129
4038617 4205715
35638970 35638971
4078333 4232784
35638332 35638333
4036966 4204863
3783682 4038547
4036182 4203780
3613860 3936913
3613856 3936887
33291708 33291709
15173850 15173853
4042068 4207181
4036263 4203942
3992731 4178120
4036711 4204565
4036609 4204420
4123656 4265926
35658263 35658265
2459790 3138576
3992455 4177421
3992999 4178516
3993504 4179431
4037455 4205273
4205648 4319686
4037432 4205250
3262843 3704249
4078681 4233194
35668972 35668973
3384266 3781405
3993488 4179405
4036530 4204275
3782526 4037030
35673590 35673591
35739923 35739924
4302788 4384318
3262828 3704076
4205338 4319557
3993749 4179785
3993311 4179198
4303390 4384763
4142209 4279713
35717231 35717232
28762674 28762675
4395203 4448897
4037173 4205094
3993542 4179461
3992899 4178336
34946973 34946974
35669116 35669117
35674050 35674051
3993084 4178717
35741118 35741119
3782860 4037272
3839134 4078762
3992808 4178204
4036481 4204212
4178497 4303115
4318910 4394870
3993154 4178941
4588824 4600200
4319175 4395029
3838907 4078631
3384503 3782591
3993034 4178590
4036759 4204648
4179285 4303263
4036755 4204642
3992686 4178061
3992805 4178202
35637252 35637253
3992890 4178308
4178223 4303015
4037909 4205440
4177288 4302857
3992371 4177221
35638574 35638575
4302778 4384308
3992981 4178505
4037196 4205126
35673554 35673555
35638581 35638584
3992379 4177249
3993221 4179101
3992616 4177981
35637937 35637939
4036416 4204141
33347857 33347858
33328408 33328410
35669449 35669450
4319261 4395072
4179513 4303337
4036259 4203938
4142630 4279947
4409038 4458179
4205459 4319608
35669612 35669613
3384283 3781702
4142404 4279818
4142242 4279737
35737897 35737898
4233066 4339637
35672067 35672068
4279989 4369286
4036656 4204493
4279812 4369239
35738273 35738274
33307221 33307222
4205401 4319588
4142482 4279875
4205180 4319501
35636814 35636815
35672065 35672066
4037283 4205159
3993722 4179730
3992877 4178280
4036310 4203977
3992481 4177545
4078830 4233242
35737895 35737896
4279918 4369273
4036494 4204234
3384280 3781601
35669087 35669088
4204876 4319339
35636755 35636756
3992180 4176596
4302739 4384274
3993613 4179560
3937619 4142823
35673956 35673957
35662006 35662007
4038102 4205513
3384538 3782684
4279919 4369274
35658511 35658513
4384268 4441346
4303106 4384543
3613999 3937723
35668855 35668856
3783168 4037591
3613888 3937068
35672659 35672660
2058223 2817542
4384305 4441351
3262851 3704381
4036184 4203783
4395256 4448929
4319665 4395315
3992895 4178325
4037526 4205321
4177044 4302786
4318991 4394924
35692515 35692517
4142633 4279949
3993674 4179658
4303249 4384711
35658467 35658469
3992958 4178462
4036868 4204796
3992113 4176494
3384495 3782563
4037116 4205018
4037150 4205068
3613779 3936135
4037420 4205237
4204174 4318994
3384553 3782739
4205035 4319425
4036585 4204359
4036514 4204249
3992684 4178057
35674558 35674559
3992280 4176973
4302738 4384273
3992430 4177366
4204818 4319293
4037546 4205342
3992556 4177832
4178621 4303160
3575314 3910450
4142945 4280107
3993123 4178821
4302755 4384283
2817218 3384746
35741809 35741810
3993072 4178695
4038571 4205686
3993464 4179395
3993165 4178973
4037071 4204975
4204590 4319169
3937531 4142799
35669639 35669640
4431029 4474575
35737945 35737946
4037520 4205307
3384557 3782769
35638649 35638650
4303122 4384557
3262782 3703678
4319278 4395086
3992173 4176587
4394929 4448717
35672420 35672421
4036746 4204621
4036496 4204238
4036232 4203857
4142402 4279814
4302621 4384202
35658294 35658295
4079273 4233580
4319027 4394958
3614050 3937926
4318895 4394845
3993496 4179416
3992339 4177114
4036757 4204644
4588827 4600211
35673606 35673607
4395297 4448943
3992273 4176964
3384262 3781317
4303153 4384579
4142246 4279744
4302952 4384459
4142418 4279828
4318878 4394831
3782857 4037250
4037190 4205116
4204952 4319382
4302625 4384203
4036266 4203947
3465963 3839405
35741460 35741461
35738987 35738988
4079279 4233584
4036285 4203961
4205310 4319547
33328777 33328781
3838900 4078590
34946980 34946981
3614015 3937787
3993006 4178523
4036849 4204784
4142947 4280109
3613853 3936843
3614047 3937922
3992075 4176418
33329723 33329728
3993539 4179453
3384523 3782638
35717542 35717543
3992179 4176595
3783009 4037490
3992504 4177675
33329298 33329325
33307223 33307225
4042069 4207182
4036248 4203886
35743123 35743124
4204230 4319003
4036273 4203955
4078018 4232326
3992433 4177376
35644868 35644869
3839145 4078815
3613797 3936262
35654158 35654160
35738916 35738918
3992564 4177846
4037214 4205132
4037442 4205259
4205153 4319485
4036422 4204151
3384840 3783598
3384709 3783164
4318969 4394914
4303112 4384551
3782998 4037472
4384536 4441404
3384321 3782147
4303287 4384728
3839139 4078785
35636816 35636818
4038083 4205495
4036209 4203817
35663816 35663817
3384273 3781516
3262802 3703956
4205181 4319502
33345769 33345770
4142592 4279934
4483179 4515132
4142405 4279819
4036949 4204849
3613954 3937553
4036218 4203832
3783482 4038245
3783472 4038185
3783283 4037925
3838915 4078652
3993430 4179358
35637128 35637129
3262810 3704016
3613803 3936391
4638502 4646689
35741944 35741946
4318929 4394885
35658746 35658747
4037450 4205268
4303403 4384771
4036515 4204253
4319537 4395286
4079022 4233462
4303154 4384580
3783254 4037787
41724829 41724830
4303105 4384542
3992576 4177886
35668991 35668993
3993585 4179544
4036964 4204862
4038069 4205479
35669516 35669517
35737526 35737527
35673538 35673539
3614034 3937840
4037550 4205353
3992781 4178175
4319439 4395239
35638554 35638555
3993410 4179335
4142944 4280106
35741856 35741857
4279852 4369253
4036343 4204052
3993652 4179636
35738948 35738949
3384289 3781793
4142877 4280068
4036975 4204872
3262772 3703540
4142395 4279807
3993253 4179130
35637314 35637316
4204117 4318982
3993465 4179396
4036226 4203849
4037152 4205071
4038088 4205504
35738365 35738366
3783306 4038039
3992128 4176513
3992449 4177416
4079060 4233469
3992490 4177627
3783287 4037967
4036812 4204736
3384742 3783245
35673525 35673526
4036258 4203936
3782540 4037053
4179202 4303248
4036288 4203966
3384888 3783695
3993122 4178814
35740339 35740340
3613865 3936942
3613935 3937453
3781839 4036598
35661980 35661981
3384559 3782796
3992803 4178201
3993005 4178520
3993735 4179741
4038628 4205716
3993636 4179603
3992980 4178504
35740016 35740017
3614000 3937726
3937328 4142659
35743050 35743051
3993089 4178724
4233212 4339701
3262800 3703935
35743074 35743075
3384293 3781881
3993537 4179452
4204909 4319344
4142902 4280070
3782996 4037470
41724831 41724832
35673975 35673976
3993692 4179689
3993527 4179443
3384485 3782465
4233325 4339764
4036985 4204888
4037175 4205096
4303036 4384505
3993295 4179182
35684955 35684956
3465866 3838879
4038072 4205481
35669451 35669452
4079260 4233577
4142939 4280088
3993061 4178649
3937622 4142836
3384316 3782082
4036269 4203951
3993181 4179030
38186942 38186943
3937312 4142637
4319201 4395050
3992343 4177128
3384541 3782691
3992802 4178199
3613825 3936617
3613923 3937349
4037157 4205082
35739822 35739823
34964789 34964790
4036549 4204294
3839128 4078736
4036484 4204218
3613900 3937158
3992153 4176558
35741956 35741957
3993534 4179451
4123664 4265930
4205614 4319670
3993183 4179032
4079243 4233565
4280015 4369301
35741769 35741770
4036594 4204399
3992082 4176453
4233164 4339688
3992352 4177162
33329352 33329362
3993009 4178528
3613851 3936804
4036610 4204421
3992277 4176970
4078666 4233189
4302746 4384277
3992344 4177130
3262794 3703884
4142259 4279750
4142410 4279821
4036442 4204165
3613832 3936651
3993441 4179368
4037567 4205365
4303379 4384756
3993171 4178995
4302589 4384192
3993758 4179795
3992747 4178140
3783259 4037802
3992358 4177181
3839073 4078705
35638667 35638668
4233225 4339716
4318919 4394878
3993456 4179384
31080318 31080321
3613809 3936473
3782882 4037340
3384697 3783120
4038085 4205498
3613770 3936050
4078261 4232686
4078980 4233423
3783192 4037645
4408817 4458110
3992426 4177355
35742013 35742014
4036621 4204450
35740004 35740005
41724833 41724834
4318882 4394833
3992267 4176960
3993766 4179799
3613795 3936232
3782534 4037041
35737745 35737747
35672437 35672438
4079169 4233532
3993028 4178566
4036856 4204787
4037422 4205239
4036817 4204741
35637602 35637603
3993180 4179028
3993136 4178872
3992177 4176592
3993040 4178605
35741869 35741870
33345873 33345874
35743345 35743348
4036534 4204278
4384436 4441385
3384686 3783074
4037192 4205119
35674600 35674601
35743133 35743134
4177444 4302887
3992464 4177457
4441463 4483254
35674005 35674006
35740647 35740648
3839144 4078809
4409035 4458178
35658492 35658493
4038615 4205713
3384951 3783736
3993146 4178905
4302825 4384322
3993031 4178575
4448735 4488307
3993261 4179145
4036797 4204713
3993200 4179097
3613962 3937576
3993431 4179359
3992238 4176850
35669271 35669272
3384759 3783424
3992099 4176467
4038422 4205640
3783246 4037762
4176476 4302600
35735486 35735487
3993673 4179657
4302859 4384335
4339839 4409155
35741348 35741349
3992207 4176633
35673563 35673564
3992927 4178386
35742007 35742008
4038055 4205472
35658461 35658462
3993066 4178663
35673505 35673507
35638627 35638628
4204232 4319009
4204584 4319165
4319266 4395077
4303194 4384656
35740625 35740626
4036825 4204753
3993748 4179781
35738945 35738946
4036516 4204255
35740671 35740672
3992537 4177814
3384530 3782647
4205026 4319422
3613830 3936644
3384836 3783563
4036603 4204412
3782661 4037114
3992367 4177210
33327212 33327213
3992258 4176934
35672141 35672142
3384834 3783550
4448933 4488467
4302779 4384309
3262833 3704114
3384486 3782470
4302916 4384390
35738374 35738375
35654026 35654028
35673940 35673941
4303051 4384514
4339418 4408935
4037276 4205155
33358709 33358710
4036545 4204288
35738016 35738017
4384214 4441326
3992253 4176920
4205557 4319646
3384501 3782586
3992589 4177934
35743201 35743202
4142473 4279864
3783196 4037650
35741991 35741992
4123660 4265927
4036352 4204065
35640585 35640586
35668921 35668922
4037148 4205064
3992678 4178038
35741993 35741994
35658496 35658497
4036830 4204761
4205323 4319550
3384279 3781585
4302777 4384307
3993064 4178659
4302725 4384261
4369235 4431023
4142508 4279887
35669283 35669284
4205184 4319509
41724835 41724836
3993582 4179535
33347852 33347853
4303010 4384492
4038375 4205597
4036249 4203889
4448945 4488472
3384699 3783124
4036565 4204321
35669281 35669282
3782236 4036889
3992543 4177818
35654166 35654168
4036681 4204541
4303265 4384718
3993078 4178705
3613861 3936915
35741852 35741853
4036592 4204381
4302575 4384187
3992069 4176354
4036641 4204484
3992401 4177279
3613785 3936191
3465981 3839582
4384189 4441312
4178908 4303196
3993762 4179797
33347850 33347851
35662050 35662051
4448781 4488363
35673769 35673770
3992209 4176651
35672094 35672095
3992355 4177173
33347859 33347860
4177042 4302781
3993032 4178576
3993073 4178697
35741671 35741672
4205344 4319564
3993651 4179634
3937621 4142829
3992190 4176607
3992319 4177031
3992233 4176817
4079078 4233490
3992515 4177714
4448698 4488265
3992489 4177622
35654514 35654515
4036999 4204904
3993087 4178722
4037228 4205145
3992726 4178115
3993489 4179406
3992154 4176559
4037174 4205095
35717538 35717539
3613811 3936487
3262852 3704396
4142238 4279733
3993179 4179027
3992910 4178370
4036954 4204854
3384282 3781695
3613881 3937058
4038081 4205493
4319110 4395002
3992353 4177167
4205343 4319563
35742697 35742698
3782518 4037016
3992437 4177397
35738937 35738938
3838906 4078623
3993570 4179516
4448926 4488460
4205171 4319493
4037227 4205141
4037445 4205263
35738959 35738960
4279723 4369199
33329491 33329493
3783269 4037847
35674566 35674567
3992912 4178372
3384483 3782446
3613991 3937656
3613846 3936741
3992815 4178211
3262798 3703932
4142268 4279759
4037413 4205230
4036349 4204062
3992611 4177973
3992906 4178366
4037570 4205368
35661974 35661975
3614041 3937909
4233316 4339758
4302656 4384246
3993397 4179306
3614025 3937812
4205658 4319691
3992501 4177667
35743229 35743230
3783280 4037905
35741553 35741554
3992240 4176871
3993282 4179168
4302791 4384319
3783674 4038519
4233150 4339685
3992852 4178239
4142241 4279736
4319011 4394950
4394976 4448734
4036396 4204119
30871158 30871160
3465919 3839121
3992056 4176310
3992496 4177646
3614031 3937820
3613919 3937311
4037139 4205057
3992321 4177033
4079318 4233627
4303037 4384506
4203810 4318891
4036799 4204720
33329763 33329765
4303280 4384722
4037433 4205251
3992892 4178310
3992472 4177505
4036828 4204757
3992766 4178159
3992889 4178307
3937323 4142648
3614049 3937925
3993217 4179100
3936203 4142307
4205561 4319647
35741637 35741638
4303375 4384752
3992949 4178427
3993051 4178622
35673556 35673557
35661128 35661129
3993270 4179152
35645688 35645689
4036707 4204557
33326764 33326765
3262764 3703433
3993714 4179725
3992966 4178474
3783207 4037661
3384499 3782583
3384560 3782800
35673943 35673944
3993010 4178532
3384319 3782130
4079065 4233478
3613848 3936773
35670059 35670060
3992303 4177008
33328402 33328404
4036600 4204409
3384756 3783422
33329083 33329084
4394942 4448730
35638262 35638263
35743082 35743083
35743480 35743481
4204639 4319185
3839136 4078770
4318946 4394905
4233519 4339803
3384287 3781733
4233143 4339681
3613807 3936450
3262853 3704401
4318976 4394918
35673565 35673566
3993002 4178518
3613863 3936930
4037530 4205326
4078665 4233187
4384375 4441371
3613970 3937608
3992456 4177422
38132594 38132595
3993659 4179646
4038068 4205478
4302793 4384320
35737548 35737549
4302771 4384296
35661986 35661987
3992780 4178174
3613771 3936054
35661132 35661133
4395296 4448942
4318988 4394922
3993734 4179739
33327859 33327874
4233217 4339709
3992689 4178064
35743150 35743151
3384539 3782687
3992588 4177933
4303114 4384553
4037517 4205303
33328832 33328880
4037980 4205450
33358692 33358693
3993025 4178556
4205673 4319709
3384261 3781306
4036895 4204811
4384438 4441387
3992448 4177415
3992676 4178036
3992748 4178141
3993294 4179176
3992480 4177543
4319222 4395059
4318909 4394869
3613838 3936667
4037527 4205322
3782527 4037031
4610812 4620894
3613831 3936645
3465937 3839187
35672313 35672314
4036671 4204513
35739744 35739745
35661827 35661828
35638495 35638496
4036475 4204209
4178506 4303119
4318894 4394844
35741508 35741509
33056891 33056893
35636794 35636795
35673596 35673597
3993199 4179096
3992942 4178404
3783469 4038148
4319726 4395347
4204815 4319290
4037086 4204995
3993704 4179707
35737517 35737518
4319190 4395043
3993616 4179568
3993320 4179212
35639264 35639265
35672092 35672093
33358702 33358703
4205340 4319561
3262807 3703985
3993594 4179549
35738804 35738805
3993255 4179131
3613977 3937624
33329922 33329924
4036960 4204860
4036962 4204861
3992546 4177821
3384540 3782690
3993515 4179440
3614011 3937757
35737739 35737741
4037122 4205029
4319721 4395344
35741873 35741874
35741963 35741964
4037130 4205037
3613858 3936902
35661124 35661125
4142213 4279717
4205348 4319570
33328675 33328677
3993469 4179399
3992336 4177079
35743235 35743236
4303323 4384749
3992329 4177055
3993641 4179614
3790331 4042063
4303117 4384555
3384680 3783061
3993086 4178721
4036338 4204051
3613941 3937489
33282148 33282150
3262801 3703941
4036528 4204270
4036721 4204581
35672667 35672668
3992062 4176314
3993701 4179703
4078571 4233137
4078659 4233184
4204406 4319083
4176478 4302606
4037295 4205177
4318987 4394921
4036185 4203785
4205582 4319657
35737915 35737916
3992434 4177379
4179784 4303419
4205659 4319698
3384837 3783568
4205670 4319707
3384324 3782180
4036497 4204239
35741783 35741784
4078637 4233165
4302672 4384250
4303297 4384733
4179660 4303404
3992067 4176342
4394937 4448728
35638379 35638380
4037447 4205265
3992736 4178126
4319198 4395048
35738971 35738972
4038098 4205511
3992879 4178283
4038337 4205574
35674541 35674542
4319592 4395303
3614005 3937746
35741158 35741159
4204816 4319291
3782547 4037060
3613985 3937635
4279778 4369223
35742023 35742024
4038612 4205712
3992350 4177150
3992156 4176563
3992404 4177284
4078040 4232340
3384515 3782626
3384841 3783602
3790332 4042067
3613993 3937672
3993555 4179479
35741811 35741812
3262777 3703581
4142416 4279825
3613859 3936906
35738356 35738357
3384576 3782889
3993751 4179789
35669690 35669691
35743058 35743059
3993280 4179160
3613963 3937582
3783261 4037812
4142267 4279758
3992814 4178210
3993121 4178812
35740462 35740463
4036270 4203952
4142329 4279779
3993159 4178953
4037457 4205276
3262793 3703857
3992160 4176575
4123663 4265928
4319435 4395232
4036208 4203815
4036955 4204855
4142487 4279879
3384848 3783616
35741983 35741984
35669650 35669651
3384550 3782719
3992497 4177654
35737540 35737541
4036951 4204851
4037275 4205154
3992259 4176942
3992672 4178033
35731371 35731372
4441444 4483248
3937477 4142726
35741373 35741374
4302936 4384442
35672422 35672423
4142736 4279987
3992076 4176424
3262751 3703241
3993340 4179239
4142697 4279978
3993408 4179332
4204817 4319292
35741454 35741455
3783678 4038538
3992728 4178117
3613819 3936578
4078362 4232815
4303325 4384751
3783206 4037660
3992337 4177095
3993093 4178728
4078351 4232807
4036217 4203830
4303396 4384768
3992598 4177948
3993442 4179369
35654456 35654457
3783222 4037741
35738943 35738944
4036562 4204311
3992842 4178233
35669118 35669119
3993036 4178600
3783488 4038294
4037144 4205061
3992171 4176585
4178982 4303212
4204951 4319381
4142516 4279894
35740654 35740655
3992178 4176594
3993030 4178574
3783485 4038269
3465977 3839533
3992332 4177062
4318928 4394884
4142471 4279863
35739828 35739829
4036438 4204158
3613834 3936659
35661982 35661983
3992073 4176399
4038412 4205632
4205388 4319583
3993413 4179341
3613854 3936855
35654193 35654194
4279983 4369285
4036493 4204233
4395295 4448941
3465864 3838865
4037443 4205260
3993321 4179213
3384338 3782252
3262816 3704047
4318936 4394892
3384833 3783545
35673594 35673595
33328399 33328401
4204586 4319167
3992247 4176913
4036403 4204129
4205668 4319705
33325723 33325725
4036843 4204771
3613917 3937304
3262758 3703320
4078670 4233190
4319150 4395021
4142547 4279917
3992409 4177302
4078833 4233243
3782885 4037345
3384490 3782504
3384907 3783709
4036977 4204875
35673652 35673653
4142233 4279722
4036548 4204291
3384754 3783411
4205453 4319606
3992340 4177119
3783486 4038275
3992885 4178296
33358696 33358697
3993573 4179521
3783282 4037920
3993482 4179400
35672410 35672411
4078893 4233278
3613852 3936818
34779476 34779477
35672431 35672432
35638565 35638566
3992420 4177349
4302774 4384304
35740497 35740498
35668863 35668864
4205616 4319671
35743216 35743217
3993736 4179745
3992174 4176588
3993063 4178656
4038343 4205578
4036847 4204782
3992191 4176608
4078327 4232774
35658898 35658899
4036296 4203972
4142210 4279714
4205045 4319431
4303049 4384512
4037132 4205040
3384296 3781903
4384437 4441386
3614035 3937894
35737905 35737906
4142244 4279741
3992738 4178130
3384692 3783093
3993016 4178546
35738599 35738600
41724837 41724838
4394932 4448723
3384673 3783022
3465772 3837921
3782539 4037052
3992599 4177956
3613787 3936199
4037421 4205238
4078632 4233155
33329733 33329735
4303002 4384487
4232854 4339528
3783204 4037658
3783470 4038162
3992167 4176581
3993130 4178839
3993033 4178579
4448794 4488366
3993328 4179223
4302720 4384257
35662028 35662029
3384669 3782982
3384522 3782635
4037754 4205412
41724839 41724840
3992763 4178156
4142415 4279823
4448776 4488355
35673517 35673518
4036593 4204390
35741967 35741968
3613847 3936766
35738297 35738298
3992550 4177826
3384545 3782696
3992071 4176373
4204948 4319378
4036538 4204279
3613992 3937667
3992856 4178245
4038392 4205624
3384337 3782247
4559455 4575270
4319040 4394968
4178393 4303085
35738359 35738360
3993108 4178746
3992955 4178450
4142581 4279929
4038084 4205497
3993160 4178956
35739968 35739969
35674607 35674608
3992603 4177966
4318920 4394879
3613904 3937174
35738354 35738355
3992630 4177994
3992519 4177724
3992224 4176743
4037195 4205125
3992965 4178473
3993312 4179201
35673540 35673541
4448777 4488358
3262850 3704371
4037219 4205135
4319457 4395248
3993053 4178623
33329085 33329087
3992740 4178132
3993634 4179600
3992770 4178166
4142740 4279991
3262826 3704064
3782516 4037007
4302723 4384259
35673522 35673523
3783285 4037934
3993059 4178645
3783011 4037501
4303251 4384712
3384519 3782631
4204731 4319258
3937791 4142915
4038610 4205708
4037282 4205158
3262757 3703308
4036354 4204067
4205460 4319610
35741989 35741990
3992893 4178311
3992581 4177903
35740053 35740054
3992442 4177407
3992963 4178471
3992761 4178154
3992079 4176438
3613959 3937568
4037216 4205133
35743000 35743001
3262827 3704069
3993124 4178824
35739564 35739565
35661978 35661979
3993077 4178703
4303107 4384544
4339786 4409130
3614003 3937730
4142530 4279908
4036297 4203973
35738929 35738930
35660172 35660173
35638247 35638248
35638079 35638081
4036417 4204145
4177041 4302780
35644692 35644693
3992753 4178146
35741160 35741161
3993706 4179710
4036947 4204847
3613982 3937630
3993546 4179464
4036677 4204533
33329351 33329356
4142910 4280073
35741878 35741879
4232105 4339209
4302917 4384398
4078994 4233436
3613815 3936548
3993559 4179482
4036244 4203877
3613805 3936425
4178533 4303131
35743065 35743066
3384690 3783091
4458136 4495134
35738260 35738261
4303148 4384576
3613798 3936269
35741947 35741948
4279925 4369276
4036838 4204767
4179319 4303278
4142480 4279871
3384496 3782564
4036478 4204210
33329629 33329631
3992210 4176657
41724841 41724842
3993017 4178547
3992220 4176725
4179262 4303254
3613801 3936356
35743285 35743286
3783263 4037819
41724843 41724844
4319437 4395237
4037424 4205241
4036225 4203848
2817215 3384738
3613817 3936559
3384323 3782159
35673546 35673547
35669555 35669556
35739606 35739607
35731954 35731955
4037169 4205089
3782259 4036907
4036345 4204056
35642707 35642708
3613916 3937299
4078635 4233159
3783197 4037651
3262848 3704311
33358700 33358701
3992341 4177122
4037515 4205298
3613873 3937013
3783258 4037798
4474573 4508062
3992368 4177211
35673582 35673583
3839132 4078754
4204012 4318930
3992395 4177266
35741924 35741925
3613899 3937153
35741763 35741764
4205644 4319683
34946965 34946966
3783668 4038453
35638669 35638670
3384850 3783627
35743277 35743278
4036289 4203967
4079003 4233439
3839142 4078798
4037426 4205243
35741880 35741881
35740649 35740650
35669050 35669051
3384288 3781766
4078490 4233087
3262814 3704030
3384839 3783579
41724845 41724846
4038071 4205480
4319447 4395243
35672435 35672436
4079075 4233487
4036539 4204280
4078982 4233425
4038089 4205505
3993187 4179039
4204754 4319267
3992640 4178003
3992479 4177536
4303306 4384738
4036420 4204149
4142680 4279961
4178247 4303021
4319220 4395056
4279725 4369201
35662192 35662193
3384762 3783431
3613843 3936715
4319463 4395252
3613953 3937552
35638675 35638676
4142398 4279809
3992392 4177263
4303380 4384757
4205443 4319599
3839324 4078944
35669154 35669155
35658507 35658508
4204229 4319002
4303226 4384670
4036709 4204559
3384506 3782595
3783194 4037647
3993324 4179215
4142946 4280108
3992969 4178489
3783167 4037586
4302645 4384235
4036692 4204552
4319430 4395229
3992354 4177169
4036674 4204523
4036329 4204027
3992450 4177417
3839126 4078728
33329471 33329473
4303058 4384518
4142666 4279953
33347840 33347841
4036198 4203804
4036655 4204492
4384499 4441400
3262849 3704346
3839137 4078774
3384542 3782692
4205024 4319419
4036419 4204148
4078641 4233169
4142245 4279742
3613920 3937317
3992208 4176646
4037170 4205090
3838909 4078633
4524076 4546969
3992042 4176288
4036938 4204842
4179320 4303279
3992236 4176836
3992759 4178152
35660613 35660615
3384739 3783238
4037167 4205086
4037463 4205283
4036824 4204752
35674036 35674037
3992155 4176560
3384511 3782611
3992300 4176993
3992348 4177139
3783305 4038037
3993698 4179701
4142551 4279920
35741985 35741986
3992734 4178123
4036911 4204825
35738370 35738371
4142248 4279747
4036896 4204812
4142344 4279786
3783489 4038306
4318912 4394872
35674568 35674569
3992592 4177939
4319111 4395003
35673496 35673497
3783248 4037772
33328453 33328454
3993580 4179532
35638421 35638422
3262797 3703926
3993103 4178736
4037159 4205084
3384267 3781435
4036321 4204010
4318875 4394828
4339307 4408819
35741590 35741591
3993186 4179038
4142247 4279746
33329466 33329469
3839140 4078792
4205701 4319718
4078113 4232434
3993047 4178617
3262789 3703816
33328500 33328501
4079174 4233534
3262818 3704049
35727562 35727564
3992985 4178508
4036982 4204884
4036311 4203978
4319340 4395179
4205510 4319624
4142743 4279993
3614046 3937916
3992373 4177225
3992506 4177685
3781997 4036703
4319061 4394982
3613994 3937678
4036981 4204883
4037429 4205245
4205552 4319645
3992194 4176611
4339654 4409037
4036183 4203781
4036472 4204205
4037180 4205107
4036441 4204164
4142457 4279849
3262753 3703252
3992378 4177229
3783233 4037752
4319591 4395302
3783665 4038448
3782271 4036916
35741969 35741970
4302990 4384476
3783191 4037644
3384924 3783719
3613864 3936937
3839138 4078776
4142492 4279882
3782270 4036913
35673767 35673768
4559464 4575288
3993683 4179672
3384846 3783607
3992516 4177716
4142454 4279848
3384863 3783648
3783552 4038369
3262755 3703274
3783220 4037737
35658894 35658896
35741813 35741814
3384507 3782601
3262839 3704176
3614019 3937800
3262806 3703978
4142538 4279914
35743153 35743154
4037066 4204973
4079276 4233582
35742911 35742912
4078464 4233028
3992466 4177469
4318915 4394875
34988893 34988894
4319275 4395079
3937789 4142911
3993705 4179708
35668968 35668969
4038098 4205512
3993166 4178975
4205585 4319659
4319145 4395018
3613892 3937071
3613824 3936612
35741761 35741762
35743373 35743374
4204014 4318933
4431031 4474577
3992372 4177224
3384315 3782079
3992443 4177408
3613979 3937627
4205309 4319546
4036957 4204858
4142616 4279944
35674513 35674514
35638445 35638446
4303109 4384547
4303320 4384745
3783313 4038044
4179661 4303405
3384701 3783127
35709654 35709655
4038616 4205714
4038370 4205590
35661134 35661135
3992907 4178367
35738367 35738368
35738920 35738922
33490142 33490144
35672389 35672390
4036643 4204489
3384342 3782265
3613882 3937063
35738407 35738408
4204593 4319174
4205339 4319559
4303150 4384578
3783490 4038334
3992555 4177831
35669641 35669642
3992854 4178241
3993079 4178708
33283383 33283385
3993102 4178735
3992563 4177845
3993565 4179512
3262836 3704152
3992744 4178138
4369215 4431016
3992582 4177904
4142353 4279789
4036393 4204112
3613844 3936727
35741871 35741872
4318918 4394877
3992908 4178368
4279900 4369263
4319081 4394993
3993119 4178806
3992445 4177411
3465960 3839363
4142693 4279975
4078228 4232636
33326094 33326095
33347854 33347856
3613966 3937589
4303147 4384575
3384676 3783041
4036749 4204626
3992861 4178253
35669522 35669523
4279982 4369284
3992593 4177940
3613810 3936476
35741592 35741593
35673930 35673931
3992345 4177132
4037346 4205188
3384858 3783638
4036602 4204411
4078897 4233281
4036614 4204426
35741012 35741013
3992674 4178034
35662224 35662225
4123655 4265924
3262815 3704046
3782532 4037036
3992410 4177305
4037151 4205070
3992862 4178255
35636884 35636885
3613998 3937722
4078711 4233223
4038611 4205710
35673592 35673593
3992755 4178148
3839143 4078806
3993459 4179390
3992647 4178013
3262844 3704272
4038630 4205717
4038376 4205606
35668997 35668998
3993461 4179392
4079015 4233451
35653221 35653222
3613932 3937441
3262783 3703684
35741010 35741011
