6135827 158573
6943984 5469
10973889 42322
12559859 142065
928908 327667
10804550 391907
11794615 218110
106026 95476
10858471 694634
2985837 299643
10869653 55366
6226327 66148
6961674 374496
10879967 679486
8005248 95372
9827944 228371
1673695 238233
106085 97966
10925287 50299
106012 94513
5969855 635239
11235078 64945
14802961 99520
928489 126905
10798486 119556
8869957 670160
12705913 343731
14227858 97406
7920230 429253
5236413 240514
11513315 1334100
8416176 378676
11473612 93116
10904835 710237
9283476 1198847
584109 355631
10907769 484566
9665006 295847
10369170 55339
8458547 312862
11152240 267323
14799932 2478099
8737739 188743
11526093 270892
7647363 703880
9923943 50513
9265562 339518
583715 36178
9960309 312772
105985 41541
10385585 1602583
6228592 260843
9782324 744211
14829673 339675
9317656 101823
583846 112008
6228922 70616
9625880 1321205
11232490 62372
11597423 504512
10425008 93763
14787644 34680
9387040 75157
11242242 102227
929098 77738
11122815 97967
10380197 1006910
10380216 77956
8722770 67461
8065469 471927
11301991 52835
583739 131191
9329043 598804
7647148 545874
106001 128023
339794 320856
12799014 724096
928863 226588
10438641 172287
700445 42323
803047 361646
14796486 654165
11122888 524081
8078484 133800
10381350 355109
583736 65891
928480 13816
5926798 230942
7248960 299760
11188752 66234
9302138 513116
10369504 324174
928855 96101
11193398 125121
10848299 914915
1458239 100050
41727709 98597
3665725 1403
7544940 1566447
9298957 959732
106021 330879
33596038 537634
8851323 50640
11393005 94441
10986043 110313
12328459 310730
9559006 314875
6731576 41577
11520566 384729
2182040 52443
14858996 75544
14783664 1308057
14783662 95291
10761819 312773
928839 122644
5620555 55922
5847398 305941
1439854 181904
5032610 1298821
7192651 938511
11364443 900844
9978342 349599
2270030 137390
12738242 93660
14417062 638955
928454 98990
583744 142164
10950902 1128704
5925122 17122
7711587 294494
802918 87869
583735 112353
14804751 1501590
7367039 252442
9826771 321148
9826758 335324
14837939 1621
8853644 97968
33608748 1003117
11596959 109872
106293 95420
583908 144659
14807179 53912
10836753 407600
11410682 137994
9244861 34682
11869382 22645
30358627 942456
9650722 1308010
802975 77299
9417823 792038
10872305 1260018
11022550 2051
10005481 622370
10370157 189083
1866927 362064
2180062 53309
11339467 94379
9786686 1944582
583737 100173
583948 220047
14807679 192467
8938456 872093
10933971 365906
2418077 128627
14875997 122926
31448670 907401
10995581 265798
11114015 416660
11123344 134384
6797473 102869
2917990 307295
12512676 272747
3104704 107758
11458518 170776
41727710 112766
803138 325865
38692699 109136
14848047 101773
8843768 210661
40281574 664536
802930 352627
11931798 137091
5729090 253506
11490792 373573
10861763 867739
2122291 1394
7548423 53112
802946 104318
106094 280588
583720 107816
9171248 346815
3211479 181952
7905538 380152
14803718 340407
9818459 575854
14856220 259815
5992582 330019
14782075 127306
40109581 1489902
41727711 73093
10395821 157139
11584479 100865
10675461 98894
10675459 227444
583760 124601
803149 579014
583782 227326
14880682 1180049
8633939 190414
11109090 233355
343212 932623
33597126 218350
6611532 207959
929103 862062
6212106 63684
1437385 1488841
14783716 392706
583938 1183336
2286822 38601
10869883 922380
10383442 908224
1774378 63457
106029 319758
9306717 109460
33597193 52283
9390151 215183
10853749 939247
5549028 235251
5612958 890774
2643919 53235
11436288 218184
11482534 207674
12731155 437124
10371342 99466
106095 338367
10950694 109361
9040427 870490
12508463 92391
7446339 671398
8868054 248043
11589244 12036
583783 95477
14867862 335602
11762999 121061
11587154 413231
2122845 668248
9369338 23132
10851057 329679
14789816 295527
928895 917298
106122 345201
6369920 105965
6006728 142296
534829 2765
33597478 46551
9208121 1788206
318850 857912
929908 99329
12155684 512156
9465474 41912
34824655 104028
14859363 539310
2184532 478401
8679853 60138
2922125 852853
6212954 99992
33597540 136229
7540968 266066
6587014 19416
9439524 451865
14779642 85355
14867884 468523
12548595 344422
12932119 190192
11828632 629407
6255548 248635
10844336 600522
14807223 462428
4048745 98090
9484568 351744
583718 371696
8754845 297861
10858920 357127
5873571 65259
9006654 333406
6143076 163614
14782667 70132
8450309 445273
106344 350302
39121867 361082
929911 235554
583785 228832
14701520 413949
5678112 50641
5678114 867410
9481613 932236
11377387 932223
10868142 291954
6617397 36140
7994530 143678
6256140 79062
11657971 95844
14782880 218351
10928453 58288
8077045 325800
5254227 146505
14881064 299911
11204823 864661
10430793 1596504
6727198 109953
9349906 659847
1549938 170566
9501605 339341
12799029 353386
6256643 5574
14848391 121432
929006 606728
106218 130140
5663245 104605
11606396 109557
173355 99638
11597695 2063630
11594748 1018039
9464385 240706
929132 390450
41727712 807202
348856 339519
14839820 35770
5740531 910410
10916713 308389
9288439 188705
802966 580974
5882524 53775
7889475 8726
583759 142975
10940521 56614
12931697 106430
5663214 1404
4770274 214916
583733 65892
803169 65893
3791522 100174
8652686 388371
8477820 247392
15525016 216717
583857 207413
39646516 953720
15638981 107396
929054 856757
39646820 232179
15659356 352882
39646096 142891
11301484 263281
11548693 292093
14847872 330443
8164413 94968
9244848 321664
1820358 340921
39646812 1754654
106283 349477
8735874 274405
9823948 101443
33610519 362465
11459124 385732
928386 606239
14732939 16954
10782857 105228
106099 57951
7300281 224944
41727713 51272
11644762 49226
449775 44231
8234104 1577210
9830625 127550
9998368 48130
6238067 359703
6514087 2212769
4738670 713211
41727714 574013
38222145 1459579
832370 649577
4972911 93817
1708526 892314
6459175 313069
11124281 209913
2720373 64013
14809280 17965
10812158 571365
5038469 54271
12784629 232110
33108741 770258
7085394 193217
12694318 1286290
9196811 123616
33596131 1007229
14877516 144099
10860665 8076
38219039 318539
10843157 1171292
38219044 508684
106326 76283
11084885 115808
39646600 896355
8982043 203206
10373090 213723
10876266 219511
33598255 56306
33589511 911938
10996422 207244
11024882 830934
6626099 21168
10824341 987693
10392576 654
41727715 339406
583762 56882
2608109 164414
928827 99703
9926419 99899
9981312 36136
6264467 201889
12573156 251760
8253241 134802
2134282 100612
14808506 275721
11437729 92648
12576533 133581
583749 199288
8664054 131310
10842464 192468
106062 50847
8122022 39645
928887 48180
14793091 285750
106337 153107
13016551 528961
106234 101824
10086502 164479
11194507 534666
14795534 51072
105991 52284
14788560 2216445
1527108 72776
33598903 324697
802913 684777
40280702 20490
10934537 119839
37665056 87760
9571698 752532
12569883 77324
8117419 1405
583712 100356
14841959 1417754
9141313 1708620
342589 147671
5060765 226733
803089 536794
802916 1035181
7075522 659890
11054765 43032
583787 70121
8937862 369871
14796636 256121
7579310 237163
10960829 875034
106039 1623
6218087 45764
8788789 194014
13024023 262197
15653642 92195
10379653 629827
8110387 280820
11106670 898542
583882 57569
11391691 918536
106119 345071
7570856 2346225
106193 347458
11432898 224834
2134612 332711
7842851 38891
7073227 355110
11475739 70658
583881 1309446
1106158 1314486
39645729 224937
700665 95422
7913460 309048
1297749 511952
14807057 340477
583788 290456
583747 126763
6875697 126762
5064355 101380
10379978 878028
8658305 148971
12006359 470029
9469848 1754072
9815728 257302
2216901 89888
106105 213164
583789 216889
14865606 660888
6959599 1692227
9644566 100560
106182 347173
928420 442889
6712518 296411
6464220 325747
106149 325279
9916112 1132774
10981366 98440
583866 129066
8923959 487030
10438628 50514
11397371 226083
10714600 291056
41727718 327529
106013 143461
11307840 500374
5936130 549879
9995827 236667
106107 344610
9789087 931898
583790 221631
8511813 1309813
5841881 324840
11280088 1339
8285236 54525
2582411 470082
14783915 715442
12169429 729184
5394774 101649
9066118 122841
9042226 79784
14799356 80182
803109 53973
8368819 288721
41727719 1249028
106217 348064
8985126 1625
10970647 1655357
9769329 1066319
14799526 67999
11076981 102808
9347662 335257
8703738 1138528
11418149 142932
11159825 5619
5206514 460251
7451995 78774
9812085 351357
6278758 803747
14802014 216074
928390 443467
12559770 72968
8688519 750714
6618979 663558
14803447 42219
106145 214201
12583703 612424
6535187 5458
5064353 612420
14784793 489201
14807927 346863
10861903 884273
9344114 398052
10684032 326289
39646179 389938
15642229 388326
33602649 2875910
14867998 47953
5560183 58039
14865641 52444
14785685 350851
802942 122363
14748019 295146
11125240 131781
6221056 799546
11134132 83126
11221316 612425
9494848 261453
106110 125483
11519566 792149
5560181 130949
30318889 416836
7854409 199766
11339743 53644
9069212 612421
14796839 98318
8432251 612428
9165875 98661
14781487 50642
11519604 312626
6565940 245126
2492956 2240641
6219589 72676
5790821 64154
8570075 87215
33600785 248601
10787746 391402
7236557 248536
40280684 100679
33600862 66290
803170 54086
6279359 322284
11405681 392673
928866 52187
8868342 108680
363570 356072
2277053 218112
5686619 393842
1662638 195505
2501626 340530
9425814 783503
106019 99036
9872533 52722
5668917 97604
9830257 113591
9441672 960543
10953825 191423
9823916 857004
36738510 1537640
39439065 43098
928391 51716
11633415 1600767
14458454 339734
5519171 134679
5398897 361578
14781354 623849
6722851 902519
32879555 2948525
10813817 1801246
7033156 276691
8207739 1502735
11412386 296843
583763 226189
10970098 87287
39439708 787906
33601257 146557
929109 664869
33601263 199694
105986 338946
10416510 790120
106211 211297
5519173 79193
928424 108200
10847502 336221
537709 256261
14841303 158138
106113 70843
929030 476784
14799965 64541
6939818 795334
11591581 20691
10376675 342605
8743389 70879
13205351 691498
15648446 391102
14805964 100677
1340670 56740
105987 339004
14780899 50087
6761554 56927
2563975 219932
8179811 95716
583731 322356
6592052 71289
3113031 37581
9588086 46897
14794854 16994
172280 215784
106040 36838
10704199 53403
1745356 37409
10883044 51830
11434613 458448
7227777 194015
106068 46122
7679762 37974
7035128 96930
11125873 489772
11493550 1717241
12682828 60164
928365 338947
8280169 43099
11342046 342009
537737 36765
7175554 632610
14806692 220815
12756407 534032
106025 341221
583711 328730
928357 70133
583791 430299
1914319 63515
11551523 137740
9254816 1304629
5800874 50958
7215409 56780
7215406 56166
11557460 21879
11592714 307798
10849499 353551
10377414 277547
11472331 653
111300 100354
10035857 390357
11506577 213501
10379035 339005
10380986 1487896
105994 51909
13032541 199936
6724929 907332
8348967 415691
10964260 810212
106092 191088
106022 118269
928840 235254
346517 117470
11208770 1089237
11515490 839575
1302997 93717
41727721 787335
8599415 47455
803146 344676
36663912 470760
9829615 108247
9494961 2875179
40602458 37454
10702317 193974
6520979 393322
930787 582470
6326326 117648
10378455 222331
929061 770068
10378010 462925
12596277 383367
11778607 2344966
14794466 221879
10378180 261454
583793 79987
1490535 50516
5214962 52400
9023888 168953
9257501 916537
33602007 45959
14752406 98796
10905509 345202
7193983 1849471
5241989 103059
11406438 225048
10971166 607423
41727722 177173
14856827 107039
14856821 659891
583863 407821
5882522 52563
8240051 158181
14806720 124131
106241 218292
1973178 333037
10329257 917386
583719 58553
9806366 927644
11786622 357994
11180130 50959
11016593 428797
11193536 96046
11502416 1399340
6312685 189254
11126378 141995
33607678 979437
1760534 93764
5211558 224122
512712 530058
1303368 170047
11384881 362653
45067 190194
33602310 865878
11750712 814986
11599264 604127
11878450 159311
11034460 251924
928838 432714
9344394 343493
11125851 1614015
11391162 499902
10782976 48888
928837 51424
33591517 326270
33805329 500045
8021750 831606
928446 192778
928392 272199
106057 342670
6318127 221648
9170113 1798940
12731194 641948
40617662 386002
3214801 215318
33602460 1073671
11022421 242892
11505988 41409
12028399 552468
12329522 54314
14787024 180832
14800331 816702
12020361 276393
2571183 275621
9139254 50632
105976 325244
6769047 322787
1749676 330373
5790738 39812
106000 123298
357468 213505
14831120 44907
11346800 527714
39438877 1643107
7911246 208721
11526877 513057
33603631 340188
928970 268636
106258 349089
105979 118064
929902 577576
14807467 276324
10901232 325718
928891 602274
583999 78211
10395875 67174
11998647 325281
11236821 701563
928393 525080
33602820 224513
802938 525618
803110 186206
928364 94588
5398385 35963
6227690 153674
13123094 333384
5285822 193147
9574938 329221
5016893 131449
9461400 1429131
11127465 1290299
8333126 50517
11148381 370216
11444807 54016
3186590 95893
14476624 248621
7582500 507794
14827085 289707
4825184 35869
12807349 225805
14793726 222629
41727723 2052
10371794 142277
14621066 325408
874881 352730
14782306 22485
11059145 76395
6333679 131049
9476196 436348
6034139 230461
11028926 988262
1959846 293444
14803183 219723
14843435 1105910
928861 216891
803207 1601986
11610154 895165
11324292 181901
40281211 525828
8514219 327354
11311249 1038324
14800626 220722
21675140 1797757
583734 456341
7871002 94969
11033872 2382532
8081009 1572935
14798540 553440
341642 189478
6941994 338948
8128303 841674
583723 418104
723976 99116
106053 340669
8111321 325203
9832639 79283
9029568 347343
106121 345149
105977 99774
11605536 462447
14797385 216388
6342034 893149
6342296 224514
6722044 1444480
106133 19417
10855141 390873
7570651 2832140
928532 337484
14808658 141402
2573940 284181
583708 507859
106169 346816
8830515 363171
106041 342010
8015763 384948
9026572 952806
11633079 916558
341994 109522
5098833 112009
14784163 119697
8196057 507833
38217398 1708928
11432379 213165
583722 224127
39645654 1724920
583801 316509
14804687 361465
189552 316790
7298296 98163
10721985 248812
106046 243663
7317241 243827
6688207 867851
37666101 863789
14875695 152145
11139717 296099
534831 105378
11495192 5251
7164126 945778
12178835 54186
696215 17120
7537687 100091
33603835 112148
11963103 264566
8771092 779141
10860725 140104
83383 39344
9242896 1387228
9530523 1086265
10699602 160353
11275228 106407
14808330 161358
5839921 507776
14834190 401793
12779195 37053
106051 120808
11591281 741794
11591274 1214702
9498387 344072
7688081 763260
7425105 331777
14796585 161412
7655704 839415
11003660 136004
14787731 53242
583877 206621
10685730 736958
11546808 53603
10382865 101549
2921491 253352
14851849 231113
11200095 335325
14787243 1709271
9593383 1438123
11448228 261141
11292873 316453
106055 112083
11008069 358955
6892341 21888
6360637 173901
8964321 120406
105990 3205
202027 402706
10931099 64126
12510181 241436
7698972 216884
11428318 314344
8419310 221493
12406642 190785
10383291 5543
7271575 448683
12167554 50848
14837957 361167
9495371 132714
11161264 328942
14782654 324799
11377410 424319
6232055 105473
11430185 389158
10739779 396954
6365814 500310
11260959 347275
7279129 295965
6407474 667094
583991 1088778
41727724 51831
10730812 336474
106015 291741
9828639 861813
11554100 34446
928850 336755
1766179 94747
10050491 226888
11586342 58040
583713 97127
1256872 273294
7083980 638211
11162060 180780
14795577 592007
11691143 328979
14788425 130349
14796362 284728
106016 65974
6234713 51429
583704 239805
106065 342726
723977 288535
10435243 109290
7199078 353425
106049 94288
8814737 142892
10849755 105187
9417676 842841
11124420 346485
106259 51905
10048820 44865
10950668 224632
7926309 126216
7818573 243050
583742 167536
6707182 151559
2503785 77422
11932782 37872
10086505 343225
39197173 573043
928845 217287
9829691 193783
8466649 344215
33611231 545135
4162972 310863
10073596 17123
8087503 219478
10383829 274126
8677685 579095
6972441 224732
106249 348873
583931 56835
106232 131815
5062245 430714
11212195 43893
6379046 5457
11153403 333822
6379044 50960
287200 48622
1746224 222998
11364712 376072
14839545 56113
928362 222178
7218797 93490
7829013 698348
11582050 351859
8163129 916472
928378 293695
14785575 46272
10701193 41917
10422428 546629
14802499 176500
697063 551462
697062 43323
5016924 325409
1452986 180223
8221236 46168
14868162 53079
802935 252045
928836 55626
4159351 5460
928397 440773
11933908 91103
928859 216932
5976363 1732334
287197 692670
10859525 981998
14807648 831
10084583 190572
7107306 515801
9988176 20035
83890 50136
36486505 1089233
15658017 122447
9664014 496149
8000558 17050
4293554 166626
8479737 221444
803113 197487
9832018 1112907
802955 104403
1557745 441269
6951041 22602
10862355 343902
8305671 110314
33606050 99171
11442019 17051
11061064 104743
6579850 105229
9559494 901356
583615 303181
7883435 989719
11418651 579807
928463 248617
6953938 53373
802915 5461
583784 122484
14867433 129759
8050732 1639847
10395905 28898
11478438 362166
39645984 100778
11362141 5596
10690542 380677
39646392 1972203
10716632 56469
9802125 333999
10840684 326973
583805 98662
14780972 54017
11022402 219664
4229287 855621
11264068 50388
7741449 128212
6949278 224261
14792339 154403
14244363 345851
802928 755999
802917 702189
5746731 151366
7265779 639957
10385282 1311632
11154373 370338
928847 519657
5605108 105418
14791620 212969
583825 168419
41727725 116945
1323493 85493
6417407 961614
8658360 72229
1776641 220312
340511 42616
14801389 102667
14781399 43404
14476778 37782
583807 556219
11305687 57093
5493080 671093
10939189 349661
1250773 99244
39439495 122205
2129122 339342
14799826 177132
5242464 459658
8419523 318655
8998170 665481
9143210 99516
5059828 1201949
10971778 40039
33606936 52916
12508152 39567
1443894 316575
15657016 285621
583808 94748
583707 356974
583810 111874
14838732 96767
7116204 924599
928923 1419676
5424470 1085990
928438 317786
33117556 831607
14809795 142914
14807767 202586
10089579 344923
11000382 330067
1342589 370109
9307404 117408
5595591 93661
583947 311572
14804209 901051
14780081 202407
14575516 64173
11340749 60455
6917039 322613
11298791 335394
11298793 669493
14782047 142031
11264007 401242
697064 170879
10419549 155436
10804695 100905
2084479 418738
7926326 1741926
11160516 203404
2920482 394805
11340752 466085
1763246 314780
1898162 110235
802984 21101
802931 96709
10879884 889128
8312568 539387
5283440 388854
11545401 346140
340900 112010
9092685 220264
11004232 453067
5758587 216938
12066759 110039
928375 333746
11277216 1180936
583812 110041
8352649 102870
10386213 56375
6450262 100733
11251155 1600568
14788566 736687
7582764 198583
14825999 104821
9541489 848791
11125634 900143
2320090 324083
928399 355881
14803629 110236
6569305 41756
947116 19583
227631 323991
10910528 1055020
1494090 104229
8393495 52723
11062386 97203
14791778 144277
10961522 96047
10802630 98038
6461710 50963
6461715 92825
3019667 2382129
13079947 200309
583829 92988
14802324 65703
11128938 368333
287209 223272
10862629 58191
2705553 21657
8980046 357528
5501862 186737
928400 112245
928401 77739
802940 221303
583813 327088
1115968 22247
14744665 95100
11011568 94164
8984660 652252
928370 142165
5374975 88062
9104554 152826
13206173 95717
10425276 400462
14834904 227465
8570717 732296
1485430 22826
928945 294962
11391079 121844
32861912 97305
11388678 47074
6465277 53857
928402 35308
2614595 18047
6027253 119438
583895 568564
2630586 59525
928414 318508
10895120 345588
929003 97670
7522718 52146
6465968 651770
583728 121508
583765 113053
930574 6067
106075 343433
6879229 55259
13207238 606172
8845355 17124
11512809 247334
7721811 528891
14829895 109296
802962 96283
9040390 366606
11535258 1197868
14879903 194698
15580849 1400981
11210119 549880
5039814 292923
33608554 19585
7793899 686810
41727726 163738
9399615 961085
9794765 728615
802920 5462
33608602 324498
7745878 96570
1736430 279083
1074525 1071981
928470 109873
803009 330444
10999754 53047
928448 5455
8491229 313488
1185815 203358
39439301 1674321
11402049 363241
10375497 170726
7745876 95103
356703 441056
1417199 48889
11478756 196363
537740 337888
329975 697261
583883 328834
928385 52724
11394476 46219
5324196 192080
3211481 200961
3972096 215666
583851 142624
8527268 93136
583729 18455
39647099 248730
11163168 324931
583815 248487
8207151 94890
12022936 665442
11129503 219825
5557656 47040
7556420 35265
11184341 96826
802922 5463
2181547 54018
14785551 189037
928869 312630
928870 101650
14779866 216360
11037248 126761
14717600 281986
928900 126764
5501024 342186
10388350 884143
14842540 83296
928490 512556
7758839 461364
345180 149569
14790015 312861
6737129 77552
14797320 658704
930331 109421
10428533 19418
33602501 277557
10846567 99840
930801 100867
6446310 106431
928902 842555
2134284 16412
6439320 98437
11149437 135079
5864533 17197
14790030 384486
928363 17880
11456623 95479
10379078 528922
11016549 1046030
6208160 637624
928403 5464
3641872 178308
932504 584033
2993759 1250007
7288427 313933
11419369 243994
8088986 202358
37666734 110659
5209286 264889
14794294 109822
928907 145106
11955154 367549
928843 201934
11803797 201912
7845550 43405
9170359 107878
928842 101381
8495150 220670
10725277 336159
9256224 297208
11285696 226736
6880389 89891
4957760 142424
10708881 392708
5503494 48887
6429206 350409
5829843 19415
6834780 97671
2947856 226965
583721 218795
583900 215184
583804 85430
11580469 218719
11410622 357763
10938820 337485
3260009 213506
7796242 365696
2918053 23039
8519970 1027367
1340007 395549
6759780 342138
236881 5465
8254857 2951879
14844888 1845280
929016 173390
928384 174404
5808719 324238
10842463 187404
10374273 229904
11616104 353762
6386550 1413
6150521 5466
14802093 51643
8139272 207675
583816 139100
5383080 263435
10900372 235856
15661557 162539
10389645 111506
8220849 139146
11993395 235886
2569907 992168
9413130 388993
41727729 1005203
10973783 287360
5054294 323633
10389775 38791
134415 423315
583740 330627
11151342 100131
10389815 135339
14790280 714483
14809434 1193911
11246140 34875
14804465 8483
583864 195704
10915186 114870
583766 111157
583752 1305231
287201 205717
14856759 329314
7202850 219572
11636809 218065
9436323 201582
8973074 893059
803000 75956
802968 443337
14251456 674552
14856786 219984
14783397 84824
11408691 342104
12042758 60295
10390186 961052
14786387 321609
11214989 480440
928377 332062
11839110 3168565
10838145 108201
7098816 179329
13083910 93477
928376 349774
5143269 831766
2869978 339199
583817 5393
9296102 96827
14240916 322840
1570937 744938
10390306 498756
14454018 287247
2501628 340762
6079219 225051
11456956 325607
928860 110915
928961 336721
6114017 1109056
8801459 1029091
41727731 328943
14786456 94295
802924 116950
1557746 343986
287218 96710
8538371 344565
10062516 1032757
928419 538729
11534238 290225
14838347 215088
11396512 611880
41727732 173213
11151168 35775
928405 501440
11221239 684482
7371300 99038
11943718 362061
928486 88039
6679914 54865
14781829 105526
14792130 84411
928452 961434
182182 160655
9367770 354664
11232503 222733
31163920 161796
6552525 224060
14838290 213168
4109538 78274
1741702 336503
928960 393563
9637870 755223
5410763 330474
30800769 759697
2134611 314364
583819 216026
7585501 157292
11302614 222723
928856 346486
8909319 154224
11046192 44178
11493838 62429
11549323 349982
3962945 242452
7053695 110315
583751 340600
8086636 157928
773385 1031550
10868238 100512
928383 336222
930790 252908
856437 276394
2149601 488862
583903 346920
928903 48669
9973986 217288
11995443 236431
11283843 328585
10372071 333747
12149533 320962
12329620 346667
10086944 488779
5436567 17881
14800167 323562
928360 219826
14342291 369500
14779969 109558
11786662 257384
11328310 100868
14804390 285250
928478 1042785
8446909 251763
6712245 221026
14802046 22248
8667150 325609
11487398 394570
8380434 1659635
7811745 100561
8672808 616661
928379 881533
11812293 271450
14780988 340923
14780990 408278
7589769 1167645
8310088 765060
14786628 1009967
10372633 263436
5836320 323327
8527250 108226
12174767 1862008
928947 109691
14868580 910208
11280786 308646
10976535 226592
5468344 90718
9402784 308655
6617540 660211
10833282 112305
11017758 308663
7022408 35682
6581502 308672
8694912 250169
10394683 152827
10898182 249794
11525763 308684
11188050 308643
8651389 308688
10372791 135432
11534817 196550
11519893 1096076
11474496 49225
11588524 58968
583821 269785
11491869 308712
6584341 97378
9288917 164078
803184 832043
583822 343396
7905179 194339
928909 376225
6585026 246536
6585688 207621
583868 364582
11002846 36218
1418554 109743
13206759 122803
4107636 5597
6147452 109597
932507 329680
7809044 79956
583865 22469
8468624 238001
10377523 87060
6418060 52838
11390139 83928
11367131 340763
3883160 121189
7740377 344998
11207614 98895
14787395 160736
928483 83737
929907 173773
11367774 121112
7408922 49841
928372 201583
11046190 43100
12912377 72284
9331721 54973
9631488 16118
106249 348874
583786 36479
8986181 340764
11265940 218532
5904517 5394
803134 243765
3681936 312631
106024 243780
14791591 36474
803162 90390
8333149 207414
14834433 116951
111302 1406
14660643 341266
803101 104947
802939 220313
11158325 215891
10886373 252943
10895355 50033
9243978 330650
10769188 221741
10787215 790121
6596954 243744
11086427 621179
11464952 9725
928505 319302
4167974 120696
12617082 100270
11169199 251767
11300034 392580
10435862 23007
11611509 36476
11280701 100775
932763 1757527
11119658 15959
928473 344217
11197843 99993
6868842 144456
9633084 100906
1827836 324239
928899 103863
2637076 502911
7572244 512855
11492560 395464
9433633 696675
14457924 126730
2322919 700276
11595905 392146
8371871 622838
3344033 677538
5092715 341664
583748 99398
802941 607224
41727733 859512
11557099 5160
929015 1628
9380167 51647
11233339 50389
14796521 35462
583878 344566
5850184 1202211
10093242 325610
9565292 1041575
33602660 342240
106109 214950
7399705 1407
40280316 364504
8033078 344716
14862936 79015
5963986 265418
14472682 246537
8647192 327305
583702 930098
1532759 2391282
583732 349478
10381640 221880
3184677 315877
8775892 84855
1737305 147358
11586681 201483
14798806 664125
6275494 640304
106111 330445
11432872 322139
11326603 35289
11304254 94643
14805838 349070
4275451 119640
10879137 323737
10888994 381839
7652609 133512
11227349 14013
11596052 32926
11555251 33128
10720588 324801
14809890 43950
4011168 142276
7553109 15542
33606782 67229
1501906 648351
11250381 2004469
10895558 51075
14828829 6514
106023 341133
10379710 328872
1250256 21574
8492040 103466
929028 163239
5741086 314744
14793198 91379
9339109 287828
929049 48929
5647992 47118
7514170 248910
8241114 242203
802956 729910
7785624 226967
929040 350157
11746201 240412
10886731 96479
11497304 336073
6955695 92190
8185522 213584
12561553 51999
14792986 237605
41727734 190196
5996701 101887
583755 249895
803167 106456
10664468 144890
8424196 305515
929023 189402
7472125 505652
1628158 43617
929056 218113
9535506 240413
14736307 237419
10730674 342606
11478308 391104
9207307 622839
14779139 331403
10060810 686582
10896459 321766
928420 20727
7870895 215089
14797088 128344
14867220 512930
287204 447082
4082522 101897
5184685 543282
11397356 249617
8401263 526738
7032164 142724
9772373 186118
928501 430834
14790834 17961
929047 862267
2570119 442421
867708 19419
10020295 901983
8270076 275945
8491969 218114
803175 99522
7496747 754170
930397 197100
14804376 51648
1397067 224835
11374696 188217
4962441 284244
9484892 67339
803133 249692
929024 95156
803161 249624
11469814 95423
9375446 249770
9593489 48890
1482392 199191
10384618 201484
6221246 365968
928416 316482
14808087 54104
7477382 392813
14785718 53430
11547777 53496
18509 93434
8526991 405085
11443231 658964
14791971 56781
11542211 417049
11440492 131166
5216569 112011
6747747 295621
14798829 104320
9874312 95192
11471266 489053
9892582 321018
7583321 249930
1600242 310851
2216896 52395
10927905 51277
802959 322674
929077 144080
929041 333748
8364572 103864
7772268 552813
8604647 48930
929060 41178
928472 337267
9828048 149455
8385638 388788
10435979 51520
10384539 201657
849250 274622
10081369 552679
14852261 1810343
14744194 343397
10819094 290915
10973239 828847
6999347 334563
14372581 190416
14720723 124729
12692537 109559
10374019 72376
7704923 602409
12033401 148599
8409134 333074
9518213 93545
11478743 863823
1555191 342868
696213 52725
14598434 49652
6894223 320267
8176702 2501769
6894244 568165
11159384 352059
8996386 152776
5391038 72377
1760543 53776
14792723 624964
6617403 341301
41727735 1644294
11169583 223258
12975737 53976
6825547 879579
10396124 262045
700835 53244
11311324 53604
8584828 1329933
12328941 57299
12039658 392220
3929765 140022
11561902 325611
1760544 314050
7972066 378506
7341033 508128
14780558 389829
6418327 199164
6943981 72378
2580386 316681
1760535 52044
14786578 94892
6187477 362202
8890040 152889
1760537 449296
12615110 698085
14807382 463421
14796161 72379
5039340 671051
9154983 84856
2193902 503681
9572861 1408
14806709 333688
14801294 440443
8496668 169560
6270310 72380
7209079 345684
9832874 1969807
9558642 328873
35005104 75158
4718822 98441
14518461 340478
2930926 390739
6420783 361705
4175716 186085
11653537 739571
2265905 72375
3990949 4144
11050919 92262
9644075 227136
10078587 621310
14295852 391204
11304140 729545
10813002 1300097
8671481 84112
7700979 174210
3738558 163368
14806300 231777
14780542 582480
2580435 131519
10937907 473386
3565678 739595
14782322 361168
14785153 51187
6164748 96768
9517991 501573
14819314 43482
11111999 216027
11112029 208417
6496064 461702
12007777 109955
2232392 227199
11326599 38611
10427100 313191
7933422 83568
11642169 249565
1760541 49653
9234791 2027007
2580469 374294
12759344 273224
14388271 484438
14783695 814008
10859502 917416
11642173 72843
14791293 580700
5172664 132754
14798810 137391
14781130 157929
38632630 658131
10783871 52189
10982613 376113
11058274 462448
9323613 100132
9443806 338643
10072029 160656
10931654 1248774
3949359 293978
4201936 249951
6234715 345584
11007401 170671
4520417 351861
8950290 363240
2853855 2189136
6275489 55532
14782443 505113
8153930 2873555
700614 503682
6420710 475107
4040157 407823
9382146 340670
12578961 1723943
4324266 599587
14848678 238997
4150008 584026
6468470 579146
6100384 442193
10975433 416172
2855993 188490
14789069 165501
2580437 692816
14446250 297153
10374679 51717
10396048 344394
31167104 319013
6064297 344423
2510272 143932
4182560 99640
14877863 797981
8498914 339008
6602578 225522
8937716 877515
9055350 943223
7527556 339001
15633285 192081
3274158 332063
9244800 142066
37666819 612884
14867785 344859
34040049 201181
12704877 157427
1760539 135244
8740288 35922
929025 213365
10978655 318375
10761469 305870
10928097 1056326
929052 346219
33596561 100176
5236392 505712
10780172 57066
929046 398190
9088695 98709
11449642 51076
6691909 260369
8321745 15129
5112590 111082
10973259 594824
9596329 94849
10791907 43548
7480449 633997
8032217 655
8786194 21710
6936501 3602499
6278145 859010
5714151 142180
5312656 739892
3343885 705436
12511857 95373
6252677 146736
8987831 51077
6318045 1339565
8855903 21102
33602273 95248
4182559 613374
33595267 200060
14865726 723155
8129604 216075
8385636 332550
6938788 219933
4841250 35679
10981772 226406
11134933 1142375
14824874 320186
10912780 341484
534827 293979
7128384 785189
8294189 381562
9849059 120308
9644697 130414
40123838 1059320
9013279 2012406
11427524 223003
449007 396895
11411065 102967
11129910 785223
9327848 160826
10971669 313932
11445260 78042
6212235 898682
8624495 480922
7178828 90056
9832061 298977
33613241 622595
8796488 435450
6823862 1510957
8116150 48506
106205 325105
11494847 321462
10879181 3237840
8922449 102296
10733398 673360
33609588 628031
8806689 401353
8696946 333633
9596817 739703
7769562 486996
9101089 333610
9108482 289288
11574151 60040
8746202 104530
10894601 240202
9193899 353350
10843868 169268
10391330 991790
8205296 176595
11067114 238260
928422 1732102
10711963 361516
9210486 769398
12745092 171548
14809697 128473
11177546 52285
11174466 250656
7837824 242365
8753087 35569
10328209 141781
8904630 267546
11505937 257942
10958760 141789
5314703 58228
33607805 628601
11594965 104829
14806982 129480
929062 499841
36485579 159309
8796137 543655
10492021 73866
11040455 406246
33604508 670220
11293738 464379
4324267 42551
4849784 204698
7250995 28899
5873577 17126
10378711 40898
9227275 249923
40602484 174481
41727737 19732
54707 21817
6142078 224308
14786492 218436
5537582 155956
106028 341363
10065109 330581
929032 53189
8360755 394898
11367519 621384
11592184 426818
11494696 646689
14852231 249882
6256166 399384
10917772 249707
15472774 367550
7016073 131887
11134791 76047
8574439 293980
6562950 455162
8318823 65894
5066667 71955
7532144 389830
929051 101709
8284676 97894
928506 396697
8913888 249889
33608008 267807
106032 249912
6407709 50034
6407828 249884
7589644 410386
5185364 116944
9235988 577914
7647362 705121
9345383 279574
40280751 467800
11491858 160827
11126532 321836
8913623 499885
9597246 500046
11573601 124797
11797057 445641
2099779 73819
15620904 406147
9319656 159720
8099447 249699
5681623 22871
12044427 249886
11512577 99117
7276302 86095
10381074 665645
802927 316966
5713942 132286
929106 782949
11069591 205334
803232 30022
30378524 231234
36726139 323526
11487697 724972
8725108 278712
9739808 77366
12576300 126373
8465303 225965
11154782 72285
9222378 538876
11469167 262005
11309291 190662
14788992 92138
11184157 109741
1671351 139147
11391094 91464
1576804 91462
3470683 51996
5038576 91465
5843972 66524
649928 19408
10861914 5828
14787196 4412
6153730 78076
14806280 94380
11070053 54559
8746009 43834
11366433 192828
14801575 281607
10375748 44159
5387207 20887
14453006 657922
14801069 194270
9558639 5545
10075545 38439
11922859 43717
8990446 42504
14825945 50508
11528486 10254
9161835 24514
4851845 226585
9899054 12865
929067 14342
8609845 149816
14847395 670618
5992606 12558
9472712 339197
9456118 201264
14797094 139708
6953495 23365
802929 55684
14296111 236759
6426634 62882
11594059 20945
11745957 55923
12518758 189681
9041465 651802
934885 162950
11981112 16182
8020642 328586
6790266 97704
11488884 132378
8986834 299987
11528486 6371
12816591 15333
933220 22249
14806957 37672
14801278 102228
14785333 56376
14805130 46217
10928126 54415
14744681 146805
3594668 385817
10378069 1409
14740635 144278
10931737 403793
8406537 140106
10784733 152034
11421393 31450
10793769 37582
14740446 35961
11197612 10098
3046348 37294
1481842 22245
10913261 100133
11875578 534193
11328001 101602
6640789 95098
14786982 46681
11304993 201485
6310757 102299
14808883 42805
14798593 21167
1789838 104607
5185586 46167
2993742 52190
10672501 68554
11476581 204475
5533666 322788
14712442 261451
10396146 101444
14876838 94105
2880947 187513
6415316 187524
4163167 76284
13136859 102223
14798386 1401
6593402 51078
929014 28385
8078513 17882
6710914 51994
9231461 51910
4107577 80515
9231422 2142
2216899 36588
10396204 294887
14784584 14967
11401536 137996
10692602 99523
12183580 79168
14789614 51079
4011171 104463
14564427 597428
11561374 80303
6166206 360804
213477 37361
14800769 50519
11077905 36679
14804304 168670
1458698 152377
11464826 295676
11311261 52923
11283469 1516
12805012 144988
11604367 338860
33591242 54406
4129302 218291
6345631 233106
12731698 54792
10382238 219628
11451902 19587
8481232 324240
10087246 288413
10382983 219935
649927 98092
2216916 54826
41727738 215182
6211997 615141
9067700 36680
5810911 95669
6415402 218797
14799091 363670
13125850 285622
6415407 330818
10791602 149474
7750014 104404
14783164 423710
50456 144989
11379895 198874
1342588 54660
12207085 144987
7291608 150039
2193896 234127
14555522 224633
8677654 83634
10909450 445147
4145350 225052
4760278 336722
14779221 100776
10396281 651676
11038439 651
7322556 180683
14742077 110841
14799458 18252
7890022 221974
14800447 36477
8370782 1017561
12335022 144131
8097810 120745
9467097 162832
2190520 78187
6388522 155437
10701034 119439
4287127 312775
3786504 35463
14803641 5748
1304718 92198
2216902 156164
9209171 98444
11546511 208330
8305832 554680
11006997 18045
8327986 56307
10050602 141977
10072549 50953
7861220 104224
33766093 54269
8491440 94516
6291245 387913
10800044 91515
8853379 98315
10775419 22250
10854876 50846
5120488 186701
1760536 209912
6420708 99330
12327469 54526
11279621 176863
10068866 22824
14802885 46497
9285320 86013
2350767 150755
9088697 809104
6320248 209388
2350011 160657
10850553 1630
7530837 56308
4761076 16635
12936168 362960
14799619 687554
6990563 35779
10970663 22782
7066115 351808
14744975 213366
9124831 929454
10761467 97306
856436 37362
8864999 240646
9819113 298188
11128895 290916
6413280 219936
6413251 218185
14779800 93546
8955351 224837
14794910 90495
3177811 98720
14798736 327597
14802064 351435
10797070 209342
4398711 288091
802926 464927
11232754 607758
10832071 37722
10911451 153344
6464572 133317
5684627 36589
3893250 67201
14801163 75957
33608290 93594
649926 37622
8758437 412619
11286292 89007
10683191 51086
5994239 56237
12975709 231641
9494937 800671
9648286 463192
261522 94517
8894452 285123
11331468 132379
1686796 224515
14779518 228940
14786884 96438
11462155 38525
13189514 36067
2350012 52566
3046777 164775
8922848 55177
11420164 90543
11586472 201556
11568067 67159
14877482 686581
13127893 173966
11107773 234893
929094 1029148
9783766 660798
2869438 308519
14856369 220189
10865355 189310
10865358 105326
106005 340059
8555123 98994
14745002 1631
33598794 96711
4520418 44313
11164953 169267
12712815 39291
4520416 39293
14869068 234445
9622189 39294
802990 224129
929083 49529
9294524 170097
11557559 39295
11362339 27689
8102275 39297
8102277 39298
7987047 103377
11145880 52567
11658689 214371
4957085 54866
10676048 142862
14799566 47365
6651478 820060
11574898 218682
9040282 187665
10073495 1411
1391374 163884
14781228 43407
11468895 307633
9306594 99641
10767533 180835
14790116 180836
14802306 18888
14785209 5598
10762137 60116
14801285 104402
14733361 108436
11278844 234767
2414410 85001
14659245 132493
5885075 119009
10059056 182040
6842275 132685
11297985 53190
11310662 107619
4323649 35921
8404854 253353
6827773 3924
6827807 47126
11654852 16633
14783438 200308
14804951 158339
10099440 88202
1458699 276154
106154 171963
2629327 5159
3108203 35962
11038374 322951
929043 295848
14815758 85522
354102 616673
9122778 87580
929037 224415
8810984 615218
10787728 54014
996421 503057
8936822 52568
9822837 546045
2814743 62878
9825980 1029340
6459557 157926
2263711 110840
5927820 346250
11298585 54560
106071 52864
832368 847871
11298587 470580
10691867 515193
5219030 608579
106096 149069
3791529 58289
10437788 36005
8344213 52666
5531583 171919
11313902 153227
1789840 84325
9099699 117483
10379716 119881
14783031 144230
14788542 121059
6904956 72775
7630200 276338
3019261 189268
11397299 189168
14453507 238003
14801747 117044
5502075 76396
14550907 75379
223349 365151
7997525 117555
8510274 332522
12587465 324549
10441253 54527
8806199 59891
12694742 102963
8985861 356969
8481738 1401463
10937818 1789595
11594733 108174
9581021 392485
4283648 95947
10778877 5161
9419536 219479
9877364 363837
2190521 43033
6545079 62880
5930573 49102
8737752 49394
14796984 49453
5081061 403728
10390564 96571
856450 105860
318352 51430
11021285 51188
9495476 305811
10053822 327613
14799907 92718
11306369 280773
836031 190353
11696049 109099
9004420 656319
10051966 105189
803095 689208
1323230 237960
14856401 353763
2193897 331028
41727740 63609
12574355 82054
4011169 138393
4015557 19573
1759977 323694
654651 86005
14782366 73593
8807704 214574
11520544 118496
14742622 233431
6565443 373264
11559806 51719
14788606 434445
6790750 177027
7750057 36248
3952170 43643
1230250 116952
14799344 51431
14555765 43216
5788829 185072
14797831 219109
12761494 620537
7502048 54315
10780888 141926
9571153 86385
12038740 93664
11787683 127229
12577398 154866
934767 289323
9343025 211750
6073859 130283
6573393 1402
8960433 336504
1297747 207727
14552348 129322
1208038 51524
8286550 95154
11602463 652485
11585792 634972
8676822 32502
8638879 23550
12176089 391910
14793169 110845
9594203 31536
9049179 336586
10396563 17967
5889112 96823
14788624 150268
12146565 107608
929053 286679
12029045 16409
41727741 1607
12029002 51069
10428016 146125
10930154 393567
11196513 144350
11104346 76285
8473818 145107
5600905 46436
33605977 98936
14794799 147167
14791955 135706
14640793 334561
8463818 83931
8430279 154625
10903641 50850
2199701 257215
9299184 328780
9032222 237079
11544223 551125
15635810 696399
6136775 241643
106137 177127
9866943 95629
8689474 177264
11502084 95760
9759007 179588
8393643 94929
7647146 156763
9297699 310489
14800596 2856
9997066 350000
11032367 218290
12006414 97507
928872 18042
2574479 95375
11564744 162343
8433652 41921
6594460 222322
106224 348250
9183619 366647
12672755 80421
106203 347716
583858 148448
928388 271951
5808694 99642
6257110 54585
106101 138263
106102 49353
10968443 233492
11283562 136136
348533 216942
1933564 218115
3184678 339200
697048 102919
345640 629623
105999 193101
8789025 133348
14746535 217838
3529371 202406
106027 341303
12747583 332712
8204609 92865
8169497 339009
8527169 213157
9816618 554805
5701820 17878
583873 97812
5034797 41906
106070 52832
8838759 218418
2325410 104679
14848231 1932
9562289 333750
1750110 178581
9973116 76693
928421 83547
11187189 865971
583730 121135
12019147 220555
10712065 214502
5847676 218990
14788158 54189
106140 345850
5699462 76810
15661453 265007
6144518 551986
10950627 1458616
2501631 57676
583841 149326
8787072 98554
6708211 123905
934665 226084
106072 37238
10864640 32027
9170354 179708
929071 150756
583853 118039
9781786 400123
11579310 226593
10852136 630822
41727742 342947
583705 223921
803017 311371
10389037 95003
802472 119440
41727743 36921
33589859 164839
8066306 255374
7411828 343132
13204229 192373
6978038 366156
12574389 392842
10389961 52149
583831 52150
929905 86649
8589424 395419
5788934 76850
8443439 359418
929059 44908
904191 23130
6644637 238362
5978468 120746
929042 322056
10950192 1595307
14850371 353764
50460 141377
8466646 45502
5228564 179738
105981 93320
11921769 517901
11440348 98762
928361 58192
8164355 875514
40281159 640674
8095332 52840
8754492 83932
8758530 122870
14874787 321149
13442530 107505
5926173 660797
9487552 580822
802932 316876
11549788 54063
9625421 1278014
9873057 402829
803088 228656
8786991 435834
9135083 803933
106050 82978
14787429 80423
13204294 71288
11321720 44232
8119949 237895
33590288 96241
928874 360550
9526320 105278
11322229 307580
106136 98041
105988 130350
803144 99331
6900639 54618
10764125 19011
5836186 172689
14792682 332250
287210 725509
11164255 58260
832366 418041
9028420 138391
1754165 338369
583717 152252
9152744 504137
802967 41923
5092260 293393
8752268 99524
14878677 230604
11123136 55341
14877750 37054
5641493 62428
5733294 36767
5550558 333654
928864 162976
8121640 95426
39646897 1041576
8121638 139148
289435 264567
583894 52570
2323027 196376
10790788 85429
106351 17883
802919 415567
11150550 72602
583709 189212
11322209 288536
802997 328980
6154339 280821
14796321 165133
14829652 84327
10432222 99583
9578070 527199
11468242 1345771
13206979 901052
928415 38064
7465754 231324
10881946 628389
10790447 18476
9502133 357437
8276263 192376
9394403 732570
8874790 338574
723798 37923
11376662 36179
142949 449796
929045 358780
10948591 302126
11659683 297209
929029 137452
11425381 288537
8234382 35464
9924165 99842
9161794 320224
6707193 112617
583706 21893
10839541 46169
10864577 100823
8477357 387985
889056 312624
395744 220544
10683388 36989
11501677 326800
8735365 157952
11025677 580659
1086530 99584
6818928 101384
10023838 581657
11035616 102300
106010 22251
11242619 173571
14800416 297380
106245 325537
33592645 43218
7402101 180837
803196 908196
12685238 446544
11033377 554795
9240175 858357
10947309 106659
14847701 121325
11313915 152411
8899443 52924
14798622 63648
9156373 103378
583770 52404
583771 93376
14792267 53473
1413546 170839
14803014 221226
10920781 659430
10693257 361706
1304900 318147
9113956 271925
9251212 554820
289434 361228
9766978 366035
39228047 853464
9266128 109246
30781371 1851051
14840145 51522
11128050 320100
1301822 21713
6312690 913321
10797636 5468
9473636 364329
6556892 92099
6813728 300257
11140343 104746
7722576 40952
9141558 98759
583756 117096
802977 37239
8591990 697168
9504800 354203
106213 311447
106197 251455
1754096 56377
7589798 274299
106220 348157
11594716 94519
14867607 338371
10997835 879283
802937 868152
39439254 148093
1715131 43408
5236348 17968
5236350 103861
10941733 266274
8954830 40040
11415828 284693
928830 506914
929026 47220
928877 291989
11155297 50954
803076 519481
803104 157312
6183887 366605
10391013 138264
5429562 17121
10359167 109095
1303578 50393
10978121 75546
14779685 121324
11148996 150245
9129847 307149
11299884 576120
6191959 339405
5705720 50035
10941538 110789
14792196 54827
14495464 68705
583726 109556
803008 478796
5689105 369672
6187336 452492
583725 233078
10978657 135340
7161939 5794
11881169 813830
14782609 77957
930844 65063
2923245 132380
8404886 64174
7884001 47364
8806622 589645
6198995 34683
14792375 363402
14807409 40042
106199 2050
9327388 162365
8709956 90336
7903272 842775
9594714 318652
8897966 402554
930589 820581
1243266 660579
1751551 279274
106038 94446
11373443 876527
11008014 157102
10877455 134123
10879781 83419
583897 22252
11144335 126396
10846015 34779
33592022 227537
3385039 225889
12329503 51065
31755556 156940
11106059 213367
8260309 334562
5625200 303106
14793487 219894
14797740 96482
106066 217719
6479144 642640
6193882 47366
11016333 19308
11571821 41924
4957818 134124
13204581 41910
12610802 150171
14734996 121809
8873091 353530
11122355 466343
8716952 139149
106045 48345
802944 157454
4648960 47643
14790841 340925
5726170 121381
8394972 127078
9507102 135190
803186 62808
583774 50520
14496549 95247
2415042 50088
106178 123299
7731560 80329
928374 69002
7134494 222476
1820378 37190
583775 38019
387410 17290
928496 149960
11660195 140187
13011701 487338
583754 217868
11121473 47367
14788444 41925
928447 43952
8836539 86015
5199915 97972
5694521 115588
10797103 361305
41727745 218119
12668725 1299426
25460061 98664
14869806 333207
106054 342561
14778880 70134
4957767 201816
4957875 201856
4957832 92649
4957833 37051
10870468 277914
928369 236895
8040866 356382
11006028 137823
802961 658702
287207 500932
2592577 337567
1746012 295772
6204360 132026
2329262 40953
14780656 96243
8360785 628417
10689451 57570
6206421 186204
2179963 363403
2917816 112085
8673185 363944
11483459 99707
218553 99901
10289509 78379
105998 162732
33594659 212615
802981 21196
9384164 126991
174152 213509
8646977 41926
14592109 22169
583777 67340
6933244 96483
7134836 862911
35008388 337453
35006744 127043
14590316 334618
111292 156941
40280877 827715
11151260 120910
33593088 242693
928481 99403
928987 149714
929100 397391
6537354 163482
38633174 224510
12812567 648636
8719724 121586
11121706 607514
928471 103631
14793925 94447
14807813 217005
11452934 362393
14343765 120860
14835595 151190
9278925 584877
14792410 424751
14803833 152146
928474 193264
10079057 62851
11647405 48010
11606235 54895
106011 232959
376055 191090
33593339 150832
106086 6351
9203352 507710
10944619 899282
106209 314876
11123690 74597
332186 40984
106006 340096
106117 345000
10842843 124625
9382372 856894
6849397 284569
11578482 8730
11509743 403377
10063677 43324
14258840 41911
10380586 317139
8989883 6349
8985883 97170
10372594 191581
11410815 378673
7356851 305554
41727746 151020
8598801 1591886
9831385 90055
11917700 46359
583746 68199
928469 17884
14832300 361649
41727747 191879
7763129 126148
106079 41515
10026277 104232
14620984 98992
14801000 91625
928879 101653
7225496 118658
9323098 151770
9359500 556258
10965104 830342
8098609 179912
106080 91018
6006091 52332
33108659 7953
5503665 309694
10400240 108414
6214814 17879
11087341 55627
8604644 350628
8354008 103242
11148335 345527
14840457 142654
9067951 66403
14541100 832
10983949 158657
583743 1136801
9010764 330254
583724 52287
14789229 1191188
7407557 53520
14537127 542367
10073385 100177
33594038 197434
9588994 21822
802921 171614
928846 74327
7282875 323444
583741 102231
802925 51594
803005 75652
40651519 216474
9252164 1340493
11611928 124602
14761400 43894
14551276 62962
8892468 117506
14782878 70251
803125 342244
10419017 109248
11475861 2295384
106235 95895
10915780 110007
9282902 101373
10907083 895071
14802452 235921
11602994 779204
6164257 202483
12632245 824712
10870536 325443
9442843 676797
11449361 51523
14788966 820593
9443728 333018
7562122 295030
9794744 62374
15073871 1346326
10849382 102748
930806 196282
8181156 213280
5965496 1634
11162825 94102
11356601 334564
9370125 193523
9945824 72832
10780473 339583
8383051 573875
14787165 74931
7740688 1696547
10661964 453904
9567018 6243
345666 50137
9242505 324236
1525388 282560
6219531 338572
8003427 545420
106083 56033
14877210 848846
7583337 65897
9908597 666574
37709799 230856
10929378 225332
106144 230921
9567021 40038
12946917 392429
6221224 56115
928436 251737
7232954 643832
14858488 246283
8551610 494208
10673632 319683
41727749 344925
5961498 246644
106194 347486
9825957 219860
929012 141257
6278764 177174
1742059 99780
10368559 393094
2448691 43409
928368 259952
9439636 524701
10395130 319308
9311925 872937
583758 76676
1305487 112307
8818082 2395458
9812486 299908
583779 62332
7995704 222336
928880 118312
583780 284144
7847112 420073
12076860 12076873
