41479046 324425
2450940 324425
28850184 324425
33787975 324425
33787990 324425
4575419 324425
15765927 324425
28862514 324425
940507 324425
32124920 324425
14893982 324425
28975183 324425
28966291 324425
31787563 324425
13398121 324425
28862513 324425
30624450 324425
32580382 324425
39350228 324425
3710320 324425
30676124 324425
40653953 324425
41731688 324425
28910861 324425
39350412 324425
28817298 324425
35355778 324425
41731689 324425
31788441 324425
28973575 324425
2652092 324425
31969753 324425
28841988 324425
25402216 324425
28782262 324425
28782554 324425
41468438 324425
30715155 324425
39345484 324425
32099167 324425
41666297 324425
15166491 324425
32122184 324425
31786842 324425
28989889 324425
32059942 324425
28979263 324425
28979263 324425
28898264 324425
28854378 324425
32014642 324425
31806294 324425
32063877 324425
32002259 324425
28881942 324425
34058421 324425
28933258 324425
28969648 324425
32610402 324425
41731690 324425
28906752 324425
30489125 324425
28917720 324425
29706087 324425
28905149 324425
40647913 324425
35412778 324425
30658813 324425
31981815 324425
2123933 324425
11804089 324425
96530 324425
28821484 324425
28884619 324425
32606799 324425
28821486 324425
32124093 324425
28794313 324425
32040443 324425
28793465 324425
870639 324425
35406654 324425
3958480 324425
1417432 324425
31817302 324425
28898268 324425
30660554 324425
33786789 324425
31966401 324425
32026964 324425
33785850 324425
30696247 324425
4483809 324425
28828236 324425
30667427 324425
32044606 324425
28961938 324425
31965515 324425
31790565 324425
28793552 324425
33950979 324425
25399698 324425
28782304 324425
30618905 324425
41731691 324425
28793466 324425
33790390 324425
33777153 324425
28918013 324425
28907282 324425
36538676 324425
10477858 324425
33819023 324425
28782309 324425
36096108 324425
28987519 324425
31874594 324425
31779779 324425
41731692 324425
39344285 324425
28935487 324425
28794176 324425
41731694 324425
41731695 324425
32135291 324425
13405908 324425
28846088 324425
30660722 324425
31942072 324425
30625399 324425
36556259 324425
30608530 324425
3864349 324425
32046937 324425
41665282 324425
28782339 324425
41731696 324425
41731698 324425
28782384 324425
32191691 324425
30692292 324425
790863 324425
32000776 324425
2438425 324425
28806579 324425
32140153 324425
30711516 324425
13489140 324425
32086837 324425
790016 324425
390538 324425
22231433 324425
32606188 324425
28897979 324425
31955926 324425
28881229 324425
31815967 324425
31789070 324425
33877917 324425
32151539 324425
32136826 324425
32162025 324425
28967821 324425
4937937 324425
31779754 324425
675192 324425
31943183 324425
31786917 324425
28954348 324425
30692472 324425
28841119 324425
28830309 324425
28734766 324425
4907903 324425
827719 324425
675179 324425
13476438 324425
15043647 324425
1444468 324425
675174 324425
1867738 324425
999922 324425
22230144 324425
13348971 324425
31783082 324425
28805697 324425
32180986 324425
28907327 324425
107614 324425
30665362 324425
38055461 324425
33792964 324425
33874781 324425
33185250 324425
32008838 324425
1582457 324425
32209732 324425
3020363 324425
30692559 324425
41461744 324425
28807739 324425
32564879 324425
28990346 324425
790109 324425
28944249 324425
31779978 324425
3522727 324425
31969815 324425
41731700 324425
30626855 324425
41731704 324425
14704418 324425
10573870 324425
28942153 324425
3837217 324425
1590483 324425
281544 324425
31958374 324425
28805683 324425
14593604 324425
390550 324425
675177 324425
41654108 324425
324634 324425
28923473 324425
28851402 324425
14593613 324425
675194 324425
31818602 324425
28880563 324425
22271279 324425
3020527 324425
2285147 324425
922635 324425
1849021 324425
3280635 324425
32576583 324425
28807984 324425
32577197 324425
31795368 324425
32090885 324425
4304661 324425
31811353 324425
31811353 324425
33819048 324425
29717757 324425
28850947 324425
31789799 324425
32133294 324425
32569209 324425
581047 324425
13481085 324425
32068997 324425
32562584 324425
31782421 324425
32009893 324425
32009950 324425
4385697 324425
4181531 324425
31811305 324425
32575334 324425
28955665 324425
33794767 324425
31807127 324425
32057630 324425
28867475 324425
31794797 324425
31793756 324425
4418933 324425
31958348 324425
30662069 324425
32099033 324425
32151122 324425
31951138 324425
2437403 324425
15232425 324425
32050512 324425
675186 324425
14598898 324425
2994355 324425
1594448 324425
30662108 324425
390536 324425
32584239 324425
32023951 324425
28801997 324425
30628101 324425
31999341 324425
31999336 324425
32009916 324425
30611079 324425
28955335 324425
25396449 324425
3280770 324425
25396201 324425
28958663 324425
31995585 324425
2436644 324425
32607877 324425
32644010 324425
14728969 324425
28919677 324425
32605512 324425
30668459 324425
9038295 324425
3325435 324425
31974530 324425
32143723 324425
32143723 324425
31964245 324425
31971469 324425
32582373 324425
31968651 324425
28817254 324425
28840541 324425
32009960 324425
32587444 324425
4950024 324425
30641309 324425
32006624 324425
32112537 324425
36100318 324425
32596897 324425
31965506 324425
28824731 324425
28960751 324425
33787221 324425
31815296 324425
32596502 324425
30693311 324425
41469991 324425
32599882 324425
33874925 324425
33874929 324425
31975991 324425
32560482 324425
32595713 324425
33787247 324425
1848769 324425
4559622 324425
41659725 324425
33951307 324425
32009908 324425
389360 324425
39926263 324425
31781066 324425
28947444 324425
38048016 324425
30671021 324425
4987211 324425
32101459 324425
25395028 324425
2667057 324425
14593623 324425
28895847 324425
32104336 324425
41468296 324425
41661643 324425
3837218 324425
3837219 324425
1867736 324425
32811250 324425
2263805 324425
3009945 324425
25402373 324425
28851502 324425
31996701 324425
4106840 324425
34094436 324425
32047352 324425
32183441 324425
28982053 324425
28947706 324425
32578338 324425
4030906 324425
30629945 324425
32192447 324425
14288404 324425
31796700 324425
32138965 324425
13478987 324425
32034914 324425
13412758 324425
35855984 324425
31995495 324425
28782512 324425
33686070 324425
28806279 324425
36081806 324425
41731706 324425
41468365 324425
32079821 324425
1851780 324425
30706662 324425
30676938 324425
31818581 324425
1579659 324425
33819078 324425
32007883 324425
672804 324425
13475378 324425
1590482 324425
2652086 324425
28919017 324425
37363046 324425
281492 324425
13436056 324425
31790501 324425
30669224 324425
28793490 324425
30646731 324425
22160166 324425
28736191 324425
7897333 324425
33651137 324425
940519 324425
36082274 324425
28782535 324425
2123935 324425
22255667 324425
28930389 324425
28857127 324425
15094047 324425
36553106 324425
2994353 324425
675195 324425
28947508 324425
32149833 324425
13485380 324425
28788503 324425
4139828 324425
31874663 324425
28781738 324425
13428996 324425
32077161 324425
32606788 324425
25439964 324425
28966436 324425
13491512 324425
13334847 324425
14923898 324425
30663894 324425
10477862 324425
28868883 324425
25396285 324425
32643909 324425
32011214 324425
31957723 324425
30623413 324425
13438434 324425
29717755 324425
31992821 324425
32161755 324425
28881219 324425
37363074 324425
31814917 324425
3119467 324425
28950789 324425
13479149 324425
32190095 324425
31971345 324425
32094506 324425
32175865 324425
28867588 324425
28896920 324425
9288865 324425
31794319 324425
30631391 324425
30664055 324425
32192458 324425
15103398 324425
28980072 324425
13441057 324425
28972205 324425
28848994 324425
32568496 324425
32100152 324425
28968205 324425
28971375 324425
25396253 324425
28939908 324425
32009886 324425
2289642 324425
32009793 324425
31948358 324425
22211578 324425
30637118 324425
41731708 324425
30686969 324425
3510080 324425
32120077 324425
28830807 324425
28782492 324425
1417317 324425
28847445 324425
32112621 324425
28990215 324425
30686983 324425
30712797 324425
40653960 324425
40653960 324425
28907487 324425
28819875 324425
31815038 324425
32565095 324425
32120602 324425
3864350 324425
28886098 324425
31793047 324425
28794905 324425
32023196 324425
11845881 324425
30710943 324425
28819876 324425
30718827 324425
28812251 324425
28850470 324425
32211382 324425
32063875 324425
28914126 324425
33951533 324425
25399728 324425
32152059 324425
28841986 324425
3510165 324425
3510166 324425
4241632 324425
33801807 324425
31790486 324425
28814609 324425
30598537 324425
35354168 324425
28821498 324425
31817653 324425
28881216 324425
36540196 324425
33875409 324425
32175025 324425
30690466 324425
25400976 324425
30632198 324425
1298346 324425
32189020 324425
35353702 324425
28806857 324425
32006412 324425
22255663 324425
28782593 324425
28843555 324425
40651919 324425
41665548 324425
15256029 324425
28990293 324425
34126152 324425
32206668 324425
31963893 324425
31780119 324425
34126295 324425
41731709 324425
28806459 324425
32009938 324425
32009824 324425
32009972 324425
11804094 324425
28881799 324425
28841574 324425
22261251 324425
41468659 324425
41474267 324425
22233180 324425
9256442 324425
31957637 324425
13500410 324425
28883312 324425
2438421 324425
178201 324425
2123929 324425
31874664 324425
13432594 324425
28932925 324425
30697789 324425
41477853 324425
30691430 324425
32044527 324425
31791384 324425
28850522 324425
15359321 324425
10477854 324425
32137357 324425
4987209 324425
32084169 324425
32112611 324425
32047717 324425
1731417 324425
32047712 324425
13438436 324425
1577536 324425
13443490 324425
28954687 324425
31792242 324425
28841090 324425
32158880 324425
2652097 324425
31958145 324425
28979264 324425
32048367 324425
35413590 324425
32021735 1447
28857567 1447
28896684 1447
28954153 1447
922438 1447
922441 1447
13491434 1447
922437 1447
791120 1447
28860506 1447
28847225 1447
4015179 1447
28813424 1447
28990335 1447
281684 1447
28932638 1447
32111375 1447
28971875 1447
28931320 1447
31947213 1447
28847588 1447
28989816 1447
32025274 1447
13369332 1447
28867260 1447
670378 1447
4821555 1447
32196883 1447
28850211 1447
28977572 1447
4943025 1447
32072491 1447
13502624 1447
36084751 1447
28852760 1447
28809461 1447
28815681 1447
28912826 1447
939961 1447
393785 1447
28907084 1447
28907097 1447
28883609 1447
28788410 1447
28848363 1447
28903326 1447
32027636 1447
28799835 1447
28929590 1447
31810559 1447
28976163 1447
15050271 1447
28891401 1447
32115553 1447
13392536 1447
32157585 1447
13485484 1447
32602492 1447
28787933 1447
13521952 1447
28813252 1447
32598359 1447
28865730 1447
31788996 1447
28909196 1447
28952069 1447
1712788 1447
2993180 1447
31942894 1447
28801838 1447
31784605 1447
32167846 1447
39350837 1447
2867922 1447
28857573 1447
30656364 1447
28949973 1447
31784782 1447
32568301 1447
11961764 1447
31974125 1447
31784077 1447
30656370 1447
28784544 1447
32561628 1447
31812583 1447
32063833 1447
14973883 1447
31810985 1447
31951347 1447
28907031 1447
22258056 1447
36086452 1447
28786974 1447
28973863 1447
2270213 1447
28857578 1447
31806463 1447
96539 1447
28844358 1447
13367918 1447
28838151 1447
28867747 1447
41469858 1447
41479061 1447
28801370 1447
28920644 1447
32065458 1447
31784970 1447
14276926 1447
31785516 1447
31955455 1447
11870405 1447
28969628 1447
31780515 1447
32114579 1447
28814156 1447
28856024 1447
13447129 1447
28814989 1447
4660847 1447
28889443 1447
13483661 1447
32137792 1447
8972130 1447
28837886 1447
30666003 1447
22134431 1447
31812889 1447
13446192 1447
31792435 1447
13504459 1447
31817138 1447
13499480 1447
28951657 1447
28951657 1447
31792329 1447
32108079 1447
28873026 1447
28896704 1447
28920662 1447
28800156 1447
13499721 1447
28935665 1447
32206412 1447
28847610 1447
31790283 1447
31798775 1447
14266627 1447
14660487 1447
15006717 1447
31802745 1447
31786053 1447
28911216 1447
1632269 1447
28973054 1447
28989859 1447
32573092 1447
28801869 1447
30677533 1447
36096819 1447
28933386 1447
28834919 1447
28903665 1447
5459550 1447
32584363 1447
28985883 1447
33788717 1447
15252550 1447
32114238 1447
32151904 1447
281629 1447
30677539 1447
28864233 1447
281796 1447
2543622 1447
28902068 1447
13514228 1447
15553488 1447
36546083 1447
31780591 1447
28809688 1447
28803524 1447
28939282 1447
15252564 1447
31790978 1447
28931977 1447
34098907 1447
28801472 1447
31968880 1447
13239558 1447
34034841 1447
34098922 1447
28857581 1447
15026141 1447
28794402 1447
4278516 1447
28847337 1447
32039941 1447
13505040 1447
31780406 1447
31794009 1447
32170370 1447
25446012 1447
28839375 1447
28862569 1447
31812833 1447
28850263 1447
28852978 1447
28918862 1447
28810399 1447
32035677 1447
32568035 1447
31946109 1447
9474852 1447
28827607 1447
28907041 1447
4433401 1447
14660518 1447
32121343 1447
31812402 1447
28811220 1447
13515567 1447
28784838 1447
32600453 1447
22285800 1447
30667286 1447
28864754 1447
28811210 1447
32572705 1447
31966876 1447
28848050 1447
28929163 1447
4269503 1447
31799600 1447
28966318 1447
2198092 1447
32164297 1447
30701374 1447
28811209 1447
28987152 1447
28805435 1447
28936635 1447
28942635 1447
32178960 1447
13427868 1447
28883395 1447
28968759 1447
14115194 1447
28929313 1447
13479725 1447
28958932 1447
32058261 1447
28837916 1447
15083457 1447
31982943 1447
13483693 1447
28852989 1447
28892959 1447
28863261 1447
31946484 1447
31783944 1447
28798131 1447
2197817 1447
2263807 1447
32001997 1447
28841807 1447
28834942 1447
30667312 1447
31792730 1447
28982491 1447
28933863 1447
22190688 1447
28935731 1447
32054593 1447
13424571 1447
32040959 1447
28878725 1447
31779729 1447
28868323 1447
32029839 1447
28898455 1447
41482575 1447
31050824 1447
41466831 1447
36098543 1447
31808339 1447
31794123 1447
5685103 1447
13406973 1447
15028599 1447
28832336 1447
32593271 1447
13499793 1447
39349517 1447
32045971 1447
28930338 1447
28938730 1447
32045733 1447
13426171 1447
7033751 1447
28834735 1447
28782785 1447
22216928 1447
28847968 1447
31795941 1447
28811231 1447
28811240 1447
41472294 1447
32043036 1447
15559616 1447
28966016 1447
650446 1447
4599531 1447
36097854 1447
31788323 1447
30667372 1447
30701448 1447
14565747 1447
28805439 1447
41731711 1447
32564632 1447
31805013 1447
28982866 1447
28833953 1447
13400418 1447
28855631 1447
28841826 1447
28964992 1447
28790097 1447
31779181 1447
33693366 1447
36095003 1447
28794142 1447
28794152 1447
15037568 1447
28905424 1447
31793902 1447
32047941 1447
31943379 1447
31790323 1447
32109565 1447
31802761 1447
31791256 1447
31790683 1447
32163087 1447
32059776 1447
31807885 1447
28841834 1447
31798720 1447
28839491 1447
31785049 1447
31963698 1447
32054851 1447
650448 1447
13404454 1447
33790128 1447
30701464 1447
2952458 1447
41473245 1447
28783662 1447
28949272 1447
13441192 1447
28980674 1447
28939513 1447
28932419 1447
28918897 1447
32146364 1447
32187604 1447
31977621 1447
13289892 1447
28794418 1447
28784586 1447
28891007 1447
22169801 1447
28848412 1447
40022875 1447
31810674 1447
28927565 1447
28793040 1447
28945774 1447
28792833 1447
28950014 1447
30667390 1447
96566 1447
4166958 1447
30652968 1447
28976199 1447
830933 1447
28788450 1447
13506674 1447
28808105 1447
14240981 1447
52386 1447
30692144 1447
28971074 1447
28876874 1447
31782822 1447
28957140 1447
33790210 1447
31798348 1447
28783779 1447
28803652 1447
31817791 1447
32128399 1447
32083806 1447
31795402 1447
28964095 1447
22279673 1447
31816036 1447
22266182 1447
28788469 1447
31056056 1447
28863170 1447
10564276 1447
31961258 1447
28925401 1447
28802498 1447
28900939 1447
9819815 1447
32054712 1447
31789646 1447
34100122 1447
31954591 1447
36097765 1447
28855649 1447
28891510 1447
14668217 1447
13500555 1447
31967728 1447
22250963 1447
28885033 1447
28806548 1447
31790116 1447
31802821 1447
22190689 1447
28944672 1447
13487129 1447
28865747 1447
13499693 1447
28988062 1447
31790340 1447
28907280 1447
28786608 1447
28931084 1447
28793155 1447
13338792 1447
22085607 1447
31954879 1447
28852951 1447
32038509 1447
28857587 1447
22107903 1447
32076947 1447
28792854 1447
14692284 1447
28889396 1447
31799300 1447
13494498 1447
32162210 1447
28949863 1447
31810967 1447
3230523 1447
28896256 1447
28851946 1447
28813871 1447
28875791 1447
13491765 1447
32141650 1447
32609922 1447
28813436 1447
13493885 1447
35898343 1447
13423881 1447
28782800 1447
31954602 1447
13382992 1447
31806919 1447
28965007 1447
28807487 1447
3007113 1447
2556932 1447
31963199 1447
36538384 1447
22050645 1447
28870102 1447
41468381 1447
32565718 1447
28815353 1447
30667477 1447
32097503 1447
28849763 1447
31803109 1447
31796389 1447
32078665 1447
32194479 1447
40654136 1447
38046887 1447
28847645 1447
28907278 1447
28783824 1447
28933681 1447
13487815 1447
31778372 1447
28990003 1447
30684895 1447
28798173 1447
31801661 1447
33694294 1447
32098212 1447
31010404 1447
28978892 1447
28841143 1447
32196427 1447
32076682 1447
31792666 1447
28867420 1447
22190686 1447
28836581 1447
102453 1447
31806402 1447
31798750 1447
13478336 1447
28794471 1447
28782829 1447
31792464 1447
31792541 1447
13508489 1447
31786327 1447
28943198 1447
31791778 1447
899368 1447
28945277 1447
32120798 1447
28782844 1447
31803037 1447
31785001 1447
32000143 1447
28783855 1447
3709330 1447
30656617 1447
32218479 1447
30660725 1447
30660730 1447
30660735 1447
30658876 1447
32083540 1447
28943418 1447
28790924 1447
25442329 1447
32098741 1447
31801888 1447
1405686 1447
31808309 1447
28880082 1447
28881302 1447
32166464 1447
32166464 1447
28814194 1447
31794402 1447
28935666 1447
32204483 1447
31954947 1447
31806223 1447
30656632 1447
30658882 1447
28822377 1447
28986522 1447
28971935 1447
281696 1447
2543611 1447
13478840 1447
41731713 1447
28845007 1447
30625412 1447
30638405 1447
30638406 1447
30667540 1447
31946354 1447
6482442 1447
30655287 1447
281712 1447
922434 1447
14655311 1447
22119769 1447
32096853 1447
14573180 1447
32021375 1447
13484430 1447
28792883 1447
28905194 1447
28818693 1447
28851723 1447
13493740 1447
31794199 1447
32154006 1447
31783323 1447
28964482 1447
28965018 1447
28907409 1447
31798425 1447
95705 1447
31809613 1447
32209099 1447
13504767 1447
14720068 1447
32066849 1447
25396279 1447
30655291 1447
650447 1447
13328972 1447
32568633 1447
41656553 1447
40654176 1447
41475943 1447
28845024 1447
1401881 1447
31958017 1447
28816234 1447
14898345 1447
31795898 1447
31795898 1447
28864247 1447
28953206 1447
790015 1447
28925045 1447
31799963 1447
3230517 1447
4629743 1447
2595257 1447
3230530 1447
2595278 1447
32084580 1447
31782597 1447
30685058 1447
14471919 1447
4428534 1447
28949355 1447
28813285 1447
32108375 1447
28805229 1447
41653262 1447
28865016 1447
30653253 1447
30653259 1447
30655350 1447
36057337 1447
28801491 1447
3499987 1447
31955669 1447
32608128 1447
4969016 1447
28990446 1447
6354987 1447
31783262 1447
13522413 1447
32145284 1447
1632536 1447
2290534 1447
689579 1447
31944773 1447
31792477 1447
30667708 1447
32038732 1447
28830236 1447
13417000 1447
32570352 1447
28884583 1447
31782663 1447
13506044 1447
31777689 1447
33836571 1447
31800671 1447
28976230 1447
11979564 1447
28949063 1447
31795759 1447
31799515 1447
32128544 1447
31808089 1447
28853874 1447
31942669 1447
32028837 1447
31786591 1447
31780684 1447
28945939 1447
31799696 1447
13478796 1447
28870187 1447
28961992 1447
41656794 1447
2270260 1447
32568950 1447
33869613 1447
1420194 1447
28894168 1447
32570353 1447
28818506 1447
28889507 1447
28837480 1447
31792031 1447
15133252 1447
13499942 1447
28844477 1447
28882285 1447
28803557 1447
32082500 1447
28792405 1447
15460694 1447
28819053 1447
31970143 1447
2478426 1447
28961433 1447
13366990 1447
2543617 1447
31943091 1447
31943953 1447
1676248 1447
28785649 1447
13341346 1447
28913951 1447
14943560 1447
2198146 1447
949314 1447
3010178 1447
28900990 1447
32196097 1447
13408782 1447
660604 1447
36087453 1447
6482444 1447
28889995 1447
13332095 1447
14973981 1447
14973812 1447
13346676 1447
33697600 1447
28830297 1447
28916331 1447
31789112 1447
22107296 1447
32101534 1447
32191829 1447
32087749 1447
32605608 1447
31997424 1447
28931016 1447
31800625 1447
28819075 1447
28845402 1447
48394 1447
28827944 1447
28898929 1447
28987550 1447
3010179 1447
15043653 1447
31790858 1447
12200745 1447
28806443 1447
28967391 1447
107587 1447
28805629 1447
31801035 1447
22136378 1447
665896 1447
13347227 1447
32118434 1447
28805615 1447
33697881 1447
31814017 1447
13495143 1447
32109375 1447
922509 1447
28827967 1447
32101532 1447
1396343 1447
35855861 1447
10631240 1447
2608052 1447
13434239 1447
13286013 1447
2198145 1447
28981877 1447
13433448 1447
15189706 1447
3858134 1447
32143362 1447
32575498 1447
32088193 1447
28965701 1447
665891 1447
15658775 1447
32144431 1447
592184 1447
14582886 1447
13396193 1447
32196688 1447
101378 1447
28799975 1447
13503991 1447
13412110 1447
28912525 1447
14943503 1447
32098517 1447
32095281 1447
33861302 1447
31953544 1447
28847226 1447
30685303 1447
31942681 1447
28909327 1447
28986687 1447
32026003 1447
31945888 1447
31808592 1447
31970111 1447
14265256 1447
28815067 1447
4970437 1447
28812614 1447
28908987 1447
28965039 1447
96280 1447
824622 1447
28901001 1447
2993093 1447
22160687 1447
28948293 1447
28840513 1447
32204160 1447
28973894 1447
28789580 1447
15262673 1447
28827303 1447
41473961 1447
41461766 1447
39350057 1447
39925511 1447
28736664 1447
592186 1447
281649 1447
14660839 1447
31817834 1447
32151867 1447
28939583 1447
31811991 1447
33861390 1447
2985777 1447
28969705 1447
28817729 1447
32575223 1447
1632538 1447
31783080 1447
13442194 1447
36096242 1447
28785325 1447
33864756 1447
32105507 1447
22146204 1447
32572000 1447
28944513 1447
32033148 1447
101800 1447
31805864 1447
8834597 1447
41655055 1447
32574491 1447
28935512 1447
28952539 1447
28943227 1447
28939606 1447
31954640 1447
32079367 1447
25395668 1447
21664161 1447
13499974 1447
2270195 1447
101036 1447
22072994 1447
1189120 1447
52388 1447
28803597 1447
31791874 1447
30655478 1447
32605906 1447
2543621 1447
903342 1447
30653487 1447
11831707 1447
32023949 1447
28862829 1447
14611747 1447
28848566 1447
31790147 1447
1854654 1447
1732481 1447
28833975 1447
13478518 1447
28827327 1447
13521927 1447
31804084 1447
4821620 1447
11829852 1447
1396321 1447
31794703 1447
28988480 1447
13521191 1447
28990045 1447
14539647 1447
13491980 1447
32563734 1447
28982040 1447
390534 1447
337115 1447
618209 1447
33684638 1447
28853131 1447
28853131 1447
14632361 1447
651801 1447
28791564 1447
15037420 1447
33700538 1447
32139522 1447
33687815 1447
39345579 1447
28805601 1447
31809697 1447
31946868 1447
15045459 1447
32002081 1447
28792902 1447
28901019 1447
31778388 1447
28861887 1447
33700600 1447
2990578 1447
28794112 1447
31950550 1447
32072853 1447
4671020 1447
31953711 1447
10275935 1447
31782764 1447
28980745 1447
28980746 1447
32610186 1447
28843924 1447
32168860 1447
32049723 1447
1712789 1447
13511320 1447
31803262 1447
14341775 1447
4744408 1447
14926227 1447
30657148 1447
30657153 1447
31975334 1447
13484858 1447
922442 1447
32566177 1447
28942320 1447
28813976 1447
28914806 1447
32113639 1447
28904553 1447
28940151 1447
28975375 1447
28804111 1447
31804840 1447
31799292 1447
15181319 1447
28826838 1447
28962753 1447
31798595 1447
31969804 1447
28790958 1447
28849385 1447
32100159 1447
675762 1447
1703956 1447
32000630 1447
32045856 1447
28946035 1447
31813087 1447
28792914 1447
13482732 1447
32133229 1447
15460726 1447
30653550 1447
875567 1447
3533860 1447
30668103 1447
28963888 1447
14331843 1447
32208606 1447
34094177 1447
33794394 1447
32569285 1447
895912 1447
31949064 1447
3015120 1447
28815376 1447
28920679 1447
28988969 1447
11953736 1447
31962730 1447
28990064 1447
30670781 1447
28971258 1447
36097880 1447
32567798 1447
31800116 1447
28987209 1447
281469 1447
32077926 1447
28798411 1447
28847698 1447
33877999 1447
28918901 1447
28951397 1447
28845108 1447
28792922 1447
28943363 1447
12261416 1447
32028232 1447
33794648 1447
28813705 1447
28865058 1447
15045444 1447
15104070 1447
33794664 1447
28949947 1447
31943576 1447
28948671 1447
28906910 1447
41472879 1447
41731716 1447
30651893 1447
31794522 1447
281756 1447
31787933 1447
30646316 1447
28873695 1447
368792 1447
28841938 1447
32055533 1447
30662032 1447
33794771 1447
28935902 1447
28945299 1447
28985582 1447
663138 1447
32186053 1447
28852198 1447
28954544 1447
30690980 1447
31792071 1447
13507987 1447
28933492 1447
28794200 1447
13346093 1447
28951690 1447
33787123 1447
31788674 1447
31804812 1447
32146059 1447
32205508 1447
31957371 1447
31785601 1447
28940962 1447
28976667 1447
31997301 1447
22213008 1447
32177486 1447
28801628 1447
32027225 1447
32141901 1447
14972486 1447
28932736 1447
31952515 1447
31794479 1447
14972870 1447
31797858 1447
28958839 1447
31999674 1447
32099794 1447
2270216 1447
31792433 1447
3058988 1447
32122177 1447
4621108 1447
28950659 1447
13514800 1447
28933736 1447
28861952 1447
28861953 1447
28973134 1447
13498074 1447
32187549 1447
6920916 1447
31778238 1447
1932611 1447
32020480 1447
14973069 1447
13508542 1447
31802219 1447
31813433 1447
28898607 1447
28901791 1447
32199141 1447
22270972 1447
53220 1447
32067856 1447
351694 1447
32586157 1447
39349649 1447
903340 1447
28948303 1447
28789852 1447
31804051 1447
28834629 1447
1396320 1447
13436025 1447
14234863 1447
28971975 1447
32010272 1447
32153153 1447
13438473 1447
15252655 1447
1667483 1447
10625808 1447
31993789 1447
28988540 1447
22000470 1447
31974113 1447
31799741 1447
41654121 1447
32198202 1447
2734922 1447
31803531 1447
31968810 1447
31818429 1447
107584 1447
15249581 1447
28987621 1447
32137146 1447
32045788 1447
32049002 1447
32019366 1447
28986740 1447
28872472 1447
33703534 1447
41731718 1447
25444295 1447
32565860 1447
31953986 1447
32194893 1447
28914012 1447
13505769 1447
4677200 1447
28892129 1447
41731720 1447
30653785 1447
15536936 1447
28863211 1447
28849406 1447
28849406 1447
31945175 1447
32150840 1447
28888937 1447
32582591 1447
32054705 1447
22184204 1447
4920749 1447
4979123 1447
31969054 1447
31805259 1447
28859747 1447
28987635 1447
32564554 1447
28859766 1447
28804655 1447
31972981 1447
31964665 1447
13494528 1447
31793646 1447
13510147 1447
31797372 1447
22230331 1447
31797106 1447
31818475 1447
32079338 1447
32080317 1447
28968611 1447
32084987 1447
15252559 1447
32599722 1447
28985976 1447
28841185 1447
31976021 1447
28792935 1447
22197255 1447
15252643 1447
15252639 1447
31961196 1447
33796185 1447
15587250 1447
32097481 1447
15252720 1447
32607841 1447
31963915 1447
31780825 1447
31974260 1447
15252641 1447
32604270 1447
4941329 1447
15252628 1447
32568784 1447
15252724 1447
32093970 1447
32025816 1447
15252645 1447
15252718 1447
15252653 1447
32172443 1447
31972049 1447
32180169 1447
31968807 1447
28828022 1447
15252597 1447
31965227 1447
4660442 1447
31965204 1447
15252621 1447
32604135 1447
15252607 1447
28953636 1447
31967344 1447
28857620 1447
41649890 1447
32596983 1447
28949815 1447
28792949 1447
32041642 1447
31967052 1447
32100352 1447
32606516 1447
32059845 1447
15434686 1447
1590486 1447
28839202 1447
28901091 1447
13482965 1447
32590044 1447
13514491 1447
31797320 1447
32108745 1447
28819841 1447
30668547 1447
28792960 1447
31795772 1447
41655955 1447
30662592 1447
33796519 1447
28967867 1447
32207204 1447
2270193 1447
14519486 1447
30668559 1447
28947856 1447
32111180 1447
32111563 1447
13485093 1447
13426166 1447
13426166 1447
15252722 1447
32161828 1447
31966817 1447
32564750 1447
31817286 1447
15018734 1447
28894806 1447
13370727 1447
31981490 1447
32131851 1447
28927192 1447
33685108 1447
32077604 1447
15252601 1447
28857625 1447
13438614 1447
28891799 1447
28865979 1447
28848501 1447
28848502 1447
32200579 1447
32140749 1447
10357387 1447
1356952 1447
28984611 1447
11851368 1447
15252648 1447
28908041 1447
32145756 1447
13385280 1447
28872215 1447
28972000 1447
28792976 1447
14917495 1447
30628938 1447
30717349 1447
30653885 1447
30628967 1447
15044440 1447
15040968 1447
30712145 1447
30657594 1447
30657594 1447
30629012 1447
30653902 1447
30659238 1447
32218284 1447
30629060 1447
30636707 1447
30636708 1447
32158604 1447
31963506 1447
28843933 1447
1796633 1447
28972011 1447
31814700 1447
31972251 1447
28792984 1447
30668612 1447
33731232 1447
28911318 1447
33861829 1447
31806673 1447
31999428 1447
15252592 1447
15252634 1447
28826864 1447
32567665 1447
28864258 1447
32206956 1447
31951118 1447
15252614 1447
32609445 1447
31814926 1447
32603432 1447
32158988 1447
32021373 1447
32584296 1447
31817201 1447
28985989 1447
28947873 1447
13500156 1447
30706059 1447
31813468 1447
31799003 1447
30668692 1447
2952457 1447
38047287 1447
38050807 1447
30634388 1447
30655669 1447
30655670 1447
30652038 1447
36056611 1447
36056653 1447
38034021 1447
30653988 1447
30611763 1447
30611764 1447
38043623 1447
30652042 1447
38049470 1447
38033784 1447
38033785 1447
30654009 1447
30652043 1447
15133135 1447
38036591 1447
38036592 1447
38036593 1447
30686116 1447
30686118 1447
30721519 1447
30686120 1447
30616194 1447
30721520 1447
36064650 1447
38044926 1447
38035962 1447
38050772 1447
14774003 1447
14773577 1447
14774781 1447
14773353 1447
14774425 1447
14773568 1447
36057321 1447
36057399 1447
36057450 1447
36057352 1447
15080412 1447
15080515 1447
15080102 1447
15080608 1447
15047417 1447
15080260 1447
38039779 1447
13507227 1447
39931636 1447
28792991 1447
28797846 1447
32062474 1447
32184994 1447
891532 1447
891532 1447
25402869 1447
31009804 1447
32196170 1447
32064532 1447
35411503 1447
28889555 1447
32102227 1447
32079634 1447
28907878 1447
28988575 1447
10452245 1447
32573938 1447
1676249 1447
33707509 1447
28848539 1447
25402576 1447
28956640 1447
25449444 1447
31810046 1447
22274394 1447
31803011 1447
32120414 1447
32566405 1447
28942669 1447
14231207 1447
13284531 1447
28387440 1447
32126350 1447
28883227 1447
28970718 1447
1590498 1447
30668936 1447
31787973 1447
13485384 1447
30657775 1447
2198268 1447
3130533 1447
13435991 1447
28872844 1447
31811617 1447
31800874 1447
28832853 1447
30668991 1447
28986021 1447
31778740 1447
107593 1447
30659310 1447
30655718 1447
30663135 1447
30712245 1447
30717609 1447
30717611 1447
15153567 1447
30706349 1447
30678812 1447
15149891 1447
30686284 1447
15149874 1447
15149870 1447
28816427 1447
33867261 1447
28983649 1447
31815101 1447
13501336 1447
32033186 1447
32196666 1447
22210192 1447
28889734 1447
28943763 1447
28883515 1447
13289975 1447
28952346 1447
32176979 1447
32052697 1447
31778949 1447
31978420 1447
33709246 1447
32019172 1447
32036381 1447
32079939 1447
32023830 1447
32644118 1447
32165485 1447
28981743 1447
28976294 1447
31797405 1447
28783511 1447
31795105 1447
30706467 1447
34120140 1447
30654212 1447
13505624 1447
28815112 1447
31816696 1447
31952347 1447
30697201 1447
32040119 1447
32054989 1447
38047942 1447
32052942 1447
32132958 1447
39347109 1447
30669079 1447
13513534 1447
32567079 1447
32065163 1447
28797879 1447
789982 1447
30706492 1447
219 1447
219 1447
219 1447
28814827 1447
28939488 1447
31803305 1447
13476686 1447
32074433 1447
28985092 1447
28821011 1447
13420615 1447
28990358 1447
14238706 1447
28926219 1447
13479263 1447
28793975 1447
825729 1447
28986025 1447
28944258 1447
13504553 1447
4698722 1447
28971327 1447
4510150 1447
22216923 1447
4728178 1447
13516117 1447
31962498 1447
28988596 1447
96527 1447
31779198 1447
31809802 1447
28955678 1447
41465807 1447
664443 1447
13486650 1447
3325432 1447
31785983 1447
13484883 1447
28865101 1447
13489477 1447
28820207 1447
31790629 1447
31801202 1447
31794459 1447
32170201 1447
28990470 1447
28853843 1447
10562713 1447
41468365 1447
41482292 1447
41482292 1447
5278815 1447
39346357 1447
31800684 1447
28813464 1447
32144566 1447
30678968 1447
3015160 1447
2303594 1447
3526330 1447
3879942 1447
4105374 1447
31996937 1447
28783925 1447
28904039 1447
36556007 1447
28851874 1447
28914600 1447
28863224 1447
28888767 1447
28825557 1447
32116982 1447
32100077 1447
28804158 1447
31971705 1447
31809381 1447
34120856 1447
28794236 1447
28734672 1447
14629579 1447
28806290 1447
28872040 1447
13516556 1447
31942326 1447
31950028 1447
31953064 1447
14231209 1447
32195617 1447
36542793 1447
28981670 1447
13511675 1447
11830487 1447
32003492 1447
31808160 1447
13523041 1447
31779290 1447
13506727 1447
3643640 1447
28955687 1447
2198144 1447
28859809 1447
14493610 1447
22284050 1447
96565 1447
3157816 1447
13416789 1447
25395685 1447
41731722 1447
675193 1447
31809875 1447
13434685 1447
28816457 1447
28904407 1447
32017560 1447
28863716 1447
31788008 1447
31788008 1447
28988233 1447
31786900 1447
28932783 1447
4760041 1447
28963907 1447
15460654 1447
28944932 1447
28800572 1447
28968665 1447
28820686 1447
107617 1447
107601 1447
32070631 1447
22278066 1447
14526530 1447
22201689 1447
33854003 1447
28880928 1447
3866149 1447
22010475 1447
28952369 1447
28812465 1447
32022992 1447
13423737 1447
28919052 1447
15658490 1447
28983665 1447
31780774 1447
13405406 1447
32155719 1447
28966414 1447
28936825 1447
32571068 1447
14485854 1447
28963929 1447
28914070 1447
14576647 1447
31978613 1447
11890291 1447
13392084 1447
13446647 1447
32063639 1447
31952625 1447
3709328 1447
664450 1447
32036352 1447
31789857 1447
30669270 1447
28967687 1447
31785976 1447
28983888 1447
32576706 1447
31943738 1447
28922354 1447
28988614 1447
30652207 1447
15146759 1447
30654378 1447
30654379 1447
30654380 1447
28951477 1447
31035091 1447
33878080 1447
32206067 1447
38036594 1447
34122510 1447
2270217 1447
32043381 1447
38051326 1447
28806675 1447
36544511 1447
28857127 1447
28952478 1447
32117813 1447
28990363 1447
15094027 1447
15094032 1447
31806507 1447
28986778 1447
31954884 1447
30697421 1447
31809344 1447
28784606 1447
32023102 1447
15136675 1447
28847307 1447
677469 1447
13489208 1447
30663695 1447
31786121 1447
28870377 1447
31779822 1447
28889576 1447
32052661 1447
32575783 1447
13410397 1447
6482443 1447
28789670 1447
31945034 1447
28954329 1447
28975414 1447
28815648 1447
28904661 1447
32564944 1447
33651276 1447
28868278 1447
32058550 1447
28946102 1447
32059208 1447
31789445 1447
31953663 1447
32060254 1447
9768127 1447
28950296 1447
28781722 1447
28781699 1447
30654435 1447
30654436 1447
30658108 1447
28967601 1447
32199459 1447
32028813 1447
31953866 1447
41731724 1447
41731727 1447
41731729 1447
28876476 1447
10627016 1447
28883546 1447
31792696 1447
35413589 1447
13428996 1447
11809279 1447
28899109 1447
28865582 1447
14493121 1447
28872083 1447
28972333 1447
28940588 1447
36550549 1447
28888561 1447
28959050 1447
28783962 1447
28850684 1447
28975653 1447
31792174 1447
31966051 1447
28817115 1447
28838694 1447
324755 1447
22224753 1447
31956063 1447
28809787 1447
11881886 1447
14534772 1447
31790517 1447
31784032 1447
31954358 1447
31955099 1447
31799278 1447
28980832 1447
15104252 1447
28960533 1447
2993085 1447
28947914 1447
32101544 1447
30663885 1447
32012382 1447
31789621 1447
28990149 1447
33865278 1447
32151132 1447
31817685 1447
14285687 1447
31780191 1447
1662699 1447
28963994 1447
32151102 1447
13483852 1447
31806739 1447
28931142 1447
28794892 1447
2303595 1447
4923853 1447
28788677 1447
3880416 1447
28847810 1447
281531 1447
2652087 1447
28825335 1447
28956395 1447
28919160 1447
13374510 1447
31973311 1447
31785412 1447
31945549 1447
28801056 1447
28738152 1447
4646439 1447
28906166 1447
32035059 1447
32058082 1447
31788128 1447
2543619 1447
32082715 1447
28953435 1447
28969241 1447
31784677 1447
1433900 1447
28987415 1447
28836519 1447
28788322 1447
28881966 1447
32110968 1447
31806632 1447
28954327 1447
32152489 1447
32599093 1447
31786416 1447
28834723 1447
28938716 1447
28841070 1447
13485830 1447
1867737 1447
28794062 1447
28909639 1447
13481320 1447
28825851 1447
879553 1447
28943060 1447
28965457 1447
32566194 1447
31800976 1447
10631243 1447
32086585 1447
28932864 1447
28807383 1447
28809908 1447
96555 1447
28807581 1447
22229423 1447
28812491 1447
4720715 1447
28800067 1447
28883557 1447
4659892 1447
25402766 1447
28906189 1447
10485547 1447
1611046 1447
28872243 1447
32008051 1447
30654590 1447
31805237 1447
28937674 1447
32577988 1447
13437737 1447
53219 1447
25447484 1447
1413239 1447
2565297 1447
28852077 1447
28968205 1447
31795715 1447
28905028 1447
32016416 1447
15560316 1447
28934355 1447
28852899 1447
11824972 1447
31809492 1447
34124304 1447
28792582 1447
31789504 1447
32188699 1447
2993051 1447
28929458 1447
31807594 1447
28787382 1447
3744760 1447
28907250 1447
13432227 1447
28906259 1447
14529620 1447
35405929 1447
28901239 1447
28918019 1447
28818397 1447
28984013 1447
10477859 1447
32566890 1447
30654615 1447
28926625 1447
664444 1447
32012702 1447
28929478 1447
31817776 1447
28819214 1447
30669496 1447
30669503 1447
28973965 1447
31783868 1447
32157206 1447
31948467 1447
31810387 1447
31786690 1447
32565611 1447
32104273 1447
31969281 1447
32106462 1447
32112100 1447
28794575 1447
13504112 1447
13512292 1447
31977321 1447
28796730 1447
28847376 1447
28865881 1447
32109239 1447
28908030 1447
9931270 1447
1634705 1447
28850411 1447
28974206 1447
13424587 1447
31805301 1447
31785778 1447
31785778 1447
32112826 1447
28866189 1447
15180279 1447
28906671 1447
31809035 1447
28889616 1447
15032706 1447
30665706 1447
32114133 1447
22249232 1447
41653265 1447
28889629 1447
31778196 1447
28934135 1447
31817395 1447
41655250 1447
31953657 1447
11815284 1447
14276952 1447
32118806 1447
28985188 1447
28828066 1447
32130712 1447
53240 1447
32044902 1447
31801180 1447
22214854 1447
32010635 1447
31786649 1447
31809452 1447
28847187 1447
31972367 1447
13426073 1447
28898894 1447
31788815 1447
28894608 1447
31818303 1447
31783816 1447
31808173 1447
28944704 1447
31811122 1447
41411414 1447
9284246 1447
22170718 1447
13485425 1447
31958108 1447
2416249 1447
28981523 1447
32118246 1447
32153798 1447
13475882 1447
28965113 1447
28806663 1447
31958400 1447
32609898 1447
15083504 1447
28896623 1447
31963922 1447
11962521 1447
22280131 1447
14929709 1447
28970631 1447
31961054 1447
3866153 1447
28800652 1447
13496832 1447
28907508 1447
28883269 1447
31815560 1447
32110624 1447
28985743 1447
28807403 1447
32145206 1447
32607662 1447
28857651 1447
28857651 1447
28926558 1447
28806348 1447
28835704 1447
15626066 1447
34052179 1447
28843961 1447
32563275 1447
25436875 1447
9655384 1447
28834218 1447
28962016 1447
31782518 1447
11243233 1447
28864042 1447
28793001 1447
30687052 1447
31804917 1447
220675 1447
31802788 1447
28790107 1447
31789028 1447
31813819 1447
28878603 1447
28789722 1447
28802021 1447
28958795 1447
28825897 1447
877018 1447
13485091 1447
13424606 1447
31790021 1447
28786403 1447
14592038 1447
28952601 1447
28810271 1447
15199263 1447
28891667 1447
28990252 1447
32187353 1447
3206477 1447
28965127 1447
13444300 1447
28806365 1447
33966918 1447
28967460 1447
31812979 1447
32165166 1447
34048952 1447
28962035 1447
32563485 1447
22233743 1447
32187693 1447
31810777 1447
30632013 1447
28976491 1447
32605401 1447
31796880 1447
25398668 1447
32170885 1447
32600241 1447
36043575 1447
32595058 1447
28973985 1447
32120432 1447
41667389 1447
36547412 1447
32039994 1447
28990275 1447
28987427 1447
32046953 1447
32176662 1447
31793482 1447
28955703 1447
31817980 1447
32180910 1447
33951589 1447
30679612 1447
31030827 1447
31806493 1447
32187350 1447
30713039 1447
32034210 1447
32205584 1447
32188800 1447
31790815 1447
22190244 1447
22273943 1447
28800667 1447
28883093 1447
28968701 1447
11032244 1447
32191597 1447
32193618 1447
31797784 1447
28817805 1447
28919110 1447
31814622 1447
28972510 1447
31812612 1447
28799165 1447
28880541 1447
28785464 1447
14703575 1447
28870389 1447
33718078 1447
32191492 1447
28803911 1447
33966960 1447
13481768 1447
28857673 1447
32197249 1447
41471894 1447
33683093 1447
31795227 1447
13446595 1447
13493341 1447
336754 1447
104475 1447
32202824 1447
32007788 1447
28948723 1447
31818093 1447
31818145 1447
32054190 1447
28983048 1447
33802217 1447
28794289 1447
31780455 1447
32009816 1447
3653291 1447
28890957 1447
10576058 1447
28907542 1447
32032376 1447
11787904 1447
3196718 1447
14534650 1447
28840040 1447
28804714 1447
14483492 1447
28860454 1447
13398640 1447
22193067 1447
30679677 1447
28889677 1447
28979422 1447
28793118 1447
28885127 1447
13484320 1447
31973859 1447
28786937 1447
38043624 1447
28848715 1447
28945401 1447
28964030 1447
25404784 1447
15043123 1447
15160346 1447
28939816 1447
28896336 1447
15252554 1447
31810236 1447
11815401 1447
28990388 1447
13478749 1447
28848230 1447
28962054 1447
1675198 1447
13367107 1447
28896443 1447
28909772 1447
31942691 1447
13487746 1447
28978136 1447
28872949 1447
28848713 1447
22150045 1447
14534648 1447
28828588 1447
28885035 1447
28952414 1447
31811631 1447
28785496 1447
14585803 1447
28988301 1447
32605274 1447
4923912 1447
28950155 1447
28883849 1447
32061686 1447
28981286 1447
31802252 1447
22162935 1447
4653712 1447
22180583 1447
22180561 1447
9534335 1447
28842651 1447
31797843 1447
28956448 1447
31999046 1447
31784099 1447
28862482 1447
1405687 1447
28872970 1447
28867927 1447
13396618 1447
13523077 1447
15583418 1447
12075921 1447
28868927 1447
31784441 1447
32033099 1447
31962709 1447
28813457 1447
28905340 1447
28833555 1447
28904503 1447
25396264 1447
31781890 1447
31816341 1447
28845271 1447
32018018 1447
107589 1447
36092451 1447
36094511 1447
31782505 1447
28959071 1447
32019662 1447
32019662 1447
28868706 1447
159417 1447
28955202 1447
28794921 1447
28813459 1447
28797928 1447
28896354 1447
28862790 1447
22226845 1447
32020757 1447
32142595 1447
32105323 1447
28984033 1447
15599927 1447
28889701 1447
28853055 1447
28807829 1447
31780565 1447
32140113 1447
28950170 1447
28889716 1447
13495668 1447
28863128 1447
30679697 1447
28827887 1447
28908049 1447
32210063 1447
32084284 1447
28814412 1447
13479292 1447
28987348 1447
15023544 1447
22175415 1447
31783794 1447
15045452 1447
4629141 1447
31961840 1447
28834069 1447
28951531 1447
28845283 1447
28896661 1447
31807576 1447
28919140 1447
41731731 1447
28843713 1447
28987868 1447
28978447 1447
32130758 1447
22190726 1447
31784794 1447
31778499 1447
31804764 1447
4996131 1447
28939197 1447
32607298 1447
32047548 1447
28986846 1447
28919157 1447
32099111 1447
31963677 1447
4084962 1447
28878360 1447
28979620 1447
13438436 1447
28976397 1447
28987389 1447
28790899 1447
28978576 1447
672805 1447
28792105 1447
28946160 1447
30670026 1447
32079094 1447
13398403 1447
28919209 1447
13436184 1447
31789761 1447
13377662 1447
28850535 1447
31800146 1447
28834233 1447
2990414 1447
13491492 1447
28794297 1447
14598849 1447
28955719 1447
31953164 1447
28790980 1447
32102824 1447
8878621 1447
30654931 1447
28852020 1447
31965053 1447
13432206 1447
13331824 1447
31784475 1447
28955605 1447
28955605 1447
13438645 1447
28842092 1447
33802563 1447
31802057 1447
31812761 1447
22169610 1447
31816189 1447
31800199 1447
13523094 1447
4310599 1447
28814930 1447
18250 1447
28813355 1447
41472851 1447
28857680 1447
41731732 1447
31783043 1447
30652450 1447
28990319 1447
31799501 1447
41731734 1447
28962112 1447
28807688 116966
28798736 116966
28965287 116966
31783780 116966
22061842 116966
1662698 116966
28915943 116966
28915943 116966
32070270 116966
32081793 116966
13367561 116966
13436323 116966
28949953 116966
13371161 116966
22148415 116966
4416654 116966
28785727 116966
28837447 116966
31783838 116966
28891457 116966
3508948 116966
28878694 116966
3334555 116966
28898444 116966
3053322 116966
28899074 116966
28986415 116966
28822057 116966
14440248 116966
28846852 116966
11876390 116966
31942783 116966
1662758 116966
33806700 116966
1662715 116966
28988007 116966
31803863 116966
336580 116966
31946204 116966
162322 116966
28896370 116966
4021163 116966
32028272 116966
13354533 116966
28987123 116966
25449186 116966
312621 116966
28807264 116966
1662690 116966
1662713 116966
1662693 116966
14894505 116966
32028894 116966
13492200 116966
28801819 116966
28803616 116966
13416037 116966
14894293 116966
14894327 116966
13414799 116966
28974233 116966
28915965 116966
13379808 116966
13396050 116966
11975901 116966
28796290 116966
28787956 116966
31784705 116966
31803645 116966
28926865 116966
28883338 116966
31966259 116966
4760856 116966
28808824 116966
31793823 116966
28812395 116966
28949604 116966
28848097 116966
28834409 116966
28851185 116966
28847519 116966
31975389 116966
32105249 116966
32032216 116966
23666685 116966
13425245 116966
28852414 116966
31792955 116966
28930252 116966
13494570 116966
31952097 116966
31806865 116966
2511130 116966
31785233 116966
31792292 116966
28902051 116966
15599547 116966
31804265 116966
28859405 116966
31947861 116966
28859698 116966
28837875 116966
28953676 116966
28841789 116966
32205008 116966
32082571 116966
28826898 116966
31785359 116966
22236279 116966
14976579 116966
1694124 116966
31794055 116966
13426250 116966
3862658 116966
28978598 116966
32006253 116966
28881477 116966
1694132 116966
28948506 116966
28948506 116966
2580064 116966
13422808 116966
28954391 116966
31954439 116966
14238177 116966
13478061 116966
28951734 116966
28937137 116966
28947009 116966
28862047 116966
15220903 116966
28849307 116966
96588 116966
31807539 116966
28822322 116966
11866185 116966
30652844 116966
31802556 116966
28171234 116966
31818232 116966
28941207 116966
31816908 116966
10668726 116966
9240411 116966
13509927 116966
28978335 116966
28959548 116966
28825717 116966
28781629 116966
896321 116966
15536738 116966
31816238 116966
28883115 116966
28826914 116966
38051501 116966
32133417 116966
28988347 116966
22212211 116966
28949703 116966
32185663 116966
31815408 116966
4433075 116966
33996882 116966
12995854 116966
31786477 116966
28814508 116966
31786961 116966
31789199 116966
28977982 116966
31966081 116966
14894159 116966
6681661 116966
28900502 116966
28980018 116966
31780017 116966
13490480 116966
53222 116966
28899586 116966
31951463 116966
28845321 116966
32207041 116966
28832756 116966
28902393 116966
30667275 116966
36079595 116966
13502489 116966
31797884 116966
31789185 116966
28967293 116966
28983418 116966
31802238 116966
28820481 116966
28784827 116966
28989929 116966
32037937 116966
664428 116966
28892991 116966
31942288 116966
32134852 116966
28844982 116966
31781967 116966
6540760 116966
13405235 116966
13405265 116966
32041093 116966
32039115 116966
14894093 116966
9291780 116966
32152838 116966
31803414 116966
30593317 116966
32042130 116966
32042152 116966
28821893 116966
28815666 116966
32087145 116966
32162559 116966
14694732 116966
28953181 116966
14665427 116966
32132999 116966
33677193 116966
32156820 116966
32159285 116966
32162076 116966
13493909 116966
32597734 116966
15083407 116966
28824973 116966
28915980 116966
31951729 116966
28894527 116966
28813661 116966
28932648 116966
32159198 116966
28907107 116966
4720598 116966
4629180 116966
28818395 116966
32043212 116966
15536273 116966
28929661 116966
32158641 116966
13506784 116966
13483345 116966
28966534 116966
32134241 116966
32580869 116966
28938613 116966
31964764 116966
13494749 116966
28943625 116966
31951277 116966
22271992 116966
32046345 116966
28950518 116966
3394499 116966
28808734 116966
15208149 116966
32205918 116966
15027065 116966
28899370 116966
28798720 116966
28939940 116966
9498074 116966
32174553 116966
32031237 116966
32052279 116966
32048089 116966
32048217 116966
31796245 116966
10711152 116966
28786676 116966
32004676 116966
2270364 116966
32041054 116966
28801260 116966
31818267 116966
13427931 116966
28859647 116966
28957845 116966
31804466 116966
677468 116966
13412640 116966
28914744 116966
28890989 116966
650448 116966
32078275 116966
281770 116966
28982882 116966
31813799 116966
31780850 116966
6334397 116966
28818979 116966
31807303 116966
32179749 116966
1100126 116966
30667388 116966
22150430 116966
28954730 116966
31788582 116966
28848429 116966
31810488 116966
13504276 116966
28982819 116966
32093277 116966
31782190 116966
28784545 116966
28911236 116966
28889051 116966
28931904 116966
30655222 116966
15536405 116966
28801185 116966
11977738 116966
7351918 116966
28849870 116966
31782536 116966
28859126 116966
28865168 116966
32569626 116966
28951338 116966
31799616 116966
13506834 116966
28961317 116966
32199366 116966
28978648 116966
28788008 116966
28850308 116966
31814240 116966
31801697 116966
39927006 116966
31983134 116966
28987488 116966
28952484 116966
28783286 116966
31806589 116966
32043722 116966
28827260 116966
28911258 116966
28827670 116966
28888959 116966
13281608 116966
2655747 116966
28943107 116966
31793115 116966
36540962 116966
28817592 116966
28868821 116966
28900466 116966
28808747 116966
28973103 116966
31790913 116966
31789834 116966
28810990 116966
31801713 116966
31944302 116966
28950614 116966
2832089 116966
13490936 116966
28959576 116966
31790058 116966
31796579 116966
28849908 116966
7187048 116966
31943033 116966
31814907 116966
28786249 116966
28856285 116966
28862374 116966
28816195 116966
13495736 116966
28878432 116966
28881248 116966
28785760 116966
13444908 116966
28931542 116966
28825995 116966
32059157 116966
28967350 116966
32171671 116966
4669849 116966
31808221 116966
28913907 116966
32099304 116966
28949317 116966
28399421 116966
31801796 116966
28930638 116966
30653018 116966
9054742 116966
32068224 116966
7462667 116966
31794932 116966
32567186 116966
28950549 116966
28818078 116966
31808900 116966
1298340 116966
31817456 116966
32579112 116966
31794963 116966
3841997 116966
28784590 116966
31811249 116966
31949507 116966
28988854 116966
96563 116966
31809843 116966
28945870 116966
32062164 116966
31804179 116966
13239559 116966
31804141 116966
96592 116966
96580 116966
22224606 116966
28967664 116966
28899393 116966
31786668 116966
31796264 116966
28803700 116966
28865251 116966
28909296 116966
28855680 116966
28815362 116966
28963568 116966
32072352 116966
32122967 116966
31794908 116966
28865770 116966
28912770 116966
32104280 116966
31807527 116966
28818448 116966
28897199 116966
28950060 116966
28988083 116966
1662697 116966
32089715 116966
28909548 116966
28896275 116966
32099666 116966
660598 116966
31818413 116966
36097018 116966
28811437 116966
31803448 116966
31814777 116966
28933420 116966
31974254 116966
32066292 116966
28800995 116966
1730544 116966
28913143 116966
30711407 116966
32081857 116966
2952433 116966
909412 116966
28805179 116966
28862735 116966
28932706 116966
28793080 116966
28953694 116966
101881 116966
31806727 116966
32068134 116966
32125634 116966
2564427 116966
28797758 116966
31955951 116966
32570646 116966
31805943 116966
13437768 116966
32069228 116966
9569907 116966
28793750 116966
14580761 116966
13503377 116966
14495060 116966
28790191 116966
31792553 116966
28862391 116966
28932718 116966
31949746 116966
15434712 116966
32573168 116966
32005927 116966
9194559 116966
3250552 116966
28783040 116966
31816797 116966
3969747 116966
53221 116966
13508309 116966
28814536 116966
32112439 116966
14892676 116966
14892702 116966
31792417 116966
31804481 116966
31951763 116966
14695616 116966
14966496 116966
32052380 116966
3124955 116966
31789464 116966
32074629 116966
31971564 116966
31954247 116966
28915127 116966
31956635 116966
28815232 116966
31812806 116966
13350739 116966
28786272 116966
28973758 116966
28818474 116966
28885160 116966
10501338 116966
13499463 116966
11890861 116966
1396322 116966
28885902 116966
28947011 116966
31956135 116966
28819026 116966
28826972 116966
28804890 116966
28877871 116966
32126477 116966
28885924 116966
28948273 116966
31961079 116966
32563007 116966
28841896 116966
28801200 116966
101185 116966
28888462 116966
28885379 116966
13393739 116966
28883744 116966
14898504 116966
31788701 116966
14898636 116966
31803124 116966
28852801 116966
13495714 116966
32033860 116966
33836443 116966
31798257 116966
6846001 116966
28843769 116966
28818492 116966
32054810 116966
28848750 116966
28848168 116966
13372045 116966
28942608 116966
32085613 116966
28945920 116966
28870338 116966
28842447 116966
14898650 116966
14898393 116966
14898752 116966
14898524 116966
32124225 116966
32124225 116966
13404459 116966
28794836 116966
31812074 116966
31793014 116966
32150692 116966
28853067 116966
10650494 116966
32199329 116966
3701346 116966
3701346 116966
31803924 116966
13492406 116966
31951187 116966
15239258 116966
28793202 116966
28875084 116966
28961593 116966
28859150 116966
28987738 116966
28983536 116966
28942655 116966
31944853 116966
4155015 116966
28831863 116966
31794832 116966
28925789 116966
31809662 116966
31958788 116966
31789878 116966
32097990 116966
31945778 116966
31784065 116966
14988740 116966
22229929 116966
31789433 116966
31808552 116966
31806358 116966
30618977 116966
32169048 116966
32194200 116966
31997981 116966
28988149 116966
28799091 116966
32032938 116966
31783902 116966
31783902 116966
31995515 116966
31955204 116966
13488522 116966
15208142 116966
32083013 116966
32122267 116966
28890151 116966
31810926 116966
31812444 116966
32195484 116966
32200509 116966
28902824 116966
31950471 116966
32209935 116966
31816333 116966
9137990 116966
32086151 116966
31788845 116966
319002 116966
31777758 116966
28896788 116966
28903398 116966
31815880 116966
28915159 116966
32115606 116966
32058136 116966
31958013 116966
28883982 116966
28831875 116966
32207279 116966
1662696 116966
28804752 116966
32135751 116966
28966159 116966
28933708 116966
28785237 116966
13503796 116966
28837496 116966
31943116 116966
32187871 116966
28828992 116966
14973864 116966
14910458 116966
32161857 116966
32096787 116966
28920191 116966
28896383 116966
656967 116966
28844225 116966
28968572 116966
11804517 116966
28802113 116966
34018488 116966
4171280 116966
28943699 116966
28860102 116966
31783915 116966
395409 116966
31952853 116966
5695880 116966
5695880 116966
28856420 116966
28819500 116966
32025772 116966
28856421 116966
31812275 116966
13524225 116966
31801315 116966
32034320 116966
32194559 116966
31798818 116966
28786306 116966
41655534 116966
28832070 116966
28822413 116966
28926924 116966
13493472 116966
921933 116966
31816127 116966
3973158 116966
1662694 116966
13482692 116966
1535063 116966
32569177 116966
13496650 116966
31805167 116966
31817108 116966
3969748 116966
28894748 116966
28985392 116966
31789753 116966
28952025 116966
28988466 116966
13507395 116966
28965402 116966
30667836 116966
32027261 116966
28816406 116966
32125099 116966
28851969 116966
31960277 116966
31971093 116966
32041311 116966
32092273 116966
13482407 116966
30685315 116966
32129264 116966
32568930 116966
32195473 116966
825995 116966
32582989 116966
32045319 116966
31951492 116966
31817605 116966
32602332 116966
1694126 116966
3590393 116966
32197766 116966
14695618 116966
31780495 116966
28987782 116966
32186464 116966
32151770 116966
28901771 116966
28863192 116966
32202040 116966
28828954 116966
41466989 116966
1662710 116966
31952895 116966
31791705 116966
32001537 116966
28925810 116966
32567626 116966
32194177 116966
28885757 116966
31816412 116966
28792463 116966
28954786 116966
22223306 116966
13411105 116966
28835173 116966
28824542 116966
28980703 116966
13500193 116966
28849886 116966
32137841 116966
1662709 116966
1713882 116966
39349610 116966
877016 116966
13409944 116966
4652198 116966
4711197 116966
31810603 116966
31808210 116966
28894583 116966
28788213 116966
11811560 116966
33699911 116966
31958450 116966
13492325 116966
13293835 116966
1662695 116966
31999239 116966
28980719 116966
31958716 116966
13481223 116966
28809959 116966
33699969 116966
31807927 116966
31959100 116966
32063816 116966
28953502 116966
31950783 116966
2912133 116966
4973299 116966
22273002 116966
31959278 116966
30619227 116966
15093647 116966
30619129 116966
15109576 116966
30619032 116966
1579431 116966
28955480 116966
9569905 116966
28968579 116966
22263828 116966
13412866 116966
4342365 116966
4995433 116966
28857924 116966
28820180 116966
28862668 116966
6334382 116966
28819094 116966
13508380 116966
28971235 116966
32174269 116966
1854657 116966
13442226 116966
28983574 116966
11812516 116966
2309157 116966
31807404 116966
31956078 116966
1694118 116966
28826050 116966
31961483 116966
32123299 116966
1854656 116966
9906364 116966
28818544 116966
32113761 116966
28825005 116966
31787813 116966
32566278 116966
32570536 116966
32059550 116966
28909429 116966
28961973 116966
28827346 116966
32041713 116966
31953256 116966
28942515 116966
28970398 116966
28872824 116966
31958452 116966
31816993 116966
32161361 116966
31944481 116966
32032440 116966
28866672 116966
32060033 116966
28934236 116966
31992806 116966
14341775 116966
32134378 116966
30620505 116966
31778022 116966
4089832 116966
4776813 116966
28956685 116966
31816130 116966
14986032 116966
28791242 116966
28974889 116966
31952965 116966
32077527 116966
28799124 116966
32159633 116966
32019786 116966
32068358 116966
13491384 116966
32076379 116966
31780029 116966
30655509 116966
32096615 116966
28799136 116966
32092399 116966
31950330 116966
2270268 116966
28856298 116966
32003481 116966
32576344 116966
33821690 116966
28873460 116966
28873460 116966
32089372 116966
14010499 116966
31944990 116966
32560206 116966
13491410 116966
28916445 116966
28948555 116966
28958991 116966
28947980 116966
1634639 116966
14974083 116966
31980621 116966
33836950 116966
31798028 116966
28937578 116966
13426401 116966
9240401 116966
28940475 116966
32210034 116966
28916000 116966
28898246 116966
31792209 116966
32154178 116966
28984479 116966
31998270 116966
32147546 116966
13478725 116966
10609598 116966
32113440 116966
28903434 116966
31954528 116966
28987598 116966
31955395 116966
87941 116966
87941 116966
31800496 116966
13507367 116966
20715 116966
28966014 116966
32172448 116966
15536637 116966
13407194 116966
32067728 116966
4902135 116966
28785351 116966
31788071 116966
32607011 116966
36096341 116966
31792703 116966
31944420 116966
33731216 116966
28965296 116966
31797731 116966
28818892 116966
31794392 116966
22242531 116966
28855485 116966
14894451 116966
31800381 116966
32566614 116966
28805306 116966
15024420 116966
32069093 116966
28949751 116966
28862115 116966
910055 116966
31955298 116966
31952778 116966
28906396 116966
33837001 116966
32124772 116966
34051216 116966
31816451 116966
32133645 116966
22248065 116966
28792516 116966
32007427 116966
28946055 116966
32081175 116966
14279908 116966
31813456 116966
31954026 116966
25447938 116966
28897238 116966
32120268 116966
32209328 116966
13491095 116966
31971677 116966
22280307 116966
31782407 116966
28988993 116966
31806709 116966
28978384 116966
28834965 116966
31796975 116966
15020340 116966
31805320 116966
28988165 116966
14985926 116966
28853153 116966
31943878 116966
31954113 116966
31954072 116966
32591730 116966
31785425 116966
11832824 116966
14222680 116966
32141206 116966
14943050 116966
1662716 116966
1662711 116966
32017928 116966
13941057 116966
28835131 116966
31977642 116966
32092587 116966
28860131 116966
31782274 116966
9569915 116966
13052569 116966
11949719 116966
96562 116966
28805321 116966
14565423 116966
32060013 116966
31812632 116966
32076122 116966
32082240 116966
28966047 116966
32103043 116966
32098937 116966
22227728 116966
28832200 116966
28797830 116966
28799018 116966
28791446 116966
13486624 116966
32125699 116966
32077073 116966
22280190 116966
22280208 116966
28849832 116966
3125221 116966
28833376 116966
31966384 116966
32002187 116966
28833534 116966
31966298 116966
31799204 116966
28807757 116966
28856316 116966
32582583 116966
31791102 116966
13522430 116966
22235014 116966
28931620 116966
31955326 116966
13385723 116966
32011482 116966
28972597 116966
13482005 116966
754235 116966
32016078 116966
31778569 116966
9133316 116966
32024833 116966
32127263 116966
41731735 116966
32610356 116966
14894251 116966
28946854 116966
32163376 116966
32102191 116966
32151809 116966
31971788 116966
32560776 116966
32105668 116966
28802139 116966
28802142 116966
32028388 116966
31955684 116966
32106100 116966
31998087 116966
31803390 116966
28781554 116966
22244657 116966
21740513 116966
28926983 116966
30628425 116966
28878503 116966
30611275 116966
30621060 116966
28788094 116966
32038064 116966
31954044 116966
32192412 116966
15075604 116966
15075607 116966
32564401 116966
32570603 116966
32045439 116966
32566876 116966
28946861 116966
31798862 116966
28811998 116966
28934464 116966
32146101 116966
32048278 116966
32562256 116966
28924010 116966
28898877 116966
28946870 116966
32570212 116966
28807351 116966
32191129 116966
31982501 116966
13409898 116966
22254922 116966
41651605 116966
1662707 116966
1662712 116966
1662704 116966
32132309 116966
31960972 116966
32587644 116966
31973444 116966
32066181 116966
4776847 116966
13505743 116966
32195522 116966
13496597 116966
28943742 116966
6355010 116966
31997187 116966
31967968 116966
31805086 116966
28989421 116966
32077936 116966
28936745 116966
41655740 116966
31794073 116966
32567029 116966
32056187 116966
32087344 116966
28963685 116966
32560891 116966
32602499 116966
31965925 116966
1662714 116966
31976547 116966
28872389 116966
32563114 116966
32581819 116966
32567183 116966
28809643 116966
32061891 116966
32091310 116966
31943238 116966
32566690 116966
32597175 116966
32032847 116966
28982836 116966
32560913 116966
31991760 116966
32054579 116966
31974488 116966
28926993 116966
32607953 116966
32152873 116966
32607761 116966
36095515 116966
28937338 116966
32078425 116966
28883505 116966
28830022 116966
13497497 116966
3125196 116966
31954279 116966
13340113 116966
28818276 116966
28958747 116966
31796898 116966
13438508 116966
32564663 116966
31815810 116966
28818145 116966
32109235 116966
31798132 116966
32017310 116966
31811734 116966
31787628 116966
31779269 116966
41411872 116966
7466559 116966
32560491 116966
32565120 116966
31954934 116966
32116746 116966
32032114 116966
1662708 116966
13482961 116966
1662702 116966
28983604 116966
32123669 116966
32565970 116966
1662703 116966
32132913 116966
31952197 116966
675761 116966
30721465 116966
31976873 116966
31814867 116966
13433739 116966
32027165 116966
32156121 116966
28961068 116966
28760430 116966
32147087 116966
31958576 116966
32148772 116966
28790682 116966
30655638 116966
30657595 116966
30629025 116966
30611653 116966
30657599 116966
30629042 116966
30717369 116966
30629046 116966
30611665 116966
32566839 116966
31954903 116966
31815340 116966
28945417 116966
25436960 116966
32560805 116966
31958985 116966
32065783 116966
32168946 116966
28796535 116966
31949792 116966
33869674 116966
39346771 116966
32564652 116966
32149113 116966
28837696 116966
28899558 116966
32043180 116966
28936768 116966
28965083 116966
28800561 116966
33936977 116966
32185180 116966
31944176 116966
28916669 116966
32035225 116966
32039652 116966
28930761 116966
28902468 116966
13432555 116966
30717482 116966
38050843 116966
38040660 116966
28850446 116966
38033458 116966
30655680 116966
38048179 116966
30654020 116966
15016379 116966
30654063 116966
38051287 116966
38044927 116966
38044928 116966
38044929 116966
38044930 116966
38044931 116966
38039772 116966
38039773 116966
38039774 116966
38039775 116966
28821335 116966
31952915 116966
32057093 116966
32061597 116966
31811504 116966
32070405 116966
28920701 116966
30678750 116966
28926197 116966
14966694 116966
14534029 116966
28964153 116966
14548407 116966
28785821 116966
3551505 116966
28958772 116966
28811086 116966
32062644 116966
32098985 116966
28929019 116966
32099537 116966
28960354 116966
32057667 116966
28957653 116966
13487240 116966
30629635 116966
14943222 116966
31808193 116966
31797037 116966
32136966 116966
28945135 116966
31786633 116966
28842476 116966
32083977 116966
32112725 116966
99933 116966
32036755 116966
28972249 116966
32139104 116966
32050032 116966
28880132 116966
28937654 116966
28863614 116966
28904019 116966
22139991 116966
13428970 116966
31943488 116966
31942168 116966
28810532 116966
28940518 116966
32105682 116966
32142175 116966
28928707 116966
32572795 116966
32572787 116966
28836641 116966
13400436 116966
28845168 116966
13501334 116966
28842322 116966
28849252 116966
13428936 116966
2564420 116966
4345812 116966
28932344 116966
33785647 116966
5695891 116966
31996799 116966
32107950 116966
31784380 116966
32064018 116966
13439649 116966
2198311 116966
32005012 116966
31958334 116966
28921031 116966
3178275 116966
32597140 116966
32207007 116966
28827052 116966
28990313 116966
13409001 116966
13491613 116966
2993308 116966
5695893 116966
31781875 116966
32564246 116966
28859441 116966
28948321 116966
4747240 116966
13380805 116966
3172413 116966
31787359 116966
32581021 116966
32567881 116966
31809417 116966
32137377 116966
31953315 116966
32589227 116966
36091934 116966
28970572 116966
31952659 116966
33832854 116966
36087955 116966
28947762 116966
32075419 116966
31982459 116966
33951389 116966
41481639 116966
96540 116966
28871595 116966
32069556 116966
32090347 116966
32190997 116966
32194418 116966
22105837 116966
32053201 116966
12995855 116966
32108162 116966
31973482 116966
31793303 116966
28934291 116966
13396048 116966
28788276 116966
28785841 116966
28909453 116966
28837957 116966
4153147 116966
4676743 116966
96561 116966
4607217 116966
4635690 116966
4605051 116966
4719576 116966
4768503 116966
4751234 116966
4694514 116966
28891563 116966
13481162 116966
28805349 116966
32019109 116966
31779243 116966
28824446 116966
33710696 116966
31801513 116966
11949716 116966
31953035 116966
13495044 116966
41477513 116966
28834500 116966
36094987 116966
28824580 116966
13399688 116966
28817775 116966
32203786 116966
13475468 116966
28901518 116966
28945451 116966
13495953 116966
28852665 116966
28808041 116966
948684 116966
592185 116966
13503351 116966
32000384 116966
28904394 116966
31795546 116966
28965977 116966
14985836 116966
31797752 116966
28891584 116966
21976839 116966
22151507 116966
14940551 116966
32012052 116966
32059877 116966
31795047 116966
22253390 116966
1584481 116966
28837976 116966
13476093 116966
15024414 116966
5696751 116966
28841391 116966
28832977 116966
28877352 116966
333489 116966
14344102 116966
14344102 116966
31806681 116966
13413026 116966
22126066 116966
28937470 116966
31804945 116966
31788552 116966
14966503 116966
30654254 116966
28933783 116966
31815000 116966
31793736 116966
28952578 116966
28954569 116966
31950328 116966
31801872 116966
31790961 116966
32113168 116966
28820453 116966
30654272 116966
32002673 116966
32135306 116966
10453979 116966
28932760 116966
28856769 116966
13491695 116966
13328715 116966
33869764 116966
13514275 116966
30669162 116966
28817411 116966
28837529 116966
28863656 116966
32566457 116966
28820743 116966
32015755 116966
32009351 116966
1694133 116966
25440160 116966
31972591 116966
32088459 116966
32136919 116966
28872674 116966
32171751 116966
28944160 116966
25440030 116966
31953704 116966
32208102 116966
32112433 116966
32560273 116966
28885493 116966
28848978 116966
31956963 116966
31959483 116966
32055861 116966
28807155 116966
32016722 116966
32566735 116966
1850549 116966
33837689 116966
28976310 116966
4636608 116966
5695889 116966
36091328 116966
22102344 116966
31807650 116966
32135538 116966
22256037 116966
28873720 116966
28896883 116966
28942683 116966
28849276 116966
28797759 116966
31789123 116966
28803821 116966
31790617 116966
31791162 116966
28904996 116966
13501496 116966
13522429 116966
13446973 116966
28802568 116966
28966609 116966
28800591 116966
5695892 116966
511950 116966
4925395 116966
13510990 116966
28793302 116966
31965561 116966
32010617 116966
32191410 116966
34051882 116966
32568396 116966
31807458 116966
28855527 116966
32031187 116966
31801065 116966
31787476 116966
28932799 116966
28785381 116966
28942560 116966
22265176 116966
22252482 116966
15536755 116966
28884665 116966
32037768 116966
32038320 116966
33677570 116966
28881493 116966
36095357 116966
28932112 116966
13478545 116966
30622224 116966
28851732 116966
30612762 116966
4980203 116966
31955160 116966
31809642 116966
32090574 116966
28978973 116966
28807806 116966
15038054 116966
30669315 116966
28785842 116966
10529486 116966
15061745 116966
28810553 116966
31814586 116966
28906142 116966
41655687 116966
32134946 116966
28980799 116966
31783061 116966
32057417 116966
32057683 116966
28793329 116966
13407690 116966
31809987 116966
32166788 116966
28970992 116966
28898158 116966
28862461 116966
32563496 116966
31791408 116966
32062458 116966
22168357 116966
28959032 116966
28881885 116966
32065755 116966
13508699 116966
31950562 116966
28986809 116966
32122421 116966
31964988 116966
32166922 116966
101253 116966
32609577 116966
32208487 116966
33800578 116966
28899290 116966
28794554 116966
28973161 116966
13484746 116966
13400457 116966
32184962 116966
3172387 116966
28800407 116966
31815717 116966
32096279 116966
32166949 116966
31798454 116966
28835330 116966
31966494 116966
22087794 116966
32033374 116966
28966624 116966
28900483 116966
28853222 116966
28809798 116966
940511 116966
28825080 116966
32568866 116966
96568 116966
28906964 116966
28859840 116966
4787092 116966
28787350 116966
28811844 116966
14985820 116966
41655379 116966
13406941 116966
13493516 116966
28842556 116966
2934366 116966
32079647 116966
3053320 116966
13396053 116966
32051092 116966
31780269 116966
32077692 116966
28841250 116966
7334336 116966
28966467 116966
13368727 116966
28907453 116966
28800267 116966
28970593 116966
32115626 116966
31782369 116966
28789901 116966
28949273 116966
28883254 116966
31947022 116966
28896404 116966
32081884 116966
28981685 116966
28785447 116966
32204932 116966
32204932 116966
4777572 116966
32139927 116966
32033340 116966
33714607 116966
32156841 116966
28957181 116966
32199509 116966
28880952 116966
31778954 116966
28977000 116966
32152489 116966
28978437 116966
4566142 116966
31969215 116966
13434534 116966
31781989 116966
31973413 116966
32203211 116966
28902191 116966
31812336 116966
31973007 116966
2303983 116966
2303989 116966
680793 116966
680789 116966
31779699 116966
22276859 116966
28988738 116966
31784849 116966
11951097 116966
28988761 116966
28814545 116966
32054587 116966
32086625 116966
31950596 116966
5695879 116966
96557 116966
13522355 116966
32013970 116966
31791217 116966
31792608 116966
28986364 116966
32205784 116966
13492444 116966
31943947 116966
28975696 116966
28946119 116966
28984530 116966
13516396 116966
31789678 116966
28827393 116966
28899303 116966
945627 116966
31955558 116966
32003917 116966
32017915 116966
30707675 116966
31965037 116966
102571 116966
31811475 116966
28899320 116966
677474 116966
32034615 116966
28855725 116966
13440176 116966
31790092 116966
28955591 116966
1415615 116966
10489847 116966
96529 116966
13395157 116966
13482450 116966
31778069 116966
28896422 116966
34052066 116966
32066500 116966
31983375 116966
13412567 116966
1719173 116966
31786083 116966
3509285 116966
28947127 116966
32098704 116966
31804848 116966
31818570 116966
28804691 116966
32024340 116966
32101674 116966
28883566 116966
22123062 116966
31803684 116966
31810015 116966
13363351 116966
28882394 116966
28965782 116966
28817891 116966
32019348 116966
32103170 116966
28792604 116966
32172320 116966
28951496 116966
32087595 116966
28890857 116966
28814390 116966
31953362 116966
25402924 116966
28894590 116966
28788341 116966
31782076 116966
28868902 116966
28904434 116966
28945384 116966
12228337 116966
32049513 116966
28850440 116966
1694135 116966
28954887 116966
31781724 116966
28788358 116966
4923769 116966
32101664 116966
28925126 116966
28867912 116966
32608137 116966
31800161 116966
28793367 116966
13484684 116966
28949659 116966
31814841 116966
28970609 116966
32082816 116966
28856589 116966
13446531 116966
28796591 116966
32117592 116966
32597567 116966
32069131 116966
32101515 116966
28942201 116966
22001098 116966
32166295 116966
28871815 116966
4625166 116966
33878118 116966
31965160 116966
13495602 116966
31995872 116966
281530 116966
13485772 116966
53224 116966
12194874 116966
32122258 116966
31799473 116966
31808471 116966
32130295 116966
13506691 116966
28825118 116966
32030592 116966
28845251 116966
30650801 116966
31779843 116966
13493857 116966
28989732 116966
28863944 116966
32568465 116966
28855253 116966
32039937 116966
13446568 116966
32128186 116966
13327332 116966
31797459 116966
28825619 116966
28813732 116966
28859234 116966
28953671 116966
22282549 116966
31803827 116966
28937699 116966
28896287 116966
31954534 116966
13409325 116966
14974031 116966
31780879 116966
28882416 116966
32141518 116966
28785898 116966
28933520 116966
13489428 116966
31779892 116966
28906276 116966
31817892 116966
28889662 116966
32144538 116966
28897342 116966
22195116 116966
31811853 116966
13495983 116966
28872885 116966
22138865 116966
22143180 116966
28926645 116966
31951858 116966
13507332 116966
28850497 116966
32139096 116966
15539870 116966
28988634 116966
10452276 116966
13444478 116966
28825877 116966
32149353 116966
13482486 116966
32150494 116966
13507637 116966
28873532 116966
31948782 116966
13438185 116966
30708149 116966
31800637 116966
28831080 116966
28837995 116966
28906430 116966
1720589 116966
22185895 116966
31780424 116966
4947012 116966
32154311 116966
28853277 116966
28872906 116966
28987332 116966
32571805 116966
28912804 116966
22238380 116966
28855569 116966
13394706 116966
32208165 116966
31974245 116966
28909266 116966
32157153 116966
28781592 116966
31810650 116966
9820005 116966
28832110 116966
28853295 116966
13491544 116966
4728172 116966
32006211 116966
28940364 116966
30613571 116966
28961663 116966
13505944 116966
28827007 116966
28838014 116966
28859943 116966
31952161 116966
30353346 116966
32166058 116966
2076189 116966
31953848 116966
31950612 116966
13435876 116966
28917783 116966
28896940 116966
28824358 116966
28926236 116966
32147659 116966
28896318 116966
28875179 116966
28929495 116966
28822437 116966
3184613 116966
31798295 116966
31818339 116966
31795856 116966
28906296 116966
14695671 116966
32171449 116966
22221358 116966
3533933 116966
33863082 116966
32058293 116966
32059868 116966
32176207 116966
32176469 116966
31815424 116966
31995165 116966
28835805 116966
31948324 116966
28853353 116966
32026421 116966
31946884 116966
32139606 116966
31950300 116966
31954323 116966
33869860 116966
32560964 116966
30632302 116966
32190001 116966
32153176 116966
325726 116966
28852099 116966
28907528 116966
28844316 116966
32194686 116966
4930481 116966
31779915 116966
32567668 116966
13785284 116966
31943773 116966
13396105 116966
28823538 116966
28788520 116966
28838044 116966
11934265 116966
31815903 116966
96554 116966
1420599 116966
31952020 116966
32198425 116966
28945466 116966
28789737 116966
28911342 116966
28892874 116966
28872690 116966
32202543 116966
32202833 116966
31780170 116966
32184124 116966
31952311 116966
28974364 116966
31780244 116966
28903547 116966
31780320 116966
28988277 116966
31780382 116966
31780480 116966
15208148 116966
32010564 116966
14517015 116966
22198669 116966
13521717 116966
31994714 116966
28828479 116966
31807421 116966
12091860 116966
31781039 116966
28816495 116966
11713798 116966
2993305 116966
15220902 116966
32157568 116966
28900529 116966
13365138 116966
31788520 116966
28926347 116966
13493188 116966
4762909 116966
28957521 116966
28943028 116966
28784044 116966
13369053 116966
13501377 116966
31808350 116966
28818810 116966
28827863 116966
32082468 116966
104454 116966
28802040 116966
1694136 116966
31808913 116966
28872721 116966
28791521 116966
32046591 116966
14579576 116966
28866520 116966
28883292 116966
28968017 116966
4733346 116966
28962076 116966
13491465 116966
28799185 116966
28870413 116966
13514365 116966
31796047 116966
32111128 116966
4927714 116966
31778067 116966
2291673 116966
28852963 116966
13509365 116966
28816515 116966
31788307 116966
32041553 116966
28907016 116966
28848244 116966
28968739 116966
28807602 116966
28943147 116966
22278119 116966
13399505 116966
31965075 116966
31945776 116966
4944671 116966
22173565 116966
28933557 116966
28803966 116966
32014417 116966
32047061 116966
13499836 116966
31979221 116966
22230706 116966
13515001 116966
31790286 116966
28810308 116966
28785914 116966
28828500 116966
32168718 116966
28785514 116966
31953604 116966
28990395 116966
13408962 116966
28906318 116966
28966201 116966
32016357 116966
15154425 116966
15117133 116966
31805670 116966
31782204 116966
32019156 116966
825990 116966
28826368 116966
31804933 116966
32160008 116966
31787924 116966
31944118 116966
28821445 116966
2270921 116966
31943893 116966
31783006 116966
5695894 116966
28787417 116966
41479717 116966
32044298 116966
28845582 116966
28974030 116966
1609087 116966
32195196 116966
31807267 116966
3053321 116966
3525947 116966
13420011 116966
28854707 116966
13492883 116966
96584 116966
13522671 116966
28899725 116966
32024382 116966
22134940 116966
28803293 116966
3842259 116966
28888798 116966
32123034 116966
28942362 116966
28814312 116966
15537278 116966
32057867 116966
31782988 116966
31801135 116966
15369830 116966
28987370 116966
28867941 116966
32147874 116966
28931161 116966
22266707 116966
31808265 116966
28800872 116966
31815454 116966
31942121 116966
28786781 116966
28849854 116966
32051184 116966
28939924 116966
31801212 116966
31783706 116966
28864548 116966
31984852 116966
31791655 116966
32020188 116966
4717635 116966
28906473 116966
28959419 116966
31789974 116966
32104527 116966
9819817 116966
32128215 116966
28954673 116966
28826385 116966
28848268 116966
28891150 116966
28846603 116966
31777926 116966
28817184 116966
32053960 116966
28931237 116966
28899149 116966
28844953 116966
22209098 116966
31818383 116966
32013946 116966
28847855 116966
11875871 116966
31785930 116966
31948462 116966
31809517 116966
28823445 116966
28953580 116966
28862808 116966
28819245 116966
32154408 116966
28845301 116966
15434665 116966
28944097 116966
31994241 116966
28931178 116966
32035157 116966
30642774 116966
4927055 116966
32042278 116966
31963341 116966
32584042 116966
14695622 116966
28969263 116966
36078515 116966
28800870 220103
32000931 220103
28878543 220103
28809407 220103
32204067 220103
2309154 220103
28973223 220103
370723 220103
28800476 220103
3019538 220103
28881844 220103
28828522 220103
28790839 220103
31955107 220103
3197025 220103
13511022 220103
28834901 220103
32197897 220103
32007102 220103
3019591 220103
9692335 220103
28819369 220103
28819373 220103
32197899 220103
8132692 220103
32030042 220103
31784927 220103
32038695 220103
28966244 220103
22106987 220103
31792647 220103
22241114 220103
31802671 220103
28859246 220103
13510993 220103
31785463 220103
31815249 220103
28837737 220103
31793932 220103
31944919 220103
28873386 220103
3507958 220103
28912854 220103
32187112 220103
32078395 220103
32201250 220103
2332347 220103
31789710 220103
31783763 220103
22213660 220103
28845463 220103
31942176 220103
15536730 220103
31804734 220103
28800087 220103
28927131 220103
11885909 220103
28974115 220103
31804970 220103
28844097 220103
31805500 220103
31813331 220103
28809529 220103
31953524 220103
28957079 220103
28954445 220103
32122647 220103
31795883 220103
895697 220103
15557986 220103
31797053 220103
28986286 220103
15208150 220103
28832317 220103
32036923 220103
3230973 220103
31788145 220103
32040342 220103
31945514 220103
31790998 220103
2552742 220103
31800269 220103
28963552 220103
28833347 220103
28833347 220103
36097402 220103
31794625 220103
28794805 220103
1199998 220103
31801745 220103
31778246 220103
28911377 220103
13400398 220103
3525944 220103
32050868 220103
28885724 220103
28972150 220103
32151311 220103
31793934 220103
4092904 220103
11932049 220103
31965439 220103
31789238 220103
28940389 220103
32166998 220103
28818997 220103
10599708 220103
4241199 220103
28894409 220103
28834430 220103
28900201 220103
22192928 220103
32140043 220103
32565446 220103
31816052 220103
9449699 220103
28982236 220103
28870462 220103
32061081 220103
13513113 220103
15597935 220103
28830198 220103
22218311 220103
28916034 220103
31811141 220103
28940404 220103
31943396 220103
3206051 220103
31807691 220103
28836331 220103
31942638 220103
32120733 220103
32028396 220103
28814347 220103
32090733 220103
28800213 220103
31843288 220103
13502656 220103
28844199 220103
28883718 220103
3125197 220103
32081376 220103
31794303 220103
28832599 220103
28786078 220103
31813024 220103
3644589 220103
31793578 220103
32072364 220103
32072388 220103
32074393 220103
15228990 220103
32189523 220103
28970668 220103
32075403 220103
28963589 220103
15597991 220103
32185830 220103
31803516 220103
31946032 220103
28953715 220103
32078052 220103
32076461 220103
31997366 220103
31795703 220103
32194622 220103
28909728 220103
32087212 220103
31796990 220103
32089972 220103
31818463 220103
31816599 220103
11030004 220103
28974323 220103
22102634 220103
28943663 220103
32155083 220103
32200525 220103
13502336 220103
32118380 220103
32158553 220103
11932051 220103
28930675 220103
32102478 220103
13483894 220103
28820763 220103
38631782 220103
341719 220103
32204262 220103
3034314 220103
31806479 220103
28888743 220103
790862 220103
13390235 220103
32572082 220103
32119935 220103
28939834 220103
31952794 220103
30653407 220103
33861353 220103
28870611 220103
31943534 220103
13521265 220103
31801626 220103
28951925 220103
31942975 220103
31951629 220103
13502251 220103
2369270 220103
28794854 220103
28794854 220103
31808851 220103
28787002 220103
32565847 220103
32575535 220103
32091913 220103
828905 220103
32566586 220103
31810641 220103
31955873 220103
3693900 220103
13404049 220103
32211779 220103
32570720 220103
31961219 220103
13498525 220103
28819095 220103
13502219 220103
28760871 220103
31954767 220103
1417708 220103
4752645 220103
28942875 220103
28833351 220103
28961465 220103
32130280 220103
32147403 220103
28845327 220103
33861460 220103
32039280 220103
4717279 220103
28951302 220103
1428536 220103
31804664 220103
32164881 220103
28950249 220103
14947949 220103
281647 220103
32210342 220103
28760874 220103
28959899 220103
32068660 220103
31953203 220103
4749096 220103
31807956 220103
31956274 220103
28805297 220103
31949317 220103
28961473 220103
31778515 220103
30646294 220103
30636553 220103
31966740 220103
28953929 220103
31963776 220103
15089473 220103
32563974 220103
31795568 220103
31789707 220103
31791763 220103
4991930 220103
31801747 220103
31779402 220103
32565125 220103
31992524 220103
13513778 220103
28832079 220103
3482116 220103
28834485 220103
28959547 220103
13513810 220103
32609272 220103
28966593 220103
32017867 220103
28937635 220103
31951402 220103
31956543 220103
13498020 220103
4496743 220103
14955007 220103
14943632 220103
31960574 220103
14955094 220103
3966026 220103
32591766 220103
31954004 220103
32055464 220103
28788111 220103
3525946 220103
32083379 220103
32156569 220103
28988206 220103
31997899 220103
32026819 220103
32596893 220103
32027581 220103
32030155 220103
31809088 220103
13513858 220103
34047148 220103
2992998 220103
32119396 220103
8132694 220103
13513190 220103
13420997 220103
32126316 220103
32041822 220103
3842579 220103
4908788 220103
14907074 220103
34047156 220103
32130955 220103
32072435 220103
32041866 220103
34047158 220103
13484008 220103
14906947 220103
14906828 220103
14906611 220103
38040656 220103
38040657 220103
38040658 220103
38040659 220103
38040661 220103
30634397 220103
30629428 220103
30621456 220103
30611776 220103
3863017 220103
28838360 220103
28832637 220103
28934059 220103
32066252 220103
32009364 220103
34047160 220103
34047163 220103
32566882 220103
33707541 220103
31804678 220103
31995982 220103
28978704 220103
31953698 220103
31955171 220103
32010103 220103
32179036 220103
28821346 220103
31785481 220103
31809855 220103
32090186 220103
31806804 220103
31806788 220103
28986936 220103
28809285 220103
3019590 220103
28948167 220103
32018495 220103
28781576 220103
28848609 220103
895679 220103
22272644 220103
2655748 220103
32047395 220103
28953831 220103
28970284 220103
28883798 220103
28794011 220103
28861247 220103
831938 220103
31993456 220103
32017385 220103
28861335 220103
32029651 220103
28914055 220103
28820785 220103
32025954 220103
32012451 220103
2332345 220103
31800730 220103
31793368 220103
32036693 220103
32037830 220103
32039328 220103
28812809 220103
13398155 220103
31786540 220103
32001523 220103
32055658 220103
33862502 220103
2127732 220103
28809501 220103
32060701 220103
13382290 220103
32207994 220103
13500019 220103
32159926 220103
33862603 220103
28817127 220103
28984495 220103
13522991 220103
28833572 220103
32149825 220103
31952818 220103
15598091 220103
28852887 220103
31781705 220103
28834518 220103
31801052 220103
28899664 220103
28793104 220103
31795825 220103
28976079 220103
25402968 220103
31808537 220103
31801527 220103
28891646 220103
28881908 220103
4412843 220103
31810172 220103
14959033 220103
28900258 220103
28930295 220103
32092652 220103
31778206 220103
9819898 220103
32012223 220103
28939999 220103
31789661 220103
31811276 220103
28946941 220103
13407725 220103
22218333 220103
28809408 220103
22151927 220103
31803590 220103
30650699 220103
4291128 220103
31942858 220103
96585 220103
10451194 220103
28934089 220103
32119946 220103
31789377 220103
32052092 220103
31779019 220103
32188516 220103
31794579 220103
32131001 220103
28794033 220103
53223 220103
3525942 220103
30640857 220103
32087057 220103
30637183 220103
30654688 220103
28970651 220103
31955347 220103
32573451 220103
22031360 220103
31807872 220103
31805775 220103
22138865 220103
28868208 220103
28859913 220103
31806785 220103
28865364 220103
28865931 220103
4345274 220103
28809499 220103
28399443 220103
4787853 220103
28828524 220103
31787781 220103
28900499 220103
28970260 220103
28819909 220103
28845565 220103
32175591 220103
31794049 220103
4914350 220103
31797802 220103
32139591 220103
31950901 220103
22144504 220103
32140125 220103
31955133 220103
22233276 220103
31956220 220103
2332344 220103
13390265 220103
32010598 220103
28796605 220103
22218355 220103
31790005 220103
4649222 220103
895688 220103
4159847 220103
13484013 220103
2332346 220103
28799222 220103
13484050 220103
31793132 220103
790864 220103
99231 220103
28979462 220103
28970665 220103
31811706 220103
31795264 220103
31787901 220103
31789045 220103
28954056 220103
32013498 220103
28834555 220103
31956218 220103
31809547 220103
28931932 220103
31959993 220103
32583088 220103
28839249 220103
13420971 220103
22263411 220103
31943409 220103
13502401 220103
13502371 220103
30706287 220103
3693905 220103
28974062 220103
32067844 220103
3533859 220103
33718678 220103
4757065 220103
28814628 220103
31783119 220103
22186920 220103
31956018 220103
28863568 220103
28863452 220103
32140136 220103
28939835 220103
28805386 220103
30635001 220103
28859293 220103
31792683 220103
13415336 220103
4460751 220103
32157990 220103
28938277 220103
22277363 220103
1579703 2438559
2438553 2438559
31805353 2438559
32053976 2438559
13513836 2438559
13513836 2438559
13513836 2438559
32562348 2438559
32053995 2438559
32053974 2438559
32053985 2438559
32111461 2438559
13513903 2438559
8132860 2438559
13513884 2438559
