9425876 9425901
802391 1594529
32851075 32851079
10293956 10293960
9469616 9469631
21849912 21849918
21642139 21642143
113507 370430
32778555 32778560
30326861 30326868
14363420 14363425
39526978 39526980
21916259 21916263
25418390 25418395
10847850 10847868
3909659 4122995
28564163 28564172
34005637 34005641
1788826 2604927
39461255 39461258
9904865 9904882
15601530 15601536
10869319 10869334
266549 766291
39539381 39539384
21735073 21735077
21874412 21874420
11268347 11268359
12154428 12154446
15214497 15214507
34042392 34042398
33726858 33726860
11122123 11122135
39531362 39531364
13473218 13473227
21858556 21858559
15887886 15887890
14539543 14539556
11966263 11966272
36115508 36115512
34947259 34947263
702575 1460384
39507532 39507535
13827364 13827368
21722707 21722724
36115910 36115914
28532265 28532275
1327185 2199044
32960440 32960445
32777772 32777774
12175912 12175927
21776450 21776458
34004037 34004041
14254342 14254346
21271 118704
30235300 30235304
11866447 11866462
15086974 15086983
21854057 21854063
4597414 4608281
28533700 28533708
136619 427079
14962126 14962143
15100922 15100932
34856547 34856553
39462849 39462852
252037 744577
41177797 41177799
11527074 11527083
28532516 28532525
21957827 21957831
9910764 9910774
15408711 15408718
39475911 39475914
14986590 14986597
33674497 33674503
14497584 14497591
15498168 15498183
15682124 15682129
39475287 39475292
28730692 28730698
22787662 22787668
9795184 9795197
10917541 10917554
15197509 15197522
39584976 39584979
7242458 7242479
21642045 21642051
11685682 11685689
30608709 30608715
2333648 3035283
29043633 29043642
2291602 3010594
11984176 11984186
118111 378842
14191606 14191623
11506398 11506411
33945051 33945056
32777203 32777208
29044002 29044014
90532 308109
15193605 15193615
14709078 14709088
15151196 15151202
32739033 32739036
1246609 2125793
1584164 2442520
14715358 14715376
1833196 2639417
21904516 21904522
28532643 28532656
14221980 14221994
28776355 28776357
28774013 28774141
33679516 33679522
21689725 21689727
28528793 28528803
30714217 30714224
30341301 30341309
32776713 32776718
28388167 28388181
28776654 28776659
21725161 21725167
39494723 39494729
36115695 36115699
4042210 4207231
28771111 28771115
39529224 39529229
15067519 15067535
12293408 12293413
15219582 15219591
1075154 1937260
35474564 35474567
137021 428678
11606615 11606623
9839609 9839615
182352 558061
8032558 8032579
21770029 21770034
21625575 21625580
21942424 21942429
2396983 3088666
4434633 4477815
15228039 15228045
29027642 29027647
39511162 39511168
14429000 14429012
9650932 9650940
9429428 9429437
41178176 41178178
2459917 3139134
33061618 33061623
15757428 15757439
21933689 21933698
32799296 32799299
33678038 33678041
39504663 39504668
12856611 12856621
15821077 15821083
28745165 28745169
21840548 21840551
808108 1610282
11776053 11776064
21786035 21786040
15219694 15219705
13093882 13093893
29041684 29041687
15580308 15580317
15190649 15190656
36116005 36116008
1652459 2495068
182921 562191
1593062 2450511
30363078 30363083
33575170 33575178
182715 560417
15221628 15221641
12291930 12291937
35443992 35443994
286803 799657
32972628 32972633
30339796 30339800
281415 789843
35816217 35816221
3169468 3635922
30778789 30778802
21908912 21908919
28532786 28532796
33945074 33945079
30744668 30744675
15022759 15022767
21657308 21657318
266528 766141
461630 1125622
21866149 21866153
32776924 32776927
33284070 33284075
38023550 38023554
12905899 12905910
15260147 15260155
182453 558673
39465361 39465365
21908372 21908376
42501727 42501728
14909805 14909813
9664107 9664151
2160308 2901290
21885206 21885209
81245 282452
592474 1326954
21928008 21928011
21847195 21847199
7573122 7573135
21650501 21650505
11877001 11877009
5011577 5011615
30758619 30758627
41178405 41178407
1722466 2558819
15197017 15197024
21884334 21884341
21735776 21735784
21720637 21720643
378796 984102
33726786 33726789
35441396 35441398
4276266 4366474
12894972 12894987
21759995 21760001
21708118 21708124
29053069 29053073
10296055 10296073
21725309 21725314
8297285 8297385
11157690 11157705
15500854 15500860
7478941 7478967
39471506 39471511
35474345 35474347
15224114 15224123
14749811 14749820
28534607 28534616
5422 47726
21789276 21789281
21889428 21889434
10971749 10971757
14604770 14604775
21702296 21702302
1326874 2198677
2692039 3291388
42501729 42501730
30604057 30604062
6870987 6871043
30352609 30352614
15409433 15409453
32777247 32777250
39486489 39486493
21639412 21639420
39471045 39471047
14932828 14932837
15221626 15221635
13110904 13110922
13820843 13820850
33658632 33658637
12765247 12765259
3185347 3646147
28562886 28562894
9445964 9446005
15242869 15242876
36249862 36249867
13553415 13553422
34491214 34491217
3879470 4105072
21867232 21867240
14624308 14624321
1674954 2512773
36434748 36434753
15219967 15219981
33058538 33058544
39469276 39469281
3701237 3990804
39531462 39531466
30768784 30768790
36358205 36358208
33045822 33045835
7040403 7040416
290450 808655
21962401 21962405
21772633 21772642
2394346 3087113
9577773 9577783
28596257 28596261
28488411 28488415
10944214 10944232
12154115 12154123
1525704 2384023
14691353 14691359
21839684 21839688
58356 238212
36116479 36116484
1280155 2156922
28768418 28768422
9164898 9164903
28304026 28304031
4367303 4429143
39500908 39500912
183277 563882
33804053 33804056
12405078 12405083
28559237 28559247
15238536 15238545
13575502 13575509
35798733 35798737
29336819 29336825
8656508 8656584
21883713 21883716
21936406 21936410
183264 563810
21779138 21779145
21785639 21785645
4627481 4636223
30774984 30774996
30778896 30778902
12079442 12079448
182190 555989
32777663 32777665
8085178 8085183
2500789 3169700
21749935 21749939
10316711 10316726
21760486 21760490
11669584 11669593
21852187 21852195
182239 556845
11803156 11803206
795069 1584805
826831 1638762
32556529 32556537
15644628 15644632
3938897 4143386
8389249 8389293
21726590 21726594
180 1268
15529881 15529889
21636573 21636576
14652856 14652864
15217257 15217265
21629284 21629289
39227521 39227523
30747662 30747666
21909864 21909869
21817073 21817077
87086 296825
39471057 39471060
11571062 11571076
1434623 2304877
4846123 4846158
39515178 39515181
287627 801862
14957463 14957472
31090628 31090632
7231430 7231472
12254312 12254323
15157530 15157564
39534250 39534254
10924645 10924680
182187 555951
31434 132735
28531997 28532007
14909778 14909786
174819 538932
30781452 30781458
21862892 21862896
15239910 15239921
14590854 14590900
38869 158755
182459 558721
34745041 34745042
14528945 14528957
39586732 39586734
32776950 32776953
33679820 33679824
32776814 32776817
33674513 33674517
32639811 32639815
2775 35433
9581564 9581580
3099031 3583554
73098 265621
7089313 7089311
7089303 7089311
21737099 21737104
15195198 15195215
11000724 11000742
9460608 9460630
14267121 14267128
15602071 15602078
32962723 32962727
21672188 21672195
21677846 21677851
87750 298969
28534608 28534628
15125489 15125497
39458191 39458196
11130133 11130149
36411257 36411260
14437800 14437811
21807525 21807530
21684355 21684359
9505003 9505024
15262691 15262708
33058190 33058197
33948479 33948482
3066417 3559568
9075911 9075942
39351605 39351609
33697567 33697572
13698222 13698232
23015963 23015997
967664 1806889
16955 87485
39528947 39528952
30242291 30242298
34971759 34971761
1593069 2450655
15243342 15243356
15217955 15217963
14633345 14633360
8648427 8648438
39483386 39483390
332502 906529
4266187 4358253
3602446 3927699
4279100 4368772
25440826 25440830
21722095 21722104
11686162 11686172
21878547 21878551
9339865 9339874
21931471 21931479
21880046 21880051
21710224 21710232
33099303 33099308
21649258 21649264
15665925 15665930
36115715 36115720
21850489 21850498
3351594 3763671
2055628 2815287
36426731 36426735
21784001 21784005
12127 74374
29046068 29046081
21808493 21808500
9659784 9659829
39459897 39459899
182270 557360
30344829 30344832
15111511 15111521
39525523 39525528
1854648 2655733
14414262 14414274
11836045 11836052
12747681 12747696
39517995 39518000
12072953 12072962
11766332 11766343
21794743 21794747
5683030 5683060
29338547 29338553
39463535 39463539
33679263 33679267
15805885 15805894
33090561 33090565
33545398 33545402
14629892 14629904
21798030 21798040
4475553 4509017
28529531 28529542
30232311 30232315
28562976 28562984
39462862 39462864
21927961 21927968
31184964 31184970
14639841 14639855
10324109 10324113
4512653 4538425
35444746 35444750
997183 1846480
28599645 28599650
13353417 13353437
41178171 41178174
331475 902875
9906085 9906097
32794948 32794951
30757401 30757407
2423292 3108849
9460157 9460188
28194783 28194787
21857658 21857663
28304858 28304864
773149 1557005
13120955 13120961
39529627 39529629
14966271 14966281
13877113 13877122
21938933 21938938
14446476 14446497
125642 409728
28573966 28573975
21643298 21643302
39588869 39588872
35017808 35017812
21864643 21864652
9485221 9485226
15201556 15201563
7864099 7864123
21799785 21799789
28383248 28383253
182559 559361
15223375 15223393
14617160 14617171
1454447 2324125
807461 1608611
182512 559069
5607325 5607351
30235666 30235671
39515343 39515346
21923495 21923499
21712080 21712085
5090482 5090512
501149 1189807
34277275 34277281
28534342 28534351
13221588 13221595
15242002 15242009
28576403 28576410
14662299 14662307
12164799 12164803
28316572 28316576
32857993 32857999
32810883 32810886
4984044 4984116
32776988 32776992
21845058 21845065
12265225 12265234
15214778 15214788
28534017 28534029
15725683 15725690
28537412 28537421
30974609 30974615
15243543 15243549
34513 136599
32786929 32786932
39531862 39531864
15230144 15230151
3575967 3910909
31773078 31773087
39514179 39514183
28521920 28521930
30768073 30768075
21829789 21829792
2218556 2951276
2309997 3020570
33058473 33058479
21797462 21797473
28534532 28534541
21692333 21692339
8165549 8165576
3137260 3612215
15237897 15237904
15407991 15408000
32972806 32972808
1537632 2396453
15485731 15485738
1092366 1957025
14222069 14222082
9503261 9503281
30772018 30772026
12607569 12607578
696616 1451811
39496390 39496394
41177648 41177650
329866 897295
33658825 33658829
33675157 33675160
15210931 15210939
826244 1636877
21638753 21638759
28534466 28534474
28280087 28280096
15730627 15730634
15772403 15772408
21744567 21744571
9661831 9661850
21672828 21672831
337389 925638
10294364 10294381
36461744 36461748
14292688 14292694
34991214 34991217
33673277 33673282
755538 1537540
12878130 12878140
30867048 30867055
21615975 21615983
35824792 35824797
28522012 28522021
32971998 32972003
15722367 15722376
21844945 21844961
15133057 15133066
170619 526614
21773018 21773021
28761264 28761269
30812301 30812305
35832236 35832240
3220712 3672889
41177870 41177872
11851734 11851747
34391891 34391897
15245829 15245837
21905632 21905638
31871676 31871686
8393115 8393139
14699698 14699702
21857996 21858003
13471267 13471279
12185789 12185799
32629206 32629209
1668 20075
12251932 12251939
28761158 28761163
35424422 35424426
33321046 33321052
15246682 15246690
30768886 30768892
32776936 32776937
9318353 9318367
30780163 30780169
14605590 14605595
771543 1554226
79033 277451
7312732 7312741
15191692 15191713
9223207 9223247
15697277 15697283
9996146 9996168
21640579 21640587
161892 510768
183282 563915
16751 86444
11967910 11967917
28578253 28578261
902912 1712385
28578071 28578082
900873 1711121
12192131 12192139
9613828 9613840
14460905 14460912
35441501 35441506
326156 883221
120540 394085
2709578 3304313
21723277 21723281
30647577 30647584
13068989 13069008
5020000 5020006
21810653 21810657
21910318 21910323
826210 1636053
14619914 14619926
33239031 33239033
21843326 21843330
14247224 14247231
21759549 21759556
39591910 39591912
14272187 14272203
36350214 36350218
21921715 21921722
14280932 14280948
15763200 15763216
29049379 29049385
4614347 4624003
15733139 15733145
21922007 21922017
28556954 28556966
4278925 4368608
9658118 9658136
28867646 28867655
21613911 21613915
21668520 21668596
30713780 30713788
33950147 33950151
46105 198323
15237084 15237091
10328673 10328697
182519 559127
28558023 28558035
33866706 33866713
31870517 31870526
3630010 3948492
3104854 3587850
21756448 21756454
21757183 21757188
8609490 8609539
39495417 39495420
9247127 9247131
13082344 13082359
21871302 21871307
2930131 3465536
21748911 21748918
14222122 14222132
21728956 21728961
21617614 21617620
10982896 10982936
13161207 13161216
21788265 21788269
21708670 21708678
21961391 21961397
28520880 28520886
2033549 2796337
1536676 2395279
139032 433327
30754670 30754676
2482641 3157175
34034323 34034329
30347746 30347756
1638161 2482175
29039510 29039516
79042 277530
21621522 21621529
3743895 4015907
10982325 10982348
14650962 14650975
2321632 3026092
39518753 39518757
2495557 3166715
21925542 21925546
34922043 34922045
21761800 21761805
2058651 2817909
4988479 4988498
31886545 31886548
183061 563097
35537458 35537462
39488236 39488245
378803 984173
182629 559787
13545457 13545461
4175527 4302132
3137787 3612999
28764117 28764121
15245169 15245185
6655 58723
1089126 1953362
8843727 8843745
21803846 21803849
21850085 21850088
21843733 21843739
21826200 21826206
21673445 21673452
30299543 30299548
165729 519423
21720123 21720132
28303614 28303621
36421801 36421804
39586167 39586169
30743517 30743522
30753601 30753607
11439717 11439729
4088067 4238916
4337310 4407545
15409191 15409199
21685096 21685101
32777609 32777613
458090 1119803
14240745 14240757
9797489 9797501
14966453 14966464
39586629 39586632
21723878 21723886
30298950 30298959
112937 282697
81395 282697
4751673 4752671
33678998 33679001
14526747 14526757
35445731 35445737
21623047 21623053
30239574 30239582
15675720 15675728
21840685 21840690
30764651 30764657
42501733 42501734
39483 162118
28508581 28508584
11867753 11867763
6395941 6395981
1773129 2588336
9223081 9223135
11522184 11522199
28526924 28526930
32781089 32781092
15225722 15225735
21832482 21832487
39462132 39462138
11446887 11446902
14496171 14496177
21696007 21696013
21664301 21664318
32101596 32101606
28578431 28578442
39517158 39517162
10299821 10299829
3243461 3689716
29042722 29042727
182804 561135
39505895 39505899
32857929 32857934
39587684 39587686
136609 426917
534761 1250586
183240 563708
14637691 14637702
34983762 34983765
3458839 3833237
15467499 15467508
30751904 30751908
36311129 36311131
34003007 34003010
402398 1016470
182554 559318
35829958 35829964
801765 1593635
14483666 14483676
851721 1666633
825845 1634489
39539436 39539439
14310928 14310942
15264219 15264226
21921715 21921723
36115737 36115743
183218 563655
9759010 9759044
444332 1094360
978340 1821927
10338511 10338522
34438154 34438159
21800846 21800850
32796439 32796448
39460564 39460567
28360505 28360510
3086294 3573959
182644 559911
15244893 15244902
21864451 21864457
15559053 15559060
21814236 21814243
28878582 28878596
9459437 9459444
10722679 10722689
784853 1571152
21936955 21936963
21758655 21758660
15242462 15242478
236537 721321
30779532 30779538
28359530 28359536
21643934 21643941
3607007 3931058
918540 1725750
11799997 11800009
665431 1407401
12168251 12168263
1536960 2395874
21835018 21835023
3710456 3997546
10924635 10924654
36346241 36346245
182902 562017
30849525 30849529
21831451 21831454
39539108 39539111
14655413 14655423
38023247 38023257
15220509 15220519
2500285 3169482
28317552 28317555
734030 1505444
39588311 39588313
12069421 12069430
30231508 30231513
3615321 3938635
939730 1770981
30501670 30501672
21693397 21693400
3219680 3672526
30227551 30227559
379982 986344
21941292 21941299
39502652 39502656
30294121 30294128
14654487 14654498
39514468 39514475
34001084 34001087
21648873 21648880
33098830 33098833
21709376 21709381
3311664 3734796
30655143 30655147
39462962 39462965
182383 558265
15219289 15219302
21886359 21886363
1535752 2393970
30753765 30753776
30242516 30242523
1815 20753
3615804 3939282
32776860 32776863
42501736 42501737
39486534 39486539
34965500 34965505
182789 561006
33021894 33021901
3920531 4130161
39495100 39495103
285558 796960
2394995 3087650
1280846 2157703
30380852 30380869
11885535 11885541
9268206 9268212
30774901 30774903
21856901 21856907
182734 560561
21957993 21957998
28511077 28511083
28553862 28553871
826353 1637758
31841464 31841469
21701998 21702002
2397353 3088900
15446816 15446826
28362563 28362585
136893 428068
1707379 2537841
39503889 39503891
28215942 28215951
96106 323350
1003348 1854101
14947910 14947918
21831129 21831133
32986977 32986982
30242260 30242266
21817103 21817108
4108922 4257076
28563448 28563455
39117809 39117814
15819657 15819672
34741550 34741554
10337866 10337878
10339690 10339710
21617994 21618000
14948593 14948600
1497442 2362145
30348586 30348595
21630787 21630794
34983140 34983144
28771469 28771472
34713276 34713281
39497154 39497159
3684998 3980714
1536596 2395142
30811029 30811033
30503345 30503348
21815470 21815478
35477403 35477407
30869514 30869518
140707 440994
23087 125390
21750334 21750342
39485967 39485970
15419437 15419442
11597176 11597199
30692889 30692898
21627182 21627190
28532420 28532426
858517 1673598
32858757 32858762
35401219 35401223
10331895 10331935
14962103 14962111
592742 1327396
28740246 28740262
28532376 28532386
29053157 29053161
33061378 33061381
12337746 12337755
34000388 34000391
36295457 36295460
783704 1570168
4617473 4626898
33866573 33866580
841117 1652399
12338961 12338971
30335193 30335196
34862983 34862987
41178366 41178368
30761456 30761460
39496487 39496492
34663 137635
1778303 2594709
13918 77708
32776995 32776998
12331094 12331109
28540184 28540194
21661731 21661736
28533218 28533226
14958125 14958131
203830 611457
34012839 34012843
318615 856976
33098250 33098254
39502197 39502201
1593064 2450564
21721642 21721647
12185594 12185600
21777038 21777044
33058278 33058286
39523264 39523269
23187970 23187975
587992 1319681
28531135 28531142
14752490 14752498
1808177 2619962
15409427 15409440
15124712 15124722
30759628 30759632
21662607 21662611
1440207 2308506
21776843 21776848
30499842 30499849
28541383 28541391
409125 1045826
28526269 28526279
21888255 21888260
35471792 35471797
14274291 14274305
12150918 12150925
14235484 14235497
15363356 15363363
30779659 30779664
14578606 14578616
15118521 15118531
39488236 39488246
21788886 21788897
30766309 30766316
29050528 29050533
28578211 28578221
36116282 36116287
3900521 4116862
15226488 15226520
10657351 10657417
35440419 35440423
15220778 15220783
10634010 10634016
21705042 21705047
28570683 28570685
39510758 39510762
1189597 2064102
15414345 15414358
30772114 30772119
15663312 15663319
21937542 21937547
8943644 8943651
30333706 30333711
8824990 8825005
33089398 33089402
4964909 4964916
28533671 28533679
21748817 21748825
21747581 21747586
11737874 11737880
39461462 39461465
10278784 10278802
819548 1626354
28548871 28548880
12151096 12151104
1001220 1850614
74045 268057
28555956 28556011
28648299 28648305
6795269 6795287
21889591 21889596
9595211 9595221
12168154 12168161
31164743 31164747
12906894 12906905
1857102 2658163
30755395 30755398
2186535 2924085
34423912 34423916
10657355 10657441
14703436 14703443
21871669 21871672
33090392 33090399
128033 414053
12753305 12753314
21912838 21912843
21887297 21887301
3930912 4138063
2621682 3249968
21877030 21877035
30329347 30329355
328264 891404
3229818 3679748
39517640 39517644
9877911 9877928
28527066 28527088
12908041 12908062
14907948 14907972
15720753 15720764
36319097 36319099
15164244 15164251
39480536 39480541
32851051 32851052
36294852 36294853
2459925 3139278
182225 556587
30369036 30369040
11027944 11027955
3304623 3729753
39477428 39477431
80178 279199
1631944 2477896
11542003 11542015
128167 414138
32804757 32804763
15494987 15494993
21934349 21934355
28575838 28575846
1330 16874
36115603 36115609
34992503 34992506
14650710 14650714
1165 15795
3459361 3833474
39505054 39505058
32777320 32777322
35417598 35417600
15241831 15241859
3930437 4137454
33673974 33673978
1712192 2542275
6862120 6862145
28774184 28774188
15761418 15761424
21955361 21955369
536010 1253144
39496215 39496218
28764912 28764917
7412109 7412127
35439707 35439712
182576 559496
3935461 4141829
15263975 15263985
28480810 28480813
9030882 9030904
28745628 28745631
10556833 10556840
24425031 24425037
39117836 39117840
33795345 33795349
39487121 39487125
90689 308617
30446082 30446086
35476079 35476083
28534597 28534605
30780937 30780945
15700402 15700411
199887 599148
11132800 11132834
3935277 4141473
39534062 39534066
1712081 2542054
5651585 5651614
10216127 10216140
39538560 39538562
30599358 30599364
9102294 9102316
15242921 15242932
32976987 32976992
12520410 12520419
3573648 3909365
14285186 14285198
41178045 41178047
39489128 39489130
21779129 21779133
32802335 32802336
30226550 30226555
301902 826712
11818070 11818083
28373199 28373203
33061612 33061616
35827933 35827938
1758904 2579155
12586427 12586433
21763182 21763190
21835049 21835073
21644356 21644360
182297 557749
2934087 3468625
15230470 15230482
21739805 21739811
2905504 3445798
21768679 21768687
11679777 11679789
15219289 15219303
42501738 42501739
30331708 30331710
154571 487931
2742558 3335298
3247603 3692555
23747832 23747840
21893604 21893608
14593952 14593961
21803668 21803675
34894224 34894228
1660 19889
14966469 14966481
30241985 30241991
21816320 21816324
11892140 11892148
35410318 35410324
37684297 37684301
29045404 29045408
999898 1848962
182370 558170
173868 536931
33652586 33652590
4472292 4506190
3836169 4076871
15226860 15226866
21719668 21719672
12909914 12909927
21734888 21734892
15239408 15239420
39490283 39490287
8795468 8795500
2058616 2817874
2329113 3031882
3752188 4021586
28528000 28528009
21635398 21635403
14657776 14657787
13150985 13150998
4573634 4587415
30863221 30863225
39501000 39501004
296931 820514
21935799 21935804
12336200 12336205
11998144 11998152
21952712 21952714
39474549 39474552
10313387 10313404
28775871 28775876
30395930 30395935
28552932 28552939
28388307 28388310
30341537 30341545
28740271 28740282
33317134 33317142
10302442 10302449
39469032 39469034
28551114 28551122
28765404 28765407
30876151 30876155
39482523 39482526
28772231 28772233
34895394 34895396
2437618 3119759
28365735 28365739
28535619 28535628
12908774 12908780
183192 563573
4061451 4218588
15244809 15244818
34036661 34036665
21701332 21701337
28765341 28765347
21706219 21706225
3566764 3904705
30771592 30771598
8123083 8123093
182686 560235
30368755 30368759
39504659 39504662
13157371 13157379
30772890 30772894
4679287 4683766
15083595 15083606
5359770 5359785
12824429 12824442
30396162 30396166
3335231 3752149
11027180 11027197
15220897 15220918
39488236 39488247
30656027 30656037
30643909 30643914
29041107 29041113
33655721 33655726
11031561 11031572
6697807 6697819
15226973 15226981
38137002 38137006
184404 569261
29046068 29046082
39469968 39469971
31766934 31766939
13333085 13333095
14540833 14540841
39481926 39481929
28315489 28315491
526773 1234922
182775 560890
21699883 21699886
12887590 12887607
21839819 21839826
21781055 21781059
9095502 9095522
30662194 30662199
36359800 36359802
21712043 21712048
37710445 37710448
39501185 39501189
29046182 29046189
11965176 11965185
111732 366992
14222008 14222017
1535703 2393861
34965044 34965048
576644 1292708
39539769 39539773
39479225 39479229
13475128 13475133
21805445 21805448
28526344 28526352
33674573 33674578
3469474 3842614
28534725 28534736
30232223 30232227
30556467 30556470
33027062 33027067
28520613 28520624
5025160 5025170
36324783 36324786
30246846 30246852
35864851 35864855
36391280 36391284
14295247 14295254
21634041 21634048
9610375 9610385
826823 1638545
3313774 3736323
39481043 39481046
11882028 11882038
13112886 13112895
21656238 21656241
32817286 32817291
79038 277504
5051746 5051792
34004057 34004062
21649291 21649297
15232811 15232818
35820522 35820526
36347452 36347454
15227483 15227490
21636366 21636374
21927382 21927387
14638543 14638553
14941494 14941504
30370671 30370676
12840340 12840350
21669247 21669255
15241817 15241824
32979069 32979072
39539414 39539417
21899686 21899689
21787534 21787544
30348526 30348532
39465454 39465456
8990731 8990740
39506047 39506051
13873209 13873214
21635578 21635582
35478091 35478094
36485523 36485527
21954235 21954238
12322758 12322775
21675273 13497840
13497829 13497840
28564149 28564159
39532266 39532271
39534417 39534420
21896845 21896852
1327 16831
39501916 39501919
12339039 12339049
2555133 3201695
11332976 11332987
39462662 39462664
1846127 2649880
8538645 8538665
30780872 30780876
497685 1183449
21899514 21899517
35803171 35803176
9509555 9509574
30225823 30225828
29050326 29050330
28419918 28419922
41177652 41177654
39351605 39351610
57832 236685
39521281 39521285
10479788 10479853
21804830 21804839
39532644 39532648
977035 1820229
21695273 21695280
36660341 36660343
30231294 30231298
183101 563276
11889946 11889956
180682 552572
182837 561378
1092305 1956771
21745943 21745949
34705717 34705720
3607005 3931046
34061259 34061262
36293380 36293383
21630294 21630297
28563044 28563053
957748 1790234
30321830 1790234
988257 1790234
32777297 32777299
39504601 39504607
8762658 8762673
39503080 39503084
28314853 28314855
13150945 13150954
769298 1552037
36393994 36393997
33727938 33727942
14237853 14237864
39496038 39496042
3647821 3958720
30223670 30223672
29041666 29041677
21731354 21731360
21735881 21735889
2944275 3476005
32974216 32974220
8534566 8534591
3318586 3740026
21283 118904
28769582 28769585
35830472 35830478
21631782 21631792
34994373 34994379
32780525 32780530
538831 1258879
174817 538894
35805834 35805838
21646276 21646283
15035411 15035426
30781610 30781620
2628135 3254744
30234690 30234695
14715044 14715056
10351351 10351356
13861939 13861947
12962731 12962740
8653809 8653817
3006925 3520767
3202473 3660603
12255682 12255722
21758426 21758435
12871839 12871852
2633076 3257813
15764920 15764931
3615808 3939311
1967685 2736411
15042154 15042185
34707254 34707256
4021538 4196317
30225284 30225291
3628370 3947441
14568661 14568676
15586012 15586024
39585662 39585665
39487410 39487414
34746290 34746294
11603491 11603503
21777681 21777691
1275873 2152727
34938099 34938104
9866965 9866985
8458021 8458077
21616710 21616717
36362071 36362075
14567201 14567214
21953331 21953337
801990 1593994
15243856 15243876
21893976 21893981
39472859 39472864
39422487 39422491
15726693 15726700
21875713 21875717
718559 1477942
38199149 38199151
30698414 30698418
28531807 28531812
21802157 21802163
39585431 39585433
4196328 4313885
4741257 4742436
30603654 30603658
28527390 28527397
21683091 21683097
21901406 21901415
65820 253215
3421011 3805100
14197566 14197584
39525384 39525387
182372 558187
21733709 21733714
28317414 28317419
331521 902946
21845748 21845751
21769499 21769504
28572382 28572389
4290591 4375804
11854914 11854923
30347745 30347751
39507506 39507510
39585168 39585170
9372714 9372725
183083 563167
14451128 14451144
28435379 28435386
1580405 2439201
14486214 14486217
39502159 39502162
8634936 8635010
15258464 15258473
3119874 3598755
21723327 21723332
15039480 15039485
9322171 9322202
10855451 10855467
39459735 39459738
15197273 15197282
2193137 2930441
182872 561718
30653324 30653333
21933779 21933785
11887184 11887199
30975309 30975312
15242225 15242247
21709857 21709864
34491736 34491739
13195019 13195039
1846522 2649993
182888 561875
21801535 21801539
15207264 15207278
35407612 35407618
4542428 4561218
2384713 3076890
21756250 21756254
21744087 21744092
826648 1638126
1570573 2429547
30989 132423
7650502 7650523
39579818 39579820
3931419 4138423
1098479 1965365
21665357 21665361
21822495 21822502
21704343 21704348
30778495 30778498
14563141 14563156
32626467 32626474
33026948 33026952
3245539 3691068
32967083 32967087
36373618 36373622
5023039 5023054
120129 387515
39513117 39513121
21645304 21645308
23753474 23753482
21685533 21685539
21769283 21769287
5900 51869
21788757 21788761
54000 221016
33090019 33090024
21798485 21798490
28736363 28736368
31759237 31759240
39516781 39516784
30719348 30719352
12025209 12025214
28747386 28747389
967279 1806690
3590519 3920969
28568804 28568806
4539305 4558958
21910538 21910542
999845 1848588
13398309 13398321
1617909 2467378
1740485 2570705
10605418 10605438
36330046 36330049
28538705 28538713
28534662 28534673
4297095 4379873
30773347 30773353
33040562 33040567
182779 560924
8102489 8102503
877958 1695223
34003877 34003881
28363283 28363288
28563818 28563827
675760 1417698
30767665 30767672
21742002 21742006
705763 1464411
4278131 4367781
1530241 2388471
182671 560121
32776956 32776961
1482819 2350475
1917715 2694486
11035978 11035992
1538848 2398544
6981672 6981685
14253425 14253432
21779867 21779872
39585294 39585296
14274809 14274816
3612729 3935242
30353142 30353146
3615788 3939180
21648720 21648725
39526951 39526954
15111528 15111535
30232507 30232511
30808649 30808657
15346117 15346122
21745047 21745052
35801103 35801109
30782934 30782939
28533807 28533817
21681466 21681469
21828032 21828043
14277717 14277729
30366749 30366760
34901513 34901516
3130091 3606368
33040199 33040206
238133 724992
33287909 33287914
21679218 21679227
8927633 8927645
28302658 28302663
39490417 39490422
21936902 21936906
9246269 9246293
21945342 21945345
28551742 28551753
472161 1142306
33057886 33057891
32965583 32965587
28551076 28551085
11759992 11760003
23160091 23160095
4472855 4506536
36345970 36345974
39533918 39533921
15221165 15221172
39591063 39591066
29046068 29046083
266532 766197
1506910 2370374
31907915 31907920
4080951 4234510
182365 558122
28546469 28546479
219329 673714
34898964 34898968
28566493 28566501
13209303 13209313
35471743 35471746
30323703 30323708
14284360 14284369
34043601 34043605
9054666 9054702
28315681 28315684
1283304 2160920
14623942 14623954
21645002 21645006
15190989 15191013
32962029 32962033
14229975 14229980
826222 1636328
826839 1638977
32799430 32799432
182233 556747
21960925 21960935
15471274 15471285
12716270 12716276
13452541 13452547
32109106 32109111
21770281 21770285
45144 190885
39519962 39519965
2459922 3139219
33831906 33831910
14509397 14509405
118772 380164
13271638 13271655
28782680 28782723
33471471 33471475
21682712 21682722
12891706 12891720
36419049 36419053
14102911 14102921
10028402 10028425
36359287 36359291
9608169 9608179
39509507 39509511
4987925 4987947
14263856 14263865
21853015 21853019
1970369 2742116
15407484 15407492
33865696 33865701
34480893 34480898
39504844 39504848
8463943 8463957
12825901 12825914
21676697 21676702
21651192 21651195
14517625 14517633
13153980 13153988
21687306 21687310
39473006 39473011
11809687 11809692
2482192 3156857
39488158 39488161
21915778 21915785
30768052 30768057
35439099 35439104
15227553 15227567
39486963 39486966
7773 63096
28303762 28303769
7182690 7182705
2641185 3263860
15196179 15196190
28532361 28532369
15210368 15210381
30768436 30768442
12244762 12244775
28760783 28760786
3243959 3690006
4276348 4366533
21928948 21928955
4168930 4296885
9925780 9925802
11522204 11522220
4588976 4600388
30812442 30812447
21820944 21820948
39592655 39592657
21769129 21769133
28159826 28159832
182755 560716
773845 1558389
34444058 34444060
34010382 34010386
30760214 30760219
1393701 2267233
33343490 33343496
30642443 30642448
11125435 11125457
777151 1562700
10634509 10634654
5310026 5310051
9308456 9308468
6647664 6647721
21775006 21775019
7360660 7360681
7318555 7318580
39529571 39529576
21873739 21873748
15588641 15588650
28460734 28460738
15066135 15066158
30811203 30811210
191001 585281
122602 402202
21904582 21904588
28572979 28572986
10042513 10042526
21911492 21911496
30399101 30399105
28765628 28765630
39482519 39482522
21820986 21820991
585579 1315498
28480751 28480754
28485255 28485259
30700783 30700789
12058495 12058504
39524804 39524808
21676508 21676517
136622 427099
12898785 12898801
182942 562349
3275996 3713157
15246238 15246277
15242763 15242771
21917553 21917557
8706522 8706531
14671411 14671435
15241239 15241247
1525704 2384024
5018975 5018981
35811173 35811177
34764378 34764381
31954658 31954665
12876481 12876490
39457539 39457544
21774689 21774695
39462924 39462928
29609392 29609406
28578383 28578390
15197773 15197781
34830421 34830428
21938094 21938098
21670901 21670906
13103264 13103276
14608208 14608222
11736765 11736772
30781098 30781104
4295034 4378290
42200 173848
28522455 28522463
6294367 6294406
15703777 15703783
21656052 21656057
39533711 39533715
105824 338121
3679113 3976376
12910220 12910234
14275206 14275213
39530292 39530295
14267403 14267416
39523960 39523964
4313888 2494980
1652404 2494980
2459931 2494980
9943582 9943591
36402957 36402960
7444375 7444383
15249216 15249223
1421660 2296929
21877448 21877452
30717035 30717041
15049189 15049217
21750842 21750847
2693751 3292625
21953616 21953623
1052104 1914789
451080 1108605
21915050 21915057
1525704 2384025
2397383 3089050
39534735 39534737
8116709 8116726
10924646 10924687
21896779 21896787
2542090 3195940
14241313 14241319
182954 562456
6612315 6612342
21797804 21797808
7903223 7903230
12900802 12900810
28535269 28535278
39533635 39533638
25408938 25408948
793731 1583592
39508582 39508587
21658541 21658546
8433707 8433730
13156955 13156961
30767825 30767830
33331024 33331030
21818651 21818656
28371725 28371730
14470845 14470854
39509250 39509254
21826120 21826128
21884961 21884970
14155806 14155830
128167 414139
21878990 21878994
266537 766250
21866862 21866870
15241702 15241709
39496693 39496697
35403825 35403834
128570 414715
2771281 3355291
1866431 2665664
3481273 3850067
9145923 9145947
28313252 28313260
28362060 28362067
35822715 35822720
3958704 4155098
77586 274811
36294737 36294739
30655328 30655334
28401292 28401297
12986258 12986271
28545302 28545310
21758945 21758949
39530044 39530047
77703 275013
39518619 39518624
33090918 33090921
3248268 3692861
32981186 32981187
32623891 32623897
39493508 39493511
21659660 21659669
36359200 36359204
36398759 36398764
21787138 21787147
28563853 28563861
28760641 28760644
82213 284480
21823149 21823152
1051838 1914529
21827665 21827673
7199078 7199109
21711305 21711308
39502112 39502117
14500198 14500212
32024 133551
28766699 28766705
9905800 9905818
39502555 39502560
13670557 13670564
36529847 36529850
1402056 2276418
21625690 21625694
34893891 34893896
15246622 15246645
32777034 32777037
28578223 28578233
13215563 13215571
21696999 21697007
21769108 21769118
28538660 28538671
12255774 12255784
21835602 21835606
32814992 32814995
1628601 2475474
15772293 15772300
8110860 8110867
19871 112465
39514241 39514244
20997 117627
22538249 22538255
14612893 14612905
39482760 39482763
33659378 33659383
21891861 21891865
701274 1458971
31898417 31898422
28462179 28462184
28369209 28369215
28572098 28572105
28576310 28576320
2904463 3444976
14938114 14938131
39459771 39459775
28768542 28768546
39468856 39468859
30374381 30374382
21935020 21935028
4930380 4930403
38636038 38636044
28533788 28533799
5764827 5764833
15690933 15690943
15197295 15197301
15189373 15189381
497308 1182212
15774441 15774452
2874182 3423791
39591343 39591345
35431365 35431369
32777266 32777268
14228205 14228215
15543962 15543968
846358 1660595
313120 849423
32804222 32804226
30809021 30809027
50930 215630
14218290 14218310
30745644 30745648
2186622 2924463
752114 1533085
33956611 33956615
9870009 9870026
30382416 30382425
35424461 35424466
182766 560814
11882696 11882710
36373648 36373654
21633211 21633218
33090764 33090769
21892875 21892878
249 1886
11545049 11545053
10892801 10892814
3509149 3863973
1713426 2543388
14916265 14916276
32777108 32777110
32832553 32832556
28162466 28162473
39484699 39484707
39512238 39512242
14632526 14632536
30766616 30766620
29045737 29045741
30661606 30661625
9139999 9140023
30228039 30228046
39485982 39485985
13501384 13501406
14659359 14659370
34707120 34707124
1118608 1990171
39457822 39457825
21762970 21762981
21735977 21735981
21952888 21952891
28688757 28688760
31851607 31851611
13219251 13219258
21918396 21918401
13623999 13624006
12868160 12868167
1588257 2445745
9624929 9624945
15506053 15506060
8507167 8507174
39482134 39482138
12195412 12195418
36115842 36115846
21798506 21798510
1680959 2516236
182366 558134
30647275 30647277
6935 59287
30219816 30219822
32777159 32777163
39587922 39587925
15178874 15178889
293389 812660
182694 560284
39460771 39460776
15100809 15100818
30232525 30232529
21743546 21743552
21781013 21781021
15235856 15235863
15249219 15249227
2397387 3089094
2594892 3230063
36433459 36433465
1557143 2417564
21807213 21807221
21747057 21747062
999883 1848926
264157 762541
39462946 39462949
21849452 21849456
35786925 35786931
21656626 21656634
28520977 28520986
30745304 30745308
35010833 35010838
15248815 15248822
15861826 15861831
15452471 15452481
28599548 28599554
14310556 14310571
4598975 4609762
30238160 30238164
11813790 11813815
2541947 3195787
21796058 21796064
5790275 5790280
586880 1318407
28563632 28563639
79040 277520
32776784 32776787
21694841 21694845
34990143 34990148
30786840 30786843
4506959 4533221
4076952 4231200
3028791 3535234
6570612 6570637
21937783 21937787
30314513 30314538
30222104 30222109
14481116 14481129
3764196 4027996
39585959 39585961
21635077 21635080
14972049 14972064
33062014 33062019
39472267 39472271
35398602 35398607
3323847 3743737
39583971 39583974
30341617 30341626
12213916 12213959
3243959 3690007
182744 560646
2910935 3452346
14257056 14257062
28378381 28378385
14503734 14503741
30809427 30809433
39587442 39587446
4268550 4359817
15262319 15262325
21682666 21682670
14493146 14493159
18684 100649
331473 902797
32854205 32854208
3158382 3629714
11839609 11839621
32641600 32641603
42501744 42501745
39536133 39536137
39496051 39496056
21756632 21756636
21714784 21714786
4533577 4554133
21827469 21827477
33580490 33580495
21916863 21916869
9223785 9223799
36116511 36116516
32788832 32788837
14260578 14260591
4108270 4256674
21686451 21686457
34473692 34473695
12729234 12729240
32814812 32814817
36413156 36413159
130406 416714
28366462 28366466
1250612 2128383
12273151 12273165
8626035 8626051
337694 927138
15221080 15221090
21924858 21924867
28219617 274901
77687 274901
216272 656799
409688 1046352
29046115 29046120
32792750 32792754
30810396 30810402
28551551 28551559
182438 558567
35606508 35606511
182869 561701
37766 153577
28531674 28531684
325439 879345
1816887 2627441
14220269 14220280
34028854 34028858
11880908 11880916
13376492 13376523
33062858 33062864
182368 558152
13869784 13869790
28563138 28563145
4216269 4326611
21707695 21707700
93278 317976
39482794 39482796
38002 155466
33022514 33022519
28490120 28490124
39519915 39519918
2868711 3418806
10605418 10605439
29027642 29027648
39504270 39504274
30874294 30874298
21836883 21836890
182638 559862
21668094 21668099
21679887 21679894
1212512 2088544
21713818 21713822
1592746 2449492
28541315 28541324
12865409 12865417
21889071 21889079
15253135 15253139
15453901 15453908
21737820 21737827
33022587 33022592
15182389 15182393
15773260 15773264
28767056 28767063
28765153 28765158
21681253 21681260
12017432 12017442
12864302 12864313
14923765 14923774
30248675 30248679
8996139 8996159
30770023 30770027
9046408 9046439
34012675 34012677
21817455 21817460
2130279 2877648
14598291 14598303
30247743 30247747
21949467 21949470
717609 1476876
542049 1263553
2814922 3382918
28760427 28760437
1182325 2055243
21948981 21948987
21810987 21810991
21811830 21811834
1640428 2483487
32777704 32777706
21666489 21666493
2054199 2813454
5029313 5029318
12872754 12872763
34537 137350
21655283 21655293
39540107 39540111
35091559 35091565
29336273 29336280
1637573 2481313
15771510 15771515
1704011 2534978
7355238 7355253
15086473 15086482
41177588 41177590
15762870 15762881
15530 80739
14787 79010
34748201 34748203
2635764 3259688
15197157 15197168
39468590 39468595
14711272 14711284
30374114 30374119
21846878 21846882
4434629 4477790
30782412 30782417
33948457 33948463
337690 927080
32634885 32634892
23530422 23530428
28768016 28768021
2412927 3100244
182913 562139
21610091 21610096
97637 327040
29045921 29045935
30373237 30373241
31893640 31893649
15228597 15228602
15182041 15182047
1536480 2394885
4951145 4951188
36115823 4951188
30767687 30767692
36402300 36402303
2894307 3437570
15246316 15246323
34965581 34965586
88015 302209
941409 1772668
10357232 10357236
802279 1594353
30504476 30504482
39524875 39524878
14511607 14511622
33058856 33058861
32828097 32828102
14907892 14907923
4549554 4566918
39483334 39483339
4625605 4634644
14258981 14258989
10297018 10297054
12236307 12236316
11560039 11560053
4914868 4914890
9974322 9974340
30499680 30499681
758523 1541109
33582632 33582640
182538 559204
14412125 14412140
21917564 21917571
39490674 39490678
2050369 2810372
15621548 15621555
588775 1321063
10351753 10351769
32777307 32777309
21368 119324
21643980 21643988
2594597 3229493
14667261 14667268
39509029 39509032
1594205 2451437
32815520 32815523
30598513 30598519
21761674 21761679
320741 867776
37540765 37540767
13151513 13151525
3382936 3780350
182757 560735
77702 275007
5799497 5799520
826215 1636173
34991086 34991088
2192332 2929942
39601 162291
10443526 10443538
1536679 2395290
15580986 15580992
21904794 21904801
28561169 28561176
21694460 21694463
3335268 3752235
28535112 28535121
1478819 2346690
3223952 3674801
65670 253055
21670581 21670585
39473064 39473067
21883072 21883078
21804158 21804165
15247760 15247767
7677768 7677780
1640415 2483314
182373 558194
21949199 21949204
39524317 39524320
4607021 4617164
182663 560053
28776876 28776881
30749415 30749417
32808634 32808645
15031341 15031347
35834475 35834481
21753783 21753785
36116252 36116256
41178054 21665075
21665066 21665075
15566830 15566843
1525704 2384026
15558258 15558266
21640549 21640555
77689 274920
12236555 12236569
29049248 29049252
5026051 5026096
891119 1704438
29715274 29715280
2459266 3138173
42439 174631
4646768 4654081
15132750 15132757
32854450 32854453
87969 300285
1734119 2568285
13652657 13652668
31876613 31876615
21651947 21651953
3130707 3607036
39482604 39482607
470759 1139971
21697436 21697440
21623356 21623362
898146 1709484
11275721 11275734
8440257 8440267
182831 561318
33015671 33015675
39478851 39478854
8808406 8808425
9269616 9269647
21904403 21904407
14576592 14576607
39475142 39475146
34749832 34749836
28446108 28446112
39495678 39495682
32777048 32777050
39507300 39507303
21773034 21773040
15445942 15445956
13199363 13199374
148961 469809
12320932 12320939
1793914 2610288
32977396 32977401
12905456 12905469
21717646 21717650
21921419 21921426
28531739 28531749
1928142 2705294
15241939 15241947
21943191 21943196
9918095 9918118
34940956 34940957
14633159 14633170
32777239 32777244
38072086 38072090
14537953 14537964
28773680 28773685
30242030 30242058
21731009 21731013
14652081 14652093
33688767 33688770
9762414 9762430
28521628 28521637
39457533 39457537
21774318 21774323
21862633 21862638
42501746 42501747
15202748 15202756
9424523 9424550
21669213 21669217
14664196 14664210
12810927 12810940
2296904 3013954
21722327 21722335
21766584 21766588
14624663 14624676
1448278 2317243
21613447 21613462
10272979 10272983
10294812 10294818
39585286 39585290
15220904 15220966
14714220 14714228
33827288 33827292
39476740 39476743
36677860 36677868
34354349 34354356
30241102 30241107
32845686 32845689
33936869 33936872
21895736 21895740
30873038 30873045
29053164 29053171
34707249 34707252
182339 558007
15591759 15591771
30873914 30873917
45244 195863
32776800 32776802
1183827 2056759
39461081 39461085
15244241 15244247
182626 559758
14577742 14577751
35819500 35819506
732315 1503667
28549540 28549549
182199 556169
41177940 41177942
4532739 4553353
287744 802229
21947045 21947051
39467496 39467499
21846214 21846217
34011099 2410808
1550893 2410808
15229807 15229817
21641007 21641014
3864006 4093709
39485998 39486002
79034 277463
9203979 9203998
82123 284082
39471892 39471896
248885 739250
39532826 39532829
28536886 28536894
773024 1556386
14672347 14672354
2169678 2909051
6220752 6220795
28303810 28303828
21884069 21884077
14679517 14679523
30810614 30810618
21780824 21780829
21823587 21823591
535979 1252973
2033508 2795790
21911335 21911341
21786261 21786267
21663436 21663440
32991419 32991423
35829775 35829778
35656 141914
1536659 2395258
3063815 3557967
723694 1485188
1441827 2310009
32777474 32777477
25435753 25435756
34798511 34798514
12304630 12304639
39586681 39586683
34120621 34120628
11774480 11774486
15679868 15679876
4141285 4279113
32795846 32795849
499801 1187464
3534043 3884995
36116544 36116549
39536169 39536174
21900586 21900590
1538000 2397007
966 15239
15196299 15196302
21748566 21748570
1587684 2445044
14307544 14307549
21703169 21703174
2874176 3423686
21776697 21776703
182613 559691
10871736 10871754
25426657 25426661
12925980 12925991
14497791 14497800
3752186 4021582
969130 1808491
21757318 21757322
11984794 11984802
536595 1255301
2443285 3125250
10797891 10797905
21791514 21791518
21849065 21849069
4295154 4378503
39511619 39511624
21951708 21951711
39579227 39579231
22654224 22654232
14633366 14633373
35821631 35821635
7330955 7330992
14964618 14964624
39588424 39588426
12290189 12290212
10555876 10555884
38007472 38007477
8176828 8176845
34888978 34888982
21625250 21625253
14264526 14264533
2930025 3465273
15240161 15240168
39464665 39464668
41178345 41178347
36394184 36394188
7750358 7750378
34705282 34705285
21800293 21800297
826229 1636525
15216326 15216332
39479253 39479257
15775223 15775228
182560 559370
13197120 13197138
10782947 10782960
35809659 35809663
21712166 21712171
15255652 15255661
1109486 1981629
29045952 29045956
21888465 21888469
11910440 11910451
39458586 39458591
35410667 35410668
30348440 30348452
15227508 15227521
12350509 12350515
15245829 15245838
2814905 3382909
301229 825739
29046019 29046026
3590010 3920538
4295089 4378367
35789805 35789810
39462289 39462292
183002 562833
34766994 34766997
15653047 15653054
15215319 15215326
32971310 32971314
28729798 28729802
33083807 33083812
14620554 14620568
39507778 39507781
21781520 21781528
14537969 14537978
36398693 36398696
28740521 28740526
30977795 30977797
21852387 21852393
15746921 15746933
14588792 14588802
14643052 14643060
14957239 14957248
14957237 14957248
9209395 9209411
7798816 7798822
301331 826080
663448 1406174
39510159 39510163
14264924 14264937
39460708 39460711
28521065 28521076
39473885 39473888
14523269 14523278
11782570 11782587
1537654 2396468
13485714 13485725
34234611 34234613
12942493 12942513
36334478 36334483
2839704 3399863
968701 1807922
402404 1016494
236539 721409
588062 1319952
15247550 15247558
15100857 15100865
12209235 12209245
188936 581443
20638 116556
30228802 30228804
182948 562394
14328 78392
15215449 15215462
28383274 28383282
39638766 39638768
7424284 7424301
30776604 30776607
2396350 3088386
21677294 21677298
21812729 21812733
387045 998110
3481312 3850147
21892918 21892922
15586601 15586611
15191325 15191355
14595600 14595611
39496085 39496088
32776721 32776724
15220361 15220376
14681061 14681072
7063088 7063098
21946492 21946499
15723860 15723869
28486473 28486481
14414710 14414718
36295357 36295360
28563244 28563252
75368 269984
1525704 2384027
21730500 21730508
36371001 36371004
2585744 3222539
30736949 30736956
32551539 32551544
33726885 33726888
13007025 13007043
28563488 28563495
36361181 36361185
28301802 28301811
21794719 21794724
21784623 21784628
39493895 39493898
32975000 32975009
30767642 30767651
136961 428542
32953191 32953197
14999244 14999261
9971492 9971511
1695832 2529573
7545051 7545062
24388273 24388278
21796394 21796398
12856844 12856855
750156 1530391
29027625 29027629
21951648 21951657
39518635 39518637
22842372 22842379
30876181 30876185
36115991 36115996
39582166 39582170
11599786 11599800
182655 559987
3971740 4163563
4123957 4266134
42198 173797
21907583 21907589
12906672 12906683
5358029 5358109
30665222 30665230
30223023 30223026
12226142 12226154
2904471 3445067
34004999 34005003
21676151 21676156
9807821 9807836
12877698 12877714
3684904 3980444
21882686 21882690
33948386 33948389
10333630 10333649
15246620 15246631
28562855 28562864
34865244 34865250
13899 77659
32786047 77659
14506268 14506281
10824614 10824630
295374 816961
3230255 3679957
12836932 12836949
21763184 21763199
21949846 21949851
21725547 21725552
182402 558369
13200634 13200651
33063001 33063006
21948932 21948935
21641093 21641099
39526070 39526073
28610558 28610561
3155536 3626751
21679253 21679257
10945323 10945340
39586536 39586539
21898063 21898070
30342628 30342635
14202970 14203009
11809535 11809544
11784432 11784443
15245316 15245331
30778887 30778892
10560695 10560702
7300141 7300167
182331 557918
30344646 30344649
39537878 39537881
182502 558991
34261530 34261533
3130707 3607037
28765567 28765572
21315 119181
30351677 30351686
35400868 35400873
3615791 3939199
21705614 21705620
13186027 13186038
234508 717621
182433 558534
28375870 28375879
15350167 15350174
33658723 33658728
21792620 21792629
12212510 12212516
35823817 35823825
21812440 21812450
30761949 30761956
4982877 4982882
554056 1276968
25335 128045
14676717 14676721
33713230 33713232
28527950 28527959
796478 1587856
3842224 4081248
39461848 39461852
826209 1636025
28574577 28574584
7920601 7920614
15247926 15247936
21755460 21755466
28533823 28533833
34060061 34060064
30773545 30773548
21829832 21829836
15728565 15728570
15203416 15203430
35443634 35443639
28535255 28535265
36460851 36460855
8943647 8943655
21828911 21828922
30814150 30814156
35948388 35948394
14983023 14983032
1341480 2214545
15382422 15382429
35817715 35817719
30389274 30389277
39470684 39470689
21767609 21767613
2397382 3089034
21688458 21688462
39533746 39533751
39463106 39463111
28511097 28511099
28551682 28551693
9629201 9629219
179 1252
309743 843405
11132268 11132276
21921664 21921669
21922629 21922635
28957417 28957421
11859663 11859678
21914002 21914008
28772020 28772026
182200 556199
15062233 15062263
14670052 14670061
21737905 21737912
15631086 15631089
28272233 28272246
28382132 28382136
33027174 33027178
21818527 21818532
30488056 30488060
12335469 12335477
14590812 14590828
10974475 10974507
1772597 2587784
30320096 30320101
28539633 28539643
222747 688765
30505103 30505108
14581283 14581293
28565955 28565965
21911812 21911817
32793223 32793228
33812372 33812375
21779448 21779451
29038563 29038567
10333355 10333373
13374320 13374331
871377 1687269
4652487 4659300
15343932 15343935
39502207 39502211
7671723 7671733
39470274 39470278
39511970 39511975
32973823 32973829
30396163 30396172
28562917 28562924
21741310 21741321
21911501 21911508
36385875 36385879
214341 652392
8437301 8437330
183115 563341
21872023 21872027
10800269 10800284
28531650 28531657
34396416 34396420
21625382 21625385
21861142 21861147
15237983 15237991
1757598 2578238
32183588 32183593
14679386 14679398
15900373 15900380
10887875 10887887
34964349 34964353
21914774 21914778
272576 776875
21762113 21762117
14622024 14622035
807469 1608873
32777092 32777094
3273600 3711954
13157644 13157653
182425 558466
7477151 7477173
9963905 9963916
36116402 36116407
30709111 30709117
182510 559056
32979685 32979689
39517045 39517049
15923 82144
183007 562867
1093795 1959870
337244 924707
14551046 14551060
15164266 15164277
21720582 21720588
34046705 34046710
5330733 5330745
15423368 15423377
36371376 36371380
39472691 39472695
33866430 33866435
2380599 3071285
34277007 34277011
14463179 14463186
15191907 15191921
296797 819651
1913304 2690548
22199 121495
21646029 21646032
33656800 33656802
21913599 21913604
33038046 33038050
14418535 14418546
21853429 21853435
35660083 35660088
21916781 21916788
39582887 39582890
12895866 12895879
31888758 31888763
21772578 21772582
15585334 15585341
15712992 15712997
21731665 21731669
15192782 15192788
4275968 4366292
21906407 21906413
28534156 28534165
36411974 36411978
5713409 5713441
322247 871165
39582345 39582348
2529797 3188761
3007038 3520902
10332076 10332082
23433092 23433097
39485602 39485606
28543042 28543051
1321982 2192976
33819824 33819830
15253496 15253503
88003 301686
33112038 33112045
32979519 32979524
15425072 15425079
6985654 6985680
30234615 30234620
14438413 14438421
184376 569164
30499185 30499187
30753006 30753011
9898464 9898483
35812929 35812935
12162607 12162615
13755231 13755253
28314741 28314743
32777496 32777498
33948467 33948470
28765183 28765188
4442341 4483734
199039 597037
33049445 33049449
29040289 29040294
4689419 4693477
21797140 21797147
15688914 15688919
1339366 2211178
15195906 15195913
807451 1608237
28536469 28536479
35814152 35814157
12185641 12185648
10611786 10611818
182684 560216
15653609 15653617
968999 1808375
15226336 15226341
21798592 21798599
21681981 21681985
21756350 21756360
36436051 36436055
9929484 9929499
36115759 36115764
9599388 9599402
21733315 21733323
12286013 12286022
28776539 28776543
21661042 21661050
28543092 28543103
21867012 21867016
14998242 14998250
405031 1034370
14571619 14571628
28197780 28197785
28766856 28766858
28525308 28525315
30759851 30759867
21745649 21745653
21319 119216
14701606 14701616
39489222 39489226
183045 563052
28439458 28439462
9419966 9419981
28276303 28276307
42501749 42501750
4486981 4517956
1658411 2499539
11258372 11258386
28768432 28768436
14669375 14669384
29334662 29334670
21695490 21695497
28771495 28771499
36311591 36311595
3534042 3884988
948667 1778417
21915380 21915387
9021887 9021920
3773358 4032601
28534301 28534311
21751880 21751882
28534277 28534284
39515027 39515030
109088 353175
28158743 28158750
182834 561345
15263208 15263218
36395706 36395709
15642398 15642403
33809566 33809568
28540154 28540163
13498378 13498390
21795590 21795596
28528856 28528866
1801 20440
35823817 35823826
30494143 30494147
30226606 30226612
14646509 14646515
21946363 21946368
30813642 30813645
136221 426326
15241527 15241532
39519923 39519927
28761305 28761315
182455 558690
28317272 28317274
35433360 35433363
15240932 15240940
2199284 2936783
39460185 39460189
28529193 28529203
3382893 3780333
35832480 35832484
21935613 21935621
21736372 21736380
4962943 4962976
30755608 30755613
15612142 15612147
33046376 33046381
34822509 34822511
183491 565988
32776687 32776689
581209 1298682
6421306 6421322
15191540 15191548
10824606 10824620
15187905 15187925
2265785 2985737
21708311 21708314
15026924 15026931
11882664 11882675
2874178 3423727
9886435 9886450
182773 560870
33297901 33297902
21623465 21623471
21945759 21945763
28633484 28633489
14422611 14422623
21833400 21833408
21791753 21791760
21677989 21677993
36365722 36365724
5011033 5011042
39527751 39527755
4376199 4435706
14703288 14703293
792438 1582859
86888 296351
30384269 30384283
39117626 39117629
28534553 28534563
12310326 12310333
14948294 14948302
18802 104987
15238536 15238546
2395226 3087760
39516522 39516526
21867662 21867669
12306134 12306146
4787257 4787671
368036 966464
160092 502564
28511140 28511145
15129845 15129851
4182680 4305418
28303489 28303498
15676 81272
33728897 33728898
933035 1757737
39529884 39529887
337380 925238
4629171 4637820
182933 562290
11845221 11845232
183170 563517
39528897 39528900
30760620 30760626
35436892 35436894
30246388 30246394
183024 562980
1440266 2308604
15545823 15545832
14251036 14251041
15196967 15196978
15590373 15590380
39502073 39502077
28475609 28475612
1843343 2648409
9641758 9641764
405909 1035463
8874 66960
34898527 34898530
361697 960750
41177582 41177584
4570216 4584484
182849 561500
36273869 36273872
3607007 3931059
35461139 35461143
15758860 15758863
28527403 28527410
39479784 39479787
21688703 21688709
12907182 12907197
15307059 15307067
21641124 21641128
34480936 34480941
1462415 2332391
12910585 12910596
30745293 30745297
30767798 30767805
429574 1073691
21952456 21952460
32806544 32806547
12109569 12109577
8708949 8708977
30492255 30492259
1525704 2384028
15691427 15691432
10817630 10817641
39508642 39508645
10343715 10343727
7029984 7030003
35443103 35443106
21815845 21815851
21678520 21678533
33728783 33728786
34900886 34900890
39471652 39471657
28551064 28551073
32711083 32711089
35786810 35786816
21837849 21837855
21817442 21817448
14939931 14939938
3679105 3976299
21912383 21912387
39485961 39485965
10803075 10803087
10887502 10887512
15718908 15718915
39458433 39458438
30672071 30672073
15249440 15249447
2594874 3229911
21806823 21806828
34705974 34705977
39488299 39488302
14968198 14968207
6819521 6819546
182816 561237
33673266 33673270
21783361 21783369
12906055 12906063
28527812 28527823
21722098 21722117
15309569 15309575
21778357 21778362
21802805 21802808
15151546 15151555
11989444 11989461
34849748 34849751
15727062 15727069
12531903 12531911
8278434 8278444
67124 255571
39638264 39638266
36524379 36524382
21655405 21655411
34234615 34234618
28763415 28763419
35863019 35863024
11721643 11721660
14265609 14265617
826830 1638722
21725778 21725781
14637260 14637276
39520015 39520018
30969032 30969035
21703280 21703294
11487025 11487037
15010826 15010833
33099042 33099047
21783594 21783599
31092426 31092432
4778376 4778963
11882080 11882091
9070577 9070592
41178285 41178287
21773812 21773820
21753770 21753775
3088953 3576240
14740384 14740392
28686464 28686467
21870452 21870458
368926 968206
9225609 9225627
1807852 2619493
14511864 14511872
28538237 28538248
15203218 15203244
39583186 39583189
15072114 15072121
33688799 33688805
21807144 21807148
10843415 10843425
15729557 15729565
28378808 28378816
35794902 35794907
7331628 7331673
15645615 15645624
10634836 10634846
13876019 13876037
32979491 32979495
39508045 39508048
42501751 42501752
28535632 28535645
39510754 39510757
35539617 35539622
15253474 15253487
13713127 13713134
4137683 4276340
2296610 3013817
21854827 21854831
12109569 12109578
14997149 14997157
39478099 39478103
4945207 4945244
14674497 14674508
28533884 28533893
14564637 14564649
32802480 32802483
22767290 22767311
21694792 21694796
11889599 11889610
13217050 13217059
378792 984032
30781481 30781486
149058 470053
21895750 21895754
21908073 21908083
12151098 12151108
4794830 4795073
14981446 14981457
2411148 3098841
10114592 10114602
86499 295273
10793853 10793868
21656321 21656327
21877690 21877693
28569301 28569308
35833506 35833509
118760 380106
42501754 42501755
368758 967940
12165644 12165651
14627233 14627247
33656444 33656448
103050 334924
21933553 21933558
36461057 36461059
24424996 24424999
28768358 28768362
4284733 4372085
28491529 28491534
30753441 30753446
39585427 39585429
21866864 21866881
8734734 8734771
21815033 21815037
29041755 29041760
14544732 14544741
10625411 10625454
4940118 4940127
35400412 35400414
15724058 15724066
28767724 28767731
15205579 15205590
21653384 21653392
15248338 15248346
21828192 21828198
30748754 30748759
21668630 21668660
39537256 39537260
21851132 21851135
35413986 35413991
3229835 3679844
2930035 3465369
36415436 36415439
1251870 2130397
30809023 30809034
32777009 32777014
39117512 39117517
12316309 12316320
39519291 39519294
21628297 21628302
39512405 39512409
39530255 39530258
33058749 33058756
21852677 21852684
33091105 33091110
29041879 29041883
36763984 36763987
15399684 15399693
14408857 14408865
28559899 28559908
39583704 39583707
30505041 30505043
21819480 21819488
11858414 11858422
33091936 33091940
21871083 21871087
9776847 9776864
28767974 28767979
21763673 21763681
15772752 15772760
15191157 15191165
28777367 28777371
12290187 12290205
182211 556410
15202694 15202703
31851156 31851169
21952274 21952283
15684623 15684629
15239523 15239533
21916515 21916519
32776806 32776809
12267832 12267842
33794492 33794496
30755768 30755774
33090637 33090641
29044684 29044687
39467651 39467656
10762754 10762768
39511462 39511466
36292153 36292158
28594398 28594402
15219832 15219839
182962 562532
39496957 39496960
30333692 30333697
10477883 10478014
986351 1833152
182846 561476
36434522 36434525
30489395 30489402
182484 558846
15567850 15567857
1189417 2063948
28563530 28563537
30750959 30750971
1474119 2342583
28446984 28446989
21953773 21953782
11515321 11515333
21687130 21687134
4559553 4575343
4323206 4397804
36438127 36438129
584953 1314537
4732356 4733866
15190976 15190996
13230023 13230028
39517744 39517747
15219289 15219304
30762143 30762146
87987 300831
28502391 28502394
28400218 28400221
4682403 4686971
15463273 15463282
21829250 21829256
902741 1712137
21790644 21790648
2567196 3207300
21811347 21811354
1733629 2567304
485131 1162796
9786380 9786397
39504309 39504312
9621137 9621154
21624643 21624645
33803917 33803920
21731371 21731378
15757838 15757842
6118945 6118963
39479810 39479813
29039684 29039689
21721089 21721098
28212166 28212182
32829181 32829184
39461057 39461060
7385214 7385231
4434621 4477717
8990164 8990186
30391355 30391359
30312969 30312974
28529553 28529562
32786124 32786128
21776902 21776908
34857042 34857046
8939962 8939999
31049668 31049672
36116236 36116241
12189305 12189321
14544808 14544813
14280954 14280965
1584912 2443335
5136193 5136209
35556095 35556101
21861341 21861346
41178274 41178276
1771530 2585760
3642307 3955303
12701634 12701649
39478174 39478178
39477392 39477395
21752007 21752010
36418 143560
8843113 8843145
11304951 11304962
31848159 31848163
35814588 35814592
30780510 30780516
28317915 28317919
15262998 15263019
33058863 33058868
28532669 28532678
2397752 3089739
183085 563185
1609347 2458936
296452 818787
39498734 39498736
101430 332801
21708249 21708253
14622737 14622749
28534111 28534121
21844943 21844952
21887707 21887713
37935613 37935616
14249664 14249676
21726358 21726362
39481483 39481485
28765969 28765974
14529476 14529490
21682518 21682527
15196371 15196378
10333202 10333229
39527770 39527774
34058354 34058357
3399723 3792774
826835 1638881
32777174 32777177
28560999 28561008
10626260 10626276
3137316 3612605
21950215 21950220
30762394 30762397
21885974 21885979
9453896 9453926
23432133 23432139
35462563 35462569
5011574 5011596
4275883 4366253
14216765 14216784
142019 447464
3849814 4085488
21639117 21639124
182746 560665
28548692 28548702
21798358 21798364
182191 556008
15241529 15241542
36425248 36425252
21774193 21774199
2397380 3089004
28364596 28364600
7088960 7088981
4446722 4486974
15731051 15731057
11601840 11601858
16569 84881
14110744 14110748
9579721 9579736
9415615 9415634
21804223 21804229
10324202 10324212
39481274 39481277
1537663 2396485
21945284 21945288
13172101 13172109
9114520 9114536
15239428 15239436
21790993 21791000
14523987 14523992
21798461 21798470
1536989 2395905
28553606 28553613
30756880 30756886
39504992 39504995
22710295 22710307
14409288 14409302
28564205 28564215
13706489 13706497
32966696 32966700
14248042 14248046
3952867 4151315
11683457 11683469
15450566 15450574
21857204 21857208
21631876 21631885
827112 1640286
6960451 6960459
13236047 13236057
14275481 14275493
11844682 11844692
226145 699962
30758373 30758380
39591460 39591464
21913849 21913857
182443 558601
32840028 32840032
2273939 2994566
158767 499090
23375357 23375361
21848851 21848854
12905236 12905247
21819272 21819277
1206691 2083252
141202 444333
39535659 39535661
35414037 35414042
21781457 21781461
14622626 14622641
15526997 15527003
15145658 15145668
15253387 15253394
2814841 3382865
13839680 13839690
15242226 15242259
35816822 35816825
28534585 28534594
12729864 12729871
28277238 28277242
13872210 13872217
5248150 5248172
15241097 15241105
30364395 30364398
21909263 21909268
15773850 15773856
30223478 30223499
2416302 3103480
21743371 21743378
34001068 34001071
32776842 32776845
14239001 14239006
21634907 21634910
1593940 2451135
14515698 14515707
927182 1734295
21652233 21652240
489946 1169543
4196345 4313914
30405667 30405670
3972023 4163792
28552547 28552555
11908251 11908267
21888680 21888687
15042758 15042769
593077 1327714
12864022 12864031
36276169 36276172
35797295 35797300
33691252 33691256
21623499 21623507
11993442 11993462
21775813 21775820
13126597 13126610
3843045 4081786
39514468 39514476
9664054 9664075
39528319 39528322
12291910 12291926
15085578 15085605
14515862 14515865
14583389 14583401
32776790 32776794
34967833 34967837
12245325 12245336
182982 562701
32812274 32812278
28521834 28521845
4305869 4386338
15239976 15239984
15241623 15241637
3980342 4168916
11789144 11789152
21714492 21714498
39469328 39469332
11876936 11876944
11941301 11941309
21825661 21825664
12261983 12261989
90540 308211
375558 978509
15228812 15228825
34894465 34894468
30781489 30781492
15226052 15226067
390564 1001481
30788117 30788124
14295382 14295398
14241398 14241418
21790846 21790849
39483260 39483263
15263530 15263534
3137273 3612358
14274485 14274490
3137255 3612162
10318724 10318728
326634 886230
10758192 10758201
35809329 35809334
28551722 28551730
34004399 34004404
39472631 39472635
21894716 21894722
159754 501164
32972841 32972846
15216714 15216726
15262326 15262333
21673058 21673061
14640457 14640467
30810418 30810423
1525704 2384029
30760656 30760659
30780692 30780697
3574516 3910075
28734542 28734551
3930568 4137664
30321813 30321818
21615233 21615238
15528239 15528248
3740067 4013585
15239674 15239684
34705645 34705651
3607006 3931052
39457381 39457386
29050277 29050282
28303712 28303733
33673859 33673876
30353080 30353085
15200164 15200173
50619 214658
39457963 39457966
21910027 21910036
32815107 32815110
30483091 30483097
21767114 21767122
557767 1280630
14228570 14228575
879953 1695953
41430582 41430584
35474585 35474589
13455462 13455474
36393873 36393877
32957331 32957338
22879766 22879770
15220096 15220103
8671658 8671679
8875591 8875611
1988 21513
35542304 35542309
36391059 36391064
36334761 36334765
236157 720831
39458876 39458881
821681 1628818
36350381 36350386
9621734 9621741
36367569 36367572
15677719 15677724
33022490 33022495
39532092 39532100
21819112 21819118
35863079 35863084
10625448 10625488
21723185 21723190
35437115 35437120
21651728 21651734
39459691 39459693
7238425 7238452
997180 1846366
37697120 37697124
32794078 32794081
4643560 4651249
12245496 12245512
4033585 4202601
34971235 34971240
32777130 32777132
32631968 32631975
30780873 30780881
45206 194509
326615 885664
4383603 4440801
21615474 21615479
32958081 32958088
15723083 15723094
35788390 35788394
13596289 13596302
36658371 36658375
21962891 21962896
13895705 13895715
21622179 21622197
30809900 30809904
266529 766155
36115780 36115784
12901242 12901248
21751278 21751286
3469580 3842720
10339415 10339419
375136 978192
12200480 12200488
30784179 30784184
32957487 32957494
29042885 29042889
15226696 15226705
28408703 28408704
30329323 30329328
30776028 30776035
22798240 22798242
3256240 3698630
30226251 30226256
21734637 21734642
949302 1779760
699985 1457467
22505795 22505801
15224872 15224887
12253727 12253739
21640493 21640499
380914 989463
30356353 30356355
39503528 39503531
30384268 30384276
21924683 21924692
21039 117807
12167376 12167385
7945046 7945061
1318 16498
3229723 3679386
21723678 21723698
2450255 3130100
32978001 32978002
21947199 21947206
2188263 2927287
6740593 6740628
35428303 35428306
36427717 36427720
33090627 33090630
10047127 10047136
30784653 30784656
39539957 39539961
28214646 28214651
20383 115515
12865725 12865742
21939465 21939469
13506402 13506420
30785566 30785573
39462163 39462167
6833854 6833871
299088 823912
21749737 21749742
18793 104362
35789438 35789441
30748141 30748149
21815871 21815876
978986 1822470
15243854 15243863
334241 912154
39462444 39462447
15262869 15262884
13221276 13221285
35013947 35013948
10334253 10334268
30751955 30751959
32642134 32642138
130543 416846
326178 883665
32809302 32809309
37170651 37170654
39462754 39462758
35471289 35471293
21801344 21801350
3615779 3939099
30242366 30242373
36433780 36433783
36116387 36116391
35789702 35789708
30879276 30879282
14555356 14555366
14596319 14596339
4512581 4538329
15486038 15486048
253166 746523
13819566 13819580
35397687 35397693
30774126 30774131
28584300 28584305
36295256 36295262
14303777 14303790
9452316 9452327
29047131 29047139
4604226 4614440
21896219 21896226
30236641 30236647
968153 1807373
30743442 30743448
30779521 30779527
21751788 21751798
39463527 39463529
30495249 30495258
21863684 21863692
35829621 35829624
1605798 2455852
29044985 29044986
21755470 21755478
37692660 37692663
15246220 15246226
9989 69141
35341219 35341222
15712457 15712463
12225375 12225381
36391199 36391203
21647256 21647261
30745192 30745198
29049821 29049827
272939 777548
28361432 28361436
42197 173722
39464248 39464251
35792431 35792435
30763113 30763117
10620186 10620195
39529008 39529013
1204622 2081008
36405360 36405364
5659 48708
12337304 12337309
9661211 9661224
21833867 21833875
34898295 34898299
30763573 30763580
35446215 35446216
3511515 3865384
35413752 35413755
39464876 39464880
15242747 15242756
13416011 13416019
25418192 25418196
10348847 10348858
11776275 11776280
14504816 14504838
111381 363030
301901 826623
296517 818885
21951390 21951396
33091443 33091448
29043821 29043826
4480094 4512985
39465534 39465537
15248171 15248177
30751612 30751618
35336277 35336280
10655364 10655433
30750095 30750101
700897 1458787
13685825 13685830
4214447 4325561
21877695 21877699
21855231 21855238
39466366 39466370
35473025 35473029
15726168 15726179
30406331 30406333
22543790 22543797
15601530 15601537
15197001 15197012
33342822 33342824
1015083 1866505
33094866 33094873
23413333 23413341
14293184 14293212
14293205 14293242
35792207 35792212
15206851 15206861
807459 1608485
1820251 2630399
3972023 4163793
1185322 2059003
12908844 12908850
22688 123755
21887997 21888005
15240297 15240306
33094866 33094874
36389677 36389679
36371220 36371224
12225788 12225799
39467534 39467536
36410763 36410768
2707448 3302950
15514748 15514758
29043706 29043713
39467731 39467734
21226 118287
35407612 35407619
4094737 4241980
807462 1608648
28774577 28774583
15212625 15212634
36317533 36317536
39468199 39468202
15226870 15226877
3088516 3575957
3118681 3597865
15691184 15691197
30771503 30771508
32807962 32807965
39582192 39582195
23344668 23344687
39468580 39468582
9472940 9472950
39468762 39468765
48735 207926
3863985 4093401
21832673 21832679
15221637 15221651
1857101 2658141
33782530 33782534
8698 65771
39472081 39472086
35538727 35538731
28766661 28766676
14672736 14672744
2207504 2944289
30751553 30751555
8741728 8741745
30768633 30768637
7605439 7605479
39469953 39469960
21772277 21772284
3063170 3557604
15213262 15213277
13871399 13871414
21822516 21822524
84639 290711
3115178 3595437
9492115 9492130
12909018 12909024
4276357 4366557
33058401 33058405
39535117 39535121
2512374 3179774
9792008 9792017
30743221 30743227
39470262 39470267
34345895 34345900
23156512 23156536
35794202 35794206
30747599 30747605
10655346 10655372
30765957 30765959
15609376 15609381
21841136 21841141
14652572 14652581
35437683 35437688
21732419 21732424
28367052 28367059
39470756 39470759
755211 1537042
35814370 35814376
21667729 21667740
6189 56188
823365 1631348
30330038 30330044
10330892 10330908
88012 302109
15729857 15729866
23131001 23131008
36391039 36391043
15202413 15202425
39471276 39471280
117081 376651
33046796 33046798
38584 158006
38753623 38753626
29609130 29609135
39584358 39584360
35473592 35473596
8224500 8224531
32777412 32777417
30502538 30502542
15227352 15227358
32776727 32776730
32777054 32777057
32777511 32777515
11813786 11813799
32777001 32777006
30499651 30499653
30499587 30499591
5081 46042
35794884 35794889
15735512 15735517
35794915 35794919
34446156 34446159
15202614 15202631
30765712 30765717
30372107 30372113
35795127 35795134
15240475 15240485
9317730 9317747
2320225 3025399
14456496 14456502
30780523 30780528
21816129 21816135
30760637 30760640
11851602 11851613
36427928 36427931
4136290 4275154
35795362 35795365
15191078 15191097
11974717 11974732
3118372 3597749
4921547 4921584
3019115 3528682
32849058 32849061
36115797 36115801
39472276 39472281
32799807 32799810
1807465 2619054
30350020 30350030
21831494 21831503
33026936 33026940
34050445 34050450
21856120 21856127
15242410 15242417
3371234 3774195
11616045 11616052
15239872 15239878
36543968 36543971
4585485 4597173
336791 922358
9367515 9367533
39473032 39473037
39473032 39473038
21860076 21860082
21806945 21806952
32839336 21806952
30743131 30743141
21685262 21685268
21710357 21710362
21804506 21804511
2459025 3137746
23074781 23074784
10351052 10351064
28382502 28382504
10605444 10605476
42501757 42501758
1231 15947
4584588 4596437
15239072 15239081
15240560 15240579
30756233 30756237
1694 20270
8919517 8919526
13230701 13230707
33091068 33091073
3191863 3649796
36860658 36860661
912509 1722969
34533 137292
33679397 33679403
21642649 21642653
1535686 2393829
11668029 11668045
15242795 15242803
14121229 14121237
15239872 15239879
41177858 41177860
15239872 15239880
4090538 4240116
36293372 36293375
1424382 2299588
266534 766230
266530 766170
21769106 21769111
35797458 35797461
35469638 35469644
36426916 36426919
33059378 33059385
21806454 21806460
35439195 35439200
33058933 33058937
39474886 39474889
21942014 21942018
39583243 39583245
21760127 21760131
21885011 21885015
12899646 12899653
15264184 15264189
21907242 21907247
15247895 15247905
28768330 28768342
120095 385679
15210878 15210887
21911772 21911778
33098710 33098715
2335 23217
21919495 21919499
34749718 34749723
39475472 39475475
32777113 32777117
32776834 32776838
32777462 32777468
32777561 32777564
32777616 32777620
32776906 32776911
32777554 32777558
34221237 34221240
32776945 32776947
32777577 32777581
32776972 32776977
32777125 32777127
32777387 32777392
32777279 32777282
32777312 32777316
32777430 32777435
32777365 32777367
32777180 32777183
32776746 32776749
32842439 32842444
33088724 33088728
15237796 15237802
33088764 33088768
4426461 4470680
32777718 32777719
32777337 32777342
32777197 32777200
32777072 32777077
32777143 32777145
32777233 32777235
32777211 32777215
32777025 32777030
30770930 30770933
32777326 32777329
32777590 32777594
282844 793489
13231071 13231079
2083433 2837540
21631377 21631380
33027018 33027023
30407819 30407823
15247641 15247651
21719425 21719430
15238995 15239005
23443031 23443038
39532092 39532101
4269098 4360232
20432 115830
15242393 15242401
182248 557024
32978007 32978011
29040443 29040448
21736201 21736208
12301749 12301757
15220674 15220727
39475955 39475957
561996 1282207
29039655 29039659
36430542 36430544
30748732 30748735
21754588 21754595
21695531 21695536
15263748 15263754
30491812 30491817
21615483 21615492
21742735 21742740
5878271 5878283
373545 976446
39585303 39585305
36115803 36115809
28739474 28739478
9538624 9538629
35798605 35798610
30750960 30751002
86323 294812
21768935 21768944
33084756 33084760
15196881 15196890
28359946 28359954
39583530 39583533
32870035 32870039
34953671 34953675
21860809 21860817
22069 120962
39477108 39477110
30236963 30236974
4535803 4556040
32978673 32978676
21799230 21799235
14528951 14528973
39531394 39531399
21693945 21693948
21825559 21825567
2351831 3049202
501150 1189816
15722393 15722400
793577 1583373
21723676 21723687
9346247 9346274
3817282 4058964
30742923 30742928
15214673 15214677
6032991 6033003
30568657 30568660
30757816 30757821
28492774 28492780
45873 79673
14951 79673
678349 1421374
446628 1099941
14945 79550
6657 58782
21820210 21820217
15190989 15191014
4435687 4478807
15684412 15684420
11123153 11123163
31887109 31887113
32642134 32642139
21663311 21663316
3932116 4138863
21961810 21961814
36700124 36700131
30766866 30766875
807442 1608011
98547 327878
30750247 30750251
35800451 35800455
14249236 14249244
36420629 36420632
36351790 36351792
21852949 21852958
12586449 12586458
268021 769816
4143769 4280505
30235365 30235370
755919 1538613
30974690 30974693
1537683 2396535
1537673 2396518
1537666 2396498
559742 1281479
30223758 30223761
30225139 30225146
755913 1538603
144885 457240
375483 978466
21638117 21638124
4081084 4234650
21765382 21765388
30786598 30786602
32849323 32849330
3432692 3811853
33022579 33022584
21735685 21735692
4983389 4983398
1324826 2196373
15729091 15729099
39479291 39479294
15733292 15733299
35399884 35399887
8656485 8656513
8656506 8656570
8656501 8656535
8656507 8656577
8656502 8656542
8656503 8656549
8656504 8656556
8656505 8656563
8656499 8656527
32729794 32729801
12064637 12064650
30234232 30234239
30744291 30744294
969018 1808406
9889914 9889929
29046209 29046215
33091865 33091870
15191075 15191087
39479552 39479555
1283273 2160817
35864712 35864717
30769869 30769873
800852 1592543
28317172 28317177
39479752 39479755
29047925 29047931
11859104 11859110
277943 784867
28519793 28519799
12073168 12073179
21720741 21720754
32850474 32850477
30780016 30780031
4544623 4563044
182244 556912
32966108 32966110
10045589 10045593
39480091 39480095
12876196 12876208
13729913 13729922
87691 298402
13518474 13518483
21632780 21632785
30759800 30759804
13480244 13480251
159276 499823
12306785 12306804
14529157 14529165
35801812 35801817
35773014 35773018
36116442 36116449
986484 1833367
35801920 35801925
35439446 35439448
30753764 30753770
14272665 14272668
8023251 8023263
35013393 35013402
4439658 4481502
25408954 25408964
30220796 30220802
21830567 21830574
30773955 30773959
13461705 13461710
36723764 36723769
32975263 32975268
16923 87328
23279712 23279725
8174271 8174292
39481542 39481546
36268134 36268140
12326111 12326121
1733982 2568009
35802605 35802610
11781280 11781288
13225066 13225076
35017595 35017598
32841197 32841200
13480061 13480073
30320347 30320358
789824 1576821
39590139 39590142
32791274 32791281
28776540 28776548
33112192 33112193
1670 20100
13477345 13477353
33042364 33042367
38029367 38029371
82195 284436
968868 1808276
12314799 12314804
15177000 15177009
21683765 21683771
39482320 39482325
42199 173828
39483186 39483191
39529242 39529247
32777756 32777760
21707545 21707553
21620529 21620547
2156842 2898286
35803222 35803228
4204715 4319244
15585361 15585370
14591380 14591392
36332214 36332219
1673 20110
35076907 20110
869228 1685365
33027113 33027118
12174121 12174136
216235 656402
216235 656403
35426416 35426420
39483407 39483411
9854038 9854060
8608537 8608550
15216179 15216191
32777548 32777551
32777347 32777351
32776866 32776868
32777153 32777155
32777358 32777362
32777227 32777229
30504671 30504675
30504266 30504269
36336679 36336681
11956008 11956020
14661146 14661154
337689 927064
1899 21138
34747463 34747467
21896541 21896545
30614081 30614097
30238387 30238391
592473 1326941
34415254 34415258
31908834 31908836
15201802 15201812
33090165 33090174
2317295 3024282
21840628 21840633
36342933 36342938
15736001 15736004
33057955 33057958
39484699 39484708
14591128 14591133
21761643 21761650
39484831 39484834
32777261 32777263
32777167 32777171
32992167 32992172
30494266 30494271
32777484 32777488
30494610 30494616
30496487 30496491
32776772 32776778
30494417 30494422
32777135 32777139
32777776 32777779
33088974 33088978
15208991 15208999
15263767 15263774
32777253 32777256
32842428 32842430
32777439 32777442
32777537 32777542
32776821 32776825
32790815 32790818
32777098 32777102
15254586 15254591
30496464 30496467
30770937 30770939
32777082 32777087
32777219 32777222
32776737 32776741
32777186 32777190
33072509 33072512
30770923 30770926
32776895 32776898
28399963 28399968
32776917 32776921
32777501 32777504
32776889 32776891
35400418 35400420
32777370 32777372
32777119 32777122
32777302 32777304
32777623 32777627
32776852 32776855
32777585 32777587
32842451 32842454
30495686 30495692
15256851 15256857
34221230 34221234
32777272 32777276
15244292 15244303
32777423 32777426
15196168 15196175
32777710 32777715
32777448 32777453
32777332 32777334
32777601 32777605
15155970 15155973
32777523 32777529
15144539 15144545
30497290 30497293
3698183 3989196
32776754 32776758
32842423 32842425
32777019 32777021
32776765 32776769
15258534 15258542
15171846 15171851
31016653 31016658
32777404 32777408
30495135 30495141
32776693 32776696
32776983 32776985
30504201 30504205
30493918 30493922
32777067 32777069
32777375 32777381
15238815 15238821
32777039 32777042
33059536 33059541
32811460 32811464
32776828 32776831
33086629 33086633
32776672 32776676
32777148 32777150
32777396 32777401
32776965 32776969
32659980 32659990
32776699 32776702
35400423 35400427
32776705 32776709
33086184 33086189
30770918 30770921
619792 1359013
39485056 39485059
15244080 15244085
28734454 28734457
15201626 15201632
30495506 30495524
99227 328706
2185801 2923628
39485290 39485292
1611328 2461367
1093374 1959242
4932270 4932290
39485439 39485443
39485514 39485517
35804658 35804662
2274138 2994692
32849146 32849149
14463036 14463054
22711 123893
39117912 39117921
35793363 35793369
12147406 12147424
3863988 4093488
30383879 30383883
39471037 39471040
39485972 39485976
39485993 39485996
39485988 39485991
35804921 35804924
4474427 4507914
8868 66809
1701600 2532684
14289425 14289437
39486233 39486237
21738925 21738933
21890369 21890379
28739404 28739409
30768481 30768489
35804982 35804986
4058525 4216274
33860620 33860623
21688675 21688682
3740066 4013579
21656159 21656168
585579 1315499
31841308 31841314
21952640 21952645
8573342 8573353
21856224 21856231
5773002 5773034
12693163 12693176
161908 511014
30366756 30366764
877343 1694430
37692950 37692954
13496689 13496696
1580284 2439045
15221893 15221901
13615623 13615630
13484609 13484618
15774457 15774473
9223072 9223092
30764922 30764927
6045119 6045230
34263489 34263494
36115363 36115368
35805771 35805775
36387761 36387763
11065815 11065819
39487275 39487279
29053296 29053299
6981678 6981692
20227 113694
9089581 9089597
39487312 39487317
35449824 35449830
11918235 11918241
30766785 30766793
3340743 3756694
510390 1205025
948661 1778384
34096894 34096898
39487457 39487461
21656940 21656952
21668691 21668697
28764264 28764272
15244719 15244736
2360 25432
1441827 2310010
21944200 21944205
3935053 4141234
36369950 36369954
12256851 12256863
4962505 4962517
12900512 12900525
28413555 28413558
33272818 33272823
3698417 3989392
29046103 29046109
35811762 35811767
28385212 28385219
30383236 30383240
32972606 32972610
2271415 2993508
12885845 12885858
22848500 22848504
21855059 21855066
39585893 39585895
21680772 21680777
4571021 4585401
15241731 15241739
21653217 21653224
15348676 15348683
243025 730745
32777763 32777768
141204 444350
28760243 28760248
21688288 21688295
9460480 9460498
21806115 21806119
14648173 14648187
4139873 4278021
772957 1556025
32775104 32775109
15220029 15220040
15191128 15191140
15426890 15426897
1326805 2198540
15225840 15225846
39489983 39489985
21614414 21614419
10952214 10952235
182808 561169
9433986 9434020
28373152 28373154
176199 542133
16377 83992
370894 970953
4921188 4921202
3692696 3986140
22586691 22586694
30329966 30329969
21946950 21946953
1946281 2720034
10323097 10323107
12215559 12215570
15244089 15244098
13099401 13099410
15243600 15243612
36420922 36420925
21955788 21955792
15241750 15241764
39268779 39268782
15235983 15235992
36652219 36652225
37681533 37681540
31902907 31902910
21748893 21748899
2742535 3335257
9789357 9789370
183018 562954
30757596 30757599
21838577 21838584
755539 1537584
30683794 30683799
21730400 21730407
14676239 14676245
9801174 9801183
28766662 28766681
165586 519169
35436564 35436567
35970316 35970320
29042937 29042942
12837147 12837159
88006 301882
30751434 30751437
15220015 15220025
368803 968036
12315969 12315983
100597 330966
326636 886301
8656464 8656492
21883271 21883287
54644 224246
120615 396926
39493064 39493069
9281061 9281094
2160748 2901617
24419565 24419569
12168454 12168471
11756674 11756687
29041004 29041009
4042302 4207297
3365408 3770784
21891958 21891969
30743073 30743078
13157451 13157457
15213183 15213193
14197997 14198012
10880370 10880377
12069752 12069772
29049018 29049023
23065959 23065966
31883409 31883413
21870765 21870773
21717465 21717468
21655405 21655412
10605465 10605556
35422020 35422023
560125 1281667
30746731 30746738
369002 968281
35808729 35808734
35820689 35820694
15229588 15229593
301902 826713
21711734 21711741
1687020 2523166
36331088 36331092
39495297 39495301
6781803 6781826
31931443 31931448
12909340 12909360
3884249 4108088
15243292 15243303
31892941 31892947
110918 356908
21722502 21722520
328215 890592
5024211 5024228
13566230 13566236
2361209 3057082
599576 1335949
30809494 30809496
30811066 30811069
3087318 3574783
30779755 30779759
28307719 28307724
967566 1806873
20142 113409
14423686 14423695
30756198 30756203
14121231 14121242
15119786 15119795
30776292 30776298
536990 1255829
31892531 31892537
822310 1629635
15447857 15447871
15721813 15721830
33058908 33058914
15186247 15186258
21961954 21961960
10958882 10958893
405315 1034603
1345737 2220777
36391053 36391057
1640426 2483409
21770322 21770326
3236047 3684965
968234 1807472
11111594 11111608
36371667 36371669
116594 375414
116599 375462
9451733 9451741
13112904 13112919
39587188 39587190
21727220 21727226
161900 510875
30872259 30872262
30314487 30314492
2621052 3249458
14529770 14529785
2537826 3193895
15762621 15762638
13624275 13624281
12707555 12707564
21925207 21925213
21778193 21778199
15664823 15664840
33097080 33097085
35417025 35417029
33100385 33100391
39497937 39497941
39497973 39497976
1330 16875
9641786 9641804
21658623 21658628
921876 1730048
15238049 15238056
87999 301424
1525704 2384030
22691402 22691408
32873459 32873462
13219591 13219600
32776939 32776942
37695487 37695490
33058504 33058516
34773141 34773144
39498801 39498803
9987890 9987900
21879993 21880000
14442040 14442045
755771 1538312
30785584 30785592
15508663 15508671
15244792 15244803
39587617 39587620
10650239 10650279
28362670 28362679
9544246 9544281
21723679 21723709
326597 885122
11845089 11845099
30364782 30364784
4906342 4906363
15239299 15239306
8102491 8102510
23181734 23181737
14676062 14676072
22621484 22621489
35540219 35540225
21642231 21642234
22188862 22188868
30814765 30814769
35817918 35817922
13214226 13214236
14281007 14281017
10112522 10112536
21651806 21651812
323297 874987
4554283 4571400
12259918 12259924
1015817 1867472
32793479 32793484
15576493 15576500
12908934 12908941
3123831 3600758
21688771 21688778
28768922 28768928
13370570 13370575
6603162 6603203
29044759 29044764
371437 971519
949272 1779390
15197259 15197269
35472763 35472767
21804868 21804873
21926224 21926230
10450685 10450701
30767641 30767647
30391246 30391255
77691 274941
12946004 12946011
23491548 23491554
335832 918561
298 2208
28760608 28760611
15562659 15562664
15191323 15191346
29040088 29040098
21830338 21830344
14474208 14474212
39501791 39501795
30498671 30498677
36402043 36402048
39501993 39501996
15735953 15735961
3837703 4077541
12224180 12224189
77694 274957
13215828 13215843
3715415 4000211
30383668 30383673
39117746 39117750
18709 102012
30609472 30609475
510685 1205461
35817961 35817965
337413 926424
34744192 34744198
10657334 10657371
31861097 31861101
32815182 32815188
35818100 35818107
39503181 39503184
15725564 15725570
35472134 35472138
449625 1105717
35818281 35818286
21741241 21741250
39503648 39503652
21671379 21671384
4995504 4995572
39462084 39462090
93047 316095
186823 576269
5024860 5024869
22961134 22961140
2666431 3280175
33027306 33027310
36116266 36116270
39588538 39588540
29051148 29051155
9796679 9796697
39504862 39504865
35414286 35414288
30329330 30329337
36412359 36412362
30767046 30767051
34514 136723
28780245 28780250
12267303 12267319
29044572 29044579
12318585 12318592
21891275 21891280
32873447 32873450
21615523 21615559
125554 409397
15722056 15722061
33060077 33060082
32793419 32793422
39476301 39476303
28382723 28382732
4813287 4813496
11623004 11623020
15203533 15203543
21615452 21615457
1687 20222
746376 1525721
32723699 32723717
35819296 35819301
35819344 35819348
39505985 39505987
12310326 12310334
39588706 39588710
337395 925801
13040701 13040715
33027071 33027075
1097365 1964481
1566371 2425677
1445066 2314376
115270 371854
37681782 37681786
34498912 34498915
9883150 9883158
23299513 23299520
36738925 36738931
32966155 32966159
39117313 39117318
15190937 15190946
15663392 15663400
22968018 22968021
39507096 39507098
4957349 4957363
39538263 39538267
12265388 12265411
21765115 21765124
21817046 21817057
30745671 30745674
37670964 37670968
33045820 33045828
21877147 21877149
989303 1835056
3740064 4013573
3616694 3939988
12249143 12249151
2936502 3470327
39505800 39505803
21761331 21761337
22907413 22907421
2132454 2879393
3146601 3620661
30759852 30759871
6613073 6613096
39508050 39508055
13385637 13385649
87941 299183
14958189 14958196
10004289 10004306
1457764 2328649
30761414 30761416
10232 70355
21749148 21749152
15241712 15241720
36115848 36115852
5330732 5330737
33025620 33025627
3280452 3715513
21818351 21818361
36362211 36362215
33046240 33046247
29609012 29609018
4932302 4932343
402048 1015836
1015796 1867366
35455058 35455063
30751442 30751447
15220663 15220687
34220350 34220357
21792204 21792214
36329501 36329503
36406610 36406613
370743 970850
34742149 34742154
29053203 29053216
5629280 5629312
4608708 4618920
39511457 39511460
15204349 15204353
2566718 3206854
31397385 31397391
35442983 35442988
23411089 23411097
1267544 2144294
9233174 9233204
37887280 37887285
16259 83476
21665010 21665024
1713678 2543749
10318681 10318703
32985500 32985505
21713368 21713371
15242630 15242639
48737 207972
39510304 39510308
11487211 11487229
39510318 39510322
29049643 29049647
21657524 21657549
34848778 34848782
3938756 4143317
28764512 28764515
207440 618615
285550 796837
36418480 36418482
39117214 39117218
9550052 9550075
14667525 14667535
21781770 21781774
2160637 2901535
3615799 3939247
21911492 21911497
33046637 33046643
36435007 36435011
83314 286751
112514 368238
30358604 30358607
39510945 39510948
39510989 39510993
21781704 21781709
21849809 21849814
182335 557962
11921616 11921622
35822588 35822591
4987926 4987957
2733563 3323444
9890712 9890738
21790155 21790163
39511261 39511267
14758622 14758631
30321814 30321825
15196937 15196965
13619882 13619888
39511402 39511405
112786 368859
4922603 4922611
21730955 21730963
11623011 11623025
21753214 21753221
21785582 21785590
33046850 33046859
39511585 39511589
30759958 30759963
274860 780162
39511644 39511648
11688393 11688401
35797208 35797213
15194037 15194046
39511790 39511794
56156 231578
21809688 21809693
2986747 3502655
9659927 9659938
35821034 35821038
15580555 15580566
21729707 21729712
15218787 15218791
1583923 2442290
4553289 4570283
21714142 21714151
7590000 7590021
35823350 35823354
21682714 21682729
15241828 15241844
28229521 28229528
35455134 35455138
28361045 28361050
30769145 30769148
29047100 29047103
11563627 11563637
29608456 29608470
35823698 35823700
35444735 35444739
3139838 3616286
35823738 35823742
32832336 32832341
35442468 35442473
12063797 12063814
11128778 11128787
28383210 28383213
34706685 34706687
32776167 32776171
39512826 39512829
30738432 30738437
39512888 39512891
9223081 9223136
35825313 35825319
30314497 30314505
35824045 35824048
21873367 21873376
15187341 15187350
30783915 30783919
22873343 22873347
39513214 39513217
5022795 5022808
34754863 34754865
35481086 35481088
852936 1667412
39513625 39513628
32792422 32792424
39486233 39486238
2458675 3137047
3628722 3947811
13414463 13414470
4480277 4513040
4026858 4199499
2393503 3085937
3156349 3627585
30775709 30775714
4660358 4666309
21833853 21833862
5755596 5755626
526772 1234905
35472996 35473001
88004 301746
31922 133401
2838972 3399147
21953662 21953669
29043279 29043285
927833 1734905
3504973 3861713
826205 1635905
1807115 2618804
14586308 14586319
2351826 3049111
21800575 21800580
15199348 15199374
4428404 4472645
4609687 4619800
6509559 6509581
15411696 15411707
21882217 21882222
11804372 11804378
32777567 32777570
39515404 39515407
1282360 2159790
39515428 39515431
15562880 15562887
846239 1658794
28437631 28437634
35446177 35446183
1714847 2544908
21814042 21814048
1297223 2176139
28377737 28377742
11966239 11966249
37408993 37408995
11158268 11158276
30777922 30777936
381537 990452
3470330 3843299
39515996 39516002
32961283 32961289
21839800 21839807
4473536 4507058
12889844 12889853
39516322 39516326
30239780 30239785
13675112 13675118
3557778 3899821
39587370 39587373
88007 301932
33026955 33026961
29048971 29048975
30226098 30226103
39590640 39590642
369287 969249
9574233 9574268
39517284 39517288
39459421 39459426
36249675 36249679
28383254 28383262
39463804 39463807
32829138 32829142
34013164 34013168
8102544 8102556
39590703 39590706
5980285 5980349
46048 197770
334666 912445
39517706 39517709
12152798 12152805
9398049 9398059
511680 1206750
39539050 39539054
33058916 33058924
36116498 36116502
35474730 35474733
8844280 8844313
36116149 36116153
21955983 21955986
21675747 21675752
21649805 21649812
31863086 31863093
39494784 39494788
31893455 31893463
14955311 14955336
4942139 4942309
727105 1496230
21722687 21722694
9951065 9951122
28382133 28382142
36116276 36116280
39521266 39521270
1659 19860
3156345 3627527
21783059 21783063
21634546 21634561
35826608 35826612
35826608 35826613
21920411 21920416
14616469 14616486
33086855 33086865
28360128 28360131
11944014 11944026
968867 1808251
39520314 39520317
35794188 35794192
11353967 11353981
35471426 35471430
21775472 21775476
39484428 39484431
28778538 28778541
21796485 21796489
32800120 32800125
29039320 29039323
35826826 35826830
15193564 15193591
35405229 35405236
39519452 35405236
29039634 29039639
30350019 30350024
30780511 30780522
21752557 21752565
30327770 30327775
201579 602567
21839270 21839279
1867185 2666560
8634954 8635208
1052204 1914846
14623423 14623433
29040979 29040990
21778239 21778246
9817544 9817558
826213 1636119
3615810 3939358
15820638 15820649
39520091 39520095
36365722 36365725
4105056 4254482
21613212 21613220
826226 1636433
36340214 36340216
10335581 10335592
39520490 39520494
35827702 35827708
35433900 35433902
29045761 29045773
21763646 21763653
39520739 39520743
28385034 28385043
14295481 14295488
2332340 3034266
1594208 2451443
35442016 35442019
13219614 13219627
43780 182142
33058824 33058829
33058824 33058830
32834010 32834013
21674019 21674023
36116289 36116294
30424260 30424265
3086378 3574081
39480981 39480984
39591221 39591223
15221382 15221395
306330 837304
36816 146831
181543 554128
28963610 28963624
36395267 36395271
12305603 12305610
3904494 4119575
15229493 15229502
3318658 3740089
21760793 21760796
832374 1642853
3120850 3599384
21900732 21900736
33058242 33058246
30787988 30787993
15241809 15241815
197274 593312
33673858 33673865
15538706 15538711
39532092 39532102
39229447 39229450
39521938 39521943
28781156 28781160
35423322 35423324
33089483 33089487
15237624 15237633
36116201 36116206
10319310 10319319
14568366 14568372
5544964 5544991
39522615 39522618
15185562 15185568
4141875 4279415
12179309 12179321
21652569 21652574
2435848 3118008
1946280 2719996
15721732 15721748
21828913 21828929
39470404 39470407
7571 62765
29047318 29047323
1715105 2545121
28303727 28303754
15248043 15248048
28761372 28761376
4556114 4572823
39482313 39482316
15085068 15085080
32967869 32967874
2199348 2936840
39523485 39523490
10635537 10635557
29043105 29043116
3090667 3578134
35829569 35829574
28360945 28360953
13209245 13209253
87640 298050
368476 967264
21894396 21894401
21781131 21781142
15169782 15169790
39524026 39524029
35829753 35829756
2927654 3464008
31894266 31894274
923108 1731833
39524209 39524211
30751557 30751560
4598450 4609217
33100364 33100371
33100364 33100372
21710821 21710826
39524391 39524394
23105 125568
2637562 3261271
13637579 13637602
13504825 13504850
21663545 21663549
14084904 14084910
63607 246388
36658130 36658132
39117440 39117446
35801980 35801985
39481477 39481481
36116453 36116457
95578 322471
29046047 29046050
10042463 10042474
21643251 21643258
28951716 28951725
30744425 30744434
35864712 35864718
15243834 15243841
4260424 4354597
12338992 12339005
28158671 28158678
13778727 13778735
32776871 32776874
3244754 3690437
36116468 36116475
36297047 36297050
4428089 4472235
33875554 33875557
33058702 33058707
30765602 30765608
110218 354300
12883206 12883213
30770942 30770945
28728044 28728051
28728044 28728052
31685406 31685410
21778046 21778052
30338171 30338178
39531554 39531557
31893445 31893452
28773856 28773863
21880219 21880226
9980660 9980673
13217010 13217021
1540333 2400044
219333 673835
21728216 21728223
826867 1639343
15728446 15728453
3934855 4140983
30779396 30779403
11891355 11891361
32791115 32791117
29038552 29038554
755772 1538341
30612260 30612264
4028185 4200105
4278535 4368364
15260023 15260029
376011 979372
39527405 39527409
21720740 21720747
36397737 36397740
15155404 15155412
34872146 34872150
33055816 33055822
21927537 21927546
15849112 15849116
15778625 15778653
21697067 21697077
1060891 1922564
33049238 33049245
33049251 33049255
34442810 34442816
30294469 30294473
2063569 2822723
12351422 12351431
35796140 35796144
13694697 13694702
15532871 15532880
14423689 14423708
15239859 15239863
1003895 1854607
22884544 124542
22837377 124542
23449950 124542
23087917 124542
11793740 11793758
182652 559964
21668078 21668082
21630382 21630388
39507566 39507569
5002174 5002229
15226958 15226968
1262369 2139395
9651016 9651035
33092343 33092350
39496382 39496386
39470816 39470820
39469137 39469141
21961774 21961778
39502098 39502102
30299510 30299516
1153219 2024917
3104286 3587402
136005 426202
28682877 28682881
3020565 3530512
4954559 4954596
807434 1607762
21960164 21960170
4509254 4535714
117853 378458
162136 511592
260228 755570
12147077 12147084
14192 78050
39528544 39528547
35831693 35831697
2949248 3479039
33089406 33089411
30767317 30767322
3307334 3731960
12054237 12054243
9937856 9937872
556 4799
22581 122743
39528759 39528761
35746 142119
12253898 12253911
11644407 11644415
39735 162774
30746794 30746798
30771849 30771854
36367669 36367672
21785172 21785180
33057868 33057874
7506978 7507002
8571078 8571103
337386 925500
33941 135397
15705626 15705631
13859834 13859845
182999 562811
21960257 21960264
32854332 32854335
15724665 15724672
21804533 21804542
15733203 15733231
13153036 13153047
39529553 39529556
15219618 15219629
15197492 15197500
28776525 28776530
1855033 2656792
32989160 32989166
8978342 8978356
32820223 32820228
4669938 4675488
30344679 30344680
9543424 9543445
30778788 30778794
14597238 14597245
30743080 30743086
33057699 33057702
31851591 31851598
13453183 13453221
969129 1808484
11747893 11747902
925212 1733341
12279653 12279662
21868266 21868277
15238040 15238046
23158667 23158672
39530110 39530114
30768949 30768956
5036243 5036286
13646714 13646721
30746818 30746823
28477621 28477628
33036456 33036462
33015632 33015640
15182117 15182124
15263373 15263378
33093873 33093875
32826063 32826067
4474428 4507922
35101988 35101990
12173352 12173360
11885761 11885798
289317 806869
402417 1016556
31849593 31849599
35474905 35474908
29050982 29050990
257701 752818
30334185 30334195
2171513 2912360
8789730 8789744
33057694 33057697
35834737 35834741
755770 1538275
36116304 36116308
7775 63146
82084 283956
36429145 36429148
15090487 15090498
16695 86260
14584203 14584212
10657353 10657424
4947893 4947901
183315 564030
15217332 15217347
28739103 28739109
680470 1433087
2628275 3254850
1539299 2398982
32802108 32802112
35834425 35834432
15227206 15227213
21622002 21622007
30324558 30324564
21657175 21657181
39531783 39531787
30497596 30497600
8865 66739
21831367 21831374
14495528 14495536
298355 822432
30777921 30777924
39531898 39531900
801747 1593193
15216263 15216275
39532184 39532188
15198090 15198102
35835000 35835004
28780782 28780785
1092308 1956839
9811479 9811500
84566 290442
30760783 30760791
4946747 4946757
3271475 3710391
33287692 33287697
30610431 30610441
38 287
33100549 33100554
39533855 39533859
39533579 39533581
36115878 36115881
21814834 21814837
35835253 35835257
34451094 34451099
21904374 21904379
21848610 21848617
13782266 13782271
21708845 21708854
