8672058 327667
34999045 131582
14742038 99837
346517 73818
14357144 706070
724831 487293
1443803 678219
9520230 231295
9805448 55366
14748910 1828419
6223287 220263
3400352 289052
5139348 393646
5679318 1326008
5285543 101822
24377477 361362
11058080 305872
24395661 366192
5970640 97966
10711122 99520
14799588 119556
1323942 346741
2194660 1182519
10790358 220199
2823 35767
9461857 617000
35005997 55339
11309299 340057
5303801 217184
9539426 408408
1842524 284691
3175369 67461
10750880 408263
14354108 74134
15665879 226588
42603072 111505
9404721 524081
14364238 325746
14332689 911828
3809936 343326
5168130 369116
8137963 423650
10847644 122644
11059063 311734
4114727 444620
11059167 721241
10734019 1537642
3031862 100173
12672537 192467
6230248 242974
3890696 324478
11044664 416660
6253380 270261
11059555 2736243
24396065 432984
3720167 486481
11210654 103540
42603073 463743
8601881 68083
7113397 799278
7113397 237959
6473919 1287703
11189760 221971
35005548 333370
11098971 363620
955908 94514
14358696 52399
10733606 167249
12672537 63457
3677743 1778735
11147520 664351
8892450 668525
5131073 890774
6057298 1011628
11059945 1071066
14570873 225328
14330132 76675
7789494 939219
6572755 1788206
4323647 341220
4323643 541613
11060176 461792
11366550 136229
724801 1307620
3163659 344822
8750569 1307692
7730200 506201
33123399 691176
3989204 344034
9514833 1028769
14824789 316131
10766205 341356
11149805 757881
9364242 648680
7943350 296962
11937441 339519
111289 48344
6208974 120695
1446687 110046
6042417 202363
2525980 16954
1103020 224944
14759456 64013
7452525 54271
7559116 193217
7517542 217865
6253973 448604
445939 1097789
11005648 1060351
6239340 46760
14684530 1853326
11044875 164414
9524242 915679
8329527 221027
10665490 99636
9512206 180264
6287568 788484
979915 1266508
8514881 235004
7906135 312770
6800660 15711
14734158 116601
7820684 117897
8198304 1124295
5671162 1314486
4051886 605308
3637661 222177
6065692 1072841
6244040 126762
9525135 1106878
11044982 470029
573973 350948
10760130 634725
14732342 654396
36469216 362321
2169285 224736
5975251 666289
6977160 67999
8710890 445149
10074861 100678
14742139 322403
6853108 908977
14733937 862789
3897158 952719
6755981 1398137
7829445 742375
6138241 1300556
11386762 774963
9517804 1444116
1313643 361895
6243929 353794
125207 408562
42603074 1744875
9525354 369847
14732424 1104684
11197871 1660118
7421243 504252
6024116 874109
14352737 24119
6530875 921003
2373171 909937
8526515 342605
44481 189084
6052268 288532
2339608 333946
11063574 94587
6117430 16994
5736870 817597
9512485 49963
12042751 345679
1215408 756206
6249663 374266
5469691 1827482
33121456 271950
1105433 671429
14752143 784026
14754365 906817
12042794 25766
10712646 500717
5564053 987278
8151442 1492038
7625961 137990
7955918 339005
4832684 325058
3620640 333606
14352791 1122047
2292772 1209984
6552975 118269
14534375 596522
11167591 826592
5401479 99945
9918763 1385731
14344203 233222
9522952 912888
9517495 99939
13086446 596550
42603076 1006908
7893870 711023
4396641 2654520
3230859 320222
2595803 877837
11064696 462514
5714628 2737978
11038651 1638157
8925828 294632
7479741 294606
14737250 308524
2274768 50959
6348463 2065683
14686864 619399
327794 517749
10743538 2221925
7859785 394065
5561079 444699
11065076 278515
14385428 499902
774336 50632
9292391 2291438
6047851 330373
3865130 224513
10710983 186206
5333420 131449
8490796 109690
10077760 289707
7878133 272266
6497347 863765
462885 1124356
8671104 137477
7111966 663960
2842137 788147
24391110 659193
7895246 987566
6584036 189478
7092771 1311910
309363 333571
11313359 1045002
4051886 419591
6596891 738939
6311920 2878093
6216293 660857
12533542 64999
12241402 243663
8186894 54186
10848137 1033166
6013193 1761868
5453194 612526
1105431 154490
2687116 307325
3162249 120716
335711 55340
4073801 216884
3831262 314344
9382436 911949
9191857 333788
11124597 336502
9519615 2250976
9249605 352597
33113418 97703
3773188 289055
14743535 325282
12033303 465952
14742217 764942
14749821 1738719
5275194 1634003
7652083 3191184
7326947 219889
5341020 1569965
10737392 722799
40206697 3611111
8020065 579095
6269904 901668
14738576 431479
2216900 1290503
11295058 587004
8693562 669492
9517726 509391
2750580 900250
5076078 607255
8030906 2090613
5434766 224939
1971685 654753
4012854 507054
14738624 427833
11804810 386558
36095 142495
9352862 441269
33012309 669565
6185824 607336
11045837 17051
7909961 4342
24396405 1772084
8235188 752662
7879268 811169
579794 1296849
579794 735935
188023 579807
3732667 1118073
7293224 589291
3553505 100778
1938268 5596
9522134 355113
11045874 224261
5734554 2329032
8755049 791824
9521448 3328466
14738731 1625423
8225282 1039110
7069456 896301
11181846 803750
5450009 57093
7744809 671093
9521711 852137
9512450 961578
11068895 914681
14685595 715257
11296896 848735
5654688 396491
9225640 270732
10774275 330067
14739710 365097
11297332 327194
24393127 159635
6435920 170879
1357455 1266983
5394173 1266789
8917508 203404
8895506 466085
14362685 110235
1565760 1080072
33116289 1004961
12460681 416588
14741147 1755265
7153287 169492
8662871 104821
9524438 607512
14371696 639057
7959902 65703
14739798 155901
3553531 2473185
6087665 924175
4868438 2554516
11001983 828441
9171791 358945
5424314 1030552
14741065 832122
5431480 652252
35045585 242689
6545334 1921131
8232315 326799
9171814 1006525
7941199 53857
10745570 396004
9510601 1286129
3256526 664018
11257801 1526577
6737751 352026
2751809 1154193
8128797 1044443
11070046 831654
5588709 396293
24390247 937422
1718613 107315
6285113 330002
10833489 341136
9512835 544472
9521687 418794
4693880 673511
9510881 202178
8995153 2440237
10882825 913929
42603079 1272973
8228792 529490
11176611 831511
1977507 1908050
17845 89890
9510868 530882
10784354 222732
9173316 1079411
11672430 337266
11672430 872350
42603080 735810
3344000 2606256
11071472 295713
12041928 126765
6572928 914026
9413791 674813
14731279 2948843
2963175 1640843
518311 1218529
14802443 135136
33122467 348156
8662318 953233
448851 1104450
9520827 2511931
7647499 341357
9520834 3101153
2216898 2016736
2741775 892373
9517651 120384
11957072 1142025
6080744 1308901
7412248 630311
5728313 3064556
5403705 901756
425014 1067805
8628251 52681
9515234 867594
8671449 3368163
9515392 218719
14350327 1570462
9520045 23039
6768047 1717459
3339490 1804884
6150801 83939
8552230 109250
6084847 334662
14716966 606768
10428251 2729002
6770867 671149
12033532 332523
5484793 51643
41189265 14225
1551965 95333
14740089 1649552
4269420 745859
8238081 287360
2489678 1131186
14740104 1024065
14740124 387478
4721743 618856
721417 903636
3133144 3022089
1562382 1711766
8869687 580907
12043342 580882
5512539 142625
5684481 1613417
7218257 655739
7219198 39414
5766929 339741
7966685 1090793
3798866 349073
5732931 954071
4966069 178408
7652058 110329
33001579 866131
3382460 724094
1313641 92145
356257 541037
3100521 347572
1105430 864938
8334153 283718
8208680 882214
3619220 1109056
9332678 2138653
9451346 1194092
5855147 51269
1400974 2275147
14354916 135013
913206 166427
5962473 2348164
4198071 323376
9520474 1632641
6092409 417784
2349491 2206856
8906140 376171
14740229 1941430
9513714 2754706
8676478 2502462
5849588 937784
10976143 95721
13049125 396297
2577886 856324
4139337 1340651
14732507 856338
2930926 154224
5434707 1810605
5935681 292847
584768 910141
584768 118661
33119772 336222
3509450 513241
14826314 2214202
8478668 1167529
1097535 1640886
14353804 1044492
8020541 333747
5397915 2135534
10977690 206066
7140322 334397
742436 1370682
516442 892545
10764274 120912
9009062 811716
14743650 857640
12566376 493774
6317337 344074
6420783 250169
237238 723159
8685850 1414001
6094175 290779
8485547 850093
5703923 976929
10714187 2039428
12241420 125325
35512818 2358412
9511955 899123
7470834 207621
11244615 109743
5688795 95109
14748710 92403
5780455 408833
9521644 224840
11056461 678359
11322949 2171896
10776654 831772
14334416 225066
445942 1097902
3211945 1099029
9230430 295456
11076721 650116
10943585 699082
5121733 515451
14743789 1262839
10886081 602595
14743861 441533
5866313 378683
13186603 746600
9516455 827681
12038930 1021730
856434 540496
8914923 97346
7511435 391441
11077293 1299390
10742602 471217
6328355 850159
12033959 2371138
9496609 144456
8914569 1186011
5348901 2595322
14742429 50854
10770567 328731
10976197 415571
8551326 2947055
8466006 1874959
1067632 653805
10823061 313658
5041833 831346
8233835 1709765
142013 447326
7953519 1773032
8760127 2088350
9523907 1374454
14802000 962380
7012586 310626
14735666 99398
14368897 800840
14742444 107068
14743931 657164
24402527 664125
2365277 640304
3543375 1083529
729371 633254
8780406 394254
6976997 2356158
11941539 944603
14553770 381839
14743970 504117
14876886 631382
8207818 1167173
34715299 863313
3543375 98898
3890695 98384
4341405 873380
4082423 586117
4235316 1168821
7032829 373622
838000 1649063
11179244 2726806
2706802 101887
6529354 897265
1842562 2130488
1299279 2179088
773346 1557302
42603081 684567
2536895 133347
6595865 171501
6280067 607824
11179205 1740645
7211857 1393812
3244661 2633447
3100502 296100
306301 63511
6499693 335133
7188710 430834
5013583 2543285
1438094 19419
8909546 876854
4288239 67339
6787295 790531
11685362 1198356
6082647 891322
5386551 3009064
6022733 2181216
6210918 249234
11149273 740921
33121525 1584728
9393783 772190
6344920 2853010
6717669 1177108
6181732 3793634
9511045 1659455
24396443 1724517
10662385 2503281
9760019 191433
4579630 388750
6349642 865719
11146873 2143607
12315518 1510873
7954795 828847
42603084 362170
9332138 3008653
41727684 920842
9129785 1079125
6015647 861351
5830887 2466928
33116700 1457770
2472440 3148427
11226294 2405416
4518016 662917
995949 1601456
8072910 824670
3129047 999890
298453 822486
9607214 859310
9282168 917543
12561426 2315259
1977506 2245921
3132882 735602
33114644 570431
1930561 2706816
3106430 886947
9312884 345684
6293851 918419
8909396 2492367
6553792 190510
12038066 100236
1273912 739595
14744250 1197703
14744247 892263
5406595 198240
4875807 1155071
9520190 837811
33122339 208417
8786679 665289
305848 397426
24397057 1059564
6351560 249824
3637749 1006041
10753292 1658238
685127 1438395
8731780 415525
10780949 1436795
6024737 49653
649732 1391171
5435088 814008
10872949 929488
5859707 1189311
6372493 909690
11308631 3369769
11243963 351860
10819576 227539
14744389 333752
5552162 3839943
4188751 145543
14742792 1436831
9514921 915163
3487921 107535
42603085 1223655
9171224 313672
4484729 2662893
5887745 1319388
7452587 55532
6909944 486420
12702160 475107
728450 599587
9051285 907405
9521470 1864152
42603086 879484
9395411 521244
9395409 1954392
4209128 489559
8602511 828914
6797991 977558
2507137 319013
11327460 1742230
11124743 830372
8897100 2607639
14378826 3627347
11082740 865936
447348 471045
3738288 2655836
37665311 2293622
8571140 930028
5759004 358068
7380329 661308
5916402 2418894
9513751 2513395
6400417 221561
6379743 361178
25432308 1665870
6931255 172771
6189158 2495989
6060974 681670
5954835 659969
9519354 1941622
9185155 1544575
3428929 705436
34995984 390686
11083923 2854620
8696364 95373
14744511 1680127
5625808 342106
609840 120914
8474014 291963
5071776 207729
9586813 691665
34999285 363175
9516132 1027286
8318068 99404
5515168 393099
10941857 1071180
5515168 373483
3843699 1849277
14322410 2129453
11815149 627455
2604166 3237840
11995694 798976
11048304 991790
50476 213874
14358586 927992
14741134 319819
1789327 250849
6144945 4132427
5656191 681720
14808952 4888571
9513947 1819435
8909426 250656
11328572 1798104
24344816 3268913
10180988 739915
4387634 739837
6680433 129480
10800017 1256832
9068655 464379
4367250 2480745
14744568 2154029
5740017 1721696
5343099 1968990
11566741 2485693
11085300 3185567
5834874 1451774
8257645 740351
11085517 1458168
215058 654271
11328622 1307372
14350713 359545
1543161 1409026
8456204 3228657
764157 1548054
4839660 95428
24393194 2161158
1101621 1601126
7812494 3480883
33011681 785411
4443482 1659184
4484655 1196183
6462165 347230
14743297 249889
9523757 267807
6370825 918228
8548657 249912
12042255 740201
12957960 1450773
11086141 814884
9524082 1511332
7539148 1415330
12014724 3611283
373319 976074
5857176 4254948
7603162 82686
14362697 3131142
11086361 321255
6410259 345998
6149397 334645
2706856 126373
9514594 41955
12037203 2378557
8439336 191236
9355481 1817322
10885913 2740114
10813566 189682
11956414 1275135
9522941 2895196
5701585 1275052
10736350 725781
2908755 358949
8868300 1121924
42603087 1192440
9522101 174758
5185861 4877603
9959022 1054506
1313097 450818
11087646 2149810
2035629 53548
358740 510019
6107499 2990403
6814133 652990
10424822 1451451
12043325 4444184
5185880 2203253
14749065 357686
3197927 1490413
24390292 996733
4387632 4443463
4387632 48779
6453804 2427059
1059297 208460
14735818 299824
5121139 2225112
222252 685838
14358392 2133649
6537686 663146
2328482 566316
11145249 347575
8300609 2460630
2837007 1500926
6700750 1816088
11128564 160739
824827 1633563
3843687 1120520
7886138 101597
1104741 98039
7902159 566891
34999897 973827
723797 687996
7908861 36007
7907759 424473
223263 78335
3219386 849887
3755627 92197
2959353 278847
11088518 1237118
10746880 1470513
14744896 408369
6806092 105052
9517344 1282165
7944978 628805
14853744 667883
2842209 998419
9445344 2243573
14460350 361461
11855989 1678385
7550768 882698
6436230 171602
12474469 507231
7272082 681162
5664363 457301
34928976 2327253
6539895 199577
1441988 1727226
54921 226617
14784851 4011819
5071773 13705
11005622 1493674
11230625 4867597
5585128 335336
12544214 1394704
11139397 1304329
10672636 2972088
3650041 1296378
805638 606164
751023 1516705
2913121 3454437
9515552 1758705
6673811 1375281
9072541 4866351
14314447 782682
14360522 278398
2638977 509037
8568863 912721
4761977 2132940
9949039 899076
1074377 1500260
11089691 1284862
8952705 1829536
4338739 43717
5868499 95487
7907694 1335505
6208642 13326
7859544 813633
10732894 2144458
9411473 2492067
89863 23040
11252683 27081
5564834 925981
11960009 1740646
745110 1363665
11093109 2801859
9274757 545057
10761467 553381
9523648 745068
5449874 24514
14347659 1267784
957486 856596
1671353 1286812
9525498 1766754
6461159 2991520
9453102 4427701
7390552 1221137
11090445 839941
172804 316052
6748636 725413
1977627 1240059
9523161 2225703
9516230 1799325
8725335 1317117
7905363 543888
33121392 642734
6505531 1357630
11310892 31715
9866446 1877290
11006609 948943
9135428 1741182
14745086 227143
12021399 224119
449502 220044
5077869 3009685
11823783 4851698
9520629 541318
11090917 221681
35005560 1069223
1049145 255652
9310805 1759272
6463460 1257565
3586345 1020534
5458932 4623845
11091145 142354
11193596 288103
33117196 900924
7378557 705164
2490201 2505463
6732839 2692362
42603088 1832465
8434235 2333737
7871154 1207348
8903102 484869
4775322 2075796
24396592 485071
14749194 225968
11091462 224836
3611055 471707
4352081 1162590
9512212 1176108
5275578 573044
11033311 511955
9524091 1788873
1088418 375871
2804270 99588
7957476 218419
7419404 484996
24396263 1038739
33125223 1577211
35007763 485085
11091885 1402294
9513380 702710
11042673 2034389
5327200 360937
4464504 1056689
7452427 962335
5964102 1455258
4464504 559030
6793962 1039455
12587133 2539474
14745254 678279
7032808 382908
6128704 2370333
11092620 224742
5661427 1677115
3425542 356621
14349263 242531
7412598 582109
3093086 1489386
2913552 625107
14745311 3355396
5837709 1625219
4484729 1268489
449034 1104756
4024796 515235
6042979 1214125
6123248 3214423
298530 822637
6725451 1776503
1956124 1798079
10786585 540586
803699 916561
33118349 1266866
6168874 2143804
9836323 1706344
5719381 1420600
5732735 2295853
6103507 2156670
12672887 1447279
9518320 101601
12664581 339585
37666118 721921
14351773 1420790
8919326 909470
14353864 365053
11094082 1045961
12014364 2061881
7633068 1602345
9518336 599777
11332014 2821674
2844135 1122045
3775547 354325
14742898 605276
6222706 226498
14389857 743919
14745307 4159195
11730927 290980
7797048 1413443
12041952 102229
9048573 2346070
7040564 812045
11332043 3222815
3485704 2511395
11094613 320963
1703245 46681
4087705 1840190
6736289 961617
34903063 101072
5188212 353654
3486793 3187759
2490548 829647
8162722 2264418
8202572 237030
7830694 1426796
9397707 174542
8924083 700277
9510891 1293479
10771723 363943
5866757 1674833
11049578 261555
9317383 2949761
9175220 440642
14718935 3963984
9163149 341433
11112742 955072
5262820 52190
4182638 3414426
2636447 947970
9515454 299764
13113978 1009852
1226153 2104454
6596370 269734
12010509 1279921
6070793 869974
42603089 1938619
6987290 1699177
1571637 1734052
42603090 2377641
5837512 4093262
9512675 1156784
9513770 55002
8695166 1513549
9331684 2138587
225130 697468
6254068 1078134
36266735 1024920
425012 890176
2231171 1665196
6910964 53654
14376608 537506
11879052 13706
6527409 208028
11041805 42613
42603091 5655
10795362 345623
7833404 1884042
6723514 1802964
36483475 2506927
9134832 1649553
11142147 3621558
11274838 2083559
14362691 1758615
7957490 25366
7710752 1313117
1215410 1761002
1002349 53549
14745418 2632374
9514898 655055
7877770 1826560
33006426 1666250
5521429 890913
10753872 136674
6904956 316589
32995608 1462764
11233846 324501
6532813 1427412
6532903 6467
11959343 1427647
9069603 1089950
3341105 102223
6766390 1586911
3406435 994977
2689069 23426
35004729 1701519
14745440 2637230
14745446 143028
14716106 1790168
11096824 107695
14346089 2102045
14743523 3016162
14686027 2438539
2630658 659302
12041572 2169120
9270483 624993
6941729 2503569
14361115 451800
11096946 4872195
7758355 1447510
1565420 2424313
8975382 632747
10844119 17882
5851562 1224296
11650974 806371
14745484 902707
1281921 1770905
11734538 4118781
685365 1439917
8976190 3506659
8817187 348188
8748234 1694483
9324862 664130
9175431 1599105
14745544 1387905
700188 822986
10976271 1690883
6115615 1592957
11097840 946581
1603221 1629982
9517187 3308613
2311758 1113254
1342588 503778
5660543 1175627
5975583 1005660
14735958 493364
8976956 1850324
9772552 2640989
8273435 742479
11333740 477588
5414185 555839
9516100 624144
10764656 3539066
5186150 101603
7475930 1323120
14742884 3638106
3268844 1861946
9524820 886548
9520951 1250807
14350355 321237
5995265 959706
5995265 1325796
445936 1097690
9117555 1046155
11214305 1311168
12037872 911952
14745654 105051
14749161 254689
11098606 340104
14745662 3158092
9522183 316367
9273671 3008213
1550271 133703
9523428 1782682
9517435 338314
14379665 100563
9094708 989348
11188063 4398780
6422442 2528646
9178788 349601
13074695 2306569
42603092 104065
7020691 355114
7020691 726662
24390132 4882007
8541732 1468984
7696733 272192
9173824 290723
14745672 1365408
9389274 701120
12534527 652662
6636998 962403
6157407 93713
11334087 1486198
6801204 795050
14753728 331027
6635777 186151
11136950 1095020
5435608 1419125
42603093 36679
7680430 102040
8873228 951658
11140812 328944
15501651 1933567
8120956 160909
14385149 668019
7103531 2552492
10822040 145939
4295873 275803
8869631 907225
12031778 361084
24390317 1832882
11687687 1257140
1624695 2055818
3054288 428907
6295925 1593591
7714811 590908
1836180 1585554
8441936 702512
17942 90257
7568859 3057338
5561847 221875
6274020 3326153
1789095 1643054
5403079 4888324
11144324 458117
7261978 2840492
1706780 876787
6245991 1444691
11037869 1449299
8802812 95196
11101364 3034732
3284760 1548354
33114352 35783
6972604 216901
6067019 464702
8450859 53686
6563416 461860
54369 222901
724700 895696
1703031 388056
10813871 344427
10936737 351535
12034566 2352660
11102155 3322895
12163574 1736021
9383960 681797
5652434 681283
7501484 767088
14737000 97739
9522413 372064
12040378 1795424
7831872 1331216
10742237 50649
10742239 799914
7805441 2794846
9661039 351869
6565834 1483638
14745762 2500020
6565875 4893139
2358497 324240
188531 293485
9521667 1007330
8995020 1488753
2358497 288413
7578980 311743
5709473 1305048
8483317 300089
6566677 2502337
1552887 95950
14332246 819693
11102691 9044
11655481 761914
7898325 222785
5575093 4894296
6566704 259000
742385 193269
742386 961442
7390440 215182
6567157 809814
6586109 293520
6562131 889773
5985371 99251
2358763 2881397
3889272 698760
6639699 1705985
9520252 2886780
11131135 886705
10739100 1002375
9512494 655257
10675143 1450770
7161284 1599285
14745799 609988
11103216 389722
8513814 237825
6851435 461571
10955609 1309069
8783196 887277
42603094 891428
6006927 1674584
9023010 1657726
14743638 3172065
42603095 961560
11237205 471294
14745823 924818
3336671 1674832
2834823 3396255
5197568 4895657
7586210 4895674
14356797 1641435
42603096 3457495
3035860 2420232
9523679 392676
1833168 354512
11941142 253316
13128174 102399
14743712 358948
14739648 1308464
7947722 681815
10775979 671199
10740126 681902
7210288 885640
1975996 2748731
10713956 1998105
4383655 477055
10427205 2094550
9520665 3007041
523790 54660
442943 1091846
10798792 660427
9516624 1994646
6406800 1160803
11335314 878772
7942337 951346
8725016 310733
14754213 507894
447148 310576
5919538 572279
10793420 1263380
6205925 675820
6232149 293483
10665059 1240001
447022 355106
3030557 529846
11188578 1163997
12016544 1240208
6292345 1127401
11104271 170986
9520966 1127408
35008165 218347
9000804 506486
11104336 527450
7293156 2334011
8915731 1082711
11335232 221967
2309087 524290
8217775 1829847
7491225 2019507
8978105 347851
7079045 462856
42603098 1999304
8757930 2885419
7783982 508306
13116620 359540
8261212 991978
6588189 892090
7501587 1528871
9564821 1528837
6211004 332853
7475350 1074678
1978718 214373
5412113 709537
6390776 394900
2751799 333070
14756091 1529058
14382542 348516
6768818 1055620
9449020 1720489
3161541 514230
24400219 1334275
8423836 1325870
11996896 181815
33344079 199165
4271128 466754
35006588 1800292
7445826 891431
3076703 92349
14356827 218066
14821931 528075
2892836 208220
7874579 2013926
2195590 376076
14351773 922408
8561882 1148963
28737954 1654647
11925458 311474
33011564 1230356
42603099 498383
6090270 527171
10801819 516318
10920227 538435
42603100 224974
33011937 255007
11400441 1242719
14734637 362921
14718935 603434
6780353 155012
33012373 1528462
12990848 308367
10801823 2116052
42603101 137824
773346 353761
1441939 199437
7521232 322955
35003620 1009206
1647026 319014
32995544 1113944
31125166 1122878
32995291 243060
125207 408578
7305719 275436
6287267 397229
9513522 464941
41189207 956321
189179 48775
10430818 597523
12023438 22782
5580319 1488457
5453194 363127
14399949 505748
10801831 2346799
14382844 665711
6188606 780144
14736509 320314
8062050 433117
9389964 58120
42603102 146180
10700825 349845
14734835 742017
3950214 256094
3018105 331029
11925721 2187164
7768742 49534
14351568 333951
6682905 57415
42603103 2377756
10785566 2270776
37665996 3524900
8192686 191428
9515804 1218593
31125167 38603
8700316 474443
7678106 187665
7531919 34013
11051607 218398
6637079 500751
14748186 243073
11306540 2826505
42603104 3375668
42603105 1165740
6009591 274265
11051686 235512
14736495 122516
6992007 52073
990627 997779
1067631 316339
5891582 364001
3479354 1438335
8151242 459923
5338415 336223
1438363 199854
7956535 1142152
1549330 587007
421188 1060824
12046467 295848
24396113 526134
773347 196362
35004755 4074934
42603106 1962135
42603106 94391
4387630 391310
28304489 255675
5500232 622323
37665090 2624279
10396609 920650
13935863 939545
14348349 238003
11924391 140464
7995493 59891
12010617 1101642
9467618 584773
9511440 86699
42603107 213995
14379646 98553
9397954 49394
7959181 194302
8078777 213724
2855891 557741
14351601 393030
10740831 339580
5383709 325375
5147629 142496
14741679 96398
5959469 225053
10722023 403059
12552718 196791
8199869 35423
11249431 2150265
24393259 555381
9519061 295704
5995528 54315
9027459 216940
9027461 209081
12035144 252965
8564382 457076
6008553 101038
14345599 1042842
6373857 242882
378499 387017
5470980 61429
5433585 880706
5525613 34778
14383279 396255
9519845 647808
12193215 445276
12544848 295899
7686060 283107
9517928 26574
9517928 68623
447845 746804
9516143 593390
10739995 83931
4509636 1007351
11053112 409741
14736119 311
9515381 817482
9000712 396378
5997437 2856
3591603 92139
7568591 97633
9525396 620308
8832872 359977
14353679 867300
42603108 800837
14760711 1043765
14578251 99994
6434987 39646
7269945 635103
579553 132200
2475861 716031
14353763 417344
3756001 172690
9547473 453520
5751939 329507
6206796 491130
6328158 478005
11800217 92350
11263869 43217
5519573 278791
9125351 553678
3302386 144660
4384180 95194
6633021 267910
6043724 74176
7364991 104230
140818 370375
5768270 61894
14736292 362518
9515598 246218
6012597 98603
9454859 630822
11053888 341573
11027258 503233
11053896 326974
7514673 343132
42603109 386610
14748905 52150
7713025 100317
13100436 77553
7839031 79309
14744320 19277
3698199 258043
10845802 231114
11265571 341741
10740178 517901
6481386 122959
14742335 390688
14337244 58192
6380885 354419
12033442 122870
6625605 265993
42603110 102671
227083 480850
15311164 49395
11320826 53191
11043565 360550
9518138 85002
6047684 98041
12041993 251126
42603111 98042
11258617 686816
6209520 213278
12636040 124902
9519570 175614
14736481 103137
24338989 540399
2951311 621309
8226950 515703
11280741 234858
306302 110317
7062297 605222
11054521 4036
8028929 83429
4387699 415567
358739 222480
12010484 448919
11663747 192376
8917149 36179
5457442 449796
33118744 622371
6202700 668745
14732067 664538
6312137 211807
5530518 229787
581681 276252
8235193 365699
200176 179104
11193778 250135
9243150 1062310
11202372 891661
14743201 101491
8233052 1708241
14736720 96481
8473232 122960
11320842 1851051
5702467 629060
14356918 336924
1555121 98759
7841088 308509
11055010 498757
9524193 827908
5435065 599753
5285502 385182
11292551 155081
2190317 98721
8241065 447997
2190317 111138
2174559 163392
6418 58045
6626810 142571
14350934 828047
11188965 416297
11055187 328734
7732628 257118
14380548 478796
546904 547958
12047716 640882
585330 1245069
11199397 117204
2382400 860725
6211951 364791
7959758 413066
9524592 393744
14350702 351963
11044027 213367
24385796 189553
5702432 235131
8917762 142372
936272 137031
14736920 39080
11263198 150171
3682257 950566
14741750 599450
9464949 394571
3977413 49531
14334617 66669
8694122 597202
42603112 340925
11203769 84730
3039020 135190
4253971 130464
5704395 57007
11150600 129865
14732198 336128
6016048 318931
11364841 55732
9523320 130875
9437303 95296
14383191 62427
13069711 14219
11056228 101713
36263664 939453
8378352 365970
5411388 129067
14683290 309440
12031332 1291727
14745647 16216
24395531 717205
14684363 109198
6671790 34541
14742343 219986
14736928 310248
14736928 221843
14754569 356382
14753097 232712
10665399 500932
7397215 394936
6143556 132026
14308686 96195
14356883 214080
6213560 446344
11273376 310297
7293360 249484
9512242 554776
11056450 162732
11056461 965694
9479604 908633
14736835 963612
6420644 864982
5988657 390689
6016164 1252936
6016164 1552892
5997559 163482
6051500 929450
5423974 1103078
4107273 459674
10742187 221976
12038204 584877
14367453 110791
12043310 120670
8951880 224950
10755955 337455
10664693 915209
4905846 62851
5460564 191090
6144590 150832
14352928 100480
42603113 649765
6609793 223004
14349271 49996
12697901 330819
6016875 505392
11272346 228219
7424704 1001334
11056690 649391
11056702 859510
8593166 2115502
9410047 170981
9417048 429254
9521581 195672
11127434 344721
3848721 365740
24393134 1552965
14745937 223645
2420450 41515
5880631 763765
3610446 320566
36263689 1309698
6724407 21894
1776144 325150
5325412 643581
9258138 104534
7941286 122365
5325412 817500
4014741 830596
9410953 604894
8371225 323993
9512314 631878
1544999 649184
6248616 849763
3322954 46166
8216523 55148
14737008 1458668
9518213 122218
7941979 512504
9349076 401013
37665575 2295384
7183652 1578153
2745698 101373
11057315 696400
11208373 1346326
24390231 49602
11057338 186999
14737013 367685
4800576 667124
10790296 529124
11271472 393843
11675942 10679
5804939 573875
6006846 269828
5482079 50137
11057589 659048
12561925 641379
9525286 113363
7574137 859622
14734331 230921
12034261 153262
584725 145577
12696880 1692501
7080874 336723
10813216 342873
14781746 1034084
12698042 331133
42603114 494208
33115207 347571
9515190 843521
8327176 97897
9521954 393094
5866313 365529
9514886 518933
42603115 345359
5971445 108904
6107930 168323
12033461 1001400
213119 649071
