186863 42322
39913382 218110
39891064 4231279
43389336 753029
43389337 9153996
43389338 6278882
43389339 414647
21811674 2437504
29995249 544604
43389340 1664673
43389341 2923591
39896172 10194818
43389342 10832779
43389343 2118174
43389344 7125763
15514094 15514099
43389345 7428183
43389346 1949290
39885251 14772093
39871044 20087485
43389347 20995199
30141505 7596111
43389348 6200898
43389349 1142122
39826606 34622233
43389350 10713023
43389351 21023279
43389352 281162
10198509 10194891
43389353 21021392
43389354 20222477
39814571 59569
14501559 234516
43389355 1576354
43389356 544664
2416766 3103721
43389357 21021106
43389358 573402
28183005 5891778
39795004 7708425
43389359 2451941
39789282 21020391
40044297 2166348
43389360 13422443
39821946 3036243
39825541 3061160
29943621 2982883
595538 1330891
10198553 10198556
43389361 35228621
15570160 11543828
29923719 9816152
30066782 16988407
14405112 1751267
174440 294833
14405106 11175344
538370 1258410
31767426 2201094
29855207 2027784
39895197 95476
43389362 11354118
43389364 19552033
43389365 5179427
29864392 16279792
4721478 1085999
5009011 5009012
39895844 21025632
43389366 4489110
43389367 5015205
39884377 19652269
43389368 21011261
43389369 21014333
39810595 8728357
39821896 299643
43389370 10758449
28183296 12231924
29857038 20073188
28166972 3643354
36238398 3179226
10198519 10198521
43389372 1565041
40046266 31205719
11597037 11597041
43389373 5062213
43389374 2172156
39901792 66148
43389375 31207035
10198560 5524332
5097592 2086281
43389376 6172340
39782645 2731
13405503 1616916
33833765 19728421
43389377 22412427
7179360 7179374
29851274 29851275
43389378 9341377
30095187 10196080
30013307 11149538
39809877 374496
739861 1511033
28168576 3262878
10198513 10198517
28173125 20953949
39843851 1292302
10198511 10198514
39821247 15821251
28178123 20953824
39915587 238233
39801378 20957069
9647127 9647129
39790238 10675118
39780937 20957105
39837383 5437346
28173853 20957120
43389379 18875981
39886564 20957195
43389380 5965854
39913276 1921003
40161672 5099053
43389382 12704751
43389383 19116311
39914027 97966
30099055 10636321
43389384 20961784
43389385 20961749
34403021 20961662
28179673 6625097
43389386 10791033
39811422 3527890
43389387 19905260
43389388 5671059
39847264 6602742
43389389 11970161
43389390 3501373
28434716 20961541
43389391 5059003
43389392 16280249
43389393 20961512
10198546 10198548
43389394 5940890
43389395 1630893
43389396 20951287
43389397 6057782
43389398 7483117
43389400 14873087
34057943 919762
10198550 2227685
43389401 7119938
43389402 7691282
43389403 10197158
43389404 1354073
43389405 12985903
43389406 20951849
43389407 3587736
43389408 20951866
43389409 9041021
29989001 20951403
43389410 20951809
43389411 6115364
43389412 20961448
43389413 20951418
43389414 12081152
39798931 94513
10198524 10198526
43389415 16753558
43389417 19230851
39846037 31212921
43389419 9769618
43389420 21314953
43389421 18140525
43389422 8173045
29991838 18050453
43389423 14781480
43389424 31212939
43389425 31212943
34291589 5460782
43389426 31212946
43389427 1309861
43389428 31212952
43389429 31212956
43389430 9176448
43389431 2824758
43389432 31094474
3140923 99520
4561571 2420296
4518310 4542815
4542814 4561572
29776193 29776194
43389433 29251897
34481705 10987589
30780406 3375417
34291584 6949228
10198534 2957875
28387624 9366522
859396 1674171
34254719 31214196
35051100 126905
29989862 20786816
30029594 14217297
38824527 15057912
29777047 7710557
271941 1394
39811894 280588
39874577 21592788
43389435 18746325
10981646 10981648
24404347 21592626
43389436 6301063
31767413 17534221
28166404 7188874
29950069 18780123
29930209 10800334
28169452 107816
39907279 21593084
43389437 18804770
43389438 18804787
28510889 18804796
43389439 18804805
43389440 18804831
42006087 3962483
775711 1560446
39870734 3026376
33587930 18801929
43389447 18801950
39224848 10213124
38683791 10213142
33587929 18802066
43389448 18802950
774406 1559141
28176514 18803025
39843941 6320939
39821499 181952
14315749 14315757
43389449 10504815
39898417 21331568
28443278 21331555
43389450 21331547
43389451 1007231
1637543 2481296
28185229 4771808
43389452 12823340
34278386 3551151
28494321 21331910
32709560 21331849
1375 16954
5220605 51272
11400676 11388207
2569903 3209074
8766681 8766687
5220620 49226
11400656 11400664
36369943 20470358
5148831 5148850
5220622 44231
5773938 2773358
43389455 20397526
5220616 48130
313070 174013
29865984 29865985
28519442 20441461
91957 313069
41318209 20434489
31767402 17276965
1402308 2276637
13439992 7772749
849299 209913
28519524 10281942
13352045 13352047
743774 1521258
13405046 17965
29922863 20502920
43389456 20502859
28586438 571365
18177 91967
4113581 232110
39814508 13889346
5253529 5253546
4113575 193217
10198592 10198595
15693291 15693295
3894364 76283
13147748 13147751
39802101 31471497
30744117 9388589
9907675 9907681
9907679 9907688
4113576 115808
28619675 28619677
28519606 28519607
3548857 213723
4320758 4396076
3048978 56306
31767333 1329782
5009032 207244
39835550 16634
1406383 2281406
28177710 21168
43389457 7545275
18178 1339
28185042 3117601
28185040 19477868
41327198 28901130
472594 1142950
41327196 2189772
38227912 2580125
41303727 5216260
28519182 20366962
34904878 987751
41303717 8340243
28171590 7870329
2319541 3024999
5302422 2447810
10393644 8295935
28519186 18282831
28171599 1883717
14983773 8479320
28171601 16012635
28519188 17689552
28639532 21097653
28519190 19638107
28171603 10040661
28519191 18664775
41316028 28912327
28519272 28519273
28519271 19477788
41316000 28978706
41326177 31606488
41326175 31606492
43389458 31606495
41316012 31606497
28185051 28185052
41316014 31606504
28519274 13594266
43389459 31606510
41316015 28509181
43389461 1604107
28185046 17458817
41316022 6656586
41316002 18435127
12578672 2197637
41316020 3526808
41316026 3884526
41316005 19882115
1142959 2014012
41316004 17111370
43389463 18656079
28185047 2828707
11565311 11565325
43389464 18276999
41316024 28910179
41316018 16456087
28185048 20293141
41316010 19670232
41316007 17936762
41315998 17926137
5302426 5302435
28178343 18433970
43389465 18002480
28519409 6663299
28519410 793703
39883366 30185973
39883367 17813589
39883370 17407694
28519412 15986731
28519280 19735954
28586809 16869875
41331692 13606357
28519403 13392787
41331686 19177370
28175500 17491802
28443015 333044
775695 951809
271919 775693
41331690 17445065
10713428 10713433
1560434 2420281
28519281 28519284
232305 712001
39883372 1386494
28519279 6725239
15311904 15311906
553642 1276445
11241974 7995681
2420282 3106226
3106228 3588532
15302067 15302070
41315753 19261716
30774653 17836626
28519285 17929859
28185053 13518956
28185056 6725224
28519288 1697375
3588533 3919342
35514154 17478749
3919341 4129644
43389466 17324472
41315755 17416881
35514151 6965978
28519289 15258413
41315748 20095168
41315750 19669366
41323034 15250036
41323032 15257871
28181316 28181318
28181314 2977916
28181310 19435798
41323030 10427085
43389467 17277832
28519193 9084179
30761991 1893130
28171604 20927157
28171606 28171608
28171609 3628696
24401639 7884873
41323028 17864482
15322884 15112764
28172540 1417330
41303711 21256432
39826082 28850732
34428131 31612959
30761988 13485575
28519303 13492732
5302445 5302446
41332138 19829837
5302447 359425
43389469 2443001
10198500 10198503
41332134 16441175
41332140 17949667
34428132 31612975
41332142 15460368
41332136 17842096
30757545 17424573
41332132 18605164
34428134 17121752
41303713 17971820
91991 313127
30757548 19690756
39909252 17617462
41303392 31614011
3621920 3943530
3149207 3621919
30761116 1874007
15112035 15112040
3943532 4146161
4146162 4281729
28586917 17794890
41303394 17944880
41303390 20413529
15112039 11736791
15112043 15112044
28183457 16616220
4281730 4370197
4370199 4431552
43389471 17722808
15112046 15112047
28176490 17743415
30757549 30757551
38268094 1877459
30757553 19002536
15112048 15112050
4431554 4475011
1547634 2407887
3915931 4127699
43389472 16724300
4475012 4508392
2407888 3096778
4508394 4534945
3096779 3582218
3915930 4127696
4127698 4268869
39913366 31616534
39901374 31616537
2787571 3365828
2023338 2787569
2799117 3372451
33582838 31616570
33582835 33582842
33582839 31616572
33582844 31616574
39869638 2484807
33582834 31616579
30774655 11264740
28172982 28172985
43389473 30989306
43389474 31618048
43389481 16124128
24401656 24401658
4202475 4317877
4202468 4317845
43389484 11805595
28443074 28443075
3372417 3775128
15310991 1708090
28172978 28172981
41312475 31619590
30777732 30777733
28174063 28174065
24401641 24401643
24401645 24401646
28171107 28171109
24401648 24401649
28172972 28172977
28172970 28172973
28171111 28171117
39829761 31619608
39829765 15236788
39829759 12142655
28173204 20708989
39829757 31619614
39829756 31619616
41312472 31619620
41312474 31082099
11588815 3012977
11588793 11588801
43389485 31619627
39890167 26827418
28170402 1280059
31084281 31084284
39807373 14980689
28173206 2996342
30765460 30765461
39829763 31619638
11588809 11588816
44190 52395
28169716 27257666
28169719 27258522
2493898 3165790
29752642 28087733
28180578 27256935
28180570 27263636
28180577 28180585
28180572 28180581
1651112 2493903
3165780 3634342
3634340 3950787
3950785 4150328
2493899 3165799
2493896 3165784
29745243 29745246
4342122 4410505
4236326 459496
4084100 4236328
3846958 4084103
3476217 3846961
2944883 3476220
2208652 2944884
2944882 3476211
1336859 2208656
29745254 29745257
29978768 29978771
30031942 30031944
30010019 30010023
30010020 30010026
200311 600264
2169530 2908967
2908964 3448052
3448047 3821968
3448046 3821964
3821961 4062823
3821962 4062827
1336858 2208645
30160232 30160235
600261 1336863
28461628 28461631
3372420 1170184
4202472 4317867
4202474 4317875
4033418 4202478
4202473 4317872
4202471 4317864
30136070 30136072
30087346 30087348
30135948 30135951
29858867 29858869
30146858 30146860
4202469 4317854
3775131 4033421
29748783 29748786
29745547 4645294
30033359 30033360
4033423 4202484
29926965 21012082
3775148 4033461
4033434 4202491
3775142 4033437
3372426 3775152
3775140 4033427
3775141 4033429
3775143 4033440
3775144 4033445
3775147 4033457
4033454 4202501
4033455 4202511
4202496 4317892
4202495 4317888
4202494 4317884
4202470 4317859
4394307 4448156
4394305 3950825
29745545 19391654
29745806 29745809
4202507 4317896
3775145 4033451
15346407 15346412
29745551 29745559
29745557 29745563
3775169 4033466
3775174 4033486
3775175 4033491
3775172 4033477
3372436 3775183
3775173 4033482
3775171 4033472
4317880 4394302
29745546 10224269
4202508 4317903
4394306 4448149
2035217 2799092
4448147 4487925
2035209 2799081
2035190 2799052
4487923 4518894
29943396 29943399
4543174 4561857
4518891 3908429
4561854 4577371
2799036 3372401
2035188 2799039
2035189 2799044
2035191 2799058
1163519 2035196
2035218 319483
4317895 4394312
2799061 3372406
2035230 2799099
1163525 2035234
1163522 2035222
1163521 2035213
485958 1163536
1163524 2035227
1163520 2035205
2035200 2799064
2035216 2799088
29804138 29804144
3775193 4033498
29990934 29990937
3372404 400189
29910369 29910372
4033494 4202515
3616799 3940045
2799123 3372459
3372455 2192714
2035202 2799073
2035201 2799069
29745534 29745536
3372443 840048
29804137 29804141
29997068 20933785
29783804 29783807
29943402 29943405
28513852 28513856
29943403 18341438
3940043 4144255
28461419 16367479
28461418 28461422
28688002 302914
4495461 4524254
29781879 29781882
30123004 30123006
28461420 19542595
29973934 29973937
29945470 29945473
29945471 29945476
30039189 30039192
28477121 19391617
28477127 28477138
29973935 29973941
30064525 17581628
2799083 3372411
2799084 3372414
3372403 3775122
28691958 28691961
2799115 3372449
10243680 10243688
10243678 10243681
28477122 16367480
30162805 30162808
28477126 28477133
29997062 29997066
3850350 4085753
30102062 5410792
4085750 4237321
30102063 19612659
30037043 20061504
29912771 29912773
29781880 21085410
29974324 29974326
4237319 4342820
10413673 10413689
30184267 30184269
2953466 3481706
3481692 3850352
3481695 3850364
3481693 3850356
2221376 2953468
2953465 3481698
29997063 29726185
29745697 20390245
3481701 3850375
3850371 4085761
3850344 4085747
4085744 4237316
4237324 4342830
4524246 4547122
4547118 4565152
4085757 4237327
4191161 4310221
2183365 2921188
2921183 3460640
2921129 3460612
2953464 3481689
3481685 3850347
29819949 10221325
3460634 3834040
29857404 29857415
29857403 29857412
30091104 30091107
30056161 30056164
30035142 30035144
29857402 29857408
29857405 29857419
30105839 30105841
2921147 3460622
2921131 3460617
3481694 3850361
3481696 3850369
2183358 2921135
2183359 2921138
29882386 29882396
29882384 17668769
30207682 13800150
29882385 29882392
29882390 29882401
29879654 29879661
15321189 15321193
29879659 29879666
2183360 2921149
2183361 2921160
15287552 15287560
29855911 29855913
2183364 2921179
1307526 2183368
24395133 24395139
15287540 15287549
15287531 15287538
15287525 15287534
29841633 29092016
15287536 15287543
15287546 15287554
3919194 4129564
3588374 3919198
10348504 10348510
809793 1611956
291424 809798
10348508 10348514
10348513 10348520
4129561 4270178
10348518 10348525
29937585 29937588
29937586 29937592
29878752 29878754
4270174 4361063
30096370 30096371
4423951 4468527
4361059 4423952
6313716 6313727
6313690 6313719
10391309 10391324
2921166 3460627
2921171 3460631
29888775 29888777
2183363 2921173
2744351 3336697
819496 1626274
515449 1214314
164121 515413
164113 515390
2183362 2921169
296760 819500
164126 515442
515417 1214297
515418 1214303
164123 515423
164120 515405
164124 515430
164127 515455
164111 515382
164125 515436
296758 819489
164119 515399
40005 164148
164110 515370
164109 515358
164128 515462
85048 291435
29807109 18895368
29765591 29765598
3383872 3780942
28227080 28227087
3558801 3900181
29765590 29765595
29765592 29765602
3900177 4116570
29932335 29932337
809792 1611948
14888619 14888624
28227026 18866009
29835557 29835567
2056985 2816231
29807110 29807118
3780939 4036029
2816227 3383874
28227033 28227046
29825527 29825529
28227043 28227064
28227059 28227083
15287501 13431716
15287505 15287513
30001047 30001053
29807115 29807121
15287516 15287522
15287510 15287518
29879635 29879648
29879633 29879638
15287520 15287528
24395136 24395144
29879634 29879644
29879636 19517721
29879641 20633669
30156119 30156122
29764671 29764677
29754120 29754127
29754124 16688184
29754129 29754134
29835556 19129288
28477102 28477105
30163447 30163449
30001039 30001043
30001040 30001050
1184000 2056991
29835550 29835553
29835551 29835559
28227025 28227029
2816226 3383869
30103937 16459365
30148304 30148307
30204712 30204715
29874899 29874902
30020252 29879428
29869395 29869399
199394 598045
30020253 30020258
29874900 29874908
598034 1333767
29869396 29869404
30160897 30160899
30112920 30112923
29764670 29764673
29754119 29754122
29869402 29869409
29869407 29869413
28227049 28227069
1333765 2205344
29874905 29874912
3140861 3616746
1611973 2461713
3140860 3616741
2461709 3140864
29886425 29886428
4116558 4261135
29886426 16365154
30193744 30193747
2942762 3475088
2205339 2942765
28227037 28227055
28227027 28227040
3475084 3846348
30039827 30039829
3846342 4083799
4236166 4342022
29920021 29920023
28227038 19662872
30195963 30195965
4236168 4342031
4236165 4342016
30127033 30127036
3558784 3900175
28442561 6481283
28442562 20233729
4236167 4342028
4083796 4236171
4236164 4342011
4236163 4342005
30146863 13976422
30068222 30068225
29753204 29753206
4236162 4342002
29753205 17002481
29753209 16362670
291423 809789
30205894 30205896
30056005 30056008
29855104 29855106
3381742 3779483
4342008 4410444
30202635 24559212
4410441 4459152
2813860 3381744
30056006 30056013
2090230 2843483
3064947 3558797
4459150 4495844
15300245 15300254
1214273 2090233
515352 1214280
1214274 2090240
3622321 3943746
3149745 3622322
1626292 2474079
3064889 3558738
29980811 29980813
3149721 3622317
29829257 29829259
2474038 3149730
1626277 2474048
2474037 3149725
2474075 3149748
29774756 29774759
515439 1214307
515416 1214290
819524 1626296
819523 1626290
296764 819528
296761 819506
1626279 2474066
819509 1626282
1626278 2474062
2474058 3149743
1626593 2474302
1626575 2474282
1626578 2474299
1626577 2474292
819620 1626597
296773 819621
296762 819513
296774 819631
29745539 29745543
29745538 18521817
819619 1626585
246679 735995
2370913 3064879
1507304 2370971
1507315 2370978
735968 1507321
1507317 2370983
735969 1507329
735970 1507337
1507325 2370989
2474056 3149734
2474057 3149740
1507302 2370961
735966 1507308
1507298 2370939
2370956 3064924
3064922 3558771
15300242 15300249
1507301 2370951
3064882 3558728
2370914 3064887
1507297 2370935
1507294 2370918
2370915 3064892
1507296 2370932
4355031 4419889
4261133 4355033
4116560 4261145
4116561 4261150
3900152 4116555
3900161 4116565
4116559 4261141
3558781 3900164
3558782 3900169
3064939 3558789
3558780 3900156
3558742 3900149
3900146 4116547
3847662 4084392
3900145 4116542
3064905 3558751
3064906 3558755
3064904 3558746
3064915 3558766
3558741 3900144
2370955 3064919
2370957 3064928
3064914 3558758
4355030 4419884
4355032 4419894
24396771 18150427
24396774 24396780
3540069 3888774
2946823 3477500
3477498 3847666
11129854 11129868
29990916 29990920
29990917 29990925
11129864 11129875
1462980 2332999
2332994 3034992
29750552 29750558
29750551 29750554
11129872 11129883
28461636 28461645
28461637 28461650
28461635 28461640
809811 1611977
11129879 11129888
3034989 3540073
28460936 28460952
28460949 19927530
3586281 3917886
28166055 28166062
28166060 117734
29761599 29761609
28166068 28166076
28166065 28166070
30082671 30082673
29836696 9584325
3816513 4058586
3558669 3900110
28460934 28460938
28460935 28460945
3440463 3816517
28460943 28460958
3816514 4058593
228653 704541
29990477 19992944
29990471 29990480
29990470 29990473
30153454 30153458
30153455 30153464
3034978 3540062
30107268 30107271
10975100 10975120
15315239 15315243
2332986 3034986
1462979 2332990
704532 1462983
10975094 10975107
10975101 10975124
1692821 2527227
29761613 29761624
11599316 11599326
2332980 3034979
10916937 10916946
1462978 2332982
704533 1462989
2414703 3102375
28166039 28166043
28166041 28166051
28166048 19018686
30200534 3618254
30143762 30143764
29761598 29761602
3102371 3586283
30007755 30007757
15470138 15470144
28513887 28513891
28460858 28460869
28513889 28513894
15508996 15509002
15509000 15509007
30190192 30190194
2902569 3443610
2162089 2902573
29761600 29761615
29980795 29980797
201347 602134
46594 201352
3231483 3680847
30106253 30106255
3443607 3819072
15509005 15509013
28460854 28460860
29776424 29776426
15509010 15509020
3819069 4060599
5156 46603
9791392 9791399
9791409 9791414
9791396 9791406
9791403 9791411
30031782 30031783
46592 201344
29761606 29761619
4261122 4355024
4116526 4261125
3558699 3900123
3900118 4116529
602122 1339170
3558698 3900120
1339166 2210910
4058590 4216330
3558668 3900106
3064837 3558701
3064830 3558671
3064832 3558680
3064833 3558685
3064834 3558691
2370822 3064848
3064825 3558652
3900113 4116523
3558677 3900115
3064835 3558695
3064831 3558674
30167468 30167470
2210907 2946767
2946766 3477476
3064829 3558665
3064975 3558822
2370923 3064909
2370922 3064901
1507295 2370927
1507303 2370967
1507300 2370949
2370921 3064896
3064985 3558826
1507267 2370897
1507299 2370944
735964 1507274
2371019 3064988
3064827 3558659
2371018 3064982
1507351 2371022
2371017 3064979
3064973 3558813
3064974 2113959
1507359 2371032
1140558 2011933
735975 1507355
1507280 2370903
1507349 2371006
1507350 2371014
2371010 3064963
3149838 3622421
2474272 3149842
2371011 3064970
2371001 3064957
1626573 2474278
1626576 2474289
2474273 3149848
2370899 3064872
1507282 2370909
735965 1507288
3705110 3994145
3558850 3900216
24398435 24398441
2371036 3065020
3065019 3558871
2371026 3064997
3064994 3558864
29891708 29891710
3558866 3900229
29750074 29750076
29927769 29927771
4116582 4261177
3900225 4116588
3149837 3622416
4261174 4355042
3477472 3847653
4338394 4408296
4230421 4338397
3558838 3900196
3558849 3900212
3558846 3900203
3558848 3900208
3064991 3558833
3064993 3558856
3064992 3558843
3558837 3900192
3558809 3900188
3460588 3834029
29584745 29584748
14502582 14502587
14502574 14502584
4116575 4261165
2921105 3460597
28513803 20590130
201338 602125
29990146 29990148
29796906 29796908
28182583 28182586
3834032 4075884
3460589 3834034
29794080 29794083
4116576 4261171
15318241 15318245
4075882 4230424
14408360 14408363
14408362 14408371
14502555 14502565
15509023 15509029
14502561 14502571
14502569 14502580
2343067 3041640
811943 1613996
29857034 971371
14719849 14719856
29822417 29822419
8536364 8536380
30064255 30064257
11520902 11520909
14719852 14719862
30161216 30161218
28460856 28460865
14719858 14719866
11520907 11520913
811925 1613956
28460863 28460873
15509016 15509025
1474747 2343074
85651 293051
293031 811946
811939 1613970
1949316 2723022
14502568 14502576
1086997 1949322
811940 1613978
811942 1613988
3994132 4179967
4116573 4261156
3900200 4116579
4116574 4261160
85646 293021
16625 85781
10614288 10614293
15087446 15087457
85644 293006
85648 293039
16610 85663
293034 811962
3705096 3994136
3263649 3705099
3263652 3705117
15304676 15304680
3558851 3900222
3263647 3705094
2640885 3263660
3263651 3705112
3263645 3705086
3705080 3994126
3263650 3705108
3705081 3994129
3622343 3943774
3943767 4146324
839769 1650737
24398432 24398437
29967842 29967847
1650730 2493400
2493397 3165289
29967841 29967844
11209754 11209788
24398439 24398445
11209786 11209800
3633994 3950595
3622328 3943755
3165283 3633995
3149766 3622331
3263677 3254914
30203117 30203119
3705134 3994159
3994156 4179972
3943751 4146320
3950592 4150241
11209797 11209806
4150237 4284209
4284204 4371668
29907170 29907172
29745604 10822271
29745566 29745568
4355038 4419899
4281795 4370261
29745600 29745603
4146317 4281798
4179969 4303557
29745616 18871963
296755 819472
819467 1626266
29745163 10234320
29745627 29745632
3622341 3943765
3149768 3622346
3149767 3622338
3622333 3943761
2640884 3263641
29959751 29959753
3263680 3705166
3263681 3705172
2474116 3149772
3622342 3943770
989091 1834839
1834829 2640890
199754 598843
16641 85861
85886 293640
1323 16671
16622 85724
11142364 11142375
293140 812308
85731 293146
16643 85871
16623 85738
936357 1766875
977694 1821285
1821279 2631200
2535867 3192142
2082598 2836996
2836990 3397692
3397688 3791011
16621 85709
14881352 14881361
13417857 13417860
1821277 2631194
8536408 8536418
10198689 10198694
293014 811932
16639 85832
85819 293549
16638 85825
85818 293537
1611941 2461688
2408301 3097070
1548178 2408312
2408303 3097076
2408308 3097087
8536363 8536374
8536385 8536406
8536370 8536388
8536384 8536403
8536371 8536392
8536350 8536361
8536358 8536367
29863510 29863512
8536390 8536410
28442531 28442534
293533 812717
28513959 28513962
28461600 28461608
28461601 28461611
28461594 28461597
28461595 28461604
11127067 11127077
3831833 4074408
30044991 30044994
3456119 3831835
3831832 4074403
4074401 4229476
28687945 28687949
30034443 30034445
29936140 16896771
2461686 3140857
2408305 3097079
3097078 3582342
15321182 15321186
11127073 11127080
4229475 4337764
2554829 3201500
29910018 29910020
30167385 30167387
15301340 3588028
30173751 30173753
15301347 15301358
15301348 15301363
29873533 29873535
3201494 3660023
10198671 10198674
14881358 14881370
29762670 29762673
29762671 29762679
29762677 29762683
4487399 4518291
4518285 4542805
4518284 4542801
4447343 4487405
3249228 3693469
29769478 29769480
15301338 15301344
15301341 15301353
2620754 3249235
3249229 3693475
1547929 2408146
2408138 3096963
2408139 3096968
6273287 6273294
2408141 3096974
3184400 3645325
4392991 4447346
39224844 17670170
1614023 2463864
811966 1614028
3263669 3705124
496776 1181136
3705122 3994148
1834833 2640906
2640896 3263673
600658 1337159
29847540 29847546
1184011 2057055
1834832 2640901
3263679 3705156
2640897 3263685
4599608 4610422
573420 1288857
29889076 29889078
29847539 19440432
1288851 2166380
2906651 3446502
3588361 3919175
14540490 14540505
3919137 4129513
3705133 453978
4303559 4384887
3263678 3705146
2816306 3383950
2057049 2816308
3705142 3994179
28176969 28176972
2906650 3446497
2166377 2906654
30016806 30016807
3705144 3994185
3994183 4179978
30184472 30184474
4179976 4303561
10198697 10198704
30034448 21166481
10198709 10198716
3820681 4061803
3446495 3820682
11212061 11212076
3919138 4129519
3919135 4129506
30211079 20740820
10198700 10198712
30163246 16295522
3820680 4061798
4218808 4328596
4061791 4218814
30057297 30057299
29792453 29792456
35399472 35399474
4468329 4502780
4529531 4550564
4502775 4529535
4529533 4550577
4529532 4550573
4502787 4529543
4567928 4582711
4218810 4328603
4328599 4401121
4529542 4550591
4550588 4567932
4550569 4567917
4550563 4567909
4567915 4582701
4567929 4582715
4582713 4594847
4594844 4605904
29745626 29745629
29745526 29745528
29745622 29745624
296757 819484
296759 819495
30122623 30122626
29745617 20769422
4303554 4384879
4384876 4441739
4468341 4502790
4550593 4567938
30058152 30058154
2419931 3105827
3105822 3588337
3588345 3919161
3588344 3919156
3105839 3588348
3588343 3919151
4129528 4270089
3919164 4129531
271346 774842
30124085 30124087
4129529 4270096
4270094 4360948
4423822 4468338
4360945 4423827
4423824 4468350
3919144 4129525
3588333 3919146
3588332 3919141
3919134 4129501
3919136 4129510
4423823 4468345
4423821 4468333
4468331 4502784
76270 271356
271345 774836
30159033 30159035
271338 774816
271343 774828
271336 774797
76288 271495
774792 1559754
30088684 30088686
30212322 30212324
4550582 4567926
4502781 4529538
4529536 4550586
30182034 30182036
4550581 4567923
30160368 30160370
30094819 30094821
4567919 4582704
4423853 4468369
29882715 29882718
4468367 4502795
4502793 4529551
4594839 4605899
29882716 29882721
4529549 4550596
4582702 4594841
33058716 33058718
29745612 29745614
4605897 4616177
4441734 4483373
29745608 29745610
296756 819477
271455 775095
28442736 28442739
28442737 28442745
3314260 3736706
3105844 3588353
28443704 28443707
30130626 30130630
2419966 3105849
775091 1560014
29868936 29868938
1560010 2419971
28513836 28513841
28513839 28513846
3736718 4011275
4011279 4189590
4189587 4309246
28167064 28167068
29848114 29848117
2419967 3105854
4423841 4468355
15303252 15303258
4360952 4423838
4270115 4360957
4423848 4468364
4360954 4423850
4360951 4423834
4423847 4468361
4370270 4431574
4281808 157183
4281807 4370277
4146333 4281811
3943782 4146336
3622357 3943785
4146332 4281803
4281806 4370273
4370269 4431569
4431563 4475028
4370268 4431565
4431564 4475035
4281800 4370265
15303254 15303262
29969897 29969899
3943781 4146329
4475026 4508397
4360953 4423845
4129539 4270119
3149780 3622363
29745576 29745588
29745571 29745579
29745575 23830750
30072148 30072150
29826094 29826096
30212757 30212759
30145895 17258152
30209091 30209094
29961028 29961031
2474260 3149833
30028168 16737736
29745582 29745593
29745591 29745597
30028169 30028174
1626513 2474262
4955693 4955700
819574 1626493
819568 1626460
819578 1626516
819585 1626557
819571 1626477
29745570 20979871
819586 1626564
4270138 4360968
4360966 4423857
4270130 4360963
4129542 4270135
4129546 4270153
4270150 4360978
30184475 30184477
4129545 4270147
4270144 4360973
1626505 2474252
30205545 30205547
819577 1626510
819580 1626528
29795543 29795545
29919446 29919449
30172423 30172426
30184557 30184560
28169442 28169445
819564 1626441
819565 1626443
3919168 4129555
4129541 4270125
4129535 4270102
296771 819607
819604 1626570
4129543 4270141
29965855 10226445
4129540 4270123
3588355 3919172
4129538 4270113
3105851 3588359
4129537 4270109
39839570 39839572
87074 296781
296775 819633
296770 819598
296777 819642
296767 819541
16881 87081
296766 819534
29745176 29745182
30127749 30127752
15616399 15616403
15301083 15301090
15301095 15301103
15301085 15301097
3542910 3890522
3890518 4111274
11178891 11178898
296772 819617
30044608 30044611
30092294 30092296
29760574 29760577
11178896 11178907
29926453 18554890
4258461 4353254
4111271 4258463
30032192 30032195
1626519 2474265
11178914 11178919
11178904 11178916
30018190 30018193
819570 1626473
819579 1626523
15616400 15616409
15616407 15616416
15616412 15616421
811950 1614017
293033 811954
28687922 28687925
811949 1614009
29908150 29908152
2474214 3149817
1626467 2474218
3142902 3618395
1614002 2463856
2463852 3142906
1626468 2474225
29745686 29745688
296763 819520
29745530 29745532
29745175 20419938
1626304 2474093
4310217 4389011
3413609 3801122
29745643 16295654
28374763 10300951
28374754 28374766
29908034 29908048
29908032 29107936
29908035 29908054
29908033 354469
15314175 15314182
15314169 15314177
15314167 15314172
1614000 2463849
29745642 23866223
3834036 4075889
819581 1626534
15303776 15303782
3039773 3543270
3890618 4111348
3775201 4033504
29754778 29754782
29754779 29754786
3890617 4111343
3890619 4111352
29961056 29961057
3543266 3890625
10198639 10198643
4111354 4258479
4111355 4258483
4258481 4353276
29890115 29890117
29814368 29814369
29847284 10234974
29815761 29815764
28177707 28177708
3890620 4111357
1612111 2461800
1612113 2461809
1626433 2474201
6231659 6231691
29836047 29836048
28177701 28177704
6231700 6231705
30101845 23871570
29921555 23853564
29745790 29745792
29768208 21011610
819563 1626436
819559 1626411
29962672 29962675
6231687 6231703
4487421 4518316
30145703 16738853
30075743 30075746
30066478 30066481
30145704 30145711
29919515 20589900
4487422 4518324
4518318 4542816
30191001 30191003
10198648 10198653
30059204 30059206
29916984 13979289
10198679 10198683
29936464 29936466
30145708 30145714
4518319 4542821
10198650 10198658
2461794 3140925
29745701 29745704
819572 1626482
1626463 2474212
819567 1626453
819556 1626391
819584 1626548
819561 1626421
11252975 11252980
29748659 29748660
819560 1626416
1626447 2474207
819557 1626399
296769 819592
29739615 29739617
1626402 2474178
2474174 3149796
30062803 30062804
29745482 29745484
1626425 2474195
7790584 7790596
29745922 29745925
29745151 29745154
29749252 29749255
29745750 29745752
24345281 24345286
29745092 29745095
1626424 2474191
1626401 2474170
30050497 30050499
819569 1626466
819575 1626498
11252978 11252983
819582 1626537
30168167 30168168
819566 1626450
819576 1626503
30212541 18224611
819583 1626541
29745519 29745521
29745942 29745943
29745481 11532226
29745091 11533514
30050500 30050503
2474169 3149793
2474188 3149813
29745749 3772359
29749251 19132335
29745150 16857563
29745921 29745924
29745516 29745518
29745511 29745513
819562 1626426
819558 1626406
56285 80515
1560039 2419985
29960712 29960713
1559110 2419280
271515 775153
2419983 3105858
41326028 41326030
14540485 14540491
3105857 3588363
3588346 3919166
76286 271483
76294 271500
11122854 11122860
76303 271507
13303 76314
775157 1560044
293420 812696
43389486 43389487
11182527 11182532
11182535 11182538
11182531 11182536
43389488 43389490
775158 1560046
76315 271518
76287 271486
76306 271513
43389493 7362648
76336 271849
271850 775618
4011261 4189577
3736711 4011262
28434536 28434540
3736712 4011266
28434544 28434549
1119889 1991399
2698577 3296224
1991400 2762158
9831484 9831507
4005726 4186602
1991391 2762152
421044 1060676
1060674 1922203
43389495 19509490
1470343 160777
1922208 2698587
34292505 34292508
1470343 2339317
43389496 43389497
2698583 3296232
232231 711829
1606297 2456285
2456277 3134603
2456276 3134595
2698571 3296210
1922202 2698574
2456279 3134618
43389506 43389507
2456278 3134610
3134615 3610419
56296 232166
370089 969865
291116 809316
969855 1808988
495771 1179547
232208 711793
1470305 2339258
711788 1470309
1470307 2339264
41332150 41332152
6191 56340
56297 232187
232218 711818
711808 1470336
11524655 11524659
1459576 2330012
2339301 3038783
28173602 28173605
1233568 2113338
41321299 41321301
232174 711735
337103 923228
6532033 6532044
172242 531785
3007437 3521023
2868019 3417878
28173648 28173651
9044434 9044441
9044415 9044423
2121300 2868024
1242664 1516710
2286387 3007449
2868002 3417866
2121299 2868012
9044421 9044429
9044427 9044435
531779 1242703
37702239 37702240
1242700 2121343
531765 1242678
1242674 2121316
37702239 21004893
1242677 2121328
48366 207258
20405 115647
14900232 14900246
14900245 14900261
1641133 2483958
14900260 14900273
2121341 2868036
33364479 33364484
43389509 43389510
14900214 14900221
14900222 14900233
28434392 28434393
2868033 3417887
43389512 9306514
43389514 13477019
292064 810592
28679668 28679669
28679675 28679676
46646 201409
7655302 7655317
39140224 39140226
468994 1136820
2008439 2775464
15438031 15438035
46521 201204
5152 46523
604 5178
5173 46653
1136819 2008441
38263737 7239643
28443927 28443930
2795367 3370251
3370246 3773458
3617127 3940318
43389516 1347035
28679023 28679024
810588 1612470
43389517 43389518
43389520 43389521
28679670 28679672
28679740 28679741
43389522 18449225
5452 48379
2462209 3141261
32845424 32845426
3839767 4079427
3466140 3839765
3466138 3108564
3839770 4079438
3466143 3839775
3839771 4079442
4233647 4339857
4079430 4233650
4409170 4458224
4233651 4339863
30783232 14975867
4458222 4495183
14900283 14900289
2961012 3486431
28434486 28434487
14900290 14900294
1321572 2192731
1470316 2339279
711798 1470314
2339254 3038766
39876682 39876684
717948 1477170
43389523 43389524
35654288 35654289
43389526 43389527
43389529 43389530
7695602 7695613
11998832 11998838
6123741 6123764
30016756 30016757
6123759 6123771
43389531 19984124
4307719 4387434
76277 271458
3314261 3736713
3736714 4011268
4011269 4189578
4011282 4189599
3736710 4011259
43389533 43389534
1948705 2722242
3736720 4011283
4011284 4189601
4011280 4189595
28184868 28184870
4189594 4309248
43389536 16143373
14256490 14256493
4309250 4388545
4189597 4309252
39824360 39824362
3622382 3943797
28434709 28434712
43389538 43389539
43389541 43389542
3943796 4146340
3890138 4111077
12885912 12885917
43389544 43389545
28456342 16904509
43389547 11049014
28456343 28456345
43389551 43389552
43389554 43389555
43389560 43389561
4111078 4258403
28174878 28174881
12885916 12885919
4258404 4353217
43389556 43389559
28456346 28456348
30782355 30782357
43389548 43389550
28456349 28456351
43389563 43389564
31767350 31767355
31767346 16689296
31767348 31767351
43389566 43389567
43389569 43389570
43389572 43389573
43389575 43389576
43389577 43389578
43389580 43389581
39817133 39817135
4353216 4418430
43389583 43389584
29736811 29736813
43389586 43389587
43389589 43389590
43389592 43389593
43389594 43389595
43389597 43389598
30108414 30108415
4418428 4464833
39887236 39887238
28168920 28168923
3622351 3943776
3943777 4146326
39809389 39809391
41323794 41323796
43389600 43389601
43389603 43389604
43389606 43389607
43389609 43389610
43389612 43389613
5823982 5823998
469028 1136879
148703 469023
43389615 43389616
10417708 10417711
43389618 43389619
4475029 4508400
3149784 3622389
39912501 39912502
3622390 3943808
39912503 39912505
4475030 4508401
43389621 43389622
4508402 4534947
3943809 4146341
43389623 43389624
34420405 34420408
4146342 4281814
43389625 43389626
43389627 6364762
4281815 4370284
43389630 43389631
43389633 43389634
39830686 39830688
43389636 43389637
10242067 10242076
1559888 2419858
2419854 3105752
1626485 2474236
3105750 3588315
35403618 35403620
15300179 15300185
28182122 28182124
1626486 2474244
2474241 3149823
29774763 11810343
29774761 29774765
29774762 20512743
15335619 15335623
30136564 30136565
819573 1626489
15051553 15051554
43389638 43389639
43389641 16759415
43389643 43389644
43389645 43389646
43389648 43389649
29835771 29835774
29995051 29995053
29868042 15058279
29798466 29798468
29759450 29759452
29798467 29798470
29868043 29868046
30115377 30115380
30115376 30115378
43389651 43389652
28456463 28456465
28456464 28456468
4050499 4212482
29854019 29854021
94925 321529
321519 870327
29780152 29780153
43389653 43389654
36249850 17565740
29854022 20466218
321527 870334
39897512 20172404
30170986 30170987
29358539 29358542
28168918 28168921
321521 870332
1666978 2506223
43389656 43389657
315470 852404
852403 1666979
43389659 18565362
43389660 43389662
43389663 43389665
43389667 43389668
34705416 34705418
43389670 43389671
43389673 43389674
43389675 43389676
43389678 43389679
38012827 38012830
43389681 43389682
43389684 43389685
43389687 43389688
43389690 43389691
28167353 28167356
43389693 43389694
43389696 43389697
43389699 43389700
43389701 43389702
43389704 43389705
43389706 43389707
43389709 43389710
10242038 10242043
28171797 28171801
10242051 10242061
28456932 28456933
43389711 16511196
43389713 43389714
43389715 43389716
43389718 43389719
10242048 10242057
43389721 43389722
43389724 43389725
43389727 43389728
43389730 43389731
43389733 43389734
43389735 43389736
43389738 43389739
10242052 10242062
43389740 43389741
43389742 43389743
43389711 43389712
30110294 30110296
4270049 4360934
43389744 43389745
32812434 32812441
4423819 4468326
30801793 30801795
43389747 43389748
15051553 15051555
43389749 43389750
43389752 43389753
43389755 39282752
43389756 18219195
43389757 39279541
43389759 39290237
43389760 18544897
28679650 28679651
43389762 16999807
43389763 43389764
43389765 43389766
43389767 43389768
43389770 43389771
43389772 43389773
34291652 21112331
43389774 43389775
43389777 43389778
34291618 34291619
43389779 43389780
43389782 43389783
43389785 43389786
34291664 34291665
34291687 34291688
43389787 39282754
43389789 39279545
43389791 43389792
43389794 14015859
43389795 43389796
43389797 16904588
43389799 43389800
43389802 43389803
34291639 24464432
43389805 20172387
43389807 43389808
43389809 43389810
43389812 20582862
43389814 20625462
43389816 43389817
43389818 43389819
43389821 43389822
150316 75957
43389824 530807
15728115 15728119
30039404 18894117
43389791 43389793
43389774 43389776
41318516 460589
40121341 40121342
39840475 39840476
36319725 36319728
10198477 10198485
28183925 28183927
10198475 10198480
39877409 39877410
34413030 34413031
43389825 43389826
43389827 325206
4139737 4277839
28434529 28434531
28434526 28434530
28174055 28174057
28434525 28434527
43389828 43389829
28172848 28172850
28688028 28688029
41318518 425041
15357812 15357818
43389830 43389831
4211162 4323560
4047902 4211125
43389832 43389833
39775334 39775335
29785679 29785681
4397986 4450835
4323556 4397988
33581224 33581225
2735976 3326522
7475593 7475597
11040052 11040055
43389834 43389835
8123098 8123122
37276 150343
43389836 43389837
24339620 24339625
1339877 2211404
43389839 43389840
150328 473839
28443025 28443026
3326521 3745358
43389846 43389847
39774688 39774689
43389848 38232048
4016736 4192439
43389849 3138193
1127943 1999838
43389841 43389843
43389850 43389851
43389852 43389853
43389854 43389855
317562 854757
43389856 43389857
28688043 28688045
33581234 33581237
3149806 3622398
33581234 33581238
28165423 28165425
2474181 3149807
39805946 39805947
30092858 30092860
28435635 28435641
39887052 39887053
43389858 43389859
43389860 43389861
28179248 28179251
43389862 43389863
39832007 39832008
28179242 20256149
11256695 11256712
43389864 43389865
29753201 29753202
43389866 30268805
168961 38525
39804765 612721
28679273 28679275
28185036 28185038
39849876 39849877
43389867 43389868
28174201 28174204
39855658 39855659
43389869 43389870
39793936 39793937
39811918 637492
4211108 4323548
4211109 4323549
29918651 29918653
43389872 43389873
30124619 16757882
2735973 3326514
39802616 39802617
29927060 29927062
39788854 39788855
39817859 318828
34363536 34363539
38823820 38823822
13063797 13063799
10799939 10799945
39826416 344258
28422035 28422036
29748649 29748651
29871401 17499553
39804031 338373
43389875 43389876
3879655 4105200
39842735 39842737
39814257 546664
28444073 28444075
43389877 43389878
47448 203811
39814398 8177047
29889694 29889696
39782821 39782822
39818696 105475
39748266 39748267
39822155 39822156
203796 611412
10198783 10198787
39828971 225594
611407 1349869
290859 809055
10198731 10198736
39806202 122986
43389879 16955204
7844907 7844918
39911095 39911097
43389880 43389881
29973694 29973695
39772448 35647268
39790299 39790302
39792786 992547
39749218 39749220
43389884 25002755
39807636 39807637
39749219 16510372
39749221 39749224
39749223 39749225
10198811 10198814
10198809 10198812
39779664 39779665
10198806 10198810
43389886 43389887
43389888 43389889
39798661 39798663
10198739 10198741
39837021 39837022
29872489 29872490
39776430 39776431
39777352 39777353
39784421 39784422
43389890 43389891
43389892 43389893
39811366 339740
10198813 10198816
227983 703292
39796923 39796924
30169436 30169437
39800202 137566
39903700 39903702
39791204 39791205
39781125 39781126
4756808 4757685
39813360 52230
28178739 16991571
43389894 8973847
39822069 16984390
39855392 235082
1626403 2474182
43389895 17004309
39821027 471248
28178590 16996978
39843305 16982524
39461937 39461939
10678794 10678808
5946515 5946571
39827697 330183
43389896 17013557
4757684 4758502
43389897 17013768
39800664 17013777
5946514 5946559
30742713 17013820
39829479 316440
39915025 39915027
28476845 28476851
4758500 4759250
39841052 896731
28443920 28443922
39790628 39790629
30092861 30092867
30092858 30092862
34304096 34304097
34782669 16342027
10198778 10198781
10198841 10198844
40880 169267
39824110 18887
3799452 4048433
34216998 34217000
28452346 28452347
39814608 19043
28472531 28472542
11125969 11125978
1985954 2758087
43389899 12127098
28169805 28169809
38310657 38310659
28169810 28169814
34705228 34705231
39800160 345956
2616702 3245993
43389901 35238791
28690734 28690735
15010023 15010026
11467617 11467622
3245991 3691575
11467613 11467618
29792134 29792137
39826708 841115
43389902 35226953
28169815 28169819
43389903 43389907
4048434 4211418
2758088 3347244
43389910 34688728
3347243 3761243
43389911 43389912
13420907 13420911
3761244 4026973
43389914 43389915
43389919 35172723
42123947 35241351
43389921 17104836
3691576 3985230
3523934 3878509
4171983 4299508
34363065 34363067
43389922 17094175
77776 275250
35398906 17104113
275237 780528
43389926 17097140
43389928 17097191
4211419 4323714
15367808 15367811
4054120 4214599
28179642 17099906
4026974 4199572
42027192 17105156
3808881 4054121
28179647 17095120
43389932 17104683
41837787 17099034
43389934 17104625
4323715 4398193
43389936 17096983
39811628 18936
28175784 17105769
28587013 17093939
780526 1566754
28175786 17096503
43389938 17102039
2065850 2824230
28175791 17094850
28451901 17094281
2446390 3127674
4390512 4445678
3138892 3615258
3427320 3808869
42180579 42180580
6553019 6553029
3427322 3808882
39839066 39839067
28452451 28452452
43389940 43389941
28690710 22095176
43389955 19324005
30182947 30182948
4398194 4450890
28476845 28476852
28452310 28452311
43389942 43389946
39760488 39760489
42033443 42033444
28452455 16393112
3427326 3808896
41919587 41919588
28451999 28452001
43389957 43389958
28476871 28476872
3427323 3808887
3808886 4054129
433416 1080042
433417 1080046
39830541 39830542
787269 1574326
43389960 43389961
28176833 17358958
43389963 43389964
28182988 28182990
3427325 3808892
433418 1080050
29864574 29864575
43389966 43389967
32953130 32953133
43389968 43389969
2433780 3116732
433410 1080038
433399 1080023
433405 1080032
139097 433419
433385 1079995
28452276 28452278
1941292 2715193
433420 1080055
43389971 43389972
43389973 33800248
28173967 28173970
4450891 4490050
28452407 28452408
43389947 43389951
3808897 4054135
4477494 4510610
42174568 42174569
28173969 28173976
43389974 43389975
43389979 20040606
1080051 1941341
39851188 39851189
3116728 3596687
1941342 2715234
1080030 1941335
1941340 2715230
2715229 3307954
3427321 3808875
28452277 28452280
2492674 3164850
1941343 2715238
31071548 31071550
38229646 38229648
38229649 38229654
9590111 9590123
37932642 37932643
2446391 3127678
798119 1589164
933456 1759133
1589162 2446392
12715403 12715405
3307949 3732497
43389980 43389981
3916832 4128204
2856023 3410092
2106249 2856024
39770863 39770864
2715224 3307950
1941336 2715225
28452367 28452372
3410093 3799257
11546391 11546395
3799258 4048195
3164854 3633800
43389982 31956586
39782322 39782325
3127672 3604717
43389983 43389984
4390501 4445662
43389988 19148305
43389992 43389993
3604718 3929346
43389995 20837635
43389999 43390000
28452366 28452368
8851036 8851054
3929347 4136374
43390004 43390005
4052 40899
11140209 11140218
13390785 13390789
39785386 39785387
9534823 9534834
512327 1207664
232057 711452
28180767 28180771
2509721 3177389
10215112 10215115
10215114 10215119
3605079 3929539
5881023 5881040
10198425 10198427
2527100 3187008
21887889 21887897
6297428 6297445
1163932 2035590
2659655 3276402
1242597 2121265
43390006 43390007
1370 17991
17945 90401
522901 1227950
2035578 2799334
39890578 39890580
2799331 3372568
2799327 3372555
2799328 3372562
714627 1473725
233220 714632
17953 90678
30364253 30364256
13155699 13155703
1692553 2527108
10216696 10216697
30786229 30786230
39815412 39815413
6085653 6085662
3427485 3808987
32838046 32838049
169323 522895
6539044 6539047
40882 169336
28174615 28174620
39814626 39814628
39902024 39902025
30017914 30017916
29758391 29758393
522893 1227939
4254606 4351221
13398534 13398540
43390008 43390009
28177246 28177250
33852055 33852058
9071936 9071943
40092787 40092788
3206869 3663221
4240029 4344406
90669 308532
308528 841336
28443613 28443615
43390010 43390011
28166833 28166838
32729652 32729653
28165311 28165314
28166837 28166843
452043 1110160
39890951 39890952
43390012 43390013
1323601 2194260
28601515 28601516
36401539 36401542
1117729 1989572
39837640 39837642
39788536 39788537
43390015 43390016
6104985 6105007
43390017 43390018
3441708 3817471
43390019 43390020
43390021 43390022
43390023 43390024
43390025 43390026
32729671 32729673
28680226 28680229
43390027 43390028
34282324 34282326
7048179 7048192
35513810 35513812
35513810 35513813
35513810 35513814
35513810 35513815
32729696 32729699
28178444 28178447
39843753 39843754
43390029 43390030
43390031 43390032
8601069 8601076
43390033 43390034
12146689 12146693
39882137 39882138
820630 1627750
38230703 38230705
39897420 39897421
10198376 10198381
8851058 8851062
29796019 29796020
4050 40834
4050 40838
40823 169075
40188986 27933203
169520 523296
10198854 10198858
40778985 40778986
3938121 4143036
43390035 25744081
40819 1607
43390037 137596
34220024 34220025
43390038 43390039
11439054 11439061
11675310 11675317
7859718 7859729
13273603 13273615
11167079 11167084
43390041 951868
39473724 39473727
43390042 43390043
35051034 18780075
8515076 8515081
43390044 43390045
43390046 333634
43390047 43390048
43390050 20607536
43390052 43390053
40778804 40778806
43390055 198955
30104198 30104200
34486751 34486753
43390056 43390057
34381222 34381224
32995059 32995062
43390058 43390059
35048787 35048789
32709166 32709174
43390061 284411
29764380 29764382
11546385 11546392
32709651 32709652
43390062 16402311
43390064 430033
43390065 43390066
162944 513155
76149 50850
1626385 483012
30163210 30163211
271060 774230
39830328 39830329
6418200 6418217
13427502 13427506
13487012 13487015
39811843 39811844
9048663 9048693
35399044 35399045
33583391 33583394
13435395 13435401
13341170 13341176
1558998 2419231
1626430 2474198
2474163 409741
10197396 10197400
10198569 10198572
34397860 34397864
13444856 13444862
31767697 31767701
28179253 28179255
13435574 13435580
2474162 225657
28581968 28581969
28166458 28166460
31767439 31767441
39780770 39780772
13331559 13331571
2909026 3448104
11513094 11513100
31076068 31076071
