845475 1362898
10132949 378290
10131709 10131713
10130746 10130751
10133381 8185386
13791 77302
10130753 10130750
10134652 971766
10130757 10130763
10151658 10151663
1137466 2009150
9748760 9748766
10131958 10131966
10132025 10132029
10130886 10130867
4508204 4534835
10130834 2009149
10130923 10130928
80999 281321
10164438 10164441
10130961 10130947
2343714 3042071
10130975 10130979
1467326 2336609
9748778 9748783
10144906 10144912
10139561 10139566
10131031 115946
10130982 10130985
10131086 10131092
10130994 10130998
10132037 10132040
1137562 2009203
728754 142919
23886 126430
10132890 10132895
10132996 10133000
9754337 685990
11801 73271
8727916 8727938
10144154 10144159
10131163 10131167
11660811 11660813
10131180 10131184
10131259 10131264
1824738 2634204
10147211 10131637
484298 1161080
10133600 10133604
10131216 10131222
10131305 10131310
9748821 9748827
10133013 10133017
258201 753306
9748925 9748932
10131319 10131322
253146 746444
10131370 258213
69240 258213
10131397 10131401
10131380 57934
10130684 10130688
10131406 10131413
241096 729232
11660814 11660816
1803434 2615871
10146854 10146859
415242 1054087
10134981 10131446
10156992 10131452
816537 1621792
3103780 3587087
9748832 9748838
10132716 10132720
10131516 10131521
9748846 9748853
10163435 10163438
10131730 10131734
9748866 9748879
9748887 1329398
10131859 10131862
10131947 10131950
10143482 10131823
10151802 10151805
594490 1329399
9748902 9748910
10170451 966810
731249 1057977
10132856 9748909
10133267 10133270
10131835 9066798
29004 130525
10174264 4075661
10132081 10132086
10131876 10131880
10131643 10131646
10167359 129122
9748934 9748939
10173374 10173378
22981 124604
10132260 9749002
1467327 2336617
9681315 9681322
10173875 2636744
124078 405673
9748949 3927074
10143643 10143647
10132180 10132183
10132288 624241
10132370 10132373
10132495 3115791
9681279 9681290
9748959 9748956
10132309 10132313
10132408 10132413
10162380 8593030
10157074 10157078
10131754 10131760
10161121 10161126
10132579 10132583
10132584 809150
10164226 10164231
10159935 10155688
10137029 10137032
10146729 10146733
10149303 10132663
9682240 9682247
10132632 10132637
10132640 10132644
10132660 10132664
10133006 10133010
9682441 9682446
10173283 10173286
10132604 10132608
9748855 674735
10132845 10132851
1301655 2181135
10133225 10133230
10132357 10132362
4166 41465
27053 129124
1276665 290446
10132954 6536726
10132681 10132685
1476339 2344267
9748996 4972532
10132773 10132777
7522171 3661298
9754849 1582727
10133033 10133037
10132833 10132840
10132808 133817
6468376 6468405
7268324 133823
240854 728768
10133170 10133174
1857386 2658355
10133375 967812
10130789 2009206
10133091 10133095
10131703 10131706
8319 64148
1471520 2340284
10133176 10133180
10162367 4917735
10175132 10132736
9749043 9749051
10133317 9749063
9749057 9749064
9750377 9750384
10133306 10133310
10132297 10132302
10133189 10133193
126689 412129
9748972 9748977
10132823 10132829
9749079 9749086
9749072 9749078
10132522 10132526
6363834 6363851
9749087 9749093
10133542 10133546
484302 415593
10133441 1955
10150159 10133449
10133454 10133458
9749138 9749147
10133494 10133497
10132814 4999524
10133499 10133503
10130782 10130787
8053 63653
10133655 10133660
10152319 10152324
10133668 9327773
10153525 10153530
32195 133720
10166986 10166991
9754036 9754046
10159509 10159513
9749154 9749160
762667 1545838
9749192 9749199
10134516 9749217
10134792 10134796
10134427 10134434
2227960 237924
58218 237929
10172343 9749491
73833 267324
2818121 405467
7328739 812517
10134441 10134445
10133719 10133725
10134972 5686
10136954 10136958
10143491 10143495
10135099 3318346
10143556 10143560
10134420 10134425
10134823 9753174
10134689 10134693
10137142 10137146
315489 852421
9749309 9749316
10135432 10135439
10133766 10133772
10133479 10133484
10135197 10135201
10136545 10133804
10134187 10134195
9749499 9749507
10145881 10145885
10134069 10134075
10173240 10173244
32573 134101
10135228 2156332
10135238 10135246
10135424 10135427
10135374 10135378
10135781 10135785
9753473 9753484
5843520 5843532
10135310 10135319
14531 78515
43842495 32803951
30483027 30483030
10135625 10135628
10146958 10146963
10134808 10134818
10133899 10133905
10021414 18152
32685018 32685019
10134647 10134651
10134537 10134543
10134355 10134360
6928 59026
381123 989873
10134609 10134613
10136202 10136207
9749511 9749518
10135867 45386
9749377 9749386
10135855 10135859
10160854 10160858
10136005 10136009
4825 45385
10135959 10135966
10135764 10135772
23259 125755
10136187 10136192
10135818 10135825
10135894 10135768
10136011 10135965
10136055 10136031
10135912 9894568
10136089 1667103
10169205 10169207
9749387 9749392
10137259 10137265
10147718 10147722
10134849 10134853
9749302 9749308
10153645 10153649
10136084 10136088
10137400 10137404
10134874 10134878
10134171 10134178
10134217 10134222
10136825 10136829
10149700 10149705
10150990 10150994
9749339 9749345
10137190 10137193
10166278 10166282
10135953 10135956
10137216 10137220
9749412 9749419
10132422 10132426
10134265 10134268
9749447 9749452
10134383 9719323
10136253 134094
10168244 10134359
701605 1459327
10136718 10136722
10136477 10136481
10157084 10137330
7359 60003
10135458 10135463
10134602 10134607
9749399 2731887
10137211 9749315
4281187 4281191
10134683 10134686
9749549 9749555
10137162 10137168
5088719 5088741
138563 432339
10136595 10136599
10134387 10134391
10134771 4658121
10136047 10136050
10136531 10136535
10139706 9719371
10136723 10136727
10141081 10141085
10136160 10136166
10136377 10136382
10134114 67395
10134510 10134514
10137059 67398
10134183 67402
459626 768955
4549490 4566836
10135525 1942273
10135150 10135155
10136779 10136787
10136101 1838063
10136315 10136323
13989 77756
10130766 10130772
10134946 10134952
10134923 10134927
10148327 10137380
10137290 1545841
10134760 10134765
10160167 67389
10134081 10134085
10174476 10174481
10135036 10135040
10135806 10135085
10170069 3540956
10134999 10135003
10133864 10133867
10134966 10134970
10135013 10135018
10131660 10131667
135422 424862
2126722 2874699
10135515 10135519
8114228 8114236
10174945 10174950
10136960 10136964
10137100 10137106
10137195 10137199
10136908 10136913
128700 414897
10133856 10133860
10133851 10133855
10136413 10136417
10157846 10157850
10137463 10137467
10173777 10173781
10136658 10136665
10133869 10133874
10135144 10135149
10136095 1841404
10135948 10135952
9749289 9749297
10137039 10137044
10135935 10135940
10136227 10136233
10155478 10155482
10136807 10136815
10133774 10133777
10154542 10154547
9749437 9749444
10135396 10135401
10137075 10137079
7770 63005
11660822 11660824
10137281 10137285
9117 67369
9749798 9749805
1824739 2634211
697017 1407653
10151998 10152002
10167375 10167378
10159173 10159177
10137584 10137579
43842497 9753431
1480551 2348264
4128161 4269280
10137984 10137700
10138350 10138359
10138789 10137777
10137840 10137845
10142951 10142955
10156863 9749619
8171414 8171440
42331746 42331748
10137937 10137941
382367 991779
10137640 10137645
10138795 4690834
10137960 10137968
10137755 10137759
9749684 3526997
10137799 656747
10138718 10138724
10138339 10138343
487172 1165420
10160498 10160503
9749611 3526998
10137872 207920
10138541 3526999
10137735 10137739
10137553 10137557
9749641 4920878
15080010 15080016
10139246 10139251
10138413 10138418
274768 779926
10138929 10138932
7914267 7914296
9749571 9749581
10156010 10156017
10138366 10138370
10138371 10138375
75559 270153
197893 594306
2604475 966822
10142918 10142932
10138069 10138073
197926 594379
10138626 10138456
10144865 10138534
1142135 2013510
10139038 169363
10137576 10137581
496636 1180844
8969110 8969117
10138856 10138859
9749737 9749743
997894 1847303
10138913 10138916
965124 1805348
240874 728887
10138638 130684
10138708 2860139
9749823 9749833
10139075 966654
10138781 10138787
10138966 10138970
10171572 10171576
9749632 9749638
9749772 9749780
10141578 10141582
10166110 10166114
1444052 2312301
65721 253114
10138424 10138428
10168998 10169002
40941 169367
9751194 9751201
10148404 10148408
10138683 10138688
10139099 10139104
10152893 10152896
9749814 9749821
68355 257134
10141972 10141976
4728 44975
7360 44975
43842498 43842499
43842500 43842501
30680849 30680850
11009 71742
10138032 10138036
10155729 10155733
4686601 4690835
33463 134841
10138577 10138581
2015615 2781425
10139181 10139171
10150002 45889
10139232 10139203
10139240 10138901
3810474 1821650
10139198 10139201
10139270 704382
78726 277017
10172484 10172489
10137767 10137771
9749877 9749884
10138867 10138873
9000169 9000184
3566503 3904600
1796443 2611204
11412603 20601
992066 1837804
10163338 10163341
10138981 10138985
76437 271977
10152728 10152733
10139193 10139196
10155811 10141562
77616 274844
10165074 274841
10162832 10139399
9749886 9749892
43587447 10137803
10137846 10137850
27765 129561
10138524 10138527
10137859 10137862
10139419 10139423
14938 79318
7314703 7314719
10137906 10137912
10138618 10138622
10139568 10139572
10139432 10139435
10138671 10138676
10139133 10139138
10138741 10138746
10138213 10138218
10139220 10139225
10139405 10139409
10139358 10139362
10138254 10138263
10139303 10139307
9749745 9749754
10138830 10138834
10141961 10141965
10138898 10138903
133996 422620
422608 422620
10139437 10139441
10139447 10139451
10164748 10164752
10139463 10139468
9749905 9749912
10139495 10139499
10139514 10139523
10168367 366919
75628 270320
10151126 10139244
9749670 9749676
10150966 10150970
124017 405611
10137973 10137976
10145327 10145331
9751187 9751192
10175307 10175311
10156084 10156088
8584 65235
10139800 10139583
10139655 10139652
10139974 10139982
6425232 6425247
10139674 10139679
484303 1161138
10168354 10168360
10151685 10139981
10145560 10145563
10141057 10141062
10140288 10140292
10140697 10140701
10142534 10142538
10140396 10140399
10146576 9750361
10140107 10140111
10140308 10140311
2259 12160
8335 64995
2452797 3132408
43842502 43842503
10139259 10139263
10140087 9894593
10166600 10140136
10140166 10140169
10140117 7557469
10140558 10140562
10140593 9749966
9749980 9749987
10151469 966659
10140370 10140374
3385205 3783947
10175219 10175227
10158356 10158360
43842504 43842505
10158362 10158365
43842506 43842507
9750093 9750101
3092075 3579007
10140855 10140859
10139766 10139771
9134629 9134648
10140903 10140387
10139826 10139831
10140132 10140137
10140548 10140545
10159565 2476534
10140578 10140585
10153012 10153018
10140635 10140639
10140727 10140730
10140742 10140746
4901819 4901837
10164172 1161140
10140737 10140741
5616810 5616824
10164112 10164116
10139861 10139865
520829 1223946
10140987 10140994
10139815 10139819
9749958 9749963
10140434 10140440
10139607 10139611
10152801 10152805
10140778 10140785
4580872 4593605
10140979 10140889
10140789 10140792
10140974 10140978
10140333 10140339
10140772 10140776
10140969 10140973
28915 130452
10146824 10146828
3646116 3957854
59596 240404
10139986 10139992
11660863 11660865
9750147 9750155
1621764 2469436
10141684 10141688
10142278 10142285
6422714 6422734
10141743 10141747
10141759 978123
9757366 9757373
498797 1185392
10141825 10141829
10141830 10141834
14931 79151
10141846 10141853
10141248 10141253
25226 41504
583419 1301626
295307 816508
86532 295308
1922256 2698639
10141988 10141992
10141382 10141388
11660866 10132076
10161532 10161536
10142179 10142183
300 2291
689877 1444936
9751843 9751851
977031 1820177
43842508 43842509
10142088 10142092
340153 930371
10158483 10158486
43842510 43842511
10142029 10142040
1034922 1898350
43842512 43842513
617 5376
43842514 43842515
25044 127712
268751 770911
3010043 3522863
124079 405688
10153753 10153756
7194421 7194440
10142071 10142076
43480165 43480166
10132706 10132712
1791178 2608464
35092317 35092319
43842516 43842517
2283 22980
2100 22441
7324632 7324652
16977 87610
32654635 32654636
32654633 32654634
10166235 10166239
10167232 10167236
10145143 10145149
10142184 10142187
4725 9233
43842518 43842519
43842520 43842521
43698020 43698021
5799363 5799417
15015196 15015200
29716525 29716543
43842522 43842523
43842524 43842525
7299636 7299644
2930239 3465715
43842526 43842527
12346158 12346163
3268025 3707925
9753710 9753716
6157708 6157720
43842528 43842529
15495476 15495481
14776955 14776958
43842530 43842531
43842533 43842534
10141787 10141791
2824339 3389966
10164585 10164589
43842535 43842536
10142256 10142260
43842537 43842538
43842539 43842540
5826955 5826959
42331438 42331439
43842541 43842542
10142247 10142251
10138169 10138175
43842544 43842545
10138162 10138167
35516290 35516292
43842546 43842547
43842548 43842549
30641655 30641658
10142231 10142243
14931 79147
10142289 10142293
10142317 10142331
10142315 10142323
3420166 3804783
10165551 1083454
9118 14973
10136150 10136153
10142373 886078
10142362 10142369
10142392 10142399
9750197 9750205
9750207 9750213
10148604 10148608
7358 59975
10142522 10142525
10142417 10142420
10142425 10142429
10142441 10142445
8946739 8946755
10161756 10161761
10142527 277745
415243 1054094
10142446 10142450
10163471 10163478
128835 415071
14932 79180
10159282 10159287
7367 60192
10142604 10142609
1070220 1933134
6866563 6866589
12737 75247
9765486 9765492
10147510 10147513
10142552 10142555
10142478 10142482
79354 277755
10142665 10142669
10142655 10142660
10142695 10142699
10166494 10166499
11006 71711
2257 22791
43842551 43842552
929256 1748504
10144163 9749595
9749588 9749595
5038959 5038974
13095188 13095192
43842553 43842554
8706 65804
43842555 43842556
15069310 15069313
145669 459550
43842557 43842558
497222 1181948
43842559 43842560
379523 985407
1112711 1984658
10159431 10159439
43842561 43842562
10141157 10141163
10142700 10142703
43661309 43661310
43842563 43842564
10142594 10142598
2658349 3275789
10142589 10142593
4905339 4905384
10142739 9827735
6578532 3059821
10142776 10142780
10142788 10142792
10142760 10142764
9750226 9750233
1258854 2136453
14933 79199
9123864 9123873
10143365 10143370
2445804 3127331
10143014 10143018
10142980 1845856
1444051 2312294
10143189 7851927
11660874 267326
10142935 10142940
10142859 10142864
10175409 10175414
5590800 5590993
3220095 3672643
10139227 10139231
307337 839503
43511389 43511390
10143307 10143312
9750317 9750325
10155505 10155514
10143466 10142849
10143302 10143306
10143396 10143401
22924 124110
416806 1056350
10162237 10162242
10143100 10143104
10143578 10143582
10143454 10143458
28464 130033
9750542 4659182
10143853 10143857
10163787 10144125
10143585 978345
10143354 10143358
10173472 10173476
10143704 10143708
10143677 10143682
9119 67427
10157857 10157862
10144167 10144171
513872 1212151
10144149 10144153
10144145 9749864
4423775 4468284
1230285 2109179
10155830 10143010
277723 784767
10172959 10144182
86519 295299
24197 126702
9750368 9750375
10144310 613812
10162852 10162857
2109173 2858721
10167011 10167013
10143695 9750374
10143714 10143718
10143741 10143746
5330717 1057979
1386892 1499862
10143766 10143771
10168238 10168242
10144108 10144112
10163430 10163434
10143838 10134784
16801 86529
9750310 9750316
4167 41499
10143862 10143866
10169013 10143117
1665439 2505109
10144286 10144290
10144255 10144259
10143449 10143453
2410797 3098694
10143958 10143961
10143846 10143851
417995 1057983
310207 844093
191402 585744
10143963 10143968
7362 60069
10172877 10172881
10174804 10143996
10162093 10149577
10143889 10143894
10141559 5364089
10144191 10144196
1316015 2187051
9749858 9749865
10143970 8921537
10130942 10130948
10142495 10142500
10144091 9750445
10143773 10143779
9750438 9750446
127597 413496
10143922 10143927
10143928 10143933
10143689 10143694
10162109 10162113
10147428 10147432
40818 168956
10143178 10143182
10172954 10172958
10159618 10159622
10143945 10143950
10143054 10143058
3646114 3957825
10144609 10144613
10144615 10144619
10144243 10144247
10144686 9750515
10144495 10144499
9750466 9750472
9750473 9750481
11007 71729
10144525 10144530
10144421 10144429
845547 1656525
9750483 9750488
35129 138942
10144757 10144761
10144434 10144438
10145301 10145307
10145088 10145092
16802 86570
10159584 10159588
10144809 5815620
9750520 9750527
10144783 10144787
7363 60100
10144842 10144846
10144854 10144859
12738 75258
92783 315435
2433075 3115835
10144953 10144957
10144959 10144964
10145376 10145381
10145102 10145106
10144547 10144550
10151791 10145003
10153100 10153104
8294170 8294184
9750553 9750558
5169523 5169543
613835 1351970
10144600 10144605
10144982 10144988
13447 76575
10145017 10145022
10145115 10145120
10145055 10145060
9750572 9749722
10145068 10145072
9750578 9750587
10145030 10145034
10145107 10145111
10144721 10144725
7361 60051
10159178 10159182
10144646 10144650
10132448 398846
167327 520824
10145384 10145387
10144697 9750490
1444055 2312311
31059 132444
10156050 10156056
9750508 9750516
8316 64110
10145213 10145218
10145352 10145306
9750600 9750607
10145416 10145421
10170623 10170627
9750491 9750500
10145232 10145239
10157339 10157343
10160460 10160465
9750624 9750631
10164320 10164328
10144726 10144731
10141152 133830
6231765 6231818
32291 133831
6910363 6910387
3648727 3959347
241095 729226
10145479 10145484
10163256 10163260
10145502 9336030
2464609 3143460
211860 646466
10145547 4999522
885 6633
5933504 5933518
34398173 34398174
10148645 10148649
73025 265530
10145649 10145653
10166205 10166213
1049548 1911827
9750655 9750661
10146003 10145715
10145998 10146002
10145710 10145716
10145792 2911886
1288587 2166215
46065 197867
10145986 10145991
10155937 10155941
10155942 10155945
6661206 6661227
5227680 5227708
10140043 1932039
1069067 1932043
10145901 10145906
10145867 10145871
6039432 6039451
10145923 10145927
222981 189177
9749755 9749763
10146046 10146050
2364952 3059902
10146071 10146076
10146059 10146065
324153 876173
10168750 10146075
9750687 9750694
24893 127375
10146106 10146110
9000252 9000269
10146088 2749906
10146123 10146127
9310145 9310161
9750702 9750708
7375 8912
5680771 5680822
10146210 10146205
10146197 968350
10146227 10146230
9750725 9750730
271063 774246
10146257 10146263
4288888 4374404
10146308 10146315
9682394 9682405
9750676 9750684
1508 19029
10145466 10145470
1824740 2634219
10174006 10174011
10146419 10146423
42497068 42497069
42331708 42331709
42331408 42331409
9754542 9754549
42497080 42497081
42486611 42486612
4912971 4913044
4912971 4913045
3010044 3522868
10146612 10146617
9750821 9750828
10157556 10157562
11660902 11660909
10146447 10146451
10150342 10150347
3438746 3815589
10146633 10146640
10158834 10158838
10146651 10146656
10146709 10146713
10170245 10170249
10146714 10146718
10143917 10143921
24283 126772
10150074 10150078
10146459 4999485
10174613 10174618
10146839 10146842
295312 816529
10146558 10146563
2492280 3164609
10146512 966842
10146946 10146951
10145423 10145431
10146929 10146933
14893 79101
11660937 11660940
13792 77337
156851 495330
6417745 1471997
10147078 9750887
10131294 10131298
10147607 10147616
10173841 4089508
10135681 10135684
10137772 10137779
68212 257005
277621 784604
10147904 10147908
9750896 9750902
10147120 10147125
712980 1471998
10137697 10137702
10147758 6417782
10146283 10146287
10147023 10147032
10132645 10132650
1179784 2052451
9751203 9751209
59864 240756
10144127 10144132
10141102 10141109
10148857 10148863
10149959 10149963
10174321 10174325
736063 968034
9681180 9681196
10148057 10148065
9752464 9752470
15600684 15600689
10141217 10141226
10150979 10150984
29342 130834
10148583 10148587
2343715 3042083
10147403 10147407
4187732 4308306
10131496 10131501
9261160 9261166
10149822 1097133
10150193 10150197
128567 414627
10149709 10149713
10165473 10165477
10147334 10147339
10147276 115215
1665440 2505119
10153133 10153138
5088720 5088758
10153126 3678945
10164480 2409209
10147927 10147931
10148941 10148945
9751116 9751122
10149079 10149086
5601690 5601750
10149252 1538165
10149167 10149171
10149130 10149134
9751172 9751179
10149195 10149201
10148009 4458563
10149313 10149317
10150365 10150372
1824741 2634224
10139127 10139132
10149373 10149377
10149031 10149039
731329 1502584
10175117 253122
9751089 9751097
10144886 10144890
10150747 10150753
9751001 9751007
33199 134657
10149121 10149125
10147392 10147396
10149599 10149603
10148253 10148257
76148 271058
9682166 9682172
10149205 10145287
10143007 10143012
10150592 10150597
10148900 10148909
10147499 10147504
10148912 10148917
10147419 10147426
10154914 10149202
9604 68330
10149866 9750903
10149228 10149236
10147648 10147652
10148305 10148309
10150606 10148064
10151179 10151183
9751356 9751362
65722 253123
10148134 10148138
10149071 10147580
90924 309433
10154392 10154397
1824742 2634230
10150810 10140163
10149891 10147868
10161959 10161963
10149885 10149889
10168108 10168112
7364 60122
10149896 9751199
10149506 9261165
10139205 10139209
10149715 10143816
613794 1351949
10149655 1372527
10149917 10149620
10150140 10150144
9751263 1637176
9681968 9681976
10149971 10149975
10139508 10139512
10150267 10150272
10147915 10147920
10148797 10147919
10148018 10148023
3260973 3701863
9751250 9751259
10150794 10150799
10147896 10147901
10149217 10149221
10159602 10159606
10147749 10147753
9750949 9750955
10148185 130036
712981 1472010
10161874 9751294
10150042 10142857
2422116 3107729
1667016 2506253
10148814 10148214
490964 1171334
9293464 9293475
9745650 9745659
9750994 9751000
9751307 9751258
757660 1539844
10150374 10150380
10133884 10133889
10150887 10150891
8528680 8528687
9750941 9750947
10167118 10167121
10148947 7314718
10150865 10150869
10148164 10148168
10150775 10148358
10147132 10147136
10148279 10148283
10149427 10149433
10146874 10146879
9940 68981
10150626 10150632
484304 1161149
10150742 10150746
10150912 10150916
10171568 10150942
495888 1179727
9749237 9749244
10150175 10150179
10150737 10150741
10149757 10149763
10149986 10149990
10136623 10136628
10143297 10143301
10148843 10148847
10151383 10151387
10174767 10174771
1898321 2680446
10139959 9751354
9751348 9751355
10151071 10151075
10133472 10133477
10151060 10151064
10151029 10151033
10151145 10148424
10151171 10151175
10151001 10151005
10136859 10136865
10151385 10151392
10158453 10158457
9604 68325
10150046 10150050
10147770 10147774
10150435 10150441
10150959 10150964
32385 133912
10148209 10148215
10149331 10149335
3857424 4089509
2939376 3472886
10150875 10148183
10134740 10134745
10173088 10173092
10136494 10136498
10149173 10149177
10148550 10148554
9750934 9750940
10148036 10148040
10148537 10148541
2830 36071
487400 1165777
71062 261674
3764683 4028308
10163406 10163411
29893 131293
10151255 10151259
10151462 10151467
484305 1161162
10151324 10151329
10151615 10151621
10151899 10151904
10152314 10152317
10151295 10151298
10151894 10151898
9753793 9753800
10159707 10159710
10152688 10152692
10152951 10152955
10152961 10151300
10152472 10152476
10170924 10170928
10151679 10151684
6500540 2037850
10151943 10151946
9751460 9751468
10153169 269671
10152021 10152025
10152128 9963152
10152134 10152137
43842565 43842566
10152169 10152173
10148070 10148075
10152116 10152120
484299 1161092
10152446 10152452
2727656 3318382
10153077 10153081
10151353 10151357
10152441 10152445
10172416 10172420
9752561 9752568
9751471 9751477
9751559 9751565
10151362 10151365
10152796 10152799
10151404 10151409
460319 1123325
10152369 10152372
68782 257641
10160686 10160690
2168383 2907910
10156627 10156633
10152344 10152349
9751517 9751523
421829 502876
10139214 10139218
10142028 10142031
277581 784546
10151473 10151477
1277305 2153951
10152610 10152614
1165766 2037851
10152065 10152070
10144817 10144822
10152034 10152039
10152524 10152531
10152505 10152509
10151889 10151893
10151853 10151858
10162487 2964010
10151650 9751399
10152672 10152676
10144620 10144624
3305374 3730597
10152396 784544
9751404 9751410
10152667 10152671
10151445 10151449
10151598 10151602
128568 414640
10153072 10134535
11660944 10152156
10329 70522
10152560 10152564
4281192 4369863
10152820 10152823
10156644 10156649
10152662 10152666
10152722 10152727
9752602 9752609
10152807 10152812
9751582 9751591
9751452 9751458
9751535 9751541
10152750 10152754
10163705 10163708
10151877 10151882
10151786 10151790
10152093 10152097
9751433 9751439
10153186 10153190
10151848 10151852
10161880 10161883
10170587 10170590
10155016 10155020
14935 79246
689125 1444059
10141143 10141148
10152236 10152240
10152933 10152938
128566 368816
9751631 9751639
9751597 9751602
10153065 8106103
10153090 326415
10151872 74901
9751612 971172
14934 79228
10151909 10151913
11660953 11660955
9751490 9751497
10153153 10153157
720156 1480223
2153277 2896373
15588 80844
10153417 10153424
1352151 2226012
1352152 2226028
10146438 9751731
10153613 10153619
419164 1058955
7286528 68836
9749094 2344265
10138806 10138811
9751674 9751683
10156510 10155297
10157529 10157535
10155065 10155071
10153282 10153287
10155307 10155312
10153855 10153859
10147397 9751953
10154761 10154766
10153288 10153291
10154987 118628
10154559 9751711
9751864 9751872
10155403 10155412
10153244 10153255
1151444 2022811
852480 1667059
10154086 10154089
10154272 10154280
10153972 10153400
10154183 80839
9722351 9722360
10140459 10140462
10155609 10155487
10155759 10155763
10155519 10155522
10155574 269831
10156113 10156117
10154977 10154980
10156897 10156903
1507623 2371227
10155622 10155628
10162249 10162254
10134620 10134624
4826 45397
10156321 10156325
10155750 10155756
10156461 10156465
10154147 10154153
10155140 359511
7096 59424
11660959 10158331
10155055 10155059
10153892 3103399
10155594 10155602
10153538 9752138
33762 135094
10153498 10153502
10156351 10156355
10135604 10135609
9751666 613686
10156414 10156419
10155021 10155025
10156339 10156344
9751793 9751800
10141188 10141194
10137309 10137315
10139869 10139876
9719586 9719594
10153205 10153209
6486 58269
1235545 1636592
10155912 10155916
10155902 8274825
10155963 10155969
10139151 9751620
10159804 10159808
9752077 9752086
10149246 10149251
10153976 10153981
10154411 10154416
10148102 10148107
10153493 10153497
7365 60151
4586914 128799
6616056 6616075
9752055 9752062
10156482 10156486
10135192 10135196
10153429 4999498
10149427 9751753
10141391 10141397
7376 60406
10153957 10153961
10137763 7891793
10153952 10153956
10157105 10156272
10153825 10153829
10156285 10156290
10173174 10173180
10160175 186934
10170052 10153896
10156891 10156895
10154494 10154498
10153408 10141193
10159659 10159663
10154399 10154403
10173114 10173117
10153836 10153840
10141935 10141940
10153352 10153356
10155872 10155880
33985 135439
9720719 9720726
138562 432314
10141211 2441910
10156687 10156691
3084565 3572699
26550 128800
43651699 10156702
9752018 9752027
10156699 10154186
553027 1275944
10163872 10155981
3084566 3572713
10157450 4979297
10156362 10156366
10156710 2022803
10156652 10156418
4139808 4277913
10156842 9752060
9752092 9752098
10156751 10156755
10156830 10156812
2580123 3219133
10134832 2918330
1765792 2010
10156539 10156543
10156942 10156946
583454 1301640
10154966 10154969
10171917 10153561
10153707 10153711
10154518 10154522
10153260 10153264
10155285 10155290
10167247 10167251
10156837 10156841
10173270 10173274
10156477 10156481
10154161 10154165
10154312 10154322
205230 613697
10156268 10154585
10154733 10154736
9751836 282871
2658350 3275798
10141919 10141922
9100628 9100641
10156848 10156853
10155662 10155666
10138563 2981772
10159664 9751862
10154297 10154300
2261390 2981770
9390 68005
2462170 3141225
10174966 10174970
10157360 10157265
10156555 10156559
10137521 9750496
10156634 10156638
14936 79268
10157018 10157022
10156693 10156697
10157289 10157296
10154971 10154974
9752114 9752122
9754445 3107349
10156884 10156889
10157171 10153721
9752129 9752139
10157371 10157088
4732 45051
10157215 754630
10139393 10139397
10157385 10157389
10157322 4295069
10162436 10162442
10156246 10156250
10157398 10157402
10154798 10154803
10154934 10154937
10145912 10145916
10132868 10132872
10156904 10156908
9751382 9751388
10149409 10149413
8996 67162
10165188 10165193
10138086 10138090
11660964 11660967
10155632 10155636
10144999 10145004
10169570 10169574
10155543 10155547
185122 571434
10155896 10155900
10157287 10157292
9490 68194
10155263 10155269
9752171 3344082
10153635 10153639
10153994 10153806
10150544 10150548
9751922 9751936
8481563 8481587
10157251 10154991
10157202 10157207
1151443 2022804
10153336 10153340
9752181 9752190
10153342 10138810
10156605 10156609
10160125 10160132
513871 1212143
10156915 10156919
10156795 10156799
10154848 10154853
9757419 9757426
10154483 10154487
9720911 9720918
10156934 10156938
61410 241673
10167484 10157512
1270701 2146691
10157771 9751548
10157682 10157686
9749710 4914262
255462 749902
1548971 2409210
10157497 3189629
15984 82439
10160640 704111
10157810 10157814
10167129 10167133
10138026 10138030
10162938 10162942
10174164 10174168
9752447 9752453
10159143 10159147
9749177 2146692
10159825 10159829
10158095 10158099
10158963 10158967
10158044 10158048
59866 240771
59865 240762
11660968 11660970
567071 1284294
43644803 43644804
10158339 10158343
7377 60439
10150616 10150619
10158394 10158398
10158426 10158429
9752296 2052408
8611988 2950192
10158494 10158498
6290381 6290415
10133644 1964474
10157537 10157542
10158288 10158294
10158711 10158612
10159613 10158715
10158816 10158821
15055624 15055629
10152682 10152686
10158685 9720794
10157903 10157907
10158936 10158940
10138819 10138823
10175121 10175125
10156775 10155822
10138185 10138190
10145260 10145264
10161113 394994
10158956 10158961
6796232 6796254
10158976 10158981
10158547 10158553
10158606 10158613
10157879 10157887
58300 238092
6964888 6964903
10158795 10158800
10152789 10152794
10159184 10159188
10132323 10132328
10132567 10132572
10150759 10150763
10140840 10140843
10160371 10160375
10136736 10136740
1561 19279
10158829 10158833
9750299 9750306
10159009 4957362
10135861 10135866
9752215 9752221
10146884 10146891
10152224 10152228
10157841 10157845
10159810 2901777
10157851 10157855
15985 82454
10157871 10157876
9752222 9752229
10173186 10158436
9752335 9752342
15043551 15043557
10158761 10158765
9752231 9752237
9752274 9752280
15980 82367
10173742 10173745
3084567 3572722
484306 1161172
10159341 1161173
11660975 11660977
1295789 2173259
40045067 40045068
11660985 11660990
9752429 9752435
6194389 6194432
10158160 10158165
10167410 10167416
10156611 10156615
10159237 10159241
11803 73308
10159372 10159376
405693 1034933
10140186 10140190
706603 1465391
10157980 1034932
11660983 11660986
10159386 10159390
10170743 10170747
10160079 10160084
9752314 9752320
10158983 10158988
10160043 10160048
10167873 10167877
9752288 9752295
11802 73292
10158448 10158451
10159857 10159862
10154670 10154673
10157687 10157692
10158105 80142
10159138 10144901
10158050 10158055
10159835 10159840
10160056 10160060
9754451 9754457
13282640 10141108
10160376 10160380
10160472 10160476
9752437 9752444
10160412 10160417
9752454 264726
10158857 10158861
10160424 10160428
6039433 6039467
10160485 10160491
11660997 11660999
10158927 10158931
10167252 10167257
10157586 10157591
10160403 10160407
10158137 10158154
10159100 10159104
29112 130689
10143565 10143570
10160658 10160514
10160526 10160535
10160591 10160596
10160718 10160724
10169809 10160764
415244 1054103
6487 58279
10161318 10161323
10161306 10161310
10160778 10160782
11661003 11661005
9120 67457
10160807 10160810
228707 704595
9749125 9749137
543708 1265822
223117 689131
9751524 9751534
9751422 9751432
10158969 10158974
1345517 2220512
10172077 10172083
5438648 2476520
10160880 10160884
3294410 3723765
10160890 10160895
76436 271965
7583180 7583201
42497070 42497071
42331710 42331711
10165824 10165828
10172994 10172998
9752524 477718
10161022 10161026
60109 240870
10160958 10160962
240866 728805
10161005 10161009
10152536 10152542
10161072 10161076
11661010 11661012
845546 1656512
7097480 7097502
10141420 10141425
10156357 10156361
9752590 9752601
10161140 10161144
9752539 9752551
10161145 10161150
10152436 10152440
10161157 10161156
10161067 9752559
10161191 10161197
10161206 10161210
9754020 9754026
10161036 10161042
10170182 10170186
10160999 10161003
10161234 10161238
658864 415596
10161313 966867
10161288 10161296
10161261 8193207
10161350 10141592
9752570 9752576
3906 39984
63924 58172
2760516 3348528
6776210 6776232
171773 530243
10131789 10131797
72168 264319
10161385 10161389
10161390 10161394
2611222 3241454
10141567 10141571
6295901 6295913
10161412 10161417
10161420 10161424
10168182 10168188
1067328 1930168
10141874 10141878
3716887 4001057
10161479 10161484
10149929 10149934
7366 60178
13282659 10161500
10162269 10161556
969667 1808891
59962 132765
46067 197879
9722649 9722655
23838 126283
10161868 6399081
31514 132769
10172708 10172712
6568234 6568278
10161565 10161571
10162114 10162119
10142012 10142017
9752644 9752650
27662 129461
10138223 207965
10163399 10163403
68817 257649
1345524 2220521
9752664 9752670
10158999 3042091
10161525 10161530
120426 391702
10161547 10161550
10161552 10161557
10141541 10141546
10153846 10153850
10159853 4999564
9749485 7141209
10159847 10159852
10162396 10162399
10162348 10162352
240835 728748
10167442 10167447
10173045 2253516
10162471 10162475
10162481 10162485
10161502 10161506
5961652 5961670
10141103 10141113
10163892 10163897
10161583 10161587
13448 76579
10161603 10161607
6432351 45453
10162492 10162496
10162497 10162502
4320961 4396211
240895 729001
10162689 10162646
10174743 10174747
9752738 966609
10162642 10162647
28550 130090
9752753 9752759
1502868 2366945
10174847 10162684
9752825 9752830
10162634 10162640
10162445 10162452
10162751 10162755
10162670 10133185
10162728 10162732
10162680 10162685
10162662 10162667
9752623 9752628
10161649 10139900
10161657 10161661
10161667 10161671
13555 20653
10155795 10155799
10162906 10162910
10161772 10161777
10138275 10138280
10162675 10161681
10161672 10161678
10161737 10161741
9752630 2442904
10161507 10161511
10163352 10141545
10159544 10159548
10167043 10167047
10152431 10152434
10159901 10159905
1112710 1984646
9753883 9753890
10162837 10162841
10167494 10167498
9752688 9752694
10161965 9722654
2136605 2882842
10146769 10146773
10162738 10161994
2343716 3042093
2343717 130097
10167437 10167441
28551 130100
10138207 10138212
10163356 10155767
10163009 10163012
430823 1075576
9752784 9752796
9751766 9751776
10162036 10162040
10161619 10161622
10162743 10162748
9752637 9752642
10141618 10141622
7354304 7354338
13329032 13329039
1500785 2365107
9752657 9752662
10163070 10133214
9757434 9757439
10161608 10161613
10162066 10162070
10162466 10162470
10149136 10149140
10163055 10163058
530533 67446
33643 134937
9752713 9752722
10163074 10163078
33642 134919
10162457 10162461
10162826 966647
280916 788950
10162386 575987
10163111 10162831
10162285 7354336
10162918 10162922
10162525 966844
10162989 10162994
10148373 10148377
10162998 10163001
8997 67181
43842567 43842568
6179 55587
130835 416975
43842570 43842571
43842572 43842573
10162222 10162226
6070937 6070948
43842574 43842575
43842576 43842577
10163004 10163008
10163104 10163107
10162578 10162582
10163128 10163131
10163160 10163165
10163275 10163279
10162296 10162300
10143105 10143110
10162256 10162259
10161642 6568276
10163050 10163054
10162121 10162125
10163346 10163350
8052 63642
9752846 9752852
419163 1058940
9682119 9682128
9753297 9753306
10163532 10163536
10164352 10164361
10163513 10163517
11661018 11661020
10163417 10163423
1392587 2266259
10172508 10172513
10163559 966670
10163627 908570
8219078 8219096
10170845 10170849
10137740 4999447
2759738 402463
71622 263257
10163689 752981
10163570 10163573
576951 1293210
10163816 10163820
10163799 10163805
9752883 7051026
7292286 3118536
1080876 305091
10150301 10147497
10163937 10163942
10154784 10154788
14314 78191
9752909 9752914
10170531 10170535
43842578 43842579
10134349 10134353
10163313 10163322
9749598 9749604
10164121 10164126
10164005 117119
10167921 10167933
5042592 5042616
10167979 10167985
133212 420931
10171882 10171892
9754118 420952
29227 130775
9312404 9312422
77725 79284
14937 79284
22925 124142
10137548 10137552
10164048 10164052
10159918 10159922
133214 79287
10144293 10144299
10164164 10164169
9752902 9752908
10172325 10172329
10163868 6927845
10164180 10164187
11661031 10167926
10163724 10163729
4724 44888
274795 779986
10164080 10164085
9750713 9750722
1314745 2186287
9752916 9752923
484307 1161184
29709 131184
10131926 10131930
10159765 10159769
4917707 4917753
10138151 10138157
240894 728987
32644287 32644289
10155696 10155699
10164753 10164762
10164280 10164284
169371 522910
43842580 43842581
10164420 10164424
9753001 9753006
10738109 10738114
10164614 130198
10165266 1294679
15610 80885
9745625 8366582
10164238 5530174
728968 1500773
10164232 10164236
9720787 9720795
10166352 10166357
10148640 10148644
10164548 10164554
10166850 10166854
10149242 8102552
4207765 4321237
10139031 1318286
10140666 5920569
10166059 10166062
4170 41543
286072 797990
10171373 10171376
11661036 11661038
71067 261692
10170389 10170392
10165214 10165217
10165277 10165281
10165233 967910
10142960 10142964
10136992 10136995
10165609 10165612
9753219 9753225
13311805 13311816
1928155 2705304
10165518 10165521
10165598 10165604
10165748 10165754
8674369 8674392
1525831 269209
10167734 10167738
10165764 10165751
10150216 73132
10160618 10160622
10165392 129560
10151691 10151695
10166880 10166885
68600 257514
6920053 6920081
10149323 10149328
2939292 3472810
10168029 10168034
9753233 9753240
10164795 9753144
3841561 4080796
10164677 10164681
10166240 10166243
10164853 10164856
10167939 10167943
45292 196231
9720800 5381934
9753201 9753208
10168135 10168139
10166043 10166049
3084568 240734
10166069 10159397
10166023 10166030
9753243 9753248
10165941 10165945
10138376 9753250
10165965 10165968
9753165 9753175
10168047 10168051
7369 60235
10131523 826787
10166223 2441858
10166096 10166100
10160393 10160397
9753284 9753292
9753309 9753314
3989695 4175078
10166549 10166554
10166562 10166568
10142119 10142124
10149184 10149189
10162791 10162796
10154553 10154557
1392588 2266265
10173911 10173918
10166177 10166182
10169462 10169466
10171437 10171443
10165958 10165963
14939 79337
10164377 10164381
10167449 10167455
10164494 10164497
10166286 10166291
9753259 3773646
8980647 8980662
10164464 10164469
8317 64136
22926 124158
10164550 10164558
10168024 10168028
3657992 3963448
3775719 4033825
10164543 10164546
3159415 3630156
10163899 10163904
10166429 10166433
10155092 10155098
28698 130206
2009071 2776075
15986 82467
9986427 9986439
10138108 10138111
1933200 2708832
9670242 9670260
10166367 10166372
1933201 2708836
10167868 4962960
10165561 10165565
59863 240744
10135134 10135138
10159353 10159357
10166784 10166792
10164838 1638122
10166471 10166474
10166172 10166175
10164827 10164832
10167237 10167241
9752949 9752955
27972 129686
10166650 10166653
1500625 2364981
10166703 10166706
3646115 3957840
10166763 10166768
10166738 9753353
10167069 520821
10166804 10166809
10156263 10156267
10160289 10160294
9753370 9753375
10167904 10167910
9753043 9753048
6776211 378238
10164260 10164266
31800 133179
10131676 10131680
10167964 10167970
9753356 9753362
79256 277734
10167692 10167696
9753377 9753384
7368 60211
38738839 38738842
10165170 10165175
10166510 10166514
10146128 1223945
38738838 38738840
10165144 10165149
3790691 4042366
4921688 4921696
10165715 10165721
9753051 9753056
11796 73173
9752361 9681155
10167311 10167315
10134269 10134274
10169617 10169622
9753086 9753092
10172188 10172193
10167674 10167680
10168036 10168040
10166818 10164667
9752978 9752988
11794 73133
10165642 10165645
9753179 9753185
10132743 10132746
10161449 73291
9753387 9753393
10167420 10167423
1668824 2508229
10167721 10167724
10165219 10165222
80297 279360
10167838 10167843
10167787 10133167
10167815 10167810
9753411 9753417
9753450 9753458
1922255 2698625
10167997 10168001
6647 58508
9753461 653732
10131649 10131652
43842582 43842583
454857 1115545
10166613 79343
10165292 10165295
11661043 11661045
11437 72547
2126723 2874706
9751139 9751145
73834 267344
10168003 10168009
10167796 10165301
10168016 10168022
10167740 10167744
10165304 10165308
10167958 10167962
10166085 10166089
10174857 10174861
11661046 11661048
3639845 3953401
10164254 10164258
10166162 10166166
513797 1212079
6866564 6866608
10168052 10168058
513797 1212080
10131771 3637535
76792 273331
10167826 10167830
10166716 10166720
10165297 10165302
7370 60274
10152864 10152868
484300 282905
10152901 10152905
10168921 8743743
10168812 10168816
9254818 9254856
4374425 1523126
10168532 71999
10138179 967880
10168994 10168141
10171564 3265449
10168896 10168900
4917704 4917736
10168406 10168411
10147387 10147391
10168717 10168721
10154177 10154181
10169717 10169721
852512 1667107
13281398 13281410
10140425 10140431
10169745 10169751
10168613 10168618
10168606 4929972
10169335 10169339
10170146 10170151
843063 1653810
10141967 10141971
10168317 10168321
10170255 10170258
10170307 10170311
10169259 10169263
10168630 10168637
118863 380351
10169425 10169162
10145290 10145295
10169397 10169401
10169091 10169097
9753660 9681195
10169477 9753685
10169420 9721073
12968 75738
10166822 10166826
10169544 10132987
10170158 10170164
9753595 9753602
10169445 10169451
32786 134311
10169804 10169808
9753611 9753617
10151923 10151927
9753618 9753624
10160398 10160402
10168207 10168211
7225 59535
10169656 6060500
9753505 9753511
10168231 10168236
10168989 10168993
29530 131016
10169800 966571
9753732 131013
10169824 10169829
9753761 9753766
9753679 9753686
10169916 10169920
10169981 10169988
10168279 10168283
10170951 10170955
10169889 10169895
32691 134244
10169467 10169471
9753785 9753792
10168401 134242
10170237 10170241
10169832 10169836
10169065 2480422
484301 1161118
10171520 10171524
10169029 10169033
7379 60499
10167427 10150379
10170114 10131617
10174564 1593215
1424009 2299401
1763756 2581800
10168461 10168465
10169506 10168910
9753802 9753809
9753564 9753570
9753548 9753555
10148988 10148992
3634799 3951136
10148289 10148293
10170859 10169893
10170092 10170096
9753571 9753581
10171101 9390529
10168350 1306736
295311 816523
9753588 9753594
11795 73160
10168122 9753954
10168722 10168616
10169922 9753673
10151048 10151053
10152123 10152127
10159668 10159672
9753840 9753847
10173477 10173481
10135273 10135280
10170357 3318642
10170345 10170349
9753604 9753610
10170312 10170316
61187 241537
10170098 10170103
10170322 10170326
59867 240779
10170191 10170196
9753811 9753818
10170262 10170266
10162010 9885366
10170370 10170056
10152890 10144874
10170121 10170125
10133699 9682342
13446 76561
10168769 10168775
10170016 10170020
10170998 10159839
10162776 10162780
10170977 9719606
10170012 10168773
10168582 10168586
10168597 10168601
1203377 2079194
10130912 10130916
10170607 10170614
10169926 10169930
10152004 10152008
9753828 9753834
10170505 10170510
10170340 10170344
7378 60471
42495829 42495830
74830 269144
10170576 10169424
10168785 10168789
9751210 9751216
10168927 10159748
10138655 10138658
10171049 10170612
10168829 10168833
11797 73193
7180866 7180885
10170938 10170942
2800674 3373538
10160284 6229879
10170641 10170646
10171033 10168877
10169591 10169594
9748839 9748844
11010 71748
10170693 10170698
10169041 10169045
75429 270051
10171081 10171084
10169151 10169158
10168901 10168905
10171533 10171537
10170488 10170492
10168962 10168966
10159569 10159573
4057818 4216045
10170385 10135106
9751816 9751822
9753892 966847
10157393 10157397
10171134 10171138
10168906 10168911
9719596 9719607
9753900 9753911
9753917 9753924
10170753 10170757
9753926 2079193
10169051 10169057
10171065 10171071
4992538 4992583
9753942 731225
10170908 10170922
9720875 9720882
10171037 10171042
9754054 9754060
10167242 10167246
28630 130158
10169776 270056
589844 1322384
10131572 10131573
10133066 10133069
10169103 10152906
10168263 10168267
9753528 9753535
10142152 10142156
10168860 10168865
10171025 10171031
10168967 10168971
10170230 10170235
10168646 10168652
10169672 10169677
10173209 10173213
10170352 10170356
10148487 10148491
10168739 10168743
241082 729199
10160869 10160873
10168257 10168261
10169003 10169007
10169008 10169012
243400 731226
72478 264767
10168744 10168749
10171165 10171173
9753968 9753981
10168468 10168474
10138241 10138250
10171180 10171184
10171248 10171253
4939034 4939063
10171264 10171269
9753986 1166640
1008898 1859092
9753999 9754005
68889 257772
7158926 1072797
10171285 10171289
10171278 10171283
10171706 10171710
10139751 10139755
13893 77565
1709414 2540140
10171683 10171688
10171361 10171365
10171753 10171757
9754006 9754012
10155656 10155660
10171500 10171504
10171392 10171396
10171381 10171385
3717716 4001549
10157260 10157266
10171470 10171474
10157160 10157164
10171663 10171667
7372 60328
10171610 10171614
10171630 10171636
4187731 4308296
10171605 10171609
10152009 10152014
10171673 10171677
10171759 10171767
10131936 10131940
10150582 10150588
10171795 10171799
10173190 10173194
10152784 10152788
32386 133931
9754047 9754053
10166992 10166998
10171849 10171857
10171936 10171940
9750401 9750410
11798 73218
432675 1078904
10171992 10171996
7888642 7888658
10172087 10172092
7371 60298
10172026 10172031
10150562 10150566
10147592 10147596
10149495 10149499
10154836 10154840
10155197 10155201
10156037 10156041
10153651 10153655
9754080 9754086
10172048 10172052
813394 1616030
10172123 10172128
10171997 10172001
10166961 10166964
9754088 9754093
10137277 7607938
10156520 10156524
8182 63722
10171877 10171881
10133467 10133471
1305357 2182812
9754167 9754175
10172263 10172267
9754156 9754163
10173637 10171911
10172501 10172481
1535122 412128
117745 378066
9754216 3911499
10172813 10172816
9682496 3088970
10172313 10172318
10172399 10172404
10160145 10160151
10172728 10172732
10149646 10149650
10172212 10172216
9754195 9754201
10173457 10173461
2100129 2851825
10173016 10173021
10137666 10137672
10154453 10154457
9754244 9754251
10145035 10145038
9754254 9754258
10173596 10173600
10157066 10157070
9754260 9754266
10157439 10157444
10172347 10172351
11661059 10172459
4905338 4905379
10159953 10159956
10172456 10172461
10157445 10157449
10158367 10158372
10172602 10172606
11661066 11661068
27664 129491
9754268 9754274
10173610 10173614
10144593 10144598
10172844 5005658
10153319 10153324
10172774 10172773
10172798 10172802
10135593 10135600
1444050 2312284
9754297 9754303
10172183 10172187
9754236 9754242
10172848 10172852
9754304 9754313
10173835 10173839
10172867 10172871
10173195 10173200
487401 1165791
10130988 10130993
432345 1078001
9751074 9751080
10132589 10132592
11661070 11661074
8674368 8674388
10173879 10173883
10148420 10148425
10133791 10133797
11661077 966772
10135810 10135814
10147621 10147625
3415270 3802017
10137708 10137712
9757221 9757228
10138726 10138732
422533 1063458
10139252 10139257
10139368 10139372
2362723 3058639
5241470 5241528
11661079 11661081
10139042 10139047
9749839 9749847
10137949 10137955
10139618 10139622
10141670 10141679
10173889 10173893
10142461 10142469
10142903 10142906
10170330 10170334
11661085 11661087
135481 424943
11661089 11661091
11799 73234
3555142 3898381
10173934 10173938
10147185 10147192
10148760 10148765
10150056 10150060
10173852 10173858
10148686 10148690
10147698 10147701
11661101 10661573
10153159 10153162
2500341 3169527
10152104 10152109
10132225 10132228
10152814 10152818
10153121 10153124
2416157 3103396
10155604 10155608
423341 1065206
10153741 789854
10153813 10153819
2402591 3092589
10156815 10156818
10132482 10132486
10170657 10170662
10156788 10156792
10147728 10147732
9752194 9752206
10150385 10150389
124080 405701
10157996 10158000
10173976 10173980
10149745 10149750
10150096 10150101
10162329 10162333
10162565 10162571
9721664 9721669
10163181 966776
9752047 9752053
594238 1329133
10162786 967239
1474371 2342760
10150294 10150300
10150310 10150315
11661115 11661118
10150317 10150321
10132971 10132975
10163563 10163568
4269988 4360881
10166230 378196
10166476 10166479
10148239 10148247
10164790 10164794
5381907 5381935
10133157 10133161
11661125 11661127
10164443 10164448
10131681 10131685
10170223 10170228
4917706 4917748
5680772 5680835
4926980 4927038
1078895 1940569
10147704 10147708
4189011 4308982
10151110 10151114
10173601 10173605
10173988 10173993
11661129 11661131
10148781 10148785
11661132 11661134
10174214 10174219
10175017 10175021
10174070 10174074
10163172 10163177
9682597 9682607
10174055 10174061
10174173 10150111
10155099 4163109
9754364 2795980
28552 130109
10174386 10174390
10173995 10173999
9754384 9754392
10173076 10173081
10174533 10174537
10174985 10174989
9754395 9754403
10174711 10174716
9754415 9754421
10174661 10174665
10174830 10174834
10134027 10134031
54152 221407
10174691 10174695
10174732 10174737
2037407 2800664
10159576 10159582
10174133 10174140
10174591 10174595
10151696 10151700
10160510 10160515
10174205 10174209
10158088 10158093
3970929 4163110
10174621 10174625
73055 265562
10174851 10174855
9754429 9754436
10174876 10174880
10174886 10174891
9754502 9754509
10174638 10174642
10174403 10174407
1179729 2052410
10158941 10158945
9754408 9754414
10175004 10175008
10164863 10164867
10166501 10166507
8775750 8775761
10174972 10174976
72450 60350
10666681 10666684
10144701 10144707
9754466 9754473
10175086 10175091
9754485 9754493
10163480 10163484
10175070 10175074
10141238 10141242
10175063 10175068
10160200 10160206
10141930 10141934
68769 257619
2554847 3201523
10156171 10156175
10175239 10175243
10138113 10138117
10141483 10141487
7975230 7975240
10173250 1630307
10158704 10158709
10175270 10175274
10175297 162058
10144077 10144081
11558 72714
10156090 10156094
10144072 10144076
10153454 10153458
11005 71695
10175312 10175316
10139701 10139705
263282 761633
263293 761663
10159328 10159332
10175338 10175342
59869 240789
10155701 10155704
10148003 10148008
10150163 10150168
10676445 10676460
10152519 10152523
10676461 10676474
13282685 13282697
10154831 10154835
10158383 10158388
10154706 10154710
9751959 7016988
10175155 10175161
10175162 10175168
10154241 10154246
10174920 10174927
10175402 10175407
10163466 10163470
9754531 9754540
10160237 10160241
10165122 10165126
11661159 11661161
10175145 10175149
10419 70599
10167512 10167516
10167821 10167825
10141904 10141908
10173870 10173874
10151755 10151759
10164726 10164730
10165025 10165029
10152911 10152915
10163545 10163549
10169843 10169847
10169108 10169112
10144086 10144090
10175112 10175116
10174447 10174451
11800 73260
10175265 10175269
10170198 10170202
10150667 6369509
10175438 10175441
10175433 10175437
10175245 10175252
4964153 4964166
10174872 384695
10174269 10174273
10174934 10174938
10174867 10174871
10175453 10175457
8555264 8555272
10175445 10175449
