391806 1002642
28442653 28442654
28477145 28477146
28461368 28461370
28691817 28691818
28461437 28461438
28461521 28461522
28477141 28477142
13072221 13072225
31164769 31164771
28513742 28513743
40110713 40110715
43841876 43841877
43308248 43308250
14498640 14498653
8007213 8007221
14558825 14558830
43841878 43841879
28461262 28461263
43841880 43841881
43841882 43841883
28513826 28513827
36558298 36558300
40167825 40167826
24402178 24402185
43841884 43841885
5064808 5064822
28461340 28461341
28691857 28691858
28461175 28461176
28442894 28442895
28513900 28513901
28587197 28587198
24398058 24398060
28461321 28461322
28461225 28461226
28513919 28513920
28513923 28513925
28461258 28461259
40218190 40218192
28514680 28514684
24404772 24404776
28513911 28513912
28434184 28434185
28461041 28461042
28461264 28461266
28461279 28461280
10817346 10817352
41823793 41823795
14263946 14263951
24400956 24400960
43841886 43841887
28687852 28687853
43841888 43841889
43841890 43841891
28513929 28513930
1439765 2308251
28687868 28687869
41823837 41823839
15319810 15319814
28461386 28461387
10829470 10829475
43841893 43841894
33252930 33252932
28477042 28477043
24406214 24406217
14479999 14480009
43841895 43841896
28687910 28687912
14639565 14639571
14639568 14639576
28513766 28513767
43841897 43841898
28461191 28461192
34894657 34894658
43841899 43841900
28460998 28460999
28691787 28691788
43841901 43841902
10967287 10967296
28513875 28513876
28461580 28461581
28434836 28434837
28434698 28434699
43841903 43841904
43841905 43841906
28461023 28461024
28461043 28461044
13668231 13668245
43841907 43841908
13668232 13668248
36695519 36695520
13668224 13668237
28513877 28513878
28691890 28691891
13668238 13668249
43841909 43841910
43841911 43841912
10433077 10433082
28461104 28461105
43841913 43841914
43841915 43841916
43841917 43841918
28461211 28461212
28477048 28477049
24391260 24391264
41823962 41823964
24391639 24391643
31116312 31116317
28588841 28588842
28588804 28588805
28461576 28461577
43841919 43841920
43841921 43841922
28442964 28442965
28691755 28691756
28644550 28644551
24402180 24402186
28513811 28513812
28460981 28460982
28461345 28461346
28461053 28461054
28461554 28461555
43841923 43841924
40144662 40144663
28461281 28461282
40166643 40166645
14741170 14741175
24401306 24401309
10357754 10357758
11221620 11221624
15649534 15649537
28513936 28513937
43841925 43841926
28691878 28691879
28513953 28513954
28691865 28691866
41824046 41824048
28513909 28513910
24419938 24419941
28461619 28461621
28461307 28461308
28691873 28691874
40110349 40110350
28449643 28449644
11049595 11049605
28461574 28461575
28461078 28461080
31098556 31098557
28461079 28461081
36680522 36680524
33252933 33252935
41824100 41824102
14234561 14234579
40634140 40634142
28461525 28461526
14220367 14220374
28461552 28461553
28506154 28506155
28461338 28461339
24409397 24409400
12040511 12040519
24392685 24392688
41824118 41824120
28691900 28691901
12908652 12908657
28311551 28311552
43841927 43841928
28691909 28691911
24398412 24398416
43841929 43841930
28461330 28461331
43841931 43841932
28506124 28506125
15360015 15360020
43841933 43841934
40633271 40633274
28691766 28691767
28461055 28461056
7664917 7664955
11915903 11915910
43841935 43841936
24401619 24401623
40166760 40166761
3789845 4041782
28691906 28691907
43841937 43841938
40633270 40633272
43841939 43841940
28513982 28513983
43841941 43841942
28691845 28691846
15634342 15634345
28461184 28461186
28461183 28461185
28644490 28644491
3640520 3954120
2507253 3175583
28461014 28461015
24402895 24402898
43841943 43841944
40110402 40110403
28461410 28461411
24398957 24398960
28460930 28460931
28461578 28461579
24406187 24406190
43841945 43841946
28442362 28442363
28691811 28691812
43841947 43841948
24401324 24401327
43841949 43841950
43841951 43841952
28513886 28513888
28588728 28588729
28461021 28461022
43841953 43841954
43841955 43841956
43841957 43841958
28461482 28461483
34894433 34894435
43841959 43841960
41824199 41824201
28442794 28442795
28513835 28513838
43841961 43841962
24399910 24399912
41824215 41824217
41824218 41824220
43841963 43841964
15415712 15415717
43841965 43841966
43841967 43841968
28588830 28588831
43841969 43841970
41824236 41824238
28461351 28461352
28587199 28587200
28588820 28588821
41824249 41824251
28691819 28691820
40167800 40167802
41824252 41824254
12551579 12551594
28442861 28442864
28442860 28442863
28513976 28513977
28513832 28513834
6560118 6560127
11423530 11423535
28460884 28460885
43841971 43841972
43841973 43841974
41824261 41824263
43841975 43841976
34894358 34894359
28442313 28442314
28461509 28461510
28461177 28461179
28461495 28461496
43841977 43841978
28461201 28461202
40169207 40169208
10940124 10940132
43841979 43841980
28443177 28443178
28461213 28461214
28461375 28461376
43841981 43841982
2878870 3427355
41824268 41824270
3140821 3616715
28513802 28513804
7497792 7497809
24392812 24392815
14716265 14716270
11212958 11212968
11540860 11540870
43841983 43841984
41824280 41824282
41824286 41824288
41824289 41824291
28444498 28444499
28461119 28461120
43841985 43841986
40110716 40110717
43841987 43841988
28442854 28442855
28461371 28461372
28691863 28691864
10413671 10413686
11284667 11284678
6929847 6929857
28588832 28588833
28461071 28461072
14429618 14429625
14392518 14392522
8657546 8657558
28442931 28442932
28691888 28691889
28691759 28691760
28513758 28513759
28460983 28460984
11216056 11216062
3249226 3693466
28506165 28506166
28513744 28513745
9614644 9614665
9614637 9614657
28461001 28461002
28461388 28461389
43841989 43841990
28461392 28461393
10903715 10903722
43841991 43841992
28461091 28461092
28691804 28691805
28513787 28513789
15630762 15630766
43841993 43841994
28461298 28461299
24392865 24392867
15612849 15612852
9804623 9804629
28444067 28444070
43841995 43841996
43841997 43841998
43841999 43842000
43842001 43842002
28513762 28513763
28461223 28461224
28461203 28461204
41824354 41824356
28691915 28691916
28461126 28461129
43308674 43308676
41824364 41824367
24400914 24400917
28461511 28461512
41824368 41824371
6329739 6329752
43842003 43842004
43842005 43842006
28449637 28449638
28461267 28461268
43842007 43842008
43842009 43842010
43842011 43842012
11436142 11436149
40166664 40166665
28691813 28691814
28461539 28461540
43842013 43842014
43842015 43842016
43842017 43842018
43842019 43842020
774402 1559136
28443071 28443072
28461231 28461232
43308751 43308753
43842021 43842022
24410692 24410694
28513818 28513819
34721732 34721733
28477016 28477017
43842023 43842024
28513800 28513801
41824424 41824426
43842025 43842026
14501427 14501435
28461324 28461325
43842027 43842028
24398463 24398466
41824449 41824451
28585977 28585980
28461181 28461182
3563054 3902356
43842029 43842030
28461143 28461144
28588812 28588813
28506128 28506129
28460838 28460839
41824468 41824470
28461121 28461122
34894430 34894431
43842031 43842032
28461045 28461046
3024902 3533267
3884314 4108138
3884315 4108142
3533255 3884306
43842033 43842034
28585984 28585985
43842036 43842037
43842038 43842039
10747545 10747551
43842040 43842041
11029131 11029137
41824503 41824505
24400868 24400871
28461051 28461052
28444083 28444084
28461390 28461391
28461373 28461374
43842042 43842043
24405192 24405195
28461217 28461218
28588802 28588803
28585991 28585993
43842044 43842045
28460843 28460844
41824524 41824526
43842046 43842047
28460910 28460911
28461293 28461294
24413466 24413468
15291168 15291172
40169209 40169210
28687938 28687941
14609600 14609606
28588826 28588827
28513851 28513854
40180984 40180985
28691882 28691883
43842048 43842049
10426952 10426959
28691886 28691887
24398252 24398254
28461227 28461228
43842050 43842051
28588796 28588797
28443649 28443651
3105834 3588342
24404688 24404695
11350885 11350890
28460975 28460976
28461615 28461616
41824571 41824573
40141797 40141799
43842052 43842053
28443542 28443543
28691870 28691871
28588814 28588815
24404920 24404922
28442344 28442348
28588834 28588835
41824587 41824589
24403424 24403428
43842054 43842055
43842056 43842057
41824590 41824593
28461558 28461559
28513934 28513935
28691777 28691778
34894207 34894208
43842058 43842059
28691762 28691763
40144759 40144761
28461003 28461004
15489395 15489399
43308952 43308954
24404782 24404785
28506118 28506119
28477008 28477009
41824609 41824611
28442523 28442524
28461475 28461476
41824618 41824620
14210820 14210827
43842060 43842061
43842062 43842063
24401498 24401501
40157952 40157954
28691849 28691850
43842064 43842065
34894476 34894477
28687840 28687841
40166739 40166740
28513884 28513885
28691926 28691927
28644561 28644562
28461448 28461450
43842066 43842067
43842068 43842069
43842070 43842071
11059718 11059726
43842072 43842073
28444588 28444590
11582412 11582420
28513945 28513948
41824636 41824638
43842074 43842075
24391169 24391172
6231653 6231678
6231663 6231697
28687842 28687844
40166408 40166409
28461123 28461124
43842076 43842077
10364923 10364930
28687804 28687805
43842078 43842079
43842080 43842081
28477084 28477085
4939333 4939343
40144746 40144747
28461499 28461501
28461500 28461502
3280574 3715610
28513777 28513779
40127832 40127834
28513949 28513950
43842082 43842083
43842084 43842085
28513798 28513799
40110697 40110698
24400962 24400966
15605166 15605170
15614300 15614303
28442594 28442595
28441911 28441912
41824694 41824696
28691835 28691836
43842086 43842087
40140344 40140346
28461197 28461198
41824705 41824707
24364978 24364983
11635976 11635980
24420887 24420891
41200644 41200646
43842088 43842089
43309105 43309107
43842090 43842091
28443732 28443733
43842092 43842093
43842094 43842095
28461454 28461455
43842096 43842097
28461528 28461529
11031794 11031807
28688054 28688056
41824732 41824734
43842098 43842099
43842100 43842101
43842102 43842103
28461135 28461136
28443102 28443104
43842104 43842105
28513939 28513940
43842106 43842107
43842108 43842109
28460973 28460974
28588824 28588825
40166718 40166719
28477058 28477059
43842110 43842111
28461169 28461170
40144725 40144727
40166734 40166736
10967301 10967305
28461005 28461006
28461358 28461359
28444383 28444384
28477025 28477026
28461349 28461350
28477095 28477096
28644494 28644495
28687787 28687788
28461235 28461236
28461010 28461011
7321111 7321127
41824772 41824774
24398702 24398704
33109863 33109865
28442998 28442999
28691821 28691822
28513879 28513880
40166524 40166525
28687871 28687872
28442548 28442549
28687918 28687920
43842112 43842113
28461221 28461222
28691893 28691894
28513772 28513773
28477034 28477035
28477006 28477007
28461515 28461516
15616393 15616398
43842114 43842115
28461565 28461566
28442982 28442983
28461113 28461114
41824790 41824792
43842116 43842117
28691868 28691869
15287566 15287571
43842118 43842119
28691797 28691798
28687963 28687965
24403436 24403438
24404890 24404893
43842120 43842121
7491508 7491527
7540430 7540439
11605324 11605332
5864472 5864484
28461047 28461048
28460898 28460899
24340108 24340112
41824804 41824806
15638871 15638874
15642768 15642771
28206815 28206817
28506186 28506189
28687921 28687923
28691861 28691862
28506142 28506143
11034473 11034482
11659882 11659887
11659885 11659888
28461317 28461318
28461567 28461569
43842122 43842123
28442263 28442264
3140935 3616801
2461820 3140940
40169211 40169213
41824822 41824824
43842124 43842125
3135308 3610650
12211938 12211945
28461154 28461155
43842126 43842127
28460853 28460857
28461132 28461134
28460852 28460855
43842128 43842129
43842130 43842131
141291 444925
43842132 43842133
444911 1095759
28691831 28691832
28588800 28588801
41824840 41824843
28460914 28460915
40127818 40127819
41824851 41824853
10703488 10703492
9640131 9640134
24397129 24397131
43842134 43842135
15492346 15492351
40167823 40167824
28588806 28588807
34894688 34894689
28442682 28442684
41824863 41824865
28688230 28688231
24400996 24401003
24400998 24401008
24400999 24401010
28461355 28461356
41824866 41824868
43842136 43842137
41824871 41824873
28513907 28513908
28513820 28513822
28513867 28513869
28461669 28461670
28461069 28461070
28461285 28461287
4320768 4396107
28461379 28461381
43842138 43842139
40166470 40166471
28461059 28461060
11391373 11391377
11314642 11314647
28442911 28442912
28461096 28461097
24398092 24398097
24398096 24398101
28461159 28461160
28687893 28687895
43842140 43842141
28687828 28687829
43842142 43842143
43842144 43842145
28513774 28513776
14398501 14398505
41824938 41824940
3064838 3558705
41824949 41824951
40110772 40110774
28460901 28460902
28691898 28691899
41824979 41824981
11544797 11544806
43842146 43842147
28461065 28461066
11556947 11556960
28513768 28513769
28460968 28460969
28461377 28461378
41825003 41825005
41825008 41825010
24387163 24387166
28461478 28461479
14784628 14784632
41825013 41825015
28461253 28461254
28442975 28442976
43842148 43842149
28443138 28443139
28461440 28461441
28461163 28461164
28460994 28460995
40216533 40216538
41825938 41825940
11152850 11152858
41825028 41825030
28461327 28461328
28374753 28374762
8370969 8370972
14376197 14376201
43842150 43842151
28461582 28461584
28513760 28513761
43842152 43842153
5822988 5823012
43842154 43842155
40144680 40144681
1650727 2493396
28506103 28506104
11971553 11971564
41825103 41825105
43842156 43842157
43842158 43842159
43842160 43842161
43309619 43309621
41825109 41825111
28585973 28585976
41825119 41825121
28688385 28688387
40166336 40166337
28461156 28461157
28461489 28461490
28461082 28461083
43842162 43842163
28461084 28461085
28513764 28513765
40162652 40162654
28514676 28514677
43842164 43842165
8054864 8054875
11168890 11168897
43842166 43842167
28513860 28513862
28461219 28461220
28461031 28461032
43842168 43842169
43842170 43842171
24418830 24418833
15462782 15462787
43842172 43842173
24409516 24409519
28461660 28461661
41825177 41825179
11126166 11126175
28513793 28513794
43842174 43842175
11135917 11135922
43842176 43842177
11600271 11600276
11487314 11487324
28461517 28461518
28461519 28461520
24401409 24401411
28477091 28477092
28461523 28461524
11226707 11226731
43842178 43842179
28461542 28461545
43842180 43842181
28461301 28461302
43842182 43842183
34866484 34866486
43842184 43842185
28461654 28461655
28461406 28461407
28444554 28444555
43842186 43842187
41825195 41825197
28506109 28506110
43842188 43842189
28461233 28461234
7587820 7587850
15277290 15277303
15277288 15277295
43842190 43842191
271949 775805
43842193 43842194
41825217 41825219
28687876 28687877
11626527 11626539
43842195 43842196
28442832 28442833
9492854 9492880
43842197 43842198
28588836 28588837
43842199 43842200
10283624 10283635
38820703 38820706
28461110 28461111
28461347 28461348
41825235 41825237
28513941 28513943
1961650 2732218
7781165 7781185
41825240 41825242
28506111 28506112
15493572 15493575
24392592 24392597
28644484 28644485
28461311 28461312
28477031 28477033
28506150 28506151
15351574 15351579
28588816 28588817
15351577 15351581
14402530 14402534
41825260 41825262
28513782 28513784
28506134 28506135
28513790 28513791
28460977 28460978
40144650 40144651
28461145 28461146
41825263 41825265
28461034 28461035
28588792 28588793
28477074 28477076
43842201 43842202
24413485 24413488
40144765 40144766
43842203 43842204
28449635 28449636
43842205 43842206
28584918 28584919
28461061 28461062
186868 576426
43842207 43842208
43842209 43842210
10922175 10922180
14672571 14672578
14672577 14672579
43842211 43842212
14439353 14439361
28461099 28461100
28691807 28691808
43842213 43842214
43842215 43842216
28691794 28691796
11524786 11524798
24394347 24394349
40110364 40110366
43309792 43309794
28644474 28644475
11076085 11076091
5942609 5942624
28688219 28688222
28588838 28588839
28461189 28461190
14722365 14722369
24398338 24398343
41825294 41825296
41825299 41825301
8716786 8716796
28588790 28588791
43842217 43842218
11171840 11171844
28691924 28691925
1292248 2169549
28506136 28506137
7526850 7526855
28442464 28442465
43842219 43842220
28513956 28513957
28461240 28461241
28513902 28513905
14417156 14417161
14389949 14389956
28461269 28461270
28477029 28477030
28442638 28442639
28460880 28460881
28460991 28460992
24401459 24401463
41825338 41825340
40168232 40168234
28442303 28442304
6332191 6332208
28461246 28461247
43842221 43842222
28513921 28513922
28688001 28688003
43842223 43842224
28691847 28691848
43842225 43842226
28442701 28442702
41825380 41825382
41825383 41825385
28691743 28691744
28461452 28461453
28461089 28461090
8658973 8658984
15335048 15335053
5111985 5112002
41825394 41825396
28443067 28443068
43842227 43842228
28506130 28506131
40137043 40137044
43842229 43842230
28461335 28461336
41825402 41825404
43842231 43842232
28442580 28442581
15666342 15666345
28461271 28461272
28506122 28506123
40110943 40110944
28513748 28513749
41825427 41825429
40107964 40107965
40208561 40208562
40110706 40110707
43842233 43842234
43842235 43842236
43842237 43842238
14310144 14310149
28434279 28434280
28687944 28687947
43842239 43842240
43842241 43842242
28513985 28513986
24401466 24401469
28461229 28461230
41825438 41825440
40110745 40110747
28513809 28513810
43842243 43842244
43842245 43842246
31102408 31102410
24400469 24400471
43842247 43842248
28513913 28513914
28443115 28443117
41825462 41825464
28513872 28513873
9318316 9318335
11127102 11127113
84898 291105
28687896 28687897
28691884 28691885
40136802 40136803
28442332 28442333
28442686 28442688
43310018 43310020
28461591 28461592
11660399 11660405
43842249 43842250
28461242 28461243
28644581 28644582
41825523 41825525
43842251 43842252
1095776 1961678
1095775 1961671
1961676 2732223
43842253 43842254
43842255 43842256
28461291 28461292
43842257 43842258
43842259 43842260
28513989 28513990
43842261 43842262
41825528 41825530
43842263 43842264
10903082 10903091
10921964 10921969
28443122 28443123
28461413 28461414
14718279 14718283
28461533 28461535
4273414 4363691
24393904 24393908
41825548 41825550
24394649 24394652
28461503 28461504
34894439 34894440
41825551 41825553
40165931 40165933
40166406 40166407
43842265 43842266
43842267 43842268
28691827 28691828
28461667 28461668
28461273 28461274
3705141 3994173
28442458 28442459
43842269 43842270
8805139 8805147
8406028 8406039
41825565 41825567
15307880 15307885
28461244 28461245
43842271 43842272
28588787 28588788
28513796 28513797
43842273 43842274
11032233 11032240
28461171 28461172
15537908 15537916
31134386 31134388
41825607 41825609
43842275 43842276
14278116 14278124
28442768 28442769
3884319 4108151
11162438 11162445
28460875 28460876
11137925 11137932
11410792 11410805
43842277 43842278
43842279 43842280
28461237 28461238
7679612 7679630
28442493 28442494
14449840 14449843
40096174 40096177
28688032 28688035
43842281 43842282
36680583 36680585
43842283 43842284
28515505 28515506
43842285 43842286
15602346 15602349
28460840 28460841
28691739 28691740
28691851 28691852
28461106 28461107
28461074 28461075
11556128 11556135
28687994 28687995
28461547 28461548
28691895 28691896
43842287 43842288
28644458 28644459
43842289 43842290
11209762 11209796
24403883 24403891
24403882 24403890
24403878 24403885
11209745 11209765
28513896 28513897
43842291 43842292
11261584 11261588
28442840 28442841
2419949 3105843
3105840 3588351
2419929 3105816
1559985 2419960
28691839 28691840
28587027 28587029
13172722 13172726
28442339 28442342
43842293 43842294
13123892 13123898
40110940 40110941
28506126 28506127
28442487 28442490
43842295 43842296
43842297 43842298
40144616 40144617
43842299 43842300
28461562 28461563
28513815 28513816
9492844 9492865
11487334 11487343
28691782 28691783
28539665 28539666
43842301 43842302
15610943 15610946
28441868 28441871
28691904 28691905
28691809 28691810
43842303 43842304
28460888 28460889
28461486 28461488
24398644 24398647
28461560 28461561
28477080 28477081
28513927 28513928
41825744 41825746
43842305 43842306
15369372 15369376
41825749 41825751
43842307 43842308
15268098 15268102
11151702 11151714
24394684 24394687
14786755 14786760
8558017 8558022
28461303 28461304
28691917 28691918
28477112 28477113
40227286 40227287
28461507 28461508
28461408 28461409
24396769 24396772
28588818 28588819
43842309 43842310
43842311 43842312
41825762 41825764
28461673 28461674
10008622 10008631
28461115 28461116
28444019 28444020
28691770 28691771
28461195 28461196
28687807 28687808
40114566 40114567
41825769 41825771
28513915 28513916
43842313 43842314
28461295 28461296
28477072 28477073
28691768 28691769
40110709 40110710
41825772 41825774
11171032 11171038
41825777 41825779
28513987 28513988
28477101 28477103
43842315 43842316
43842317 43842318
43842319 43842320
28687813 28687814
4495464 4524260
4495465 4524262
28687898 28687899
28688082 28688083
12551582 12551595
43842321 43842322
28442442 28442447
28442444 28442449
14314901 14314907
43842323 43842324
24398581 24398584
43842325 43842326
43842327 43842328
28477155 28477156
28688094 28688096
28443131 28443134
41825792 41825794
41825795 41825797
28506174 28506175
7781192 7781202
24392846 24392849
11128715 11128720
41825812 41825814
41825815 41825817
43842329 43842330
28461467 28461469
41825835 41825837
40144701 40144704
40144700 40144702
41825838 41825840
28691775 28691776
15589898 15589902
40213276 40213277
43842331 43842332
43842333 43842334
28463112 28463114
28644464 28644465
40166767 40166768
28461275 28461276
28461662 28461663
28461471 28461472
28477109 28477110
15368044 15368047
28442783 28442784
40168229 40168230
28461206 28461207
15620134 15620137
43842335 43842336
28461137 28461138
28691833 28691834
28460890 28460891
28691859 28691860
40166339 40166341
43842337 43842338
28691875 28691876
28588785 28588786
28513951 28513952
34894506 34894507
28461148 28461149
28691855 28691856
28513917 28513918
43842339 43842340
28461458 28461459
28601404 28601405
43842341 43842342
28461130 28461131
15377278 15377282
43842343 43842344
43842345 43842346
6327699 6327713
28513881 28513883
28461622 28461623
24398170 24398172
28300978 28300980
28444342 28444344
28477039 28477040
43842347 43842348
43842349 43842350
28461671 28461672
40167814 40167815
28444578 28444579
28461400 28461401
28691824 28691825
28442707 28442708
43842351 43842352
41825904 41825906
11231192 11231204
28461394 28461396
41825915 41825917
28513863 28513864
14445993 14445999
28461067 28461068
28461007 28461008
43842353 43842354
28461151 28461152
28588808 28588809
43842355 43842356
28477023 28477024
28687815 28687816
28588794 28588795
28442530 28442532
43842357 43842358
10899991 10899997
41825924 41825926
34894474 34894475
28461530 28461531
28506194 28506195
28460877 28460878
41825927 41825929
15660477 15660480
28588828 28588829
28588822 28588823
43842359 43842360
9791384 9791393
8258434 8258446
24401960 24401964
28461199 28461200
28461250 28461251
43842361 43842362
43842363 43842364
43842365 43842366
43842367 43842368
43842369 43842370
28461108 28461109
34478068 34478071
28461026 28461027
28506106 28506107
40226436 40226437
28461173 28461174
24398203 24398206
28513958 28513960
40188267 40188268
40173681 40173682
11598919 11598926
11598916 11598923
43842371 43842372
34894374 34894375
31098515 31098517
28513980 28513981
28506138 28506139
11919923 11919928
9770321 9770326
28442817 28442818
24404872 24404875
11538761 11538768
40166755 40166757
28513750 28513752
28513751 28513754
41825979 41825981
14595241 14595246
43842373 43842374
41825988 41825990
40110760 40110762
28691749 28691750
28460906 28460907
11658626 11658634
12157945 12157954
28461305 28461306
6659970 6659977
40110718 40110719
43842375 43842376
10746677 10746685
28513978 28513979
34473829 34473832
40101033 40101034
28461039 28461040
28461093 28461094
28513746 28513747
28461443 28461444
43842377 43842378
28461140 28461141
28506115 28506116
28513823 28513824
36694670 36694671
28461057 28461058
28691815 28691816
28691764 28691765
24398045 24398049
43842379 43842380
28442415 28442416
12801508 12801514
28460834 28460836
28506132 28506133
28461037 28461038
3153294 3624941
2478886 3153299
3153297 3624949
28442588 28442589
43842381 43842382
28461536 28461537
28477014 28477015
10946646 10946656
43842383 43842384
8021321 8021339
41826073 41826075
28588798 28588799
12715352 12715358
40144738 40144739
28461215 28461216
7370494 7370500
28506176 28506177
28477053 28477055
43842385 43842386
12715362 12715367
8544268 8544293
8544265 8544288
8544297 8544307
8544249 8544271
8544290 8544302
8544225 8544241
8544289 8544300
8544222 8544227
43842387 43842388
43842389 43842390
43842391 43842392
28513785 28513786
28477050 28477051
43842393 43842394
31097602 31097603
41826100 41826102
11531935 11531946
11531945 11531949
41826103 41826105
11531936 11531948
40144676 40144677
11531930 11531942
40110730 40110732
6444841 6444852
43842395 43842396
43842397 43842398
43842399 43842400
41826111 41826113
28461028 28461029
28461664 28461665
28461193 28461194
28513813 28513814
28588810 28588811
43842401 43842402
28442659 28442661
41826117 41826119
28513870 28513871
28461353 28461354
28461461 28461462
41826126 41826128
28461313 28461314
43842403 43842404
28513858 28513859
31090968 31090970
28691853 28691854
28477098 28477099
12689334 12689337
28691802 28691803
28443763 28443764
28442671 28442672
14326711 14326716
28442021 28442022
28442971 28442973
9166199 9166214
28644548 28644549
40166769 40166770
28461484 28461485
28461624 28461625
28691784 28691785
28506120 28506121
28691837 28691838
28477044 28477045
43842405 43842406
43842407 43842408
41826150 41826152
28442608 28442612
28691779 28691781
28442607 28442610
43842409 43842410
15270402 15270407
43842411 43842412
43842413 43842414
41826156 41826158
28461586 28461588
6433470 6433478
41826159 41826161
43842415 43842416
43842417 43842418
28687966 28687968
28461309 28461310
40166392 40166394
14395509 14395512
14395507 14395511
28691829 28691830
43842419 43842420
41826168 41826170
24402987 24402990
40110948 40110949
43842421 43842422
28513931 28513932
43842423 43842424
28461063 28461064
11618300 11618313
11618293 11618306
43842425 43842426
28585981 28585983
43842427 43842428
31100075 31100077
28687914 28687916
14388573 14388578
10314157 10314160
2943065 3475323
41200973 41200974
33252959 33252961
41826201 41826203
28460882 28460883
43842429 43842430
40110778 40110779
34894768 34894770
43842431 43842432
28461187 28461188
24421137 24421139
43842433 43842434
28461617 28461618
43842435 43842436
43842437 43842438
28460965 28460966
43842439 43842440
34893785 34893788
271337 774807
43842441 43842442
24398151 24398154
40144752 40144755
24378839 24378842
40144753 40144757
43311449 43311451
