10826472 10826482
11208375 11208388
34873231 34873232
10682036 10682047
10420004 10420019
115937 373297
12378719 12378724
11481140 11481152
35000335 35000337
13947971 13947980
12472706 12472716
30314847 30314849
12006173 12006178
2995572 3511006
2467289 3145241
2510792 3178084
30352994 30352996
31093762 31093763
1390465 2263730
724624 1486983
11700019 11700024
4343852 4411806
5019793 5019818
11569843 11569853
28695165 28695169
24395809 24395815
30320578 30320581
40211882 40211883
31175477 31175479
7344709 7344723
32999937 32999940
12034732 12034738
44071797 44071798
24385826 24385829
10711836 10711848
44071799 44071800
38220164 38220166
11585742 11585752
24339456 24339458
116080 373681
40616794 40616796
815873 1620227
11963376 11963381
29364569 7173159
38216746 38216749
14452593 14452599
41731399 41731401
35000165 35000167
10880939 10880944
11763388 11763392
10962270 10962276
1296759 2174231
10793171 10793182
28693760 28693763
3972676 4164298
799456 1591312
36558370 36558372
44071801 44071802
12917392 12917395
34997686 34997688
12173001 12173005
8934783 8934840
973062 1813174
28695687 28695690
3590312 3920757
3425377 3807475
28699515 28699518
35000038 35000039
29356032 29356033
32999086 32999088
2159173 2900014
28625438 28625440
30375020 30375022
2358280 3054685
293893 813458
10436156 10436163
14746905 14746909
8521726 8521738
28472040 28472043
44071803 44071804
8452253 8452268
8492350 8492357
8329468 8329478
12961295 12961302
11292147 11292153
34998371 34998374
5678206 5678229
34998472 34998477
815624 1619172
5498143 5498163
1204437 2080684
44071805 44071806
32554832 32554835
1296942 2175295
44071807 44071808
214793 653581
11038760 11038772
34896491 34896496
28472044 28472046
7877374 7877390
3107357 3589806
11344452 11344456
35001327 35001328
8125745 8125765
44071809 44071810
7385498 7385504
3316347 3738777
4741127 4742266
31121064 31121066
41198314 41198315
35003737 35003738
14401186 14401189
4922363 4922408
7574977 7575001
11491163 11491171
11550604 11550618
6768791 6768801
30380474 30380477
14466354 14466358
34905785 34905788
34997657 34997658
44071811 44071812
10428273 10428281
584770 1313741
9855849 9855858
40218197 40218198
34995533 34995534
7222621 7222629
2901522 3442621
34997860 34997861
44071813 44071814
11530761 11530769
6680438 6680484
11193388 11193395
14404284 14404288
44071815 44071816
14490539 14490542
43224884 43224886
4259303 4353668
3963876 4158467
34998202 34998204
1342591 2217167
44071817 44071818
36682667 36682668
8787858 8787878
28625914 28625915
44071819 44071820
24393758 24393760
11250408 11250413
35389630 35389632
8026965 8026982
1296905 2174631
36681867 36681869
36719941 36719944
12465894 12465902
33117501 33117503
11586120 11586125
34998417 34998418
39124495 39124497
40104556 40104557
815632 1619347
44071821 44071822
373241 975874
3053934 3551865
31113800 31113801
2427978 3112030
6739080 6739110
8683353 8683356
11122314 11122322
14866607 14866611
38818777 38818778
8565953 8565974
34999799 34999801
15136010 15136023
44071823 44071824
24387771 24387773
724659 1488406
125207 408624
11455764 11455771
11455754 11455762
8110595 8110607
15721889 15721897
5749460 5749478
35387211 35387213
30777422 30777423
28472053 28472055
8208279 8208291
6150259 6150296
11570469 11570475
28625954 28625958
35003613 35003617
449502 1105526
35000394 35000395
34897280 34897282
8935273 8935283
8147973 8147992
7652904 7652931
38225251 38225253
28310778 28310779
24404063 24404067
14581168 14581174
11140397 11140404
11317133 11317146
44071825 44071826
6593407 6593449
10435839 10435855
7826035 7826050
35002562 35002565
41709201 41709202
2170242 2911214
33129632 33129633
6524938 6524964
10794945 10794962
24407893 24407895
12991615 12991618
40201531 40201532
12667749 12667752
8842408 8842418
8586871 8586883
1784886 2601554
14686621 14686630
14559121 14559126
11360024 11360035
5161436 5161459
7349478 7349487
4042497 4207419
40137014 40137015
815185 1617907
14407734 14407739
35001794 35001795
34996051 34996052
10737250 10737266
28696175 28696177
782538 1568925
35531488 35531489
15009200 15009204
12070080 12070084
44071827 44071828
44071830 44071831
15513694 15513697
34999748 34999752
8001503 8001509
14731965 14731968
24425277 24425280
15721869 15721877
44071832 44071833
270491 773444
11223660 11223679
8001499 8001504
11476245 11476251
40218095 40218097
28696590 28696594
44071834 44071835
15855533 15855535
3075397 3565296
9886006 9886020
28696248 28696250
33109784 33109785
11691326 11691335
14578589 14578598
40134506 40134507
44071836 44071837
1810971 2622355
12574699 12574705
799415 1591100
38222519 38222521
35000407 35000408
28377227 28377232
44071838 44071839
12656085 12656092
35043039 35043041
31090824 31090826
36699900 36699901
38224224 38224227
35672886 35672887
40207322 40207323
34999423 34999427
33001671 33001675
14273411 14273417
11157917 11157922
24349817 24349820
8515106 8515125
29819489 29819493
4042029 4207172
24394029 24394031
28694711 28694713
38220760 38220762
40199473 40199474
3957606 4154469
14716335 14716346
37399404 37399405
10678712 10678717
12975580 12975583
30900404 30900408
10826468 10826479
29587476 29587477
32998270 32998274
10709026 10709034
8416149 8416167
10930643 10930648
38220763 38220765
874881 1691774
30420980 30420984
34999829 34999831
34998704 34998705
3031863 3537805
11104394 11104401
34892287 34892292
31073325 31073326
34997758 34997760
29354115 29354118
34995831 34995832
7133755 7133780
34995695 34995696
6059598 6059654
1481792 2349407
9852535 9852547
3195599 3652278
31098483 31098485
35000895 35000896
8674191 8674203
10691005 10691020
8269005 8269027
724778 1492866
15489999 15490002
14377355 14377362
35353000 14377362
38218278 38218283
32998059 32998061
31121045 31121046
11175254 11175268
32995379 32995381
38218598 38218600
11431648 11431675
11233688 11233700
34998389 34998390
12918334 12918337
1273996 2150106
28626127 28626131
1098676 1966181
6278850 6278868
15282856 15282862
10419229 10419240
44071840 44071841
35007232 35007233
1851929 2654153
5077840 5077852
8609734 8609754
2375232 3067670
24404216 24404219
8759569 8759582
11790892 11790899
31095336 31095340
12470694 12470701
12035650 12035654
9192632 9192644
14436502 14436508
31124976 31124983
3419205 3804296
6412459 6412480
28694130 28694133
34462474 34462477
14798615 14798620
11170738 11170751
4167927 4295845
8015420 8015431
44071842 44071843
7318959 7318971
28626165 28626167
44071844 44071845
11262395 11262401
31134906 31134907
41710498 41710499
3586488 3918129
38220772 38220774
5909532 5909540
33122868 33122871
11437751 11437755
724738 1491597
28626188 28626191
11350968 11350982
12432414 12432428
11574428 11574437
43824274 43824276
44071846 44071847
5059619 5059636
14455414 14455418
35531769 35531771
12530689 12530697
8887940 8887955
1390468 2263781
11254030 11254039
39119144 39119146
8857994 8858011
1098717 1966838
36682789 36682790
7792045 7792074
15359975 15359982
10213474 10213499
6930656 6930673
10305164 10305168
11440886 11440894
13196138 13196144
12472156 12472171
11183185 11183191
12180197 12180203
1126062 1997958
11586322 11586335
35005105 35005106
32999051 32999054
44071848 44071849
44071850 44071851
9978334 9978341
6886490 6886510
43823702 43823704
2384274 3076293
3088752 3576117
4091144 4240489
40218271 40218272
33119200 33119202
4167974 4295894
3854444 4088231
6206796 6206819
1002289 1851868
32996288 32996290
8528367 8528378
30419311 30419312
4118529 4262599
28694529 28694531
4341486 4410028
28696784 28696788
28626299 28626302
38220312 38220314
28696803 28696806
92317 313758
6887224 6887244
11108702 11108712
44071852 44071853
15168938 15168940
7926958 7926984
28696827 28696829
782534 1568899
39121092 39121094
43823269 43823271
9516544 9516560
2964145 3489103
44071854 44071855
44071856 44071857
15656596 15656600
35009747 35009749
24387280 24387286
29348613 29348621
4863133 4863179
12815349 12815357
9622466 9622479
36648061 36648063
44071858 44071859
44071860 44071861
11205751 11205756
24397703 24397709
721556 1481901
36684944 36684947
1490561 2357292
9671846 9671856
11337024 11337038
207812 619531
8048820 8048833
7873333 7873355
2081497 2835761
11518538 11518546
28626367 28626369
12711501 12711504
44071862 44071863
7323220 7323228
7798523 7798534
12935844 12935846
12462000 12462002
44071865 44071866
11212089 11212103
38218319 38218321
5065369 5065410
9326065 9326069
35000317 35000319
34998552 34998554
11103970 11103978
11791435 11791439
3235113 3684084
30390580 30390582
44071867 44071868
1757296 2578054
34998425 34998426
11597912 11597926
2344929 3043103
28627754 28627758
14239292 14239301
28625335 28625338
7028984 7029006
36681567 36681569
29364181 29364185
8755809 8755814
7846501 7846512
11952841 11952848
3179520 3643380
12461982 12461989
4111973 4258779
11208242 11208249
35002886 35002887
11988612 11988616
44071869 44071870
10862592 10862597
3799263 4048226
7860984 7860993
7657159 7657169
3922472 4131511
6853954 6853956
2491090 3163652
12457696 12457703
207667 619250
11356452 11356470
724663 1488564
44071871 44071872
44071873 44071874
11056567 11056572
28627768 28627771
14372862 14372869
35000751 35000752
6711503 6711527
11934350 11934362
33124771 33124772
10864592 10864601
7463351 7463355
12006313 12006322
3555662 3898686
29048316 29048319
8143263 8143270
1513151 2375239
15648532 15648536
39594269 39594271
14570749 14570754
12690088 12690091
11503767 11503772
815682 1620144
32997160 32997163
21880757 21880761
8699746 8699753
36679170 36679172
7997025 7997034
799410 1591054
7242518 7242536
10835445 10835451
2837322 3397879
30317954 30317956
10683801 10683805
13514731 13514740
7352109 7352123
1098682 1966325
40616827 40616828
3227785 3677785
13033777 13033781
7763440 7763451
320060 865857
39127312 39127314
11175057 11175076
11140784 11140793
1851860 2654006
35008863 35008865
6829954 6829971
7942886 7942900
40119665 40119666
8085870 8085880
38218947 38218949
36699968 36699969
28626507 28626510
40149674 40149675
1481793 2349425
3719351 4002291
34999750 34999753
11160386 11160410
2931112 3466459
28699648 28699650
44071875 44071876
13253410 13253414
11592980 11592989
28627772 28627775
9046999 9047006
11505800 11505804
24351928 24351931
29345633 29345638
1671786 2510652
28956224 28956234
4449500 4488885
509654 1204326
32999343 32999346
34807762 34807763
4163782 4293543
135651 425162
7999600 7999609
11876760 11876763
1784891 2601578
41731484 41731486
11427540 11427544
35009340 35009341
5363863 5363871
44071877 44071878
29356129 29356131
44071879 44071880
12213657 12213663
40226172 40226173
11190314 11190319
724741 1491716
3262896 3704477
12459825 12459835
9003182 9003201
9852594 9852605
34902379 34902380
24345094 24345097
11441802 11441807
44071881 44071882
14549187 14549191
44071883 44071884
6055878 6055889
12518465 12518468
215698 654818
30375023 30375024
44071885 44071886
33124721 33124722
14632317 14632322
29358152 29358154
44071887 44071888
6500276 6500284
33124647 33124648
10744967 10744978
10416653 10416663
35003734 35003736
8017619 8017638
30336439 30336440
33124878 33124880
9672263 9672277
39594362 39594364
724723 1491021
31097067 31097068
213783 650289
5551485 5551498
2106232 2855991
30780419 30780420
3911024 4124157
350569 936796
39224698 39224700
35009733 35009734
44071889 44071890
11316358 11316366
12196256 12196259
1671787 2510662
34998066 34998069
15076546 15076549
14580028 14580034
7133732 7133750
35009575 35009576
2643266 3265567
34868463 34868464
14461958 14461962
36680861 36680863
14341619 14341623
33382369 33382371
11458053 11458066
8533127 8533148
9464919 9464930
34710792 34710793
7342817 7342828
8634082 8634140
12457720 12457729
34870089 34870091
43841273 43841275
33124885 33124890
5641030 5641042
33119750 33119752
33117279 33117281
40199487 40199488
6940065 6940079
34902636 34902638
5824806 5824819
8621430 8621444
35007456 35007457
34881550 34881551
38220831 38220833
14681949 14681954
9075195 9075213
8778550 8778572
39122188 39122190
44071891 44071892
207882 619713
29348623 29348624
11306572 11306597
36681928 36681929
33613462 33613464
34999626 34999627
3316345 3738775
7449402 7449417
4024557 4197876
41647191 41647193
7030969 7030977
6191359 6191366
44071893 44071894
3576157 3911076
762523 1545678
36682901 36682904
6141490 6141511
44071895 44071896
8633396 8633413
40160198 40160200
14459841 14459844
2194039 2931141
14671309 14671315
35003867 35003869
8094079 8094088
112385 367995
10711808 10711817
23757782 23757786
7392054 7392069
3217368 3670403
92318 313764
10964598 10964605
28312334 28312336
31120962 31120964
13030030 13030033
10069923 10069941
34997847 34997848
4284170 4371638
36687638 36687639
6034838 6034850
1490754 2357449
888779 1703363
44071897 44071898
12005243 12005253
35864249 35864250
31162716 31162717
8270810 8270823
8543858 8543863
44071899 44071900
34998349 34998353
11123389 11123397
1098697 1966663
11112943 11112948
43824237 43824239
5019953 5019964
36680010 36680012
12491189 12491192
4356382 4420777
7669306 7669319
7499860 7499889
9001292 9001311
724712 1490607
11158661 11158671
31097663 31097666
44071901 44071902
29356915 29356916
14464287 14464292
7860992 7861006
4238803 4343857
39224495 39224497
11186532 11186544
35000497 35000498
28628459 28628461
815666 1620029
44071903 44071904
298279 822199
35003196 35003197
34995590 34995591
35043779 35043782
44071905 44071906
33134549 33134551
14866458 14866462
3958102 4154650
28303883 28303887
36646122 36646125
35001784 35001786
11456877 11456883
12561527 12561537
4621150 4630378
8499471 8499487
2356944 3053662
12457722 12457732
5823239 5823271
41719647 41719648
14464290 14464295
12461789 12461793
13210889 13210896
31113748 31113749
30364774 30364775
34998169 34998171
36672061 36672062
44071908 44071909
14463808 14463813
38218075 38218080
3054670 3552483
3653047 3962151
2231572 2962252
8632442 8632454
33374228 33374231
33116547 33116548
9553536 9553548
14720214 14720219
36745229 36745233
43310215 43310217
33116890 33116891
5886069 5886105
30406389 30406392
41200902 41200903
15651387 15651393
39635594 39635595
28626780 28626788
8914324 8914341
12968199 12968206
11145730 11145735
11016196 11016203
35000354 35000355
4508677 4535141
8204740 8204761
28697572 28697575
28693353 28693356
15643640 15643644
30497670 30497673
28627797 28627800
14571467 14571470
7090244 7090261
44071910 44071911
38218445 38218447
44071912 44071913
207668 619257
1513146 2375209
32997221 32997223
3695864 3988141
34998797 34998799
54370 223052
39119660 39119662
1296931 2175131
15636097 15636101
1943278 2716647
8118124 8118134
14343883 14343886
44071914 44071915
44071916 44071917
7445660 7445675
296682 819174
29357126 29357127
31174706 31174707
7449486 7449525
7449467 7449508
35000289 35000292
14657725 14657729
10721405 10721411
13082394 13082401
14618605 14618608
44071919 44071920
35353162 35353163
10432923 10432929
39224712 39224714
9951631 9951639
9854264 9854284
4641047 4648915
38214713 38214715
11691387 11691391
12289294 12289306
11276783 11276787
10849406 10849440
6757559 6757565
34904148 34904149
12766641 12766644
40133287 40133288
1098707 1966781
4423959 4468544
39594571 39594574
7584942 7584961
40135003 40135004
4199841 4316311
34378490 34378494
7731424 7731440
7824378 7824382
11194436 11194441
8391582 8391619
1517720 2376892
34860801 34860802
10737638 10737650
2185126 2923098
1357516 2231600
10710034 10710039
8991798 8991808
3199960 3658811
36665670 36665671
2460530 3139693
29585890 29585894
31121103 31121104
44071921 44071922
31113548 31113549
12146134 12146139
28305984 28305986
11119682 11119688
36558361 36558363
8258475 8258492
14476202 14476209
36665678 36665679
39595829 39595831
31121108 31121110
10901570 10901580
3065471 3559162
38220877 38220879
30331094 30331096
9143569 9143585
35007577 35007580
1327262 2199172
31174837 31174838
10598495 10598512
36516296 36516299
441475 1089621
5028416 5028430
1098693 1966585
724765 1492514
10969406 10969416
724714 1490683
29357457 29357458
8474851 8474861
11585636 11585641
14593298 14593302
40168398 40168399
28472104 28472107
10951304 10951311
29040700 29040704
35353500 35353501
30401297 30401299
35000732 35000733
14452484 14452489
31162628 31162629
15053788 15053792
44071923 44071924
8387170 8387176
30351690 30351692
33120370 33120371
12465083 12465090
33125109 33125111
724781 1492990
33142977 33142979
28626987 28626993
40616795 40616799
30787030 30787035
28697920 28697923
1296911 2174789
24396783 24396787
40195050 40195051
34997999 34998001
11306567 11306581
8007563 8007567
5508344 5508354
34904925 34904926
44071925 44071926
24394715 24394719
12016251 12016257
43823053 43823055
44071927 44071928
11310907 11310913
724740 1491669
10975351 10975361
31468438 31468439
36695843 36695845
9121921 9121932
11129325 11129333
38053644 38053646
29372718 29372722
24390632 24390634
8281030 8281042
33376435 33376440
31113690 31113691
10047614 10047625
12449276 12449285
8960729 8960737
35538955 35538956
35000559 35000560
1488240 2355434
10756658 10756670
12231343 12231352
11226699 11226705
34997105 34997110
15079573 15079577
11426074 11426082
14571465 14571469
9489739 9489743
8544931 8544936
3100134 3584258
1851940 2654211
28812051 28812057
6227521 6227535
35000754 35000755
11587171 11587184
30485771 30485773
44071929 44071930
2510602 3178034
10848702 10848710
15623776 15623785
12466581 12466584
14802311 14802320
8254166 8254178
7349516 7349523
35009696 35009698
39122196 39122198
30335115 30335117
28472204 28472211
12036806 12036812
35353512 35353513
29356910 29356913
14370854 14370861
8171552 8171561
14607854 14607857
2286764 3007753
34997241 34997243
14457667 14457671
3839911 4079573
4444353 4485388
5436207 5436240
44071931 44071932
10750128 10750137
4253475 4350481
34869857 34869858
10973622 10973629
14836363 14836367
13174980 13174984
3653099 3962242
8233872 8233880
44071933 44071934
44071936 44071937
11984599 11984603
3084154 3572443
5437774 5437791
3790298 4042044
14502535 14502542
14580970 14580975
35000729 35000731
187744 579296
2629362 3255294
33115126 33115127
11499739 11499743
33124811 33124812
7214041 7214053
31488465 31488466
724793 1493332
10756845 10756858
815623 1619131
44071938 44071939
44071940 44071941
5930634 5930676
28698283 28698287
12311199 12311204
37665848 37665851
33120805 33120808
29348545 29348547
34974554 34974558
5600380 5600456
31286018 31286020
8309695 8309743
905517 1717209
269762 772162
12035301 12035313
579792 1296817
4005703 4186577
816342 1621697
34998498 34998500
31113757 31113758
6209510 6209530
33120890 33120891
11455759 11455767
44071942 44071943
39635624 39635626
12407428 12407440
14848363 14848367
9396494 9396509
9843308 9843319
12914996 12915000
14682680 14682691
33117878 33117882
44071944 44071945
12723080 12723085
43824450 43824452
35000795 35000796
44071946 44071947
11784402 11784414
28698153 28698155
8448724 8448731
34999769 34999770
11222471 11222476
11257801 11257808
44071948 44071949
11915932 11915946
8515116 8515131
11272058 11272066
28627155 28627158
28627151 28627154
3658795 3963916
33238911 33238912
28693754 28693756
33399515 33399517
3942550 4145655
24396759 24396762
40177760 40177761
28627163 28627165
31113760 31113763
44071951 44071952
14210573 14210581
6904543 6904547
40150389 40150390
24401882 24401887
30357825 30357827
4135980 4274969
44071954 44071955
33121073 33121074
31162396 31162399
8064806 8064825
35044148 35044150
3796208 4046336
14585898 14585901
608908 1345988
7947191 7947207
33125119 33125120
11995457 11995461
43824437 43824439
12036015 12036022
3676426 3974260
14692007 14692013
12474191 12474198
33121165 33121166
6518019 6518042
44071956 44071957
34995962 34995963
11178243 11178251
11498074 11498083
14548631 14548635
5703137 5703150
32997444 32997446
33124913 33124914
33000055 33000058
7242523 7242545
34995479 34995481
28698286 28698289
34474754 34474755
44071958 44071959
43823036 43823038
8202041 8202046
5437100 5437107
5687519 5687542
11031237 11031242
11779987 11779997
3265880 3706683
34474772 34474773
10706768 10706778
44071960 44071961
4480485 4513105
14719303 14719310
11127981 11127987
11201425 11201431
11430111 11430116
40186112 40186113
28627223 28627224
41730341 41730343
28625661 28625667
14455954 14455957
977541 1821173
9345989 9346006
30902038 30902041
30419245 30419249
30766566 30766569
30357828 30357830
29354473 29354474
44071963 44071964
34873030 34873034
251102 742393
44071965 44071966
28693874 28693876
8162379 8162393
10715400 10715415
11542610 11542616
12968291 12968295
7244400 7244417
14701552 14701558
799453 1591309
3423860 3806780
34912391 34912393
724651 1488064
782533 1568878
33121288 33121292
31098482 31098484
9512820 9512833
36678394 36678395
9188614 9188628
28627258 28627262
29356130 29356132
3456054 3831793
8391583 8391635
8027970 8027988
11233418 11233430
33115344 33115346
11155557 11155568
11461471 11461487
11165561 11165579
29585889 29585893
10869757 10869764
28627275 28627277
33303038 33303039
31162702 31162704
29358329 29358331
12144741 12144746
6886501 6886519
12620129 12620137
29346319 29346326
31099424 31099426
294646 815312
7887756 7887770
34929649 34929650
28625068 28625070
44071967 44071968
4927199 4927220
31171203 31171207
32999037 32999040
44071969 44071970
1098664 1965859
952032 1782586
3489095 3854469
31113701 31113702
28627310 28627312
12557675 12557678
14301853 14301856
815665 1620013
34998974 34998975
44071971 44071972
12254843 12254850
13118150 13118157
12517303 12517310
11006332 11006352
35004244 35004246
15556644 15556647
9150843 9150858
24396689 24396693
29048314 29048318
34999826 34999827
11227909 11227921
12588974 12588982
3560519 3901082
15271364 15271370
24410678 24410680
11412870 11412874
11818820 11818827
724686 1489588
8466889 8466893
6768395 6768421
30763209 30763213
40207062 40207063
38217597 38217601
9858888 9858894
6613662 6613678
34998616 34998618
11153832 11153837
14836823 14836828
11431353 11431361
44071973 44071974
34999757 34999760
36263726 36263728
41730450 41730452
44071975 44071976
8463755 8463776
1492134 2358475
10680311 10680343
8110591 8110597
4658833 4664954
44071977 44071978
8051433 8051440
34997250 34997252
44071979 44071980
15577885 15577888
36679689 36679692
39128909 39128911
34999547 34999548
9020774 9020786
28627346 28627349
28698463 28698465
41704623 41704624
44071981 44071982
44071983 44071984
14687837 14687841
44071985 44071986
13348661 13348672
14648558 14648563
5317046 5317080
15475141 15475144
14846814 14846817
3073765 3563890
9608876 9608889
28698504 28698506
15561524 15561527
1491904 2358292
14561462 14561466
7968614 7968621
8903055 8903075
1492492 2358817
44071987 44071988
34999237 34999240
2231559 2962237
8159861 8159879
31169815 31169817
782582 1568966
29357683 3332146
29348643 29348644
12800364 12800369
6185888 6185915
34997659 34997661
39123587 39123589
1252826 2131428
12458489 12458495
15283621 15283626
6734496 6734507
4794989 4795280
44071989 44071990
35483217 35483223
32997989 32997992
6253268 6253283
14401108 14401112
31121022 31121023
40158759 40158761
8512542 8512559
30771298 30771300
14568600 14568606
37666301 37666303
12646213 12646218
28627422 28627426
35000134 35000136
12793845 12793852
24344800 24344803
34999624 34999625
1098662 1965783
857421 1672249
14614770 14614773
11624110 11624118
9002997 9003011
35001814 35001815
34996119 34996120
14675544 14675548
34995943 34995944
30096693 30096699
34998767 34998770
11027314 11027319
44071991 44071992
1098667 1965965
38218287 38218289
11143517 11143523
11303487 11303496
1205644 2082264
8870214 8870232
8676519 8676529
34998191 34998193
44071993 44071994
12969509 12969513
8418320 8418329
40107026 40107027
2394606 3087380
12988625 12988628
28625611 28625617
2600538 3234416
39122753 39122755
5048588 5048610
44071996 44071997
10047608 10047622
1811465 2623010
14717757 14717762
35000318 35000321
1492732 2358923
12461776 12461780
28627468 28627471
34996111 34996112
4013838 4191191
40199470 40199471
724732 1491370
33124823 33124824
11189637 11189650
35001577 35001579
12180200 12180204
28692820 28692822
24393411 24393413
5458932 5458962
5458932 5458963
14731985 14731991
30333803 30333807
11975142 11975151
28693252 28693255
15526847 15526852
9524938 9524967
2510601 3178026
8610132 8610146
15341005 15341009
15109389 15109394
2114153 2862779
31174778 31174781
654686 1397257
14590230 14590235
25414519 25414521
14937094 14937102
11636419 11636425
8491536 8491549
10298647 10298650
34998241 34998243
44071998 44071999
5005099 5005123
44072001 44072002
29041934 29041935
7058102 7058108
12032396 12032403
9959865 9959874
12461931 12461936
24375948 24375951
44072003 44072004
14548176 14548181
34999741 34999744
11527268 11527280
307357 839518
14463525 14463530
5755838 5755879
34997620 34997621
6797702 6797720
7051635 7051650
44072005 44072006
35003483 35003484
31281043 31281044
7465262 7465280
9522336 9522358
34883665 34883671
7826412 7826423
24409340 24409342
36683471 36683472
34999432 34999434
14530585 14530589
3576158 3911077
8033044 8033062
28625378 28625382
1358929 2233450
9515861 9515894
28699150 28699156
3973628 4164831
14548178 14548183
12705342 12705350
31183577 31183580
28585203 28585206
44072007 44072008
815645 1619602
44072009 44072010
10415341 10415351
9308353 9308360
15647815 15647821
36683205 36683207
11425223 11425231
30298362 30298363
7987444 7987450
8054237 8054253
13348662 13348674
9413274 9413287
37665017 37665020
34997671 34997673
14247610 14247616
29048357 29048359
28447575 28447577
28733626 28733629
4468054 4502577
10666337 10666344
8785543 8785557
5559505 5559563
32741854 32741857
1182871 2055769
33116077 33116080
29348674 29348676
30785667 30785668
37664776 37664777
28694720 28694722
9852549 9852568
8870619 8870635
11314369 11314376
44072011 44072012
8759585 8759595
10680340 10680347
28401601 28401603
35000006 35000007
2358279 3054661
8062855 8062865
8465866 8465884
34498106 34498108
2817819 3385065
10892969 10892977
44072013 44072014
36647521 36647523
44072015 44072016
11215265 11215275
10668046 10668051
11147495 11147501
30921697 30921698
7971355 7971365
15569666 15569669
724820 1493896
35000742 35000745
11533281 11533294
29357186 29357191
8125631 8125644
24365596 24365598
5317048 5317092
28627646 28627649
12468211 12468216
31113796 31113797
11317624 11317629
3395627 3789667
8712447 8712459
8936329 8936337
724689 1489708
30378922 30378925
30378923 30378926
31124965 31124967
8008587 8008599
34998311 34998317
38218155 38218157
8145319 8145332
4417468 4464058
11269459 11269466
43363120 43363122
8945733 8945742
14874644 14874647
14617802 14617807
11486056 11486064
5868499 5868537
14408162 14408165
724731 1491322
14659980 14659985
44072017 44072018
33124926 33124927
29053269 29053274
28625629 28625632
2185044 2923065
3860538 4091306
12474031 12474042
34999791 34999792
2937616 3471409
313558 849711
36646250 36646252
11405522 11405531
44072019 44072020
6469040 6469136
34998835 34998836
8731041 8731060
12503787 12503796
34911551 34911557
34911554 34911560
35000120 35000122
8362432 8362448
12588417 12588423
10068063 10068069
8830819 8830836
7485073 7485088
28699419 28699421
28693301 28693304
34996939 34996940
12474406 12474409
10896792 10896801
14788985 14788989
14873823 14873826
4821847 4821953
742389 1513173
1837038 2643262
24391980 24391984
10499719 10499728
34999735 34999736
7649951 7649966
36684166 36684167
30354181 30354182
6269245 6269257
41195881 41195882
5277774 5277800
34998913 34998915
6787025 6787032
35000420 35000421
1851858 2653964
3288530 3720139
6217856 6217888
34998107 34998109
38216718 38216720
44072021 44072022
15053791 15053795
724678 1489202
33113153 33113155
33115429 33115435
29363527 29363531
10967059 10967070
815414 1618520
44072023 44072024
36683264 36683265
10353987 10353992
14594769 14594774
23734649 23734653
38221587 38221589
34896943 34896944
28826827 28826831
14445425 14445432
34998853 34998855
40104480 40104481
10789758 10789768
6154216 6154271
44072025 44072026
12279734 12279738
35000914 35000915
28733724 28733726
11821632 11821640
4343850 4411792
5827227 5827251
34999622 34999623
6694801 6694812
8032639 8032657
207388 618587
14551252 14551259
11492801 11492809
8675017 8675028
140631 440684
10954622 10954627
5007835 5007846
6511154 6511179
35002020 35002023
12457592 12457599
11241233 11241245
9524936 9524953
40095148 40095149
44072027 44072028
11455758 11455766
39595550 39595552
724660 1488437
10758936 10758944
35000892 35000894
4648902 4655939
8492726 8492739
5659488 5659503
14273407 14273414
32997871 32997873
11125287 11125306
8766256 8766271
14396224 14396228
12233020 12233033
44072029 44072030
3817988 4059917
24398619 24398623
35001376 35001377
33113684 33113686
34998854 34998858
11469094 11469108
35002983 35002984
30294332 30294334
14370965 14370978
30353100 30353103
14454671 14454678
35001179 35001180
44072031 44072032
44072033 44072034
30772193 30772200
40616813 40616814
11215251 11215262
30762599 30762601
24378726 24378728
11380945 11380973
28682725 28682729
10755786 10755791
9395411 9395440
38215608 38215610
8654111 8654117
34998670 34998671
31088915 31088916
15059328 15059333
7919839 7919850
35005005 35005006
24349933 24349936
36647331 36647333
44072035 44072036
28700143 28700147
15274314 15274318
38218193 38218195
11199585 11199600
14875551 14875555
648895 1390489
40193657 40193658
4826474 4826571
35000126 35000127
30786534 30786535
7675631 7675645
14828390 14828394
35000415 35000417
29348666 29348675
44072037 44072038
28693503 28693505
30900405 30900410
40179410 40179411
15114978 15114983
9016963 9016969
34998833 34998834
12464878 12464888
11609130 11609137
10428278 10428285
29358591 29358592
28298869 28298872
44072039 44072040
36699815 36699817
33124684 33124685
35005636 35005637
34996113 34996114
33303042 33303044
14402217 14402222
40182474 40182475
7869153 7869170
7670624 7670638
3236663 3685343
28700322 28700325
12258261 12258265
44072041 44072042
10929785 10929790
44072043 44072044
44072045 44072046
38215796 38215799
35000048 35000049
24360090 24360093
4793589 4793886
1296941 2175284
35483214 35483218
8674998 8675015
8508664 8508672
954319 1784917
38219690 38219692
30760389 30760393
28472205 28472213
6152485 6152502
8689855 8689871
8255678 8255691
14720992 14720998
7960790 7960805
35002220 35002222
11460087 11460096
40149493 40149495
14385067 14385072
12800438 12800447
8823043 8823061
14397200 14397206
7967313 7967324
28438862 28438864
8310009 8310027
34995881 34995882
40218783 40218784
801523 1592886
43823964 43823966
29356905 29356907
44072047 44072048
6135006 6135048
34995737 34995738
35000418 35000419
2265420 2985582
35001345 35001347
724753 1492126
724661 1488477
973069 1813365
6166819 6166835
1851859 2653986
10711860 10711873
14610952 14610958
6632335 6632357
4992334 4992364
24382499 24382502
43383194 43383197
32999560 32999563
762527 1545681
5839394 5839408
4042025 4207166
28699945 28699947
32998968 32998971
30766567 30766571
11509734 11509740
724631 1487224
11165557 11165573
31113362 31113365
4959208 4959235
1098683 1966355
815669 1620061
14384523 14384527
8454216 8454228
28472212 28472214
533581 1246531
12604131 12604139
40178049 40178051
13492755 13492762
33125152 33125153
14662866 14662870
14847417 14847424
8766287 8766312
28625311 28625313
8549906 8549923
44072049 44072050
2666810 3280536
11782864 11782881
44072051 44072052
5559452 5559521
28700452 28700454
36683314 36683315
1098690 1966518
34998968 34998969
5476101 5476133
14282822 14282825
9988658 9988676
11227210 11227215
35000102 35000104
6984915 6984929
33124256 33124257
24400121 24400126
35006035 35006036
33124271 33124272
14714997 14715001
724672 1488950
14450815 14450823
14861598 14861601
34997717 34997719
9992201 9992205
12959631 12959635
1296929 2175096
15611522 15611527
1491966 2358408
8246740 8246757
32996643 32996645
1296903 2174552
44072053 44072054
11316254 11316261
3860539 4091316
9330936 9330944
35000508 35000509
3308375 3732764
39125940 39125942
649928 1391571
9844831 9844838
4927200 4927246
724799 1493475
12366014 12366017
38214699 38214701
7734109 7734126
14458437 14458444
11789877 11789885
28627965 28627968
24400532 24400537
38053357 38053360
28472202 28472208
373248 975977
7996232 7996240
35008587 35008588
40616801 40616803
708227 1466893
24393927 24393930
40217739 40217740
14673880 14673883
9524735 9524747
8758739 8758756
34488037 34488038
28737072 28737074
30320878 30320880
36683328 36683329
40111616 40111617
35000287 35000288
9996817 9996827
7981137 7981158
3710969 3997811
33124970 33124974
36683319 36683320
44072055 44072056
7409738 7409752
33134672 33134674
9215130 9215147
12472811 12472817
24403283 24403285
36112151 36112152
14666430 14666433
12033275 12033282
7861627 7861664
11518503 11518506
1099637 1969698
7709806 7709819
44072057 44072058
12935960 12935964
10763763 10763771
9982431 9982440
6628484 6628511
11202916 11202921
32999196 32999198
28628398 28628400
3487022 3852922
11782893 11782901
3911066 4124193
11310915 11310922
24400786 24400788
11116384 11116392
39127857 39127859
2602429 3236564
34915114 34915115
8936997 8937014
799424 1591182
6290936 6290948
11579451 11579456
8031687 8031699
10782026 10782036
12033928 12033935
28628018 28628021
28700026 28700031
38218033 38218036
724788 1493196
39120916 39120918
31121177 31121178
34997958 34997962
34997815 34997818
14383922 14383925
32998185 32998188
11834579 11834589
4562237 4577717
6208882 6208945
24400137 24400140
41195927 41195928
33124479 33124482
4150212 4284178
41704973 41704974
3063488 3557827
40149899 40149900
38215712 38215716
975834 1818726
28628423 28628425
2923093 3461821
7418139 7418167
9019010 9019030
31125157 31125159
12706439 12706446
5301836 5301859
9357481 9357489
2417622 3104532
14576903 14576906
6525920 6525948
36683316 36683317
29354120 29354123
12061156 12061168
14455393 14455398
28700668 28700670
28700671 28700674
35009680 35009681
15114981 15114985
11775631 11775636
36695883 36695884
38227318 38227322
