29342920 7458
3603202 7458
4531918 7458
4531919 7458
29345506 7458
4669730 7458
1292521 7458
4391610 7458
29345991 7458
29345995 7458
29345998 7458
29346009 7458
29346025 7458
4743718 7458
29346080 7458
29346090 7458
29346121 7458
29346133 7458
4709986 7458
2169825 7458
29346448 7458
36770850 7458
13504170 7458
2169865 7458
2909825 7458
29346713 7458
29346725 7458
1292501 7458
29343046 7458
29346951 7458
29347122 7458
36524167 7458
29347486 7458
29347597 7458
29347609 7458
36770840 7458
29348391 7458
15064394 7458
29349024 7458
29349059 7458
4530844 7458
36860960 7458
932 7458
4669055 7458
29349908 7458
29350055 7458
1292531 7458
29350407 7458
22288212 7458
29350550 7458
4273641 7458
29350756 7458
29350757 7458
3821446 7458
4401014 7458
39688109 7458
29350953 7458
29351064 7458
13407227 7458
29351073 7458
29351206 7458
4603086 7458
29351480 7458
13431096 7458
4454869 7458
4357657 7458
29352824 7458
2168590 7458
4128002 7458
29352907 7458
4467000 7458
4695807 7458
4134956 7458
4706661 7458
892 7458
22288257 7458
4445133 7458
4363976 7458
4569172 7458
29355516 7458
956 7458
4663594 7458
4391611 7458
4364599 7458
4595219 7458
1292534 7458
29358991 7458
29359014 7458
29359153 7458
3398634 7458
4740066 7458
29359248 7458
29359252 7458
29359261 7458
4590669 7458
4612188 7458
29359386 7458
29359389 7458
4391613 7458
4021285 7458
29359448 7458
29359475 7458
29359482 7458
4760667 7458
29359540 7458
29359567 7458
4680241 7458
4491675 7458
4642052 7458
4764302 7458
4610052 7458
29359613 7458
29359625 7458
4470510 7458
29359660 7458
29359718 7458
29359734 7458
4771926 7458
29359743 7458
29359781 7458
29359787 7458
4026234 7458
29359804 7458
4661449 7458
29359847 7458
3398541 7458
29359913 7458
29359940 7458
29359957 7458
4778261 7458
29360003 7458
4453098 7458
29360020 7458
29360047 7458
29360062 7458
29360066 7458
29360071 7458
4391601 7458
29360095 7458
29360102 7458
29360114 7458
29360138 7458
29360153 7458
29360181 7458
4449389 7458
29360195 7458
4700441 7458
29360244 7458
29360271 7458
29360312 7458
29360365 7458
29360403 7458
29360452 7458
29360497 7458
29360509 7458
15064993 7458
29360526 7458
29360539 7458
29360594 7458
29360695 7458
15060865 7458
29360729 7458
29360740 7458
4134885 7458
29360777 7458
4591918 7458
29360808 7458
4021274 7458
29360825 7458
4764301 7458
29360827 7458
29360829 7458
29360834 7458
29360839 7458
29360925 7458
4332678 7458
2170182 7458
3086140 7458
29361074 7458
29361093 7458
29361161 7458
3600034 56471
976403 56471
4424796 56471
4538127 56471
4691858 56471
39649267 7142
29346404 1015
373414 1015
29348074 1015
13286701 1015
39674856 1015
39649576 1015
4769192 1519
29345092 1519
2169854 1519
2170090 1519
29346022 1519
29346083 1519
4669632 1519
1292508 1519
29346618 1519
1292528 1519
1292505 1519
2169829 1519
4663546 1519
939 1519
29348629 1519
947 1519
6408692 1519
1292532 1519
29352962 1519
4404246 1519
32721262 1519
29358614 1519
4479455 1519
4021286 1519
29359800 1519
29360190 1519
29360226 1519
29360600 1519
1292514 1519
2170117 1519
4582943 17969
4724694 17969
39691184 10688
29363194 10688
29363247 10688
2444154 2515
2909994 2515
2444155 2515
29345323 2515
4471253 2515
29345514 2515
4692734 2515
3126084 2515
1585783 2515
2444158 2515
29345838 2515
4650738 2515
4657553 2515
4273656 2515
29346020 2515
4709985 2515
29346077 2515
29346092 2515
4756002 2515
4717394 2515
29346114 2515
4731410 2515
4722211 2515
39691339 2515
34383033 2515
29346566 2515
29343015 2515
29346994 2515
36770839 2515
4613234 2515
4622865 2515
4377282 2515
1759146 2515
4684751 2515
1208160 2515
29348285 2515
3820232 2515
13409238 2515
4531851 2515
4603059 2515
4606569 2515
4626110 2515
29349257 2515
29349343 2515
13404982 2515
4135353 2515
4377339 2515
4531324 2515
3671252 2515
29349953 2515
29350023 2515
29350026 2515
29350082 2515
29350195 2515
29350201 2515
512753 2515
29350319 2515
29350346 2515
29350561 2515
4491443 2515
29350893 2515
29351779 2515
29352826 2515
3671212 2515
4634842 2515
4188310 2515
4062493 2515
22288139 2515
4606025 2515
29353422 2515
3751877 2515
4364694 2515
3602895 2515
4505175 2515
29354439 2515
2742167 2515
29354560 2515
4531318 2515
1585800 2515
4436844 2515
29355585 2515
3334838 2515
2742168 2515
4505111 2515
4552246 2515
4621938 2515
4004963 2515
13273546 2515
4781067 2515
4364708 2515
4769194 2515
3909436 2515
29357277 2515
29357329 2515
4427099 2515
4543588 2515
3603088 2515
4557846 2515
29343765 2515
29343769 2515
4066155 2515
4436970 2515
2085642 2515
29358954 2515
4592263 2515
29359031 2515
29359194 2515
29359272 2515
4196089 2515
4293275 2515
4650724 2515
4479179 2515
4689059 2515
4655556 2515
3334898 2515
29359581 2515
3334827 2515
4491723 2515
29359626 2515
29359627 2515
29359630 2515
3334839 2515
2084498 2515
29359720 2515
29359745 2515
4778259 2515
29359754 2515
4762471 2515
3398580 2515
3398581 2515
3398584 2515
4647554 2515
29359838 2515
4062589 2515
3821557 2515
4328490 2515
3820233 2515
29360009 2515
29360023 2515
4127961 2515
3583875 2515
3583877 2515
29360098 2515
13230822 2515
4590240 2515
4601634 2515
4709987 2515
29360299 2515
4269123 2515
3930030 2515
3334884 2515
29360402 2515
4663888 2515
4774934 2515
4545037 2515
4362299 2515
4591868 2515
28219936 2515
4639346 2515
4021387 2515
4550145 2515
3928048 2515
15076745 2515
29360765 2515
29360781 2515
29360815 2515
4667743 2515
2169879 2515
29361014 2515
4765585 2515
22288157 2515
4776020 2515
3928366 2515
10255358 2515
29361065 2515
4771253 2515
13368481 2515
3218512 2515
29361128 2515
4265044 2515
3971450 2515
3671219 2515
29363720 2515
34278522 2515
15198272 9166
4544938 6335
4425110 6335
3909455 6335
2909976 14811
2444156 14811
2909978 14811
29346389 14811
13288054 14811
38014386 14811
1292496 14811
34470189 14811
1292511 14811
29347451 14811
29348044 14811
15041880 14811
2444114 14811
2169799 14811
2169795 14811
32872661 14811
4127974 14811
956 14811
3449802 14811
2169971 14811
4563345 14811
3398569 14811
3446812 14811
3820877 14811
4491598 14811
4054016 14811
3820935 14811
4207711 14811
4460063 14811
4061913 14811
4667403 14811
4328489 14811
4656309 14811
29360269 14811
29360523 14811
3820802 14811
4328731 14811
4265059 14811
4293267 14811
4265043 14811
4616302 88657
4551007 88657
29353342 88657
4424859 88657
1835618 88657
4616303 88657
4294815 88657
29360633 88657
4449745 88841
4043625 88841
4066142 88841
29346013 88841
29346145 88841
4650747 88841
4622874 88841
4544875 88841
4784879 88841
15169734 88841
29348360 88841
4401013 88841
29349645 88841
4452730 88841
4504749 88841
4452734 88841
29350060 88841
4709023 88841
3808803 88841
29351072 88841
3909464 88841
4458913 88841
39696401 88841
3487817 88841
3573805 88841
4163279 88841
3916741 88841
3583872 88841
4578397 88841
3218526 88841
4593197 88841
2753755 88841
3820228 88841
4491454 88841
4684643 88841
34261042 88841
4265024 88841
4128012 88841
4033322 88841
4293234 88841
4377358 88841
4603138 88841
284821 88841
4569569 88841
13349926 88841
4401012 88841
1357521 88841
3928046 88841
3086139 88841
3487818 88841
3487816 88841
4544929 88841
4491538 88841
3820788 88841
2907091 88841
4087266 88841
4759109 88841
4621997 88841
4196091 88841
4563295 88841
3671255 88841
29359519 88841
4740067 88841
1759149 88841
4377354 88841
4590239 88841
4362106 88841
4293235 88841
4061470 88841
29360022 88841
4265042 88841
4042943 88841
4218865 88841
29360362 88841
28219935 88841
4401174 88841
3820800 88841
2907092 88841
4061968 88841
4591917 88841
4591919 88841
29360856 88841
4622875 88841
3573816 88841
3334829 88841
4467006 88841
3971411 88841
4446468 88841
29361998 4883
32792147 7604
29346054 9633
3426420 9633
4082739 9633
4639823 9633
4519728 9633
4647499 9633
15074203 9633
4271410 9633
4722212 9633
4605985 9633
4424857 128427
29361642 4874
37986363 4874
15002602 4874
29347513 4874
29363783 4874
39674510 4874
29362224 4874
29340836 4874
29362340 4874
29356721 4874
29363100 4874
794275 77482
3126183 77482
2170376 77482
10083001 77482
4635219 77482
4274314 77482
29345585 77482
29346003 77482
4134882 77482
4134883 77482
29346148 77482
4635067 77482
3916683 77482
36532270 77482
3909483 77482
4135350 77482
4740064 77482
4602482 77482
29347447 77482
31758580 77482
4218657 77482
4531652 77482
29348365 77482
4321084 77482
4635068 77482
2411866 77482
3334825 77482
2838269 77482
29350062 77482
29350132 77482
3446811 77482
29350530 77482
4596008 77482
3228417 77482
4393225 77482
4569514 77482
4410151 77482
3821563 77482
3928346 77482
2798468 77482
32831679 77482
4635069 77482
4540001 77482
618551 77482
3916740 77482
4122749 77482
3086134 77482
3603012 77482
3086136 77482
1759145 77482
3671253 77482
3971360 77482
3602894 77482
512758 77482
3909434 77482
2411867 77482
1759147 77482
5002326 77482
29352909 77482
1314763 77482
3447628 77482
4624197 77482
29352956 77482
450747 77482
4199192 77482
4082738 77482
4293274 77482
3671213 77482
4127206 77482
4583705 77482
29353281 77482
4401011 77482
4616449 77482
2444111 77482
2742166 77482
3916684 77482
34284276 77482
2411868 77482
3447522 77482
3965370 77482
3751847 77482
4061519 77482
1915293 77482
4127975 77482
3218528 77482
4634849 77482
4135359 77482
4650748 77482
3603087 77482
4377313 77482
4128013 77482
29357644 77482
29357646 77482
4642051 77482
4196088 77482
4391612 77482
2798469 77482
4601673 77482
3909454 77482
3218510 77482
4362316 77482
4760666 77482
4265053 77482
4623112 77482
4613353 77482
4717215 77482
29359202 77482
29359208 77482
29359233 77482
4131563 77482
29359470 77482
3671216 77482
29359526 77482
4391598 77482
3671217 77482
4401487 77482
4329005 77482
29359677 77482
3398583 77482
2084511 77482
3909485 77482
4691705 77482
3791686 77482
3820235 77482
4391600 77482
13361093 77482
4321047 77482
3583876 77482
3583878 77482
1980255 77482
4669044 77482
29360231 77482
29360258 77482
29360287 77482
29360373 77482
39688283 77482
4484435 77482
29360565 77482
4688720 77482
4563296 77482
4616731 77482
13487340 77482
12264909 77482
4021287 77482
4669037 77482
29360824 77482
4669058 77482
36446927 77482
4764303 77482
4293239 77482
4521331 77482
29361088 77482
13285097 77482
4163276 77482
29361139 77482
34369842 77482
4436377 77482
3573807 77482
29364173 40273
4673463 89590
4362189 89590
29359945 89590
29362382 11833
29362543 11833
39675697 11833
29362990 11833
4332738 20276
4626242 20276
4321083 20276
4454792 20276
4274142 20276
4583838 20276
4135349 20276
29346443 20276
29346647 20276
4273761 20276
4364700 20276
29347922 20276
29347978 20276
15169743 20276
4454793 20276
4563889 20276
29349485 20276
4715018 20276
1808105 20276
4424840 20276
3573804 20276
3583871 20276
3447520 20276
3909484 20276
1970413 20276
3583881 20276
3218509 20276
4274143 20276
3487060 20276
4231634 20276
4495645 20276
4364622 20276
3583864 20276
3218527 20276
4426778 20276
3671214 20276
2839993 20276
4511219 20276
4569373 20276
4043391 20276
29347668 20276
32704187 20276
4377261 20276
2084526 20276
4131573 20276
3398585 20276
29360662 20276
4321389 20276
4163280 20276
4592264 20276
3334828 20276
4042952 20276
4552247 20276
4042953 20276
4436411 122
29364730 122
4778283 122
29345268 122
29340799 122
4715017 122
29346065 122
29346073 122
29346097 122
29346157 122
44099554 122
39667121 122
29363769 122
4538000 122
29347419 122
29363777 122
32788060 122
29363818 122
39538350 122
2084542 122
29350466 122
29350593 122
13398550 122
36445708 122
29344947 122
29340868 122
4423286 122
29044190 122
4486733 122
29359415 122
36770880 122
29359870 122
29340886 122
29360366 122
29360820 122
36410202 122
36444076 122
3927808 89712
29361657 7976
29348385 6836
29348387 6836
450751 6836
4341592 6836
3792983 6836
4396775 6836
3774811 6836
36386 6836
3759042 6836
4705163 6836
15010321 1317
3909435 4875
29358290 4875
29356625 9417
2085868 9417
1292515 9417
11111635 89728
13372798 7964
4684572 59756
29345284 59756
3824795 59756
4321083 59756
4222984 59756
4135349 59756
29346666 59756
3125918 59756
4552245 59756
29347666 59756
4606834 59756
4626215 59756
4426766 59756
29348703 59756
29348743 59756
4612643 59756
29349585 59756
29350295 59756
29350303 59756
3965362 59756
4066152 59756
4493048 59756
4163277 59756
3248563 59756
29353134 59756
4522325 59756
29355491 59756
4043390 59756
4274144 59756
2444112 59756
3125919 59756
4492983 59756
4531862 59756
4505363 59756
29357274 59756
29357357 59756
4127972 59756
4505118 59756
32872659 59756
29343803 59756
39688283 59756
14928423 59756
14995047 59756
4552280 59756
29361069 59756
2909999 59756
4675061 59756
29363732 27596
29345217 27596
13500069 27596
29363765 27596
29361948 27596
4599287 27596
29348926 27596
29363853 27596
29363861 27596
29363873 27596
29352053 27596
39683326 27596
36770888 27596
29355362 27596
29358955 27596
36770872 27596
36770870 27596
29363097 27596
39664825 27596
4505805 27596
29359857 27596
29360045 27596
29360339 27596
4601023 27596
13213028 27596
4542294 27596
29364122 27596
4602864 78120
1292512 78120
2170213 78120
1292514 78120
3344477 89675
1292513 89675
1292514 132686
29353393 23433
29359447 23433
29359713 23433
3086138 89423
2579363 89423
3487059 62835
3446794 62835
4615856 62835
29345607 62835
34313110 62835
4544524 62835
44099555 62835
36108992 62835
2907094 62835
3928321 62835
1584117 62835
1584122 62835
3671211 62835
4131577 62835
29354360 62835
29356638 62835
2169948 62835
4699379 62835
4315402 62835
4468989 62835
4590923 62835
4127207 62835
4615890 62835
4274145 62835
4207608 62835
4675062 62835
15161412 62835
4131579 62835
29345108 76851
29346069 76851
29346107 76851
29346254 76851
29363754 76851
13209117 76851
29346532 76851
29363757 76851
4647545 76851
29346573 76851
29361734 76851
29363760 76851
4599298 76851
3489033 76851
2084543 76851
29347072 76851
3927962 76851
29364766 76851
29363772 76851
29343860 76851
13502711 76851
29362021 76851
13504347 76851
29348790 76851
29364793 76851
29363816 76851
29349033 76851
4576864 76851
29362148 76851
29362200 76851
13421975 76851
13338720 76851
29363845 76851
29363847 76851
4207590 76851
4207591 76851
29363862 76851
29363864 76851
29363866 76851
29344550 76851
44099557 76851
4265052 76851
29344571 76851
29363936 76851
29363938 76851
29363975 76851
29364029 76851
29364035 76851
29364051 76851
29364075 76851
29364083 76851
29364086 76851
29364089 76851
44099558 76851
15150731 76851
36770893 76851
29362879 76851
29364113 76851
29359518 76851
29359707 76851
29344527 76851
36770873 76851
29363103 76851
36770889 76851
29360328 76851
39693962 76851
39674955 76851
29360670 76851
4453060 76851
29360761 76851
29359056 76851
29361095 76851
13376716 76851
2838318 76851
29361214 76851
450749 73612
29357271 73612
29360947 73612
1292514 73612
4688721 73612
41624463 18254
32819236 1269659
36537233 89746
4214400 36430
35874128 171042
2742127 37460
29345391 37460
4222981 37460
4066145 37460
4066146 37460
34382832 37460
29345394 37460
29350453 37460
4066151 37460
29350883 37460
29350975 37460
29354284 37460
29356569 37460
4482935 37460
4605518 37460
29357471 37460
4569552 37460
4321062 37460
29361027 37460
29361233 37460
4207604 37460
39690761 38470
4631668 38470
36770895 38470
29350601 38470
4551314 38470
29360275 38470
5005096 89570
29361610 89539
29345074 72083
4495644 72083
39651624 72083
1292542 72083
39684321 72083
36770891 72083
29345295 72083
29346050 72083
29346052 72083
29346102 72083
29346137 72083
4657566 72083
29364748 72083
4587933 72083
4661442 72083
29346776 72083
29346998 72083
29347494 72083
29347523 72083
29347549 72083
29348037 72083
29348159 72083
29349038 72083
12071764 72083
29349284 72083
29349286 72083
29349289 72083
29349302 72083
4734337 72083
29349637 72083
29350351 72083
29363849 72083
29362394 72083
29350968 72083
29351122 72083
4453055 72083
4426382 72083
4737210 72083
4082737 72083
2170091 72083
4646879 72083
13282984 72083
13288218 72083
30488908 72083
29358008 72083
29358301 72083
29358310 72083
4752307 72083
29359105 72083
29359130 72083
29359145 72083
29359259 72083
4667439 72083
4590230 72083
29359444 72083
29359495 72083
29359808 72083
29359903 72083
29359911 72083
29359931 72083
29359951 72083
29359953 72083
29359997 72083
29360142 72083
4588013 72083
29360150 72083
29360158 72083
29360171 72083
29360203 72083
29360242 72083
29360272 72083
4537987 72083
4620067 72083
29360417 72083
29360434 72083
29360485 72083
29360548 72083
4748997 72083
29360644 72083
29360706 72083
4550146 72083
29360822 72083
29364907 72083
29361091 72083
13416693 72083
25405511 312
29347976 312
29349786 312
29346410 312
29349574 312
29350759 312
4449388 312
29351101 312
29352013 312
29359573 312
29360068 312
39657756 312
29360635 312
29355614 64909
34261198 2517
32835627 241469
29345230 123
41624465 123
29345259 123
4753297 123
29345640 123
29346015 123
29346375 123
29346645 123
29346711 123
29346832 123
29346865 123
29346911 123
13487339 123
29347315 123
29347496 123
29348168 123
32716209 123
13226359 123
29348768 123
29348888 123
29348934 123
29348940 123
29349022 123
36537563 123
29349030 123
29364798 123
29349066 123
29349081 123
29349146 123
932 123
29349283 123
29349292 123
29349294 123
29349304 123
29349310 123
29349312 123
2356 123
29349684 123
29350140 123
29350166 123
29350182 123
29350205 123
29362395 123
29350819 123
29350916 123
36449026 123
4423285 123
32716218 123
29351237 123
29364806 123
29352009 123
4543829 123
29353010 123
29362651 123
29353304 123
892 123
4231621 123
15027498 123
29355547 123
956 123
29356614 123
29356616 123
29356618 123
29356635 123
29357314 123
29357346 123
29357371 123
29357372 123
29357384 123
15057786 123
29358303 123
29358333 123
29358559 123
29358604 123
29358969 123
4360254 123
29359029 123
4560021 123
29359128 123
29359138 123
4756700 123
29359174 123
29359207 123
29359231 123
4512149 123
29359254 123
29359371 123
29359411 123
29359414 123
29359443 123
29359493 123
13521262 123
29359524 123
29359560 123
13487696 123
29359593 123
29359600 123
29359638 123
29359648 123
29359698 123
29359716 123
29359750 123
29359751 123
29359760 123
29359768 123
29359789 123
29359796 123
29359842 123
29359863 123
29359881 123
29359896 123
29359906 123
4307346 123
4307347 123
29359912 123
29359929 123
29359943 123
29359092 123
29359961 123
29359978 123
29359984 123
29360001 123
29360006 123
29360120 123
29360146 123
29360156 123
29360218 123
29360223 123
36770859 123
29360260 123
29360295 123
29360298 123
29360323 123
29348204 123
29360399 123
29360401 123
29360437 123
29360460 123
29360468 123
29360503 123
29360547 123
29360557 123
29360563 123
29360579 123
29360583 123
29360591 123
29360640 123
29360647 123
29360649 123
29360675 123
4396257 123
4714997 123
29360724 123
29360766 123
29360789 123
29360794 123
29360810 123
39677854 123
29360817 123
4764300 123
29360831 123
29361104 123
13391347 123
13267057 123
3248421 123
3487061 123
29362678 9167
29346575 4877
12070352 11217
29360628 11217
29361850 23434
13411899 1019
34293389 1019
4771155 4320
2170116 4320
29342912 4320
29345236 4320
29361590 4320
3971367 4320
29346017 4320
29346023 4320
29346079 4320
29346136 4320
29346142 4320
29346144 4320
4684714 4320
4783725 4320
4779430 4320
29346582 4320
29346728 4320
29344529 4320
29346952 4320
29347000 4320
29347021 4320
29347022 4320
29347023 4320
29347039 4320
29347090 4320
4363929 4320
34455638 4320
29347420 4320
29347440 4320
29347478 4320
29347489 4320
13440463 4320
39663681 4320
39662292 4320
939 4320
29348062 4320
29348170 4320
29348288 4320
29348311 4320
29348372 4320
29348395 4320
29348700 4320
29349067 4320
2444271 4320
4470525 4320
29349280 4320
29349287 4320
12074086 4320
29349309 4320
29349324 4320
3751859 4320
29349692 4320
29349715 4320
4127937 4320
29350159 4320
29350168 4320
29350172 4320
29350191 4320
29350208 4320
29350380 4320
35629999 4320
13440457 4320
13286188 4320
15180628 4320
4669034 4320
29351118 4320
29351197 4320
29351199 4320
29351203 4320
4563426 4320
3447521 4320
29352936 4320
29352954 4320
4547162 4320
4568186 4320
4269112 4320
29342828 4320
39675177 4320
34307711 4320
3125957 4320
29356717 4320
35831070 4320
29357404 4320
4469392 4320
29357742 4320
29358124 4320
29358686 4320
29358980 4320
29358982 4320
28219933 4320
29359120 4320
29359123 4320
29359164 4320
2411870 4320
29359191 4320
4512148 4320
29359265 4320
4574136 4320
4780557 4320
29359375 4320
3398595 4320
29359429 4320
29359457 4320
29359621 4320
29359623 4320
3398551 4320
29359692 4320
29359695 4320
29359714 4320
4712261 4320
29359742 4320
29359748 4320
29359771 4320
29359773 4320
29359785 4320
29359788 4320
29359864 4320
29359873 4320
4781569 4320
29359927 4320
29359963 4320
4042941 4320
29359986 4320
29359085 4320
29360037 4320
29360060 4320
29360076 4320
29360089 4320
29360139 4320
29360148 4320
29360161 4320
29360186 4320
29360251 4320
29360264 4320
3398636 4320
29360316 4320
29359070 4320
4273704 4320
29360455 4320
29360473 4320
29360486 4320
29360496 4320
29360515 4320
29360518 4320
29360531 4320
12070344 4320
29360553 4320
29360560 4320
29360580 4320
29360582 4320
29360624 4320
29360630 4320
29360646 4320
29360668 4320
4307348 4320
4575819 4320
13426966 4320
29360784 4320
29360796 4320
29360807 4320
4692636 4320
29360841 4320
29360843 4320
4762472 4320
14979632 4320
29360911 4320
4135400 4320
29361163 4320
4780559 4320
1292509 4320
29361327 4320
29347534 89770
29341144 45529
29341680 45529
29341682 45529
29341683 45529
1980185 45529
29357995 45529
29359150 45529
39686944 1020
29345088 124
29345089 124
3427201 124
29345196 124
4338956 124
29345335 124
44099559 124
44099561 124
29345989 124
29346049 124
29346118 124
29346152 124
29346531 124
13442672 124
29347019 124
29347396 124
29347611 124
29347629 124
4427077 124
32816529 124
13515828 124
13373124 124
29349948 124
15053215 124
29350210 124
3808788 124
15132334 124
4650474 124
13322845 124
29352873 124
29352944 124
29353011 124
13164850 124
1292540 124
29347850 124
39662321 124
34479540 124
44099565 124
13464588 124
29357649 124
29357745 124
4516949 124
34234188 124
1292541 124
29358093 124
3447523 124
39675814 124
13266039 124
29359117 124
29359126 124
29359399 124
29359635 124
29359658 124
29359669 124
29359766 124
29359901 124
29360197 124
29360229 124
29360249 124
29360262 124
29360593 124
29360629 124
4687729 124
29360752 124
29360782 124
29360791 124
29360836 124
29360919 124
29361191 124
29361331 124
29362447 6531
29362677 6531
29341141 23139
29341142 23139
29341143 23139
30418915 23139
30419583 23139
30424753 23139
30423683 23139
30422187 23139
30423707 23139
30422093 23139
30423815 23139
29341144 23139
1292544 23139
1292529 23139
29347037 23139
4595732 23139
4504729 23139
29341680 23139
29341681 23139
29341682 23139
29341683 23139
29341684 23139
29341690 23139
29341692 23139
29341738 23139
29350213 23139
29341772 23139
30424590 23139
30421832 23139
30423285 23139
29341819 23139
30423944 23139
29341985 23139
29341990 23139
29357663 23139
2559359 23139
29360113 23139
29360240 23139
29360828 23139
4321263 133067
29351059 1021
4364663 13337
4565264 13337
4135386 13337
3928364 13337
4488819 13337
1292518 13337
39692811 13337
4135346 13337
36532585 13337
4427050 13337
4606853 13337
4404354 13337
4377841 13337
3398578 13337
4522411 13337
4639969 13337
4622545 13337
4583839 13337
29345477 13337
4602371 13337
4488822 13337
29345510 13337
4643295 13337
4657731 13337
29346006 13337
29346011 13337
29346019 13337
29346085 13337
29346087 13337
29346095 13337
4134884 13337
29346116 13337
4643067 13337
1292526 13337
1292527 13337
4591861 13337
4771203 13337
1545202 13337
3915040 13337
36444927 13337
1292499 13337
29346670 13337
13373048 13337
4122809 13337
29346731 13337
13258186 13337
1292530 13337
29346849 13337
4545019 13337
13373574 13337
29346922 13337
4545020 13337
29346987 13337
29347025 13337
29347027 13337
29347029 13337
13385719 13337
29347128 13337
4427030 13337
29347442 13337
15101491 13337
29347485 13337
29347491 13337
29347493 13337
29347498 13337
29361984 13337
29347595 13337
4531892 13337
30514288 13337
4595844 13337
29348182 13337
13386955 13337
4655570 13337
29348382 13337
3671251 13337
29348885 13337
39654566 13337
29348943 13337
29343861 13337
36865666 13337
29343169 13337
32834055 13337
512877 13337
2356 13337
4021423 13337
13323994 13337
29349624 13337
29349699 13337
4661433 13337
3447517 13337
4688808 13337
4654890 13337
29350537 13337
29350543 13337
29350555 13337
29350564 13337
14953384 13337
29350807 13337
29350814 13337
29364933 13337
3447518 13337
29351074 13337
4445116 13337
29351160 13337
29362476 13337
29362482 13337
29362483 13337
29362484 13337
3447519 13337
4272827 13337
15003324 13337
4274168 13337
29352091 13337
29352889 13337
29352912 13337
29352942 13337
4668486 13337
4541631 13337
4274305 13337
29353194 13337
4445109 13337
4612785 13337
29353330 13337
4657205 13337
2170062 13337
14654 13337
41461094 13337
41461095 13337
36535491 13337
36535494 13337
29364889 13337
4328923 13337
4389747 13337
1292533 13337
4773802 13337
2130844 13337
29355609 13337
4196046 13337
3962653 13337
3671215 13337
29355933 13337
3126101 13337
956 13337
4487912 13337
4626368 13337
4569626 13337
4669720 13337
4404301 13337
4427049 13337
4389675 13337
4516966 13337
29356829 13337
4468909 13337
4364640 13337
4454866 13337
4454870 13337
4616969 13337
3928323 13337
4364564 13337
4389748 13337
4485724 13337
4485732 13337
4274190 13337
29357529 13337
4389690 13337
4389670 13337
4516955 13337
4310989 13337
29358262 13337
4135331 13337
29342251 13337
4449639 13337
4762478 13337
29358621 13337
1292535 13337
29358758 13337
29358984 13337
29359125 13337
29359143 13337
29359178 13337
29359193 13337
29359229 13337
4756701 13337
4321046 13337
29359345 13337
4639362 13337
29359381 13337
29359388 13337
4021273 13337
4537966 13337
29359425 13337
29359440 13337
29359455 13337
29359490 13337
3218511 13337
29359509 13337
13373311 13337
29359534 13337
3927931 13337
29359592 13337
4453092 13337
29359614 13337
29359685 13337
29359730 13337
29359845 13337
4622002 13337
29359941 13337
29359955 13337
15067223 13337
3398635 13337
29360079 13337
4590241 13337
29360140 13337
29360143 13337
29360160 13337
29360227 13337
29347032 13337
3751912 13337
29360321 13337
4127976 13337
29360356 13337
29360380 13337
29360405 13337
29360411 13337
29360471 13337
29360474 13337
4640211 13337
29360501 13337
3928047 13337
29360556 13337
4759110 13337
4484437 13337
4624940 13337
29360686 13337
29360690 13337
29360703 13337
29360759 13337
3791687 13337
4639329 13337
29360385 13337
4396251 13337
29360833 13337
4611623 13337
4445130 13337
4485725 13337
29360939 13337
4274133 13337
4427071 13337
4491441 13337
4576851 13337
29361199 13337
13510066 13337
29361371 13337
2444153 4148
2444151 4148
2169827 4148
2169864 4148
2169867 4148
4552199 4148
3971410 4148
29359641 4148
2909299 4148
29348356 7132
29345261 8734
36447239 8734
1292524 8734
1292503 8734
29346481 8734
34278507 8734
4606113 8734
902 8734
29346996 8734
36448875 8734
13440447 8734
939 8734
4449651 8734
29349141 8734
4491442 8734
2356 8734
4634850 8734
29349533 8734
4355523 8734
8999923 8734
4716562 8734
3792982 8734
3759781 8734
576584 8734
29358967 8734
29359257 8734
3922555 8734
4196090 8734
15077309 8734
29359486 8734
10212498 8734
4661427 8734
4582930 8734
29359830 8734
29360193 8734
4669057 8734
4709024 8734
4293276 8734
4066156 8734
1980184 8734
4426812 8734
2444157 1565
2169868 1565
4530089 1565
2170063 1565
3126085 1565
2444160 1565
29597159 8739
