5332 47253
23082 125293
338617 236808
9692081 236808
44122070 236808
186821 576173
2222151 2954041
928676 1740414
4282949 4370902
880371 1696128
165556 519096
43742279 43414410
13269386 13269384
13285978 13285981
28302568 28302567
4165 41399
21961 120662
1961570 2732150
704063 1462432
9712580 9712590
3512060 2997180
6070993 6071014
35828060 3668024
3213506 3668024
339462 929657
7158759 6039394
1162046 2033680
1162045 2033680
43705428 2033680
1536716 2033680
948816 1778577
1136783 2008431
9711720 9711733
43821760 9711733
40623419 2574820
40623420 2574820
14988822 2574820
40623421 2574820
40623422 2574820
40623423 2574820
1751684 2574820
4165645 2574820
40623424 2574820
40086629 2574820
2817017 2574820
40091284 2574820
40623425 2574820
40623426 2574820
40623427 2574820
43816170 2574820
40623428 2574820
40623429 2574820
40623430 2574820
40623431 2574820
43816210 2574820
40091286 2574820
40623432 2574820
40623433 2574820
40623434 2574820
40623435 2574820
43818418 2574820
8811623 8811636
33540512 2901798
2161099 2901798
9666055 9666062
888414 1703108
3026899 3238761
15755792 15755789
2827 35948
10591916 10591925
1778683 948832
32682229 976924
15181105 15181127
9709209 9709207
9666055 9666082
1562624 2421968
9722042 9722057
5070123 5070178
1498084 2362830
2304887 3016005
3034474 1282731
564091 1282731
3574316 1282731
569682 1282731
1563206 1282731
1462456 1282731
2398153 1282731
2817656 1282731
2398154 1282731
1162155 1282731
1462458 1282731
1562491 1282731
2169461 1282731
2058298 1282731
3385046 1282731
1536683 1282731
44122071 1282731
44122072 1282731
44122073 1282731
14889104 14889111
1391461 1583646
15831033 15831036
15829557 15829560
3287338 3719484
3404311 3795889
1204286 2080162
168561 521727
44122074 8493423
688150 1443214
1536715 2395393
9666055 9666067
32916291 32916288
3036469 2335487
2937367 3471209
9719958 9719963
3910216 4123535
13271253 13271260
1490509 2357209
50479 213973
30394366 50463
75361 50463
9953610 9953618
652446 1394727
2413829 3101726
138459 355212
15059202 15059209
2064008 2823042
166060 519630
3669360 3970426
440383 140543
35329 140543
121466 398799
791630 281757
13290290 13290293
34034311 15542406
83389 286980
32660608 32660609
355394 951023
340637 582684
1751797 582684
44122070 582684
3178109 3642124
1632142 823769
215161 654411
4906369 592153
3139155 3615719
1536714 2395371
162357 512061
1536715 880283
615 5330
10501704 10501714
3676013 3973693
44122075 1284612
30794282 1284612
567761 1284612
2163022 1284612
790651 281556
39427 161798
1536717 2395466
1536717 2395470
2264965 2881383
2134871 2881383
2938613 2938616
569682 1285660
7384115 7384151
4320707 4396017
576327 1292160
1563236 2422359
12365374 1282262
2159667 1282262
3442013 1282262
562301 1282262
2158069 2899354
2709128 3303931
443869 1093339
13270297 13270307
3910573 4123739
4938307 4938292
37851790 10100144
44122076 10100144
10100139 10100144
10100148 10100144
43656387 10100144
44122077 10100170
10100150 10100170
3841254 4080502
3841274 4080526
3841216 3590432
4080448 3590432
295347 816794
9708293 9708302
4422663 4467619
2314409 3023102
3442969 3818327
2187524 2925010
167417 413088
15837442 15837445
2085495 2839287
4996984 4996968
409858 1046559
9697311 9697328
2797666 3371529
165592 519206
4949971 4949982
4375526 4435251
164836 516808
40624847 2720697
9673991 9674016
5173971 2097693
113388 369938
4563188 4578591
1563206 2422344
5670382 5670395
14778647 14778653
2817553 3384960
924970 1344208
3089789 3577562
28313481 28313485
3547527 3893175
38726188 281801
81076 281801
187536 578789
29043560 29043559
4267517 4125719
2876515 3425562
38778761 281890
113505 370363
375619 978762
975297 978762
15167393 15167396
3034471 3539703
87700 298635
1347043 2222153
2881682 2134966
694401 1449447
1296093 2173542
1807569 2619101
134177 423140
423124 423140
1739062 2570057
3938991 3615705
3139146 3615705
3615706 3615705
1967898 2736722
3327489 3746083
2175170 2914391
216718 658879
193638 588602
1962120 2732904
44122078 9066705
9066677 9066705
4962559 4962579
197330 593559
448205 1103277
2129535 2876930
5036483 5036499
65052 250355
203120 609824
13283275 13283279
35950 142362
10099284 10099282
1421758 2297167
251386 743142
576765 1115469
13322362 13322368
35355764 13376592
986396 380034
12196440 12196437
251154 742478
214257 652269
1515112 2376069
4057407 4215760
2733387 3323320
958633 359627
295652 817406
38579 157950
2604450 3237938
13265974 3766945
4029295 3766945
2945860 3476990
1073983 1935509
9096016 9096036
3590870 3921140
1609262 2458721
250353 741484
2716 35270
1421080 2296309
2294335 3012590
413424 1052115
930718 1751737
13365904 13365908
37851790 10100153
44122076 10100153
10100181 10100153
10100148 10100153
734151 1505586
40623446 40623447
295364 816901
1498771 2363399
1028549 1889565
23022 124650
142413 448187
432113 568297
1346711 2221743
13307198 13307205
203118 609805
5248783 5248800
9714987 9714995
194697 413087
3897927 3554417
3058538 3554417
5483583 5483602
15374619 15374624
29045957 29045961
4341744 4410214
1970780 1100470
9724822 9724837
9724841 9724837
9724832 9724837
1446578 2315291
84030 288434
87701 298645
807562 120425
379595 985576
13289265 13289273
297277 820765
45677 196856
4106123 4255088
50608 214377
2354873 3052337
2354886 3052343
4279365 4368946
10100150 10100171
2571399 3211176
2828 35994
28768613 4931063
4930993 4931063
2826 35909
13522924 13522928
282727 375372
15219412 15219415
237798 724408
14701048 14701053
1925640 2701800
50477 213927
3058045 3554179
1900 21166
142021 447534
3286488 3718987
13419218 13419222
1563271 2422386
4280443 4369492
1609143 807574
806375 1606152
1900 21183
936235 1766634
2448846 3129264
1914505 2691962
15019899 2691962
2222149 2954019
3223068 3674350
1917103 2693952
1826390 2635618
9746777 9746782
4452260 4491031
3904577 4119718
207455 618676
13289299 13289314
43540692 43540691
10099352 10099368
30405544 30405543
140945 203044
11407151 11407145
13313592 13313598
35061891 35061894
9711746 9711757
123606 22701
1900 21176
1406093 2279529
194649 589307
755589 1537648
31758763 31758764
7813002 7813015
213140 649710
9685499 9685497
11686458 11686456
13480820 13480823
2161527 2902041
344626 933376
4929867 4929868
38667036 38667034
13256780 13256794
564079 1282682
4949901 4949895
13339448 13339451
2362726 3058641
1462484 2332463
9711628 9711638
1249436 2127468
9713005 9713012
13362282 13362289
44122079 236913
7501285 7501289
3841234 4080466
288302 803406
1357962 2232331
367781 966144
43581276 43581275
2332816 3034867
35408366 35408369
125588 409461
1536718 2395484
43437454 43437455
9711786 9711796
13317608 13317615
2881682 3428888
36122 142618
36121 142618
1900 21155
3087906 3575470
506228 1198138
6078919 4045284
8736264 8736262
304962 834832
208793 627974
81150 282221
939984 1771237
4060710 3819340
9705447 9705451
340517 930704
619460 930704
5634 21245
424068 139687
13288550 13288548
2635441 3259115
12224447 12224455
3610409 3134554
11496409 11496416
11496410 11496416
11496425 11496416
29031248 29031251
4672802 4677943
3467762 2933331
4920680 4920616
4920577 4920616
8740312 8740322
3672236 3971795
1437592 2306885
28727310 28727314
10850117 10850138
818633 1625304
2918887 3458311
30801472 28361215
1585981 2444509
1489882 2356576
15829517 15829520
5604650 5604664
15321741 15321737
4341742 4235736
32683144 4235736
44122080 44122081
5138092 5138112
510111 368358
2129358 2876808
194001 588814
1521054 2378741
11856296 11856303
36314133 228454
1578149 228454
55400 228454
2459642 228454
43716663 228454
43730257 228454
2437143 228454
1582719 228454
43783475 228454
43797218 228454
43809080 228454
3138362 228454
4084750 4236675
13269671 13269676
44122082 9669090
9669082 9669090
2556895 3202601
13496228 13496232
118546 236610
2707255 3302793
30862558 30862560
256698 751899
295350 816818
28305546 28305552
989342 119095
15605225 15605228
13397197 13397202
92315 313735
43599652 43599651
13271699 13271704
3050627 3550010
73780 267184
1321262 2191919
2058559 2817805
9096047 9096044
1969760 1732173
923270 1732173
986936 1833614
9685731 9685729
207456 618706
3259049 3700817
1091121 442275
405398 123870
3817455 4059088
3746019 4017024
1620828 2469168
4962648 4962631
87152 296980
510887 1205679
6309476 6309471
43583328 43583329
28363132 28363133
28364858 28364859
52009 217509
21764 120232
40624847 40624849
288065 802895
6809830 6809860
913652 757340
2721903 3314086
758514 1541079
3550007 3550005
3050627 3550005
1740171 2570305
1320326 2191035
4021027 3956931
4154121 3956931
3590045 3590044
82738 285507
498 4331
4332 4331
52752 218885
807561 1609122
1163236 2034875
13253199 13253212
20287 115132
371672 115132
33285576 33285579
445752 1097064
8974979 8974994
29043932 29043933
5642744 5642766
11400828 11400833
11400899 11400833
11400842 11400833
40623321 1967968
13297272 1967968
2736786 1967968
44122083 1967968
561794 1282032
9714702 9714699
15850107 15850109
9711769 9711779
30768807 30768809
2892138 3435481
443308 1092484
15861618 15861623
3550007 3894876
4113842 3894876
1787976 2604161
929936 1749993
9140027 9140002
913652 1723776
15119685 15119688
3612824 3935454
13318373 13318377
405884 1035236
13314904 13314910
9711590 9711602
20287 115135
4207007 4320713
1577127 789983
929936 1749984
10099376 10099383
4235743 4082931
32683144 4082931
14672819 14672830
765793 1550105
3965405 4159466
4786254 4786570
3549727 3894810
22636 122834
43593255 592289
592312 592289
196967 592289
2008433 2008428
14672818 2008428
1136783 2008428
619027 1358149
456672 723454
4234100 4340195
905258 1716284
3537088 3886593
118546 379650
965856 1805903
13339448 13339452
11497767 11497783
13256081 13256090
4236668 4342314
14281049 14281050
32683144 13481018
208793 627992
6597036 6597060
37895326 2998481
9693130 9693132
165898 519552
15838475 15838482
1462446 2332414
5038158 5038185
10099389 10099399
3912866 4125720
13000667 13000674
15071046 15071051
13310240 13310244
4396015 4449273
1590812 2447857
35077070 35077074
28765392 28388510
28388508 28388510
2161543 2902049
124393 405806
22541167 22541172
15086637 15086641
87152 297010
1962303 2732953
43618203 43618204
43763069 43763070
43455248 43455249
30851109 1562491
1088598 1950589
11519705 11519691
33165318 33165317
45677 196844
20563 116243
507002 1199725
3535697 3885826
44122084 44122085
9708341 9708352
507002 1199742
28313683 28313686
7142514 7142520
44122086 44122087
9680960 9680963
3211218 3665815
4121237 4264155
1096049 1961981
39225487 39225488
1661312 2500747
681044 1434265
2578283 2182316
4114232 4259689
33103779 69984
33103778 69984
5535 48461
2707262 3302825
1344798 2219610
35069936 35069939
3813354 3813363
443658 1092897
6300415 6300425
8278533 8278555
30227767 30227771
33876381 33876382
44122088 44122089
1015491 401918
50818 203045
39487559 39487561
1961289 2731984
32704119 32704118
13298120 13298122
43416239 43416240
44122090 44122091
14672420 14672419
9712128 9712135
9732048 9732054
22421759 22421757
4550967 4568214
3302908 3728690
1524175 2381257
3151922 3624012
10099268 10099274
44122092 43796348
87707 298796
54151 221354
1557962 2418213
6339544 6339558
14244111 14244121
4961037 4961051
15203957 15203961
9711686 9711693
1961570 2732149
13323282 13323289
985201 1831539
1358465 2233043
22473875 22473877
9717670 9717678
1103124 1974439
5156105 5156134
693100 1448106
9692761 9692765
5965031 5965055
209335 632256
10099313 10099315
35068325 35068328
11644567 11644580
4978205 4978192
7902133 7902148
44070 186090
3358091 3766942
39963372 39963374
336336 921534
784006 1570413
50617 214581
961799 1799375
83395 287072
4378458 4437253
252077 744615
44122093 44122094
13271253 13271269
1583784 793986
2641378 3264078
322708 872162
4899391 4899384
28368698 28368696
681038 1434233
8033681 8033689
933144 1757915
2150008 2892141
31020858 31020862
339326 929514
44122070 929514
44122096 44122097
35076155 35076153
1395930 2269873
50480 213986
4976119 4976133
163235 513427
1406093 1406092
44122098 1594913
802860 1594913
319860 94268
44122099 94268
2304555 1434272
3015798 1434272
43544315 37486386
583661 1302562
10100379 10100377
1222434 125207
519952 1221608
5004181 5004185
965856 1805905
2617935 1805905
4987764 4987751
7577723 7577745
191551 585987
276803 783584
44122070 340159
186822 442685
4923113 4923216
1316666 2187628
1933857 2709281
228281 703981
33501167 3836901
3464959 3836901
33501168 3836901
44122070 110465
355223 110450
1561645 2421249
5861744 5861784
252149 744736
43535576 2775461
13265977 2775461
2460400 2775461
13435220 2775461
3358091 2775461
2008433 2775461
9885152 9885162
2467281 3145209
15126094 15126099
1336 16943
8796848 8796859
2277030 2997187
35828060 266594
4359790 4422888
15107805 15107810
13288472 13288481
113345 369864
14526388 14526400
1525826 746417
13288228 746417
253108 746417
12429464 746417
38581 142391
30498025 142391
2422356 3108077
9685575 9685569
11822789 11822795
674677 1416447
9686113 9686115
9697803 9697810
1325623 2197049
588382 1320334
13265574 13265582
757862 1540227
44122100 1691893
43467954 43467955
697185 1453142
36068291 7479697
1421753 2297138
995941 1843677
44122101 44122102
1000980 1850002
3283973 3717493
3889622 3541351
9711934 9711936
3370382 2795616
13267231 2795616
43523578 43523579
44070 186078
40165893 186078
44122070 186078
6797632 6797643
36278555 36278558
2495583 3166742
10532965 10532990
2087 22148
43524807 43524808
14322390 14322397
1273927 2149776
9685453 9685457
2422354 3108067
1630932 2477252
3616693 3939963
5566385 5566372
15063617 15063625
44122104 44122105
13263834 3469976
2935769 3469976
35858532 35858531
11280556 11280572
15839319 15839324
371513 971675
1819736 2630067
510238 1204812
13260281 13260291
44122106 44122107
202479 608139
13261535 13261539
9684325 9684336
5044713 5044730
6896903 6896913
5343403 5343407
687423 1442153
9723159 9723168
4319774 4395389
3280559 3715584
7537306 7537326
1439895 2308358
43712532 43712531
3668751 3970149
2920217 3459870
142266 448002
23664084 23664088
13379493 13379496
122790 402826
4185423 4003556
36122 142640
9669454 9669456
35067158 35067159
976593 1819749
28302579 28302578
186820 576166
1188644 2062954
43714363 43714362
834830 834833
304962 834833
31772567 834833
222616 687278
5173971 687278
2473037 3149019
5496631 5496650
1327257 2199148
2926765 3463606
5359127 5359143
15298791 15298797
13283729 13283733
23666910 23666914
1536716 2395439
1536716 2395443
1536716 2395444
9709209 9709236
5244889 5244902
381018 989725
9711659 9711667
50464 213678
44122070 213678
10099387 10099392
10100093 10100089
10100082 10100089
768893 1551851
1313652 2185678
6623830 6623852
13266762 13266757
9722211 9722208
3283993 3717496
510238 807575
55400 228481
5232369 5232397
1703526 2534491
295362 816893
228369 704066
55336 228428
443076 1092221
14700893 14700900
202993 47193
29025421 29025426
44122108 44122109
2100640 2852176
1818 20769
44070 186087
280263 787914
9685696 9685686
581290 1298737
331463 902669
902653 902669
2902720 3443793
87151 296956
3993957 4179879
120854 397897
378355 982799
157942 497708
11686432 11686449
1621876 2469827
5785732 5785749
13476346 13476353
30758683 30758686
9692260 9692268
4128549 4269485
20422 81171
929936 1749987
44122111 44122112
5578264 5578284
15828755 15828757
1900 21182
9692660 9692666
2721903 3314091
35335719 35335720
6575639 6575619
9666055 9666065
13430874 13430878
43697214 43697215
707958 1466531
3903561 4119180
14672818 14672827
40623405 40623406
3917576 3585826
14672820 14672831
2727860 1956612
13659587 13659590
7996234 7996253
2413826 3101684
43586586 43586587
13353328 13353333
9671186 9671194
5731851 5731924
119249 381014
989682 381014
113231 369759
20287 115127
3047272 2350498
28360999 28361000
23664274 23664277
818632 1625295
297864 821531
1662 19975
81353 19975
33258988 33258990
5246492 5246524
390826 1001607
43753556 43753555
30384585 30384589
768893 267207
73780 267207
43593255 196979
592312 196979
45721 196979
196967 196979
8218538 8218542
967972 1807135
3977618 4167688
22397 122433
412519 1050453
989342 380772
44122113 34904055
2385781 3078712
9377782 9377771
14968393 1640433
157942 497693
880565 1696949
7372827 7372852
4542443 4561251
1976676 1104673
1481233 2348731
9680867 2348731
14765427 727144
283120 793823
9702167 9702169
2184208 2629779
1819245 2629779
2184204 2629779
75 731
22495052 4010709
2314401 3023031
14886490 14886488
432150 1077751
1817 20762
28313106 28313108
9685843 9685838
68942 257798
14765427 7242375
789603 281364
1082074 434672
3595425 3115171
10099325 10099329
51043 13894
9913368 134945
3211285 2571541
172295 531910
939785 534624
13339448 13339454
3134553 2456106
13754757 13754763
661291 1402640
2031 21582
1540360 2400071
73782 267221
324119 876130
5933061 5933114
674677 281452
44122113 2539462
274762 440623
11170536 440623
7722053 7722042
723314 237254
9716094 9716089
1721059 2556893
2881682 3428899
23082 59269
4641708 4649494
1650552 2493206
44122114 44122115
4294942 1325538
592028 1325538
2876814 2129359
15899240 15899243
45729 197062
21247 118443
113344 369854
44122074 6428438
3129143 3605614
444928 1095779
1776370 2592934
36088 81838
257552 752607
1486640 2354200
44122116 2354200
1469111 2338067
13382597 13382604
1721060 910707
1721059 910707
614 5311
1563404 2422460
727282 1283830
35637576 1283830
755160 1283830
15908840 3078758
3078752 3078758
9756344 9756342
21838321 10718180
44122099 4182675
75361 269872
9685453 9685458
284055 794834
45721 196980
