44218377 6366276
44218204 27389
44218378 820657
44218379 476373
36538277 1011195
44218380 10194047
41476593 16988392
40219171 20995958
39501041 2437504
44218381 573402
32635745 21019769
34752105 9755338
44218382 9755806
15614432 15614434
44218384 486375
44218385 3021107
44218387 9727509
44218390 18050400
44218391 9052463
44218392 21017351
8561291 8561295
32992727 11318265
44218393 1079742
44218394 6807608
44218395 3393798
39593545 21018023
44218396 21014223
44218397 7141611
31085427 1375116
44218398 21008938
44218400 14680979
44218402 20956666
44218403 31205252
33789591 4550112
44218405 19583192
44218406 21946636
32992740 8242183
44218407 31206136
44218408 1743115
39540174 17682524
44218409 31204186
44218410 13129432
44218411 6701045
44218412 1844903
11320200 3428760
34857003 31206930
15543907 15543909
33714951 31207303
44218414 7236058
44218415 12609447
44218416 14827478
44218417 313305
41476859 12098947
34745533 4163247
44218419 7565019
44218421 7791558
44218423 7863160
44218425 17275576
39605719 6101925
44218426 30435392
44218427 12679601
34754197 1154682
44218428 439051
44218431 2288576
44218432 3387802
44218433 31209446
44218435 6714966
44218436 10082762
44218437 20959914
44218438 20952296
44218439 20963312
44218441 9757846
44218442 11161003
14546553 14546555
44217740 4263357
31092933 9913501
36538884 9674868
44218444 1211253
44218445 822649
44218446 3809886
44218448 10196863
44218449 20958074
32992721 20958089
34752188 20953212
44218450 20948898
44218453 9588078
44218454 3437597
39483442 20949336
44218455 350389
41671021 20962639
14544252 14544254
44218456 8321383
44218457 8194871
40173811 16271618
44218458 20950911
44218460 4315144
44218461 2599428
44218462 6113338
44218464 11114335
40116422 14623915
44218465 31212247
44218466 7544382
8034809 8034816
44218467 10197296
44218468 31212603
44218471 6659412
44218473 31212678
44218474 21458431
41671586 355375
44218477 31212847
32613088 1484484
32992719 2721478
32612730 13125876
44218478 21785128
32625391 1245826
44218479 10197544
44218480 1592790
44218481 3045349
44218482 27600047
934503 1759880
44218483 31213913
44218484 19045431
44218485 9607123
34856684 31214299
44218486 6522958
44218487 20798023
33649966 437311
44218488 20789886
34750464 14571080
44218489 16885834
39605969 18641690
12136427 12136432
28731885 5508335
44218490 8781778
44218491 20783906
15421608 15421610
7044619 7044630
44218492 20790362
44218494 12395614
44218495 8269569
8874727 8874739
32624433 20782659
31084828 20782232
44218496 20794447
44218497 20794633
41670993 19728361
332775 907680
44218498 20790132
14694452 13513882
32626050 20797448
44218501 10987466
44218502 6037606
44218504 18923827
44218506 19145810
44218509 20835790
15554235 15554237
44218511 20834321
12887500 12647570
39917700 20833174
44218512 6379674
44218513 20832764
31085416 3788908
33789376 20832573
34856397 6038351
7681549 1829951
44218514 16307814
9799864 9799872
44217619 19132183
33711559 6424094
44217826 20827401
44218516 20826642
32616076 20826369
44218517 20826150
41673944 1903180
44218518 20825423
44218519 20825290
44218520 20599779
44218521 16083882
44218522 19144681
34753316 19134155
37864438 20824391
44218523 1634133
44218524 18050501
44218526 20821713
41476594 20821591
44218527 20821455
30671335 7101473
5795911 5795929
44218528 31219708
32992669 31219754
44218530 31219972
44218531 31219998
44218533 31220442
32627814 8622786
44218534 31220864
32616066 12831818
39483436 9269907
15413180 7703664
44218535 18050510
44218536 6287051
31127704 31127705
44218537 11760058
44218538 21572324
44218539 8876147
44218540 31221814
41477003 6435703
44218541 31222132
31101351 31101352
44218542 31222297
44218543 14944525
44218544 9663272
34754159 885098
44218547 8790024
44218548 21562311
44218549 27836859
34754230 31222860
31087246 7428247
44218550 20485409
11590864 11590868
44218552 12292055
44218553 6319783
44218554 31223606
15553331 15553334
32624065 31223644
44218555 31223704
41477045 5892937
44218557 31223729
44218558 3608424
44218560 3762055
44218561 31223939
44218562 10199261
44218563 6769968
4902865 440151
28431240 14630100
44218564 6269450
44218565 16223282
7764225 7764233
32626220 7115736
44218566 7519873
32615466 20990805
30670314 20990471
39606838 12861635
44218568 20989325
44218570 20989166
44218571 1565820
32614972 20988322
44218572 20988082
44218573 20988065
39474653 9921905
44218574 7685637
44218577 14645538
33791159 20985923
14527018 2201254
32619568 4182691
44218578 3223879
14719217 2453388
44218579 20983783
32992567 20982681
44218581 14714128
44218582 9584097
44218583 7327374
32618657 9771472
31084816 4151511
44218585 20282631
32624438 20978354
41722497 3919359
32632761 16243019
678266 1421283
44218586 20282622
41650033 20977520
44218588 20163185
44218589 19165776
36538305 20976816
44218590 18916839
44218591 20994348
44218592 20994744
44218593 2307874
9326979 2403594
1319775 2190782
28740800 20897151
44218594 7125958
44218595 9829333
44218596 7226057
29025618 9771649
44218597 20778677
44218599 16272716
31091728 20895124
44218600 20895081
33692437 21746575
44218601 7251051
44218602 20901435
44218603 20902598
9338126 9338130
44218604 20901042
44218605 20900836
44218606 4943315
31981221 20904741
44218607 9976994
11292423 11292428
44218608 9771746
32992706 20898972
44218609 7818130
44218610 18686514
14635495 14635499
11781293 9147679
33789415 18880543
40173126 14605220
31085467 5187982
32597778 1792251
44218611 19622983
44218612 11761524
44218613 20517076
12334011 12334015
44218615 9435440
44218617 16885927
44218618 18895068
31085460 3844174
44218619 31230834
44218620 3962422
32992634 20516212
44218621 19135463
44218623 16216863
44218624 18886167
44218627 16234157
44218628 18885551
31084826 20503885
44218629 20503688
14572863 14572868
44218630 19048074
44218631 16234624
44218633 18892335
44218634 20514319
41673140 16016451
44218636 1382403
44218637 16234665
44218638 18892809
33702935 16218110
40219102 20509889
33788602 16125448
14639280 2209873
44218640 16216509
31103170 16217887
44218641 3905116
44218642 6349375
44218643 18883679
44218646 26555176
44218647 19148313
14530658 14530660
44218648 18884498
44218650 19528026
44218651 8710197
8874738 8874756
33350972 19622953
8252065 3799120
44218652 16234590
44218653 3710716
32640173 12189067
14477773 14477775
44218654 10204056
44218655 20816019
39538848 20815653
41477073 12418541
15530224 15530226
44218656 10974683
44218657 15091638
15429948 15429950
44218658 20811006
10937584 10937588
9591091 6586320
32992704 20820725
44218659 7434489
39513206 20820555
44218661 21879533
15544015 15415994
41177773 31236768
31998002 23886535
32610880 20211962
14546392 1803745
28857179 28857182
44218664 31238246
44218665 20189954
31966532 22235411
44218666 31238748
7345735 7345741
44218667 1860546
1852708 2654632
41673883 31239232
44218668 21144980
40219065 31239433
44218670 29707274
33350974 31239617
12320323 12320326
40163198 31239834
44218671 31240010
44218673 31240021
32992656 31240164
44218674 31240169
32992690 27099903
44218675 31240431
33789413 31240625
44218676 31240722
41646590 31240795
44218677 27627605
40216319 31241229
44217691 26008248
44218678 31241496
44218679 12683348
14233681 14233683
40173806 31242503
36538881 31242529
32636671 31242567
14545914 14545916
44218681 31243024
34773645 31243069
44218682 31243440
44218684 31243777
41476660 13877410
34754686 31243817
10784519 10784523
44218686 31243994
44218687 31244136
40216316 31244565
44218688 215497
44218689 20163067
36098854 31244866
44218690 12018125
44218692 31245037
15554268 15554272
44218693 31245180
34743304 922459
44218694 2106050
14530167 14530176
44218695 1942509
31999408 31245840
10365249 10365251
44218696 31246312
44218697 31246594
39470640 17627208
44218698 31246791
32128938 10204478
44218699 7115180
44218700 31247489
28740801 27930340
44218701 9907545
8651461 8651465
44218702 26955930
44218703 31248339
9556815 9556834
44218704 31248595
44218705 16925089
40148188 31249041
44218706 5140330
44218707 31249186
44218710 31249302
44218711 3317104
44218712 17275843
44218714 31249851
32992716 31250227
44218715 31250494
44218716 31250498
44218717 21884711
9556813 9556820
14511105 14511107
32624388 16356902
36538288 31251115
44218718 31251131
15544506 15544508
44218719 31251359
44217549 31251491
44218720 12920418
9282235 9282239
30696218 30696219
44218721 31252322
34743627 9774019
44218722 28171725
32992667 31253264
15448415 15448417
44218723 5127041
32622395 18642154
44218724 4297284
44218725 31253763
44218726 10205802
39941298 3539178
32618387 13181637
40219153 31254151
44218727 2561590
44218728 31254399
33801412 20643089
44218731 3313238
36540044 20609440
44218733 20616460
44218735 20607517
33711558 31255025
44218736 20618003
34856571 20612560
41673820 1925932
44218738 482387
32992628 20628450
44218739 20640406
44218741 20609117
44218742 20616824
11615379 11615394
2654634 3272984
9326965 9326972
44218743 13878129
30350335 20634688
44218744 20634688
9327027 9327039
6709637 6709670
44218745 20634834
44218746 20626621
44218747 20626559
44218748 20635253
44218749 20636468
44218750 20614621
44218753 20649171
44218754 20648134
9338147 5927194
44217747 2109256
34745945 20645372
44218756 20645317
44218757 20645244
28955258 20644356
44218759 6381661
44218760 8838866
11441347 11441355
32992660 20623350
44218761 6332121
44218762 10484041
5600095 5600134
44218765 12112523
44218766 20637926
44218769 20616960
4941265 4941293
31085472 20631806
10894069 7723660
9060035 9060040
44218770 20638770
40095772 5091548
44218771 17533823
44218772 20630174
44218774 20640686
44218775 20629716
44218776 20639314
44218777 17286965
44218778 2550101
44218779 14552046
14526913 6438993
44218780 1125243
32616070 20623390
44218781 20623383
44218782 20618434
33801394 20618579
44218783 20619202
9328450 9328455
44218784 20625118
36086059 20624824
44218785 1529175
28740742 18050662
32635076 17343252
34743315 20658291
44218787 16609282
44218788 20189872
44218789 20657519
32992713 20657371
34743646 10467288
44218790 20653139
11067091 10208960
41670063 20663859
11067078 11067083
32992673 20072804
41720928 11620307
12906894 12906900
41476474 3340926
32992630 20653893
41470871 20664122
9591080 9591089
44218791 20699708
32636627 20654047
44218793 20664739
44218794 20687841
33649958 20664839
44218795 8406755
44218796 20717511
44218797 20654646
44218799 20700139
32072515 20717504
44218800 6751004
44218801 20708608
44218802 20665053
44218804 1212671
32616060 20710913
9338135 9338144
44218806 20655151
40219154 20716772
44218807 20676154
44218808 20656156
9585464 9585469
15408774 7308289
44218809 20715743
44218810 20693734
34747866 20716577
44218811 20692698
44218812 20692519
34749760 20692019
10937593 10937596
44218813 20677373
34060975 19242526
39498418 20677529
44218815 20678121
33789587 20715104
11441360 11441367
44218817 20599534
31085470 20680206
10983130 10983139
44218818 10206628
44218819 20680835
32637523 20670875
41477023 20682739
14505163 14505166
28824750 20683526
44218820 20683705
44218821 20683783
44218822 20684256
44218823 18481800
14233982 14233984
44218825 20694927
44218826 20675716
32992681 20696014
44218827 7551832
7266255 3735189
7318513 7318524
31085413 20675222
44218828 20675204
41673822 18641768
44217534 20675921
31085405 20697982
28919274 20686798
14224911 14224914
44218829 3978795
32609521 20674918
32992679 20689524
44218830 20698759
44218831 20698991
34755493 20699173
44218832 8038756
41673642 20662890
44218833 4718966
32992570 19811474
8874737 8601730
40219091 10207011
44218834 20660277
21912974 20673433
44218836 16211164
36538872 19622752
44218837 20526174
97065 326447
44218838 20703906
44218839 31268843
15187521 15187523
44218840 16221696
39498463 20775652
39606845 13200607
44218841 16233295
41477060 16224797
44218843 16221222
32966155 6099693
39501037 6789384
44218846 16232495
44218847 16224649
44218848 16223679
34049990 16225571
44218849 16225644
32017965 16225614
44218850 16223663
44218851 20776703
9591094 9591108
39592594 16229577
14279080 14279082
44218854 16231893
44218855 16221618
44218856 16221531
44218857 6850830
44218858 20772346
44218860 16223514
44218861 16229209
44218862 16232557
33692444 5292375
44218864 20774104
44218865 20773553
44218866 16229095
44218867 18339849
44218868 20773384
31087249 31087250
44218869 21174885
44218870 31271903
44218871 21958282
40219081 31272701
44218872 6785949
12287004 12287006
44218875 31272951
40173863 9776012
32610715 31273056
32578357 31273127
44218876 31273137
44218878 8665248
44218879 6913508
44218880 31273666
44218881 31273694
31077318 31077319
44218882 347971
44218884 31274259
44218885 31274339
44218886 14577178
39344440 3074467
34744137 2596078
44218887 16016440
15421613 15421616
44218888 31274894
37563196 31275578
14498563 14498566
44218889 31275623
44218890 31275696
44218891 31275738
44218892 31275804
34086604 31275812
44218893 31275839
44218895 31275933
44218896 29846978
32611996 31276154
44218899 18329334
44218900 18329863
40219083 17558871
44218901 18330026
44218902 18327272
44218903 18317556
32992632 20652696
44218904 18320521
14505172 14505174
41476836 18314289
31085436 2390921
44218906 18313110
15428827 15428830
14593408 14593411
44218907 17376026
44218908 10207856
41476467 18323098
10915606 10915609
44218909 18324419
11779049 11779051
34856944 20651810
14469490 14469492
32992700 18326449
44218911 17533956
39228547 10208112
44218913 14216259
44218914 602087
44218915 20650834
44218916 18329807
44218917 20652648
44218918 17100448
14331783 14331785
44218919 16216158
44218921 31279827
34751437 10317234
44218922 21053624
44218923 31279958
44218925 21099446
40219106 15482488
31085434 31085435
44218926 31280598
44218927 2794653
7250803 7250811
44218928 31281091
37563195 11581446
44218929 31281672
21671379 21671381
7049588 7049600
14544747 14544749
33789341 2127298
29025563 29025564
44218931 31282668
44218932 31282682
44218933 31282719
44218934 5007837
32992558 31282919
12127450 12127452
44218935 7766995
44218936 16988881
44218937 2788325
44218938 31283357
34745605 17207537
15430707 15430709
33998574 31283698
41673782 15240505
44218939 31284002
44218940 31284242
10684304 10684310
44218942 16886255
39606429 10286083
34745604 29256031
32992683 31284574
44218944 31284624
44218946 31285022
44218947 31285103
39351210 19622670
44218948 21627403
44218949 31285415
31092914 28837078
40116183 31285528
44218950 31285541
44218951 31285919
44218952 31285962
44218953 31286027
44218954 31286330
41476833 31286541
44218956 10529419
44218957 31286607
15554264 15554266
44218958 31287094
40173110 31287153
44218959 16537480
14233661 14233665
44218960 31287956
44217510 31288168
32610714 31288287
44218961 21329006
36540912 31288558
32624103 20189721
41476603 31288623
39605653 31288660
44218962 31288668
44218963 31288829
39472719 31288894
44218964 31289121
44218965 19469334
32992643 31289541
33789579 31289543
44218966 31289604
10990859 10990862
44218968 2023998
33801371 31290056
44218969 31290108
44218970 14506409
32632461 31290298
32992663 31290373
10357442 10357584
44218971 31290920
8317869 222345
44217741 31291171
44218972 20710619
44218975 16121402
32992695 20733917
44218976 20751990
44218977 20734062
44218978 20726545
33789539 20734615
32992702 20744469
10983115 10983121
11067082 11067090
14283233 14283236
44218980 17681702
39530609 20724013
44218981 16918963
44218982 20736830
15433116 15433118
44218983 20746081
40219090 20749368
14648057 14648059
15559017 15559019
44218984 20736886
7599607 7599611
44218985 20748882
44218986 20722690
41673937 20721566
44218987 20750294
44218988 20753647
32616369 2586902
13201624 13201629
32619831 2032637
14544072 2882135
8930304 484007
15429783 15429785
44218990 20749509
44218991 20749575
44218992 20728709
44218993 20752826
44218994 13499887
44218996 20750489
32632748 20754081
44218997 15503834
44218998 20749070
44219000 20717682
44219001 20739574
44219002 20739331
44219005 449878
337197 923565
332752 906917
33789377 20742661
31092993 20742786
44219006 20729384
14530165 8313610
41720921 20732117
44219007 20497309
14530184 13775615
44219008 20717977
44219009 20732735
44219011 20730890
44219012 9777668
31084829 3975242
44219013 20736935
11441344 8575282
44219015 31296576
44219016 27385514
44219017 31296670
34749764 31297063
44219018 26818409
41674016 11483093
44219019 31297797
32992738 10208840
14739109 13348524
33789337 31298158
11506417 11506423
44219022 31298173
44219023 16439089
39590144 18050875
32575083 16656238
44219024 31298503
9425010 5563022
44219025 31298577
44219026 4412768
15610772 15610774
40219063 31299234
44219028 9631029
44219029 20749410
44219032 7846801
32992648 16722913
44219033 5921409
44219034 31300156
44219035 31300203
32613141 31300271
34747870 31300294
44219036 31300553
15412185 15412188
31091494 31091495
40219098 31300941
44219038 31301081
44219039 31301183
44219040 3121118
44219041 31301202
44219042 31301474
44219044 31301496
44219045 31301705
44219047 25182126
44219048 31302437
44219049 31302557
33853385 28973358
44219050 13341333
33866881 10209174
15544004 1358283
44219052 31303010
9060012 3456055
44219053 31303249
40116217 31303395
44219054 21099302
28740811 20915546
44219055 31303859
44219056 31303864
32992597 5762717
40173841 10966521
40630131 31304378
44219057 31304740
11441369 7523148
32629076 21174732
14557939 14557941
32571016 17157506
44219058 31305422
41477029 14583972
44219059 17157235
44219061 31305730
44219063 28800864
44219064 31305980
9301559 9301567
44219065 4299364
14478746 14478748
39520513 31306285
44219066 31306289
31100686 20803481
44219067 18952916
32639316 31306568
19214 110098
44219068 19015277
44219069 17652511
28740747 28740748
12217932 12217934
44219070 31307302
32624072 30400826
40219099 31307387
44219071 31307435
44219072 31307770
44219073 16171606
32992692 16163771
44219074 16177975
44219075 21567228
44219076 16170562
8864102 8864106
44219077 16861355
44219079 16777853
44219080 16168347
31975949 16166903
28857175 4281249
32992708 14608038
44219081 46081
7553273 7553279
44219084 3639730
34743662 16163875
34743552 16783309
44219085 7666674
44219086 16779847
31092919 16165801
44219087 16171129
44219088 16171492
9556844 9556851
44219089 7970147
44219090 16693582
44219091 16163560
44219092 16862247
44219093 31309423
44219094 16171884
44219097 16777406
44219098 20459816
44217589 6875620
44219099 20462999
9008492 9008502
12259329 7439882
44219100 2749313
44219101 16776320
44219102 15734796
44219103 10225156
44219105 16172357
39522137 20466769
335465 917184
44219106 20467167
44219108 16693323
44219109 16173855
44219110 16169812
12539445 804180
33014658 16169753
32559856 16776352
44219111 16860119
44219112 16855513
34754854 16776649
33789604 16775694
44219113 20465501
44219114 16856055
32992698 16176060
44219115 16175614
31085459 289593
44219116 16176163
44218071 20461604
44219118 16774741
44219120 20464558
44219121 7017388
44219124 12126059
34746718 16693366
31085440 19622557
44219125 20461349
41476878 16171955
44219127 16173012
36538917 20462647
28731892 16786275
41673862 16174397
44219128 10425152
7535853 7535859
44219129 19127967
14593413 1396146
44219130 31313670
44219131 20189577
41670184 19263027
14531206 14531208
34749488 31314340
10983131 10983153
34751153 27262044
44219133 27264902
44219134 18686831
21698890 8835464
44219135 31314775
44219136 31314888
44219138 9409454
44219139 19137948
31085465 16686999
32613139 16688345
36098519 16684428
44219140 5195413
39491202 16680983
44219141 31315969
32992652 16683512
34743632 16358410
39507532 31096616
40173861 16669335
44219142 7124655
44219144 10211033
32992675 16677958
33789463 19138125
44219146 19139049
44219147 16680304
39538846 16687407
44219148 103301
44219150 16686022
14544257 14544259
32992687 31317509
40110798 5131132
44219152 16686217
28731884 16681831
44219153 10211233
44219154 16672954
32992711 16687763
44219156 4500892
934501 1759812
7270932 7270941
44219157 15481481
44219158 16682336
44219159 16439483
44219160 20301491
44219161 7827567
31965220 16682966
5775544 5775556
12217923 12217927
44219162 16689828
11615371 11615378
34747871 16687947
34856435 19133127
41476851 16683235
39936270 16690182
32992615 31319273
44219163 29868349
44219165 31319632
44219166 31320026
14512622 3312597
32613137 31320196
40178555 18340883
14233686 14233689
32992685 1722858
15412182 15412184
44219167 21252556
44219168 18051000
32992658 21488489
28740769 21488293
41476843 21488185
44219170 936119
41335170 21460932
44217742 21464196
44219171 21417976
44219172 21461385
44219173 19053881
32992725 21460599
44219175 18902845
44219176 21459623
44219177 21328403
44219178 21454817
44219181 10832308
44219182 21328978
44219183 21328941
44219184 21295782
44219186 21463630
28740815 7368905
14755809 7865802
8784748 8784755
44219187 18197117
44219188 10211854
12327737 12327739
44219189 21328642
9327925 9327931
44219190 21588237
41674252 18637490
11441332 11441338
32992654 8213371
44219191 10212052
44219192 21425548
32992609 18382854
40219068 21437064
44219193 10528262
34754170 21430145
44219195 21489719
7484457 7484463
39228576 21591860
44219196 6804719
44219198 21572049
1002827 1852722
44219199 21573152
44219200 21425254
44219202 10212264
44219203 10225772
34742058 21462580
44218189 8132896
44219204 19836974
44219205 21397578
44219206 21574600
21903865 21574609
44219207 2715244
44219208 18340915
28824751 21574719
44219210 10212305
41669224 21574744
44219211 9780619
39485026 7863823
39498461 11132643
32626467 3469673
39518533 1390867
33702936 21330544
36098088 21330511
44219212 21330433
44219213 21330425
15509230 1353200
39522157 4324908
4941271 3547338
44219214 699586
28978330 7391470
44219215 10973647
44219216 8264784
44218309 10680514
35538658 9780712
44219217 5308014
39536158 18803747
28731890 215511
44219219 9883505
44219220 21174650
44219221 4161292
44219222 215517
44219223 20211821
28740814 2133284
33788581 10762940
44219224 20768821
44219225 8227531
44219228 10775771
32633526 4017847
34743526 17454692
11441357 11441366
41673787 6821372
33700616 19160713
15264814 2431593
44219229 7354102
28731891 2030099
34751436 11376772
32625536 6977520
44219230 5040233
44219231 2917047
44219232 21295276
32618392 10889240
44217834 10992301
44219233 21328497
44219234 19338183
44219236 11191728
44219238 7183872
44219239 21426139
44219240 11597371
2435333 3117507
44219241 674818
34755865 11005466
34754752 5832170
44219242 17332603
44219244 8218214
44219245 21293847
34744052 11176540
44219246 1484752
44219247 3121917
39514759 5401899
39504907 18937425
34856557 10772468
9325572 7606973
44219248 11551108
44219249 11370050
44219251 11639533
15506008 15506013
44219254 10977260
44219255 10764652
44219256 21331181
44219257 21331129
44219258 14214021
41669771 21331078
39493095 11387752
44219260 14972344
44219262 9218985
44219263 11554063
34754804 21333144
39424791 21335844
44219264 20368596
44219265 10212345
44219266 2759248
44219267 11128385
15258185 15258187
44219268 16454154
44219269 21332415
44219270 2070762
44219271 20282133
44219272 19338166
44219273 20898528
34856407 14475909
44219274 20230305
44219275 21333658
44219276 8855370
44219277 6619224
44219278 9562740
32986093 21293726
44219279 8566656
34743436 21293684
44219280 21293675
44219281 21293666
44219282 18315830
33860803 21398984
32618558 21589192
34856437 11066000
39478974 21436932
44219283 18340923
39516202 20768716
44219284 4335807
44219285 9781266
44219286 20768698
44219287 16672461
44219288 18802099
44219289 1957851
44219290 18802116
44219291 4349915
44219293 18802163
44219294 21588642
39515519 4164110
44219295 2391538
39522508 11414870
44219296 18801863
44219297 2842330
44219298 18801882
41476431 18873242
44219299 11526144
44219301 21592788
44219302 19582623
44219303 18780031
44219304 11470206
44219305 5078036
32632754 18780288
44219306 10212426
15183133 13621419
44219307 8010670
39538923 6370161
39536708 16644187
44219308 18804157
39538720 9856422
33789453 19648059
37702468 5639448
34749718 10212458
32626327 18804197
41721426 10212478
39534281 11040686
44219309 7368622
28731895 10891778
44219311 18780812
41478344 20768621
44219312 18736938
44219313 7977369
44219314 18737070
39477117 17246477
44219315 18747007
44219316 18747016
44219317 18747102
44219318 18747186
44219319 16536192
44219320 18746723
44219321 18746732
10821584 9226555
44219322 10212543
39489269 18746892
44219323 18746901
30670518 18746910
44219324 10838038
44219326 18747360
44219327 18747369
44219328 7502716
44219329 10212593
44219330 10212596
44219331 18779867
44219332 18779903
44219333 9155585
44219334 21569238
44219335 21569357
44219336 2266197
44219337 2795532
39580206 21294168
44219338 10212686
44219339 21588376
44219340 10561780
15190534 10212745
12743770 12743792
44219342 21588855
39117512 21588846
44219343 21588837
44219345 21588820
34748927 1611807
44219347 21463487
44219348 18802274
44219349 4959392
44219350 21463359
44219352 21463333
44219353 2404060
44219354 2482167
44219355 19338142
39460890 17246485
44219356 21206652
44219357 2106099
12260416 3430208
34754203 215521
44219358 3094570
44219359 3045749
44219360 215522
44219361 3580617
44219362 2405392
44219363 3024794
44219365 2770568
44219366 215523
44219367 1544963
33778285 2883538
15248901 2029941
44219368 3368405
44219369 2760523
44219370 2405425
44219371 2431800
44219372 215527
44219373 2029962
44219375 215528
44219376 3368326
44219377 3094536
44219378 3426562
44219379 215531
44219381 3094592
44219382 3094744
44219383 3094733
44219384 18779656
44219385 18779665
44219386 21592221
44219387 16357344
44219388 18290749
44219389 18803154
21623335 1534823
44219391 18803171
44219392 18803180
34754179 18803189
44219393 18803198
44219394 18803207
31092984 18803233
44219395 18803242
44219396 18803251
44219397 2338776
44219398 18802030
40169064 18802057
44219399 18802066
44219400 18802924
44219401 18802933
9169617 9169624
44219402 18802950
34754624 18802959
34652257 18802967
44219403 18802976
34743884 7972797
44219404 1559141
34744349 19399117
9138193 9138204
32614169 215540
44219405 18805125
44219407 18805151
44219408 21568263
44219409 16243794
44219411 11294284
9582860 9582872
44219412 6990447
44219414 21568730
33794018 21568920
44219415 10213267
44219416 21436343
44219417 16453583
44219418 16084574
44219419 21436224
44219420 16671524
44219421 21436208
44219422 21436199
44219423 21436190
44219424 21436181
33255545 21183978
44219425 21037017
40162220 1590053
34856424 20860727
39352415 9229476
44219426 10213280
44219427 20860736
44219428 21435763
44219429 21435754
44219430 10213283
32640799 21435814
44219431 10213312
44219432 21435130
44219433 21435121
44219434 16308322
44219435 21426364
44219436 31327631
34742258 21426312
44219437 5474989
44219438 21426286
44219439 21426277
44219440 21426268
44219441 17645328
44219442 21426208
44219443 896305
31085461 21427062
44219444 21427053
44219445 21427044
44219446 10213349
44219448 10213353
44219449 21426994
44219451 1855187
44219452 21426978
41720923 5581570
40630126 10213356
44219453 21426908
44219454 21429220
44219456 21429211
44219458 21429202
44219459 9580625
44219460 21429091
44219461 9783568
39584483 20768289
44219462 20497194
44219463 16786138
44219464 16257907
44219465 21429398
39534271 21429389
44219466 20203129
44219467 9074349
44219468 21429339
44219469 9599233
44219470 21429313
44219471 21429304
44219472 19218624
44219473 3805093
44219474 21334661
44219475 21257786
44219476 9059387
44219477 10213399
44219478 21428400
44219479 21428391
44219480 21428374
34754818 6096803
44219481 21335001
39500321 2419863
44219482 21334967
34744345 21334958
44219483 11061218
44219484 10213406
44219485 21334925
44219486 18522454
44219487 1257555
44219488 9911261
34754193 9783758
44219489 21334851
44219490 21334842
44219491 19935242
44219492 7752892
44219493 21334783
44219494 21334774
44219495 21334748
44219496 21334731
44219497 21334704
34754910 10213412
44219498 10213417
31027148 21333906
44219500 21333897
44219501 21333846
44219503 21333837
34745606 20368581
44219504 8976947
44219505 21333750
44219506 10213441
34743625 21334356
44219507 21334347
44219508 10213460
44219509 21334330
44219510 21334321
44219511 21334261
44219512 16722196
44219513 21334173
39538717 21398279
44219514 21398560
44219515 21398551
34744347 16121585
31085424 5663062
44219517 16126555
44219518 21398495
34744335 19904659
44219519 10213505
34743617 21398445
44219520 1791045
28731882 20749247
44219521 21398414
44219522 21398373
44219523 21398348
34743667 21398339
34743670 7891937
41673964 21398313
44219524 21398305
44219525 21399404
44219526 3524938
44219527 21399387
44219528 21399378
44219529 21399369
44219532 21399360
39351782 10213528
44219533 10211863
44219534 19797648
44219535 21399277
44219536 21568606
44219537 21568580
44219538 21568571
44219539 20140484
34743862 21568554
44219540 9210621
44219541 18498737
41646591 21568529
44219542 21568520
44219543 21568511
44219545 21568502
34743669 17100734
44219546 6577495
44219547 19338126
44219548 21568454
44219549 21568445
44219550 21568436
44219551 17645336
44219552 21475906
44219553 21568411
44219554 21568402
44219555 21568393
44219556 19421351
44219557 21568376
44219558 16259931
44219559 5073240
44219560 21399661
44219561 20452634
31085408 21399644
34744273 21399635
44219562 21399626
44219563 21399617
44219564 21399582
44219565 21399573
44219566 8639473
44219567 18774426
44219568 21399539
44219569 8030479
44219570 18774418
34743296 21399505
44219571 21399496
44219572 21399479
44219573 16311318
44219574 20768204
44219575 21425488
44219576 16310351
44219577 3935994
44219578 20203068
40128923 21425392
44219579 20828836
44219580 20203050
44219581 21427156
44219582 18550883
34748630 21434187
44219583 21433715
44219584 20860719
44219585 5512905
44219586 18873530
40630130 20768169
44219587 21433971
44219588 21433962
44219589 6346548
44219590 21433876
44219591 21433850
44219593 21294272
44219594 20532559
44219596 21205114
44219598 21205105
44219599 21205088
34751255 21205062
44219600 21205046
34751249 21205037
44219601 29846751
44219602 21204995
44219603 119968
44219604 21204258
44219605 3243375
44219606 20768135
30671226 21331761
44219607 21331743
44219608 7913864
44219609 5917376
44219610 10504815
44219612 21331594
44219613 21331577
44219614 21331568
44219615 17276238
44219616 21331547
44219617 20508971
44219618 21327656
44219619 21327557
44219620 21331988
33949119 16121586
44219623 21332778
44219624 21332769
44219625 21332760
44219626 20860720
44219627 21332685
44219628 2431761
44219629 16609498
44219630 21332574
44219631 21332548
2952933 3481363
44219632 21295216
44219633 21295027
44219634 21295009
32637486 21295000
44219635 21079301
44219636 31328472
31080231 31080232
44219637 21294958
44219639 21294932
44219640 21327957
44219641 19081706
44219642 21327760
44219643 21334122
44219644 21334092
44219645 21488395
44219646 16285076
34743838 4471689
44219647 6321366
44219648 17207745
44219649 10213576
30489535 20072393
44219650 31328580
34856421 20398078
44218272 31328606
44219651 31328610
44219652 31328612
44219653 10188823
44219654 31328615
44219655 11003757
44219656 31328620
44219657 608611
44219658 31328630
44219659 31328636
44219660 10213606
44219661 30077355
44219662 10674176
44219663 31328656
44219664 5534595
44219665 20355393
34652259 31328663
44219666 31328690
44219667 31225997
44219668 31328707
44219669 31328712
44219670 20398068
34752648 31328733
44219671 31328737
44219672 31328752
44219673 29928034
44219674 10169290
44219675 31328844
39502297 31328848
44219676 20930308
44219678 31328865
44219679 6325129
44219682 31328875
44219683 30180424
44219684 31328884
28824749 28824752
44219685 16537653
34744328 31328906
44219686 31328908
44219687 31328912
44219688 17534238
44219689 20599222
44219690 31328981
14290688 12011632
44219691 31328985
44219692 5843653
44219693 20828818
44219696 12033757
44219697 31329065
44219698 28828966
44219699 31329108
44219700 30659784
31085406 31085407
34752667 7343181
44219701 2431834
44219702 31329346
44219704 31329349
44219705 14523237
44219706 15220083
9427300 9427325
44219707 31329531
44219708 31329533
31087248 19551475
44219709 21887033
44219710 31329637
44219711 19338225
44219712 21079293
28731883 16306435
44219713 3530401
44219714 31329676
44219716 5230242
39534293 10213790
44219717 18498754
44219718 31329761
44219719 31329766
44219720 31329768
44219721 21770945
39535235 20189472
44219722 31329785
44219723 19836950
44219724 31329826
44219725 31329833
44219726 31329842
44219727 6055308
44219728 19935234
44219729 31329854
39498367 18051043
44219730 31329869
44219731 31329875
44219732 31329884
44219733 6102656
44219734 31329889
44219735 18051051
44219736 18774435
44219737 31329900
31095997 4135945
44219738 16507797
44219739 31329913
44219740 31329920
44219741 28892895
44219742 20398060
44219743 3332851
44219744 31329929
44219745 16487022
44219746 28853432
44219747 31329949
34856565 31329971
31085419 2431685
44219748 31329978
39517446 31329980
39513078 31330005
44219749 30073653
34755444 18686921
44219750 23914986
31095993 31095994
44219751 12959466
44219752 15278958
44219753 779447
34856410 7786083
44219754 5603617
44219755 31330045
44219756 31330050
34748728 31330061
44219757 30112107
34743608 14679036
44219758 31330109
44219759 31330111
40173105 31220479
44219760 11178161
44219761 31330118
44219762 31330122
44219763 18223970
44219764 31330139
44219765 30266577
39459748 522748
44219766 31330147
44219767 10213866
44219768 31330158
44219769 31330196
44219770 26671355
44219771 31330277
34750463 31330291
8155616 8155619
34754656 2431643
44219772 31330296
44219773 29970910
44219774 31330304
44219775 29774428
44219776 3119679
44219777 18888281
34745526 10213890
39534283 31330357
222663 687566
44219778 31330387
44219779 31330389
44219780 31330392
44219781 31330447
44219782 30270058
14642817 14642821
44219783 16177215
44219784 18498755
44219785 30270230
44219786 21648352
44219787 10213936
44219788 20642634
31090805 31090806
44219789 21213537
44219790 19469089
44219791 4552774
44219792 19494552
44219793 6582437
44219794 31330483
44219795 31330485
44219796 2020778
39493369 31330491
44219797 31330518
44219798 31330520
44219799 30006965
44219800 31330523
44219801 7740702
44219802 2756033
44219803 3345992
44219804 31330529
44219805 11191367
44219806 31330535
34751857 31330553
44219807 3928731
44219808 169108
219309 673157
44219809 31330600
44219810 31330609
44219811 31330613
44219812 30266581
44219813 28891052
44219815 30270714
44219816 31330632
44219817 31330637
44219818 31330639
44219819 22241052
44219820 19262891
44219821 31330648
44219822 31330652
40158020 7930874
44219823 31330682
44219824 31330684
44219825 10213985
44219826 31330704
44219827 31330732
32627201 21390556
44219828 31330834
44219829 31330917
44219830 31331033
44219831 31331041
44219832 31331046
44219833 31331097
44219834 21314162
44219835 21174622
44219836 31331114
44219837 19762424
44219838 700112
44219839 362400
38758131 19727735
44219840 29966579
44219841 989977
44219842 10574959
28745048 14086255
44219843 31331179
44219844 16487023
44219845 31331189
34745610 31331193
44219846 2492185
44219847 31331213
44219848 20484805
44219849 31331241
44219850 31331243
44219851 262262
44219852 31331296
44219853 31331298
44219855 31331302
34754176 31331317
44219856 3085360
44219857 31331345
44219858 591777
44219859 5931080
44219860 2431556
44219861 31331422
44219862 31331426
34742471 17157476
44219863 19338209
44219864 2353010
44219865 18315860
44219866 6495307
44219867 20556089
44219869 31331551
44219870 20930309
44219871 31331589
34744319 20599213
44219872 31331596
44219873 31331603
44219874 31331614
44219875 31331625
15497983 15497989
44219876 10214143
44219877 31331639
44219878 31331689
44219879 31331692
44219880 31331761
44219881 19469081
34745532 10214159
44219882 7916056
44219883 16352666
44219884 31332049
30697886 30697887
44219885 31332064
44219886 714487
44219887 4322028
44219888 31332269
44219889 19857402
44219890 19421327
44219891 31332312
44219892 31332314
44219893 31332322
44219894 31332326
44219895 31332377
31091522 13154059
44219896 31332430
44219897 31332432
44219898 31332434
44219899 31332436
44219900 31332447
44219901 31332449
44219902 31332451
44219903 31332453
44219904 31332455
44219905 10212119
9582892 9582900
44219906 31332463
44219907 31332465
44219908 10214259
44219909 16989203
44219910 31332511
44219911 31332513
34755448 29244385
44219912 31332519
44219913 2432097
44219914 31332527
44219915 31332530
44219916 31332544
44219917 31332573
34743070 20140443
44219918 5530466
44219919 31332647
34745609 31332649
44219920 6787176
34746911 31332666
44219922 31332686
44219923 31332690
44219924 31332700
44219925 31332708
44219926 30044422
44219927 16455885
44219928 31332810
44219929 31332810
44219930 31332931
44219931 31332967
44219932 31333006
44219933 31333055
44219934 31333065
44219935 10214311
44219936 11829632
44219937 31333118
44219938 31333205
44219939 31333252
41177914 41177916
44219940 19904626
44219942 31333389
44219943 31333393
44219944 23923678
44219945 16439580
44219946 31333407
44219947 19622432
44219950 31333420
44219952 734110
44219953 31333423
44219954 31333430
44219955 31333466
44219956 31333478
44219957 31333559
44219958 31333563
44219959 31333588
33711561 23815574
44219960 31334025
111438 365534
44219961 31334093
44219962 21777948
44219963 10214462
44219964 30282297
44219965 2441493
44219966 31334199
44219967 22173416
44219968 10495875
44219969 31334218
44219970 31334261
44219971 31334315
44219972 31334363
44219973 31334528
44219974 31334534
44219975 31334553
44219976 31334556
4493183 4522544
44219977 31334618
34746742 17100759
44219978 31334650
44219979 31334673
44219980 31334703
44219981 31334784
44219982 31334794
14549265 14549267
44219983 17627989
44219984 20556066
44219985 31334970
44217961 31335001
30671228 30671234
44219986 10214693
44219987 31335074
44219988 31335092
44219989 31335184
44219990 31335208
44219992 3883379
44219993 24374314
44219995 10214790
44219996 31335345
44219997 3228363
44219998 31335356
44219999 31335373
44220000 17631168
44220001 31335600
44220002 31335612
39504912 31335618
32598627 20898498
44220003 10214913
44220004 13604317
34754912 31335733
39607396 20642616
44220005 15230875
39493097 12122697
44220006 31335815
44220007 31335882
39498478 11686261
44220008 13160907
44220009 31335989
44220010 10855723
44220011 31336058
44220012 31336066
44220013 31336078
34754386 31336096
44220014 31336098
44220015 29205340
44220016 20484772
44220017 31336103
44220018 21475873
44220019 31336201
44220020 31336203
44220021 31336225
44220022 1674825
44220023 28927447
44220024 6648638
44220025 31336246
44220026 2302478
44220027 31336249
44220028 31336270
44220030 10214956
44220031 31336313
44220032 1610936
39498690 16448418
44220033 31336346
44220034 16454253
44220035 31336393
32633784 31336411
44220036 31336436
44220038 31336555
44220039 8946239
44220040 31336579
336791 922340
44220041 31336647
44220042 15623972
44220043 8117698
44220044 31336707
44220045 31336725
44220046 31336727
44220047 31336778
44220048 31336795
44220049 31336838
44220050 31336840
44220051 13067480
44220052 15583882
44220053 31336963
44220054 31336999
44220055 2179775
44220056 16529769
44220057 7484697
34742262 31337054
44220058 17207762
44220059 31337098
34755929 10215214
44220060 44220061
39502977 9516356
44220062 27082564
44220064 31337169
44220066 9511614
44220067 31337241
44220068 31337344
44220069 2266290
44220070 5982600
44220071 31337421
44220072 28812061
44220073 31337460
44220074 21257737
44220075 7794572
32626332 19527478
41671436 21803756
44220076 31337540
44220077 5471354
44220078 31337595
39424554 19797059
7046284 7046294
38758133 10465758
31090433 31090434
44220079 31337766
44220080 31337776
44220081 4340644
44220082 10215345
44220083 31337885
44220084 20860680
44220085 31337920
44220086 18992408
44220087 4794685
44220088 31338132
44220089 25660034
44220090 6684143
44220091 19107106
44220092 19107692
44220093 19107713
39538676 19107728
44220094 19107741
44220095 19108394
44220097 19108401
44220098 19108466
44220099 19108545
44220100 19109655
44220102 866424
40132953 19110053
34745464 19110249
44220103 19110321
44220104 19110399
39495202 19110522
44220105 19110781
44220106 19110789
44220107 19108753
44220108 19108790
34754462 19108797
41672091 19108942
44220109 12288983
44220110 19109015
44220112 19109036
39485439 19109121
44220113 19109236
44220114 31338818
44220115 31338838
325164 878687
40171873 31338961
44220116 31339028
44220117 31339056
44220118 965027
44220119 14729192
34743332 31339076
44220120 16663193
44220121 28906297
44220122 13430308
44220123 12399108
44220124 20749233
44220125 31339333
44220126 31339363
44220127 21079279
44220129 31339377
44220130 16723871
44220131 31339470
44220132 31339472
44220133 31339510
44220134 31339565
39584955 14965631
44220135 14582331
44220136 31339743
44220137 31339746
44220138 12112196
44220139 7277761
44220140 10215722
44220141 31339907
44220142 10215738
36555047 28898868
44220143 16722063
39509643 31340056
44220144 3505606
44220145 31340082
44220146 28825026
44220147 657453
44220148 31340114
44220149 31340157
44220150 21155138
44220151 31340174
44220152 31340182
44220153 31340207
44220154 31340209
44220155 31340218
34006737 31340223
44220156 18672957
40630125 31340331
44220157 10215765
13127393 13127395
44220158 21390494
44220159 31340403
44220160 20086745
44220161 31340408
44220162 27308356
44220163 9249569
44220164 31142501
44220165 31340502
44220166 1653846
39536292 31340571
44220167 12807572
34746852 15215944
44220168 11732877
34754204 10215783
44220170 31340654
44220171 31340664
29026259 29026260
44220172 15224947
44220173 31340710
44220174 15235558
39521630 31340728
44220175 31340734
34743345 31340792
44220176 31172756
44220177 31340795
44220178 31340819
44220179 31340851
19206 109790
44220180 10300061
44220181 1801929
4493188 4522565
54364 222346
44220182 20368459
44220183 19494488
30648695 15206631
44220184 28615428
44220185 5656332
44220186 31341095
34742267 31341242
44220187 31341327
44220188 17895441
44220189 15215475
44220190 31341495
36538875 31341598
44220191 4923913
44220192 31341718
44220193 31341767
44220194 31341872
44220195 18146573
44220196 31341876
44220197 31341885
44220198 31341887
34754754 31341925
44220199 31341941
44220200 17332657
337205 923799
12096248 10215984
218610 416801
44220201 31342248
44220202 3141197
111357 361950
94671 320902
34746913 31342611
44220203 3542539
44220204 31342782
44220205 31342795
18734 102972
302824 830537
120511 392888
302793 829553
96182 323568
18797 104613
7243369 7243379
8246641 8246649
44220206 31343055
44220207 31343153
44220209 31343185
44220210 28835184
319107 860417
40276347 31343211
1682320 2517374
9165370 9165391
9875735 9875742
15557232 9024406
9504481 9504489
302727 827450
319091 859875
18815 105480
8306187 8306196
331395 902496
9588478 9588486
302753 828253
302822 830469
1299794 2179464
44220211 31343474
44220212 14451695
44220213 21192171
44220215 10196540
44220216 31343533
337226 924361
44220217 10216843
12079582 756695
33098710 13736987
44220218 10216865
44220219 31343677
44220220 31343686
44220221 11971744
5889 51095
32643137 12191503
2512982 3180000
18819 105615
1641591 2484427
1002829 1852820
39498465 39498470
32155125 35308
44218357 6642709
302890 832052
44220222 44220223
44220224 44220225
34856566 34856567
44220226 44220227
44220228 16492415
39474718 39474721
44220229 44220230
15181209 15181214
44220231 25563001
44220232 44220233
44220234 44220235
44220236 44220237
39504969 39504972
39511025 39511028
44220238 44220239
44220240 44220241
44220242 16932892
44220243 8683526
44220244 44220245
2214357 473101
44220246 44220247
44220248 44220249
39504883 13956880
44220250 44220251
302838 830949
1704009 2534928
44220252 34695695
39514762 34695801
336788 922250
44220253 44220254
18799 104787
319174 862385
327266 887498
9427310 9427352
44220255 21412667
39605418 39605420
44220256 44220257
44220258 44220259
44220260 44220261
18587 95924
44220262 44220263
846281 1659627
860627 1675006
106059 342755
15407340 15407350
44220264 2811018
44220265 30186562
44220266 44220267
120502 392561
9476254 9476274
44220269 44220270
4000425 4183431
44220271 17167118
324413 877063
44220272 44220273
18558 94559
18595 96317
219421 675833
2439169 3121139
44220274 4806219
846262 1659297
319155 861828
534433 1248834
322334 871685
44220276 44220277
44220278 44220279
44220280 44220281
44220282 43646021
44220283 20896208
7914065 7914096
120575 395246
9431994 9432020
44220284 16492731
44220285 44220286
94783 321215
18677 100335
44220287 44220288
44220289 44220290
44220291 44220292
44220293 44220294
44220295 44220296
44220297 2464259
1344077 2218379
44220298 684794
44220299 44220300
44220301 25565675
44220302 6236359
44220303 26402606
44220304 2753578
40173101 25572475
44220306 25572902
44220307 26418177
44220308 26419649
44220309 44220310
44220311 44220312
44220313 44220314
44220315 44220316
44220317 44220318
44220319 44220320
44220321 44220322
44220323 44220324
9559327 9559337
44220325 44220326
44220327 44220328
44220329 26248030
44220330 44220331
44220332 44220333
44220334 17167137
120578 395394
9768189 9768206
94093 319337
44220335 20232669
44220336 44220337
44220338 44220339
44220340 44220341
120513 392982
44220342 44220343
34856393 21028877
302804 829926
44220344 44220345
9470001 9470033
34744232 23789797
331384 902266
44220347 44220348
934500 1759788
1592143 2448889
32624480 32624484
8859820 8859844
8878800 8878820
111398 363859
9308146 9308158
334488 912313
217786 665131
353651 944130
32624268 32624270
44220349 44220350
44220351 26747239
44220352 21469718
2651896 3270513
534442 1249176
15574270 15574277
44220353 20478497
18596 96370
1343851 2218236
95406 322121
398021 1007087
331472 902730
337245 924757
12098466 12098477
120507 392765
39496560 20183366
44220354 20549530
44220355 44220356
44220357 44220358
44220359 44220360
44220361 44220362
44220363 29856329
12976982 12976993
109234 353266
44220364 44220365
44220366 25876069
39538698 39538701
44220367 26805270
34856945 34856946
44220368 44220369
319168 862175
120503 392607
44220371 44220372
44220373 44220374
44220375 17108029
44220376 44220377
44220378 44220379
337217 924125
1730055 2564050
14582750 14582757
44220380 44220381
44220382 44220383
44220384 19721410
44220385 44220386
1852935 2654815
44220387 20491762
44220388 20771688
3158156 3629145
3947950 4148791
302785 829279
19175 108702
18601 96685
44220389 44220390
34751250 34751254
44220391 44109976
44220392 44220393
9232221 9232236
331323 901302
40180674 40180675
111350 361616
319115 860706
44220394 44220395
44220396 44220397
44220398 19487679
320757 868263
4283361 4371108
44220399 44220400
44220401 44220402
39538807 39538810
302810 830097
861370 1675481
44220403 44220404
18578 95516
12846249 12846264
44220405 41746321
44220406 20855474
902592 1711821
9266970 9266986
336806 922706
302840 831010
120501 392514
18568 95036
44220407 44220408
44220409 44220410
14532757 14532761
319169 862227
302839 830985
44220411 44220412
44220413 44220414
30814312 30814313
44220415 28659825
14275269 14275276
44220417 218719
18813 105396
334789 912839
9282871 9282896
44220418 44220419
331305 900760
337242 924651
202041 607320
34745478 34745479
44220420 44220421
120499 392406
44220422 44220423
39460800 39460804
44220424 44220425
44220426 32004991
9456900 9456920
9408655 9408672
32615882 1590731
32632580 32632582
110947 356930
8912925 8912960
3170829 3636858
302755 828349
44220427 44220428
8827602 8827618
336794 922485
330113 899764
44220429 44220430
32642461 32642462
39534807 39534809
44220431 44220432
44220433 18481387
44220434 18333968
44220435 44220436
44220437 44220438
44220439 44220440
44220441 44220442
44220443 44220444
44220445 44220446
44220447 44220448
44220449 44220450
44220451 1957139
44220452 44220453
44220454 1974344
44220455 19955596
44220456 44220457
9589421 9589436
44220458 44220459
44220460 31873628
44220461 44220462
334792 912957
13092020 13092033
44220463 44220464
44220465 44220466
44220467 44220468
44220469 44220470
44220471 44220472
44220473 44220474
44220475 19210441
44220476 44220477
44220478 44220479
44220480 20515507
11783861 11783870
44220481 44220482
44220483 44220484
3179840 3643669
302773 828935
302889 832023
44220485 44220486
44220487 44220488
6934301 6934321
866113 1680557
331315 901080
44220489 21031164
2656510 3274348
3502080 3860174
44220490 16324978
11649770 11649777
44220491 44220492
2502827 3171691
44220493 44220494
33789561 33789565
44220495 44220496
14508941 14508947
1002841 1853184
120571 395065
44220497 44220498
39537991 17543224
331326 901374
354166 948981
18810 105303
111360 362091
302855 831338
326191 883843
94426 320334
44220499 26898926
302894 832207
111339 361009
44220501 44220502
319081 859598
120615 396929
876092 1692677
217250 663012
44220503 44220504
34754403 34754404
44220505 20983040
44220506 44220507
44220508 16231879
44220509 44220510
44220511 21308564
44220512 19792382
44220513 44220514
44220515 16687721
120580 395486
846291 1659822
318709 857540
100721 331151
302760 828550
120510 392862
32614787 20205792
217253 663158
6994094 6994117
912510 1723021
859455 1674293
95701 322698
289195 806755
120607 396587
95873 323189
18668 99922
18665 99740
44220516 44220517
111336 360842
15408729 3239437
302832 830776
302748 828110
999843 1848552
618783 1357767
7583734 7583751
3152128 3624111
44220520 44220521
44220522 44220523
398030 1007388
325676 879842
1733739 2567758
32627203 32627207
44220524 44220525
320701 866752
12264469 12264482
18814 105451
1733040 2566449
334785 912700
44220526 44220527
98918 328122
876106 1693066
302815 830274
334964 913575
363657 962518
18685 100711
14574217 14574225
8711263 8711284
9497993 9498014
899998 1710534
32641480 32641485
1580437 2439365
202025 606832
872010 1687865
1675916 2513128
14592040 14592077
44220528 19210406
39533899 39533902
2443223 3125118
28857176 28857180
14520487 14520494
1695632 2529414
9113748 9113769
18692 101020
312891 849147
13134845 8925582
534649 1249995
9426823 9426842
302888 831973
2658525 3275850
44220529 44220530
44220531 44220532
680631 1433370
40168452 40168453
14607328 14607338
14618573 14618581
11791397 11791409
12082080 12082090
9094333 9094348
1712110 2542118
44220533 44220534
44220535 11446519
44220536 44220537
19192 109166
225301 697655
302819 830387
331307 900829
93800 318838
44220538 18131355
320691 866447
334153 911787
319116 860752
332779 907863
322297 871282
44220539 44220540
2934754 3469282
44220541 10761266
866115 1680615
44220542 16444975
44220543 44220544
18688 100845
302789 829441
95406 322122
8896077 8896093
10983119 10983134
858042 1673085
302816 830306
8649713 8649735
9180509 9180530
876104 1693015
1001104 1850216
8780607 8780627
22686 123654
876098 1692839
44220545 16992969
44220546 20934537
44220547 44220548
44220549 44220550
319147 861632
866112 1680521
320692 866499
3206076 3662798
876776 1693924
2325065 3028980
44220551 44220552
104583 336893
44220553 44220554
2439173 3121222
331379 902117
318991 858737
398031 1007420
319105 860358
8433566 8433588
19202 109626
331376 902005
9328886 9328906
657732 1400276
332776 907750
11811898 11811911
6434269 6434290
18692 101021
302731 827599
319143 861491
44220555 44220556
15196549 15196555
1640409 2483150
1799054 2613325
6985213 6985235
9266970 9266987
2295241 3012896
318986 858600
7231426 7231456
218970 672636
331381 902183
13082490 13082505
44220557 2775080
960499 1797353
336807 188782
2512447 3179811
341548 931650
3206025 3662617
302735 827725
9263858 4776355
337193 923441
963684 1802676
534445 1249272
337199 923638
3192653 1705429
44220558 4729224
217764 664467
120566 394822
323784 875719
320739 867644
2565445 3206090
302741 827918
18521 93786
18524 93983
9404674 4727215
12415339 4725558
302758 828451
111394 363689
1344078 2218399
319158 861913
18706 101844
9568664 4742157
8345536 721003
15555951 4758217
8548853 4468217
1002833 1852955
18557 94466
302818 830345
326144 882845
395104 1004926
99565 329533
12993914 4797333
120489 392009
302759 828494
18714 102256
320740 867683
846212 1658135
13071909 379658
94671 320917
327379 887858
319114 860649
353990 947676
354011 948244
910996 1721888
32615783 2581500
329983 899212
329982 899184
334794 913014
329824 896151
959340 1796135
318990 858701
910990 1721732
18680 100459
868198 1682311
8997014 4805676
120583 395605
100428 325351
876103 1692981
846265 1659341
9611200 4808381
14627062 1417538
9286900 4809057
15645118 4810703
331361 901734
329880 897681
18589 96006
1641740 2484812
15650610 4811968
15650621 4811865
323154 874709
11457176 4809134
9482726 4808591
11826358 4807035
9802778 4804448
32626578 4804161
945866 1776427
3621844 3943471
2393019 3085477
353999 947976
318987 858618
959323 1795692
120571 395053
111375 362682
18561 94710
19181 108886
220405 678410
8676315 328923
327275 887711
106155 346316
332757 907132
9538453 4748718
332761 907284
32634822 4758962
44220559 4765422
1771124 2585420
1723673 2560240
331383 902233
8936793 2989235
333171 909777
321493 870029
9861267 4808831
1641181 2484020
9764017 4809163
302756 828378
18690 100926
806668 1606738
861371 1675515
319169 862226
846204 1657940
32631731 4826508
18694 101083
5932 53267
1002828 1852780
44220560 4814086
608728 1345546
44220562 4809315
3119883 3598795
39537795 4785105
9590857 4780870
111451 365938
12162199 4763246
4941336 333978
44220563 4714357
3180224 2176671
202039 607235
9532885 4744356
44220565 4783042
335040 915395
2440942 3122839
11754519 4806426
15554420 4807216
14383762 4814112
9184050 4813335
876113 1693231
120584 395646
2351917 3049328
32631742 4662448
120520 393289
1299794 602061
91883 312823
9611230 4794288
7399982 4795027
302759 828505
44220566 4662191
39537039 4655800
4611082 580475
335013 914844
302825 830581
18702 101623
44220567 4814721
44220568 4816638
608265 1345225
331325 901345
44220569 4753109
39495193 4723700
39518662 4688162
3243393 1760223
39458243 4592870
44220570 4711976
319181 862635
15501346 4732684
7183436 4754000
18654 99007
9463442 4766095
44220571 4778121
44220572 4786830
3934606 4140663
120487 391936
1002851 1853345
44220573 4801132
44220574 4801287
44220575 4801522
1415421 2288309
1454607 2324325
1808344 2620215
4090474 4239999
2934094 3468644
44220576 4818483
44220577 4815927
3526148 3879795
101360 332638
1004529 1855357
44220578 2989186
25450421 4807885
325162 878652
44220579 4797028
9530165 4792496
32631432 4792187
32631437 4791871
11811089 4791500
44220580 4787895
7857250 4785025
9452596 4784651
335490 917811
111402 364047
44220581 4779113
44220582 4765295
44220583 4746301
322328 871530
13055364 4728703
1641585 2484235
2612975 3242985
44220584 4796261
9334040 4801838
363272 791005
28757446 4802194
9800370 4802548
915823 1724391
329885 897852
3202932 3660770
2440330 3122104
44220585 4815302
44220586 4815644
44220587 4819842
44220588 4820444
1709122 2539708
7619673 4825759
6386335 4825808
335460 917057
318988 858653
3179605 3643534
41672138 4827795
44220589 4828910
18722 102599
102577 334485
334203 912024
44220590 4834770
15526178 4835048
28891800 4835460
9601423 4835526
9589421 4835705
4259 41996
18676 100296
8922729 4838572
3007955 3521427
947639 1777454
332782 907964
5431778 4840496
14613291 4841645
12194353 4845121
44220591 4845520
34748655 4845926
44220592 624415
14532590 4848078
44220593 4850411
32627633 4850854
351064 939267
32080397 4851275
9585164 4851315
9461545 4851355
9488963 4851373
28371273 4851360
7756938 4851339
15547021 4850708
44220594 4850014
18820 105670
2274283 2994781
9138193 4849144
331378 902079
330114 899812
9348854 4848659
44220595 4848574
44220596 4848552
9505925 4848531
9505927 4848492
2556247 3202273
8255480 4848266
8793719 4848155
934531 1759969
19195 109328
11738142 4847581
6565940 4846829
824351 1632878
10323525 4845525
302867 831494
3660002 3964722
15487847 4844742
32618506 4844715
8908336 4843450
9849239 4843148
9570509 4843090
867633 1681940
9223906 4842575
334790 912870
8727502 4841469
9489476 4841417
1345263 2220088
9174090 4841274
9473186 4841238
13124123 4841174
1189135 2063754
2441188 3123099
332769 907517
3482121 3850554
202638 608628
11848253 4837950
11466950 4837036
3634575 3950965
216777 659075
334121 911502
44220597 4834134
44220598 4833961
217787 665166
44220599 4827539
202035 607131
9538520 4820865
9587006 4820712
44220600 4815071
44220601 2536451
44220602 4794945
353899 945291
44220603 4776920
44220604 4768342
36096780 4744321
39637364 4780812
14619708 4797801
7845243 4805900
44220605 4804070
2667106 3280860
32633449 4781922
903360 1713713
44220606 4655817
1713058 2542762
3469158 3842333
3642267 3955022
15554420 4623781
1687385 2523536
9132907 4782256
32631215 4782649
1687841 2523769
19209 109933
9805883 4803551
353943 946229
8486992 4805605
44220607 4811767
44220608 864409
44220609 4816288
876106 1693065
337241 924617
31085469 4829707
19199 109489
9024396 4832075
15410129 4832100
120577 395340
2656223 3274174
11786369 4836121
2996289 1731052
15431566 4836724
335498 918031
318985 858563
8783832 4837429
3507143 3862452
8930570 4838171
218626 671215
44220610 4844305
322326 871469
14574230 4844849
32633036 4845191
14642324 4845239
32632498 4845262
9283664 4845347
9488785 4845669
1775913 2592212
323782 875682
9613089 4846199
302878 831631
12694694 4846538
319148 861670
846249 1659001
9399985 4849712
14591793 4849763
9002217 4849799
979408 1823286
1755257 2576800
944737 1775876
12094736 4850142
12128526 4850162
7936662 4850182
12105390 4850202
2523020 3185253
6846474 4850460
183448 565350
9292049 4850502
9638200 4850521
32634885 4851166
9280167 4852655
9033255 4852686
9603472 4852714
32628567 4852739
11834279 4852776
11410151 4852793
15564870 4852810
333443 909982
1002842 1853219
334155 911842
334165 911961
18610 97105
9582962 4854235
8700660 4854308
8859169 4854388
302806 829984
4442377 4483836
9528446 4856097
2289640 3010023
47013 202676
302789 829432
9170082 4857077
9768912 4857120
9437859 4857398
9471369 4857411
6938936 4857877
18588 95971
8886991 1001389
100722 331176
1321507 2192588
9606889 4859439
12801561 4859947
33702931 4860555
862825 1676295
334976 913908
608813 1345744
11764187 4860656
9309824 4860746
335003 914593
324696 877690
2506778 3174775
3598726 3925504
12215701 4861694
3653960 3962629
218607 670533
3469119 3842297
879857 1695770
325677 879898
879860 1695849
7967210 4862963
14616069 4862973
9551468 4863188
220408 678506
337983 927741
846248 1658969
111453 366054
8737234 4864661
9821305 4864681
2513652 3180500
405357 1034696
1577136 2436412
2484315 3158106
898343 1709761
9463551 4866354
11307171 4866411
10841933 4867062
9642656 4867090
1417200 2291092
395627 1005367
11866624 4867340
32625646 4867350
84080 289119
12918184 4867971
2437874 3119941
322338 871783
44220611 4869974
335064 915821
11776714 4871044
32623222 4871950
32615127 19545344
7752064 7752079
44220612 30477573
302737 827802
12138660 12138673
979416 1823425
15554423 15554436
353945 946282
353946 946304
1002836 1853057
9626362 9626381
14616185 14616192
4105799 4254857
9122560 9122570
9089231 9089249
6934301 6934322
28878507 28878531
34742472 11978519
9621919 9621931
87969 300280
220134 677757
1435704 2305224
18821 105704
1606478 2456429
32638417 7468827
219979 677577
19213 110071
4733481 4735008
13085137 4546691
1001398 1850990
963147 1801665
9505952 9505990
1823225 2633026
1801642 2614905
19204 109719
8750485 8750503
9323247 9323261
218639 671695
979415 1823400
2983745 3500484
1662953 2503225
19182 108916
1406581 2281500
325645 879781
44220613 30467956
44220614 30476875
11736190 11736204
879859 1695822
9321501 9321520
19523 110867
95460 322209
322247 871171
7892627 7892644
19207 109849
12147529 12147540
9586385 9586392
11939305 11939314
10577875 10577920
8986202 8986224
9569308 9569320
1397365 2271879
11803341 11803356
9025282 9025305
13058377 13058392
13081217 13081222
32627952 30476774
312666 848862
7399984 7400015
111372 362491
947833 1777564
3859075 4090510
318983 858504
333723 910245
910986 1721671
320758 868281
9606527 9606545
32631580 30462922
18710 102075
1003100 1853801
9189792 9189801
9560096 9560114
12130596 12130606
15201291 15201300
318997 858904
14497791 14497801
923344 1732469
9959584 656093
5330669 5330686
333720 910196
1494389 2359922
1797293 2612130
3013924 3525744
2158162 2899466
9299315 9299332
8166531 8166541
13068508 13068515
11962676 9834864
331385 902294
9569876 9569894
9386040 9386060
13003839 13003853
9145439 9145459
7789270 7789291
39507202 292294
28849281 28849302
18723 102646
318978 858335
32618280 17628800
12103696 2618942
14642793 14642798
1356998 2230420
791282 1580861
335475 917483
2512983 3180050
9389096 9389109
302761 828583
19139 107864
32640233 16175231
18664 99676
9611715 9611731
2538298 3194195
534625 1249583
534445 1249282
12236887 12236914
9214579 9214598
325557 879592
2619157 3248021
1713514 2543523
7348164 7348183
2991999 3507394
3964901 4159255
9811581 9811598
105997 339619
13129175 13129185
44220615 21469512
329984 899255
44220616 30475194
32636397 30466014
9477058 9477078
333488 910010
44220617 30467940
44220618 30469170
9776218 8828100
44220619 12099345
336632 921974
8209103 8209114
14600168 14600174
9632036 9632050
2270869 2991915
678836 1421591
7583689 7583708
1002834 1852995
335052 915587
44220620 30478268
18509 93463
13031392 13031399
39539117 20064718
14572278 14572284
44220621 30472496
44220622 30477992
44220623 19682655
44220624 30471411
34743656 30459463
9116630 9116652
893095 1706100
354007 948182
979421 1823493
99017 328393
334974 913857
4389340 4444607
1002854 1853437
13090092 13090106
9615610 9615624
4929802 4929858
395019 1004864
106031 341619
44220625 4564712
335468 917279
7792864 7792884
979418 1823454
111370 362339
14600181 14600187
18576 95398
10861079 10861094
1751756 2574879
3554752 3898082
44220626 190355
111392 363604
4594620 4605695
11930766 11930780
32619179 30475032
19208 109896
910991 1721752
335472 917402
111346 361390
34752979 30461814
44220628 18556161
9578149 9578164
39504916 30458433
44220629 19393994
11423646 11423662
9483434 9483451
352524 941821
353790 944680
2440941 3122815
44220630 28106914
19177 108766
322325 871438
1664821 2504646
9155695 9155711
44220631 5767
44220632 30459876
10023488 6171158
7308049 7308066
18713 102198
331394 902482
328573 892142
334956 913353
3636730 3951801
44220633 30475948
44220634 30467576
846212 1658128
2528052 3187469
44220635 30473745
4389342 4444652
95528 322380
44220636 30473083
44220637 22326271
44220638 30457748
1001104 1850217
36700124 30460643
846200 1657828
332754 907018
8588552 8588576
335445 916632
15424440 15424449
857896 1672846
9125261 9125279
8389440 8389471
332813 908058
3029025 3535325
28961831 28961847
44220639 30457850
671566 1414658
4175332 4301882
9076257 9076275
15248091 15248099
9390066 9390104
220040 677633
929810 1749208
7541672 7541694
44220640 10220872
39607825 30466143
9602145 9602157
12105581 12105591
44220641 30462330
44220642 20769549
1414723 2287443
318975 858211
9075002 9075018
21842453 3297709
331386 902318
28757418 28757421
9408530 9408551
12996001 12996014
15518525 15518533
15542964 2390672
32636574 30475446
9620046 9620057
9337446 9337462
218627 671254
32620913 30475882
9642838 1712964
14680125 14680132
12017840 12017853
9346632 9346649
9346451 9346460
44220643 21412399
4429845 520329
3662664 3966104
9300367 9300387
1259046 2136550
8669364 8669383
32632881 5734316
12009046 12009058
4378270 4437120
333168 909661
335457 916954
910968 1721408
8942716 8942738
202040 607286
322782 873649
6365564 6365589
217807 665732
44220644 30471926
44220645 30458843
14502766 14502775
2162680 726708
11866639 11866655
8612125 8612150
9406592 9406608
140171 435637
6681932 6681955
1797305 2612294
32617770 32617775
9118194 9118207
15519391 8487845
335503 918130
44220646 30471473
10803671 10803683
5191 46826
1004644 1855556
44220647 4994598
39608004 39608006
12125268 12125277
44220648 44220649
44220651 44220652
44220653 44220654
44220655 44220656
1003099 1853785
44220657 6603945
8769336 8769351
32623352 32623356
34856655 28818786
963155 1801792
9607291 9607312
6846026 6846087
44220658 18520949
44220659 20392545
44220660 44220661
44220662 30475956
4412842 4460747
44220663 30473936
44220665 4826229
44220666 7532090
12976066 4791978
11775040 4758971
9925142 4816780
32623065 4819426
40222621 4828002
8940552 4831120
1581469 2440060
11944489 4833853
6383364 4839548
391804 1002608
44220667 4845264
7068341 4121888
32641731 4846092
21683576 4847971
354012 948283
19145 108052
11738100 4850023
8625311 4850056
8986670 4853157
335078 915999
15564717 4854024
15502631 4854703
941421 1772771
336799 922625
44220668 4855881
3119186 3598246
9497158 4856395
18716 102376
333170 909751
931745 1755917
1243144 2121842
9498063 4857079
1802759 2615529
1641600 2484630
32626106 4858466
44220669 4858543
28754926 4860362
4153535 4286453
25451300 4860531
1405773 2279204
3812150 4055776
4286429 4372836
15639795 4860580
15565693 4860593
13083468 4861402
353851 944930
13120853 4863624
11863699 4863888
902585 1711673
9046605 4864170
21997085 4864879
910996 1721900
12279763 1246568
15219330 4865532
9291984 4865559
14520594 4865571
18666 99770
6463117 4867602
32613187 4868120
44220670 4868620
8835547 4868635
44218358 4868874
32631203 4869674
353850 944897
662964 1405674
1705806 2536245
14243083 4870529
32632974 4871572
1695054 2528878
12178914 4872107
3204197 3661722
332780 907895
44220671 4872726
32633446 4872914
44220672 4873866
44220673 4874984
46972 202330
2220568 2952879
44220674 4875379
2656223 3274186
12218358 4876691
9455265 4877062
14631503 4877074
332758 907165
9246719 4877161
21887740 4877625
94500 320665
14700151 4878357
9791594 4879468
941938 1773095
15575071 4879701
2613215 3243704
15193692 4879905
3624136 3944537
9655989 4879997
10273708 4880222
335042 915438
32613299 4880862
4360522 4423528
2197216 2933760
861200 1675351
15500132 4881527
15476348 4881533
11971675 4881556
1003097 1853761
2325065 3028981
12102295 4882032
32630266 4882112
32616568 4882165
328774 892409
12743775 4882277
32614856 4882333
334794 913025
93086 316602
302892 67628
1693900 2527872
547730 1270861
10573878 4883231
15514475 4883469
9589378 4884537
100428 330686
329818 895895
319135 861250
28748476 4884601
335493 917884
335450 916773
9035593 4884628
9560060 4884805
9953979 4885549
7037347 4885680
28952683 4885686
318996 858877
333735 910422
333735 910423
3601866 3927368
13086576 4886179
321504 870250
8195146 4886489
3017506 3527816
32613149 4886811
44220675 4887177
7833143 4887231
11570235 4887451
10823475 4887457
15419470 4887463
4269526 4360587
32643026 4887487
13064760 4887499
335487 917738
2322214 3026569
12866125 4887515
8424060 4887521
10757523 4887527
353301 943458
6938972 4887557
322833 873800
4269526 1576345
18809 105250
827746 1640678
336812 922909
32618647 4889046
1641740 2484825
32618654 4889199
319148 861671
12067842 4889247
353897 945221
9589318 4889998
963160 1801842
111404 364130
39463826 4890082
8985563 4890363
3689523 3984178
14626126 4890777
9605322 4891243
11769929 4891592
353344 943598
217789 665237
2502190 3171222
11754519 4892162
354166 948982
15661922 4892648
31941901 4892795
14494010 4893252
4737616 4739103
18612 97187
2295241 1065140
302784 829241
15559179 4893517
4973749 4893445
217767 664569
4496742 4525254
39513830 4892752
39493088 4892472
5695680 4891997
6994094 4891931
893192 1706423
219420 675781
217803 665594
1797293 2612129
9371434 4891530
7080890 4891524
4287952 4373585
3964899 1665339
8170112 4890613
120597 396193
328175 889459
337197 21814
44220676 4889115
44220677 4888805
867218 1681521
3158147 3629015
893120 1706203
957848 1791239
9453180 4886596
846355 1660570
1708437 2380526
14492254 4885722
120116 386892
14676271 4885529
25443425 4885221
15578682 4885215
32614084 4885203
319095 860019
327269 887580
3034206 3539234
31762718 4884733
32612143 4884727
9545362 4884645
25448751 4884626
3642276 3955117
14695031 4884578
676617 1419694
1421437 468744
7204157 4881864
44220678 4880031
44220679 4879854
32620897 4879365
11734387 4879359
32620902 4879341
219404 675435
93647 318668
9334940 4878573
9334940 4878525
44220680 4877911
39505928 4877743
44220681 4877609
44220682 4877332
44220683 4877274
44220684 4877072
34754504 4877041
44220685 4877023
34748201 4876944
223523 692634
44220686 4876056
44220688 4876033
109857 353779
1730733 2564621
3019095 3528653
12108986 4875150
32612323 4875137
9604947 4874570
9601307 4874466
11390498 4874437
13077226 163250
321815 870624
320694 866574
32642880 4873889
10858704 4873803
14489158 4873683
32623065 4873654
9589191 4873646
15420078 4873625
21904342 4873616
32625661 4873603
15529478 4873597
12350898 4873527
25452133 4873507
32631705 4873478
32622389 4873401
34813038 4873375
15415016 4873342
37693433 4873329
9785888 4873309
791071 1580247
28741219 4872855
319101 860236
15554480 4872738
5463911 430264
302823 830515
7740459 4871453
12087947 4871412
320698 866657
902593 1711847
7614137 4870727
8730617 4870611
32620696 4870223
8488512 4870155
111341 361105
9831567 4869607
15431298 4869559
14759431 4869551
846215 1658222
13196070 4869218
15425586 4869210
32638356 4869185
12045261 4869176
31092509 4869098
791815 1582494
1662949 2503158
120566 394834
28885458 4868485
12082706 4868446
14893991 4868311
5337236 4868056
217791 665302
4148958 4283523
3243509 3689827
34747430 4866352
3638198 3952750
846256 1659169
14496152 4861639
111431 365185
1730674 2564586
2440941 3122816
12121867 4859996
995981 1843999
25455291 4859678
2995970 3511303
500882 1189320
6577828 4859088
3121123 3599494
2270680 2991122
302842 831044
1718692 2554339
28745243 4856019
331390 902393
860075 1674604
14670435 4855670
87993 301041
44220689 4854855
3319578 29415
3152255 3624177
32623793 4827286
9623200 4827023
9167610 4826821
111346 361391
7665296 4825324
7839903 4825138
8258366 4825086
15430854 4825036
14584738 4872492
331644 903269
13193662 4895260
12118293 4895585
32619404 4896214
32624471 4896241
12976982 4897075
28748710 4897083
12129957 4897085
12092232 4897091
44220690 18693306
534434 1248905
1344079 2218443
31765593 31765595
4105154 4254543
9642656 9642677
31765264 31765266
12078455 12078463
1599589 2452732
964012 1803685
9587062 9587076
31763033 31763035
9654629 9654644
2192573 2930017
312894 849190
32616271 32616274
30357259 30357262
44220691 39301662
12011989 12011997
44220692 24015142
15189203 15189207
32632156 24586858
302776 829019
14695831 14695836
32623092 32623094
12117269 12117282
6383364 6383385
32617966 32617968
931746 1755943
331395 902513
2313097 3022641
335001 914532
9324826 9324839
32614131 20785250
9506862 9506867
9149789 9149802
14661833 14661846
9051653 9051675
32611849 26652234
11765846 11765859
14508941 14508948
93094 316720
93071 316353
9613089 9613108
9601397 9601414
9821755 9821765
3589953 3920508
302887 831924
334989 914243
44220693 39302407
320724 867052
6331728 6331811
3469435 3842559
9485339 9485365
9568688 9568706
335472 917401
4983840 4983953
13104846 13104864
332780 907896
32615721 10223519
25408433 25408436
13132188 13132202
6409416 6409426
1724094 2560466
923008 1731693
6511937 6511961
5459682 5459742
1004515 1855116
14520780 14520788
7858067 7858080
2948411 3478405
14476249 10223588
9015304 9015328
9332650 9332673
2295957 3013117
9656482 9656494
1356944 2230337
335083 916050
12133457 12133468
608369 1345350
9603472 9603486
12089203 12089217
12109323 12109333
3223913 3674709
826647 1638102
846303 1660002
2460989 3140277
14500129 14500140
39537614 39305903
32612181 32612186
15547112 15547116
9623103 9623110
4925409 4925548
28961857 21119121
6525624 5063019
6525624 6525647
8976416 8976448
12153481 386092
2513552 3180321
9599180 9599205
2613205 3243655
3964903 4159286
28775609 28775612
14538526 14538534
12077444 12077458
9611314 9611328
9805883 9805902
32627988 32627991
11344862 2604271
32638243 20064378
678834 1421549
332762 907321
19142 107959
12148673 12148688
335505 918166
10658461 10658481
1709580 2540425
15486412 15486418
12987201 12987210
32616839 32616842
39516680 21412154
44220694 39305112
32627065 32627067
12322830 12322856
9184013 9184033
9767690 9767701
9183992 9184003
11159200 11159214
944717 1775430
9144065 9144083
6692896 6692916
14539434 14539442
846310 1660103
3529113 3881699
1724668 2560945
44220695 12264898
5258792 5258816
44220696 459683
9790056 9790074
7756931 7756952
9633164 9633173
334357 912235
334356 912214
12273075 12273084
1852937 2654876
13120675 9839735
963688 1802754
979412 1823344
2274289 2994865
608826 1345804
9585554 7404037
608826 1345805
353855 945046
353855 945047
9508408 4945346
9292628 9292640
25456609 25456615
336679 922007
9363864 9363888
322327 871501
14492455 14492463
9125756 9125774
7739038 7739461
11952307 11952318
12671526 12671539
9564082 9564097
12124002 12124010
32630770 3469603
32621018 32621022
111373 362541
979406 1823250
6846476 6846575
9409442 9409466
12087584 12087590
8340572 8340590
9063876 9063892
9652772 9652780
4941598 4941658
32634105 32634109
995519 1843148
9529195 9529208
12989843 12989849
4536453 4556703
1279877 2156648
12081362 280985
4981457 4981580
11811738 11811752
944741 1775951
944740 1775930
568637 1285211
12118418 12118426
353911 945551
353911 945552
44220697 39307140
3952469 4151213
14497309 14497320
858632 399181
15451150 14547556
12104645 12104654
28741278 28741282
28753469 28753471
12125800 12125807
318971 857995
28864593 28864608
7861042 7861058
11947492 11947502
11777902 11777913
3605810 3929851
28837738 28837757
1725381 2561496
331383 902241
318974 858178
335452 916806
871505 1687417
15520433 15520441
3058424 3554382
1853193 2654954
14501265 14501278
9797075 9797089
25447284 4172192
12079877 12079895
11986663 11986678
10357407 10357560
6846715 6846940
7670507 7670527
2437881 3120063
261061 757278
28812418 18552539
318976 858264
320756 868222
320756 868212
32638207 32638211
3678303 3975831
15447359 15447370
32621974 32621978
353923 945812
352522 941768
3243506 3689803
961257 1798477
32622224 32622226
2985770 3501950
8711263 8711285
2581491 3220060
28951760 28951771
44220698 9391939
1857453 2658482
12101887 12101901
100809 331293
100808 331270
2990668 3506240
44220699 39310697
9817519 9817536
1406868 2281677
9051715 9051733
32615302 32615306
932149 1756487
979407 1823271
1244481 2123597
30625642 30625670
15425099 15425108
3986230 4172434
9188276 9188290
323788 875847
334995 914398
334992 914327
1634324 2479863
217816 665957
217816 665958
15555405 5284491
9489873 154070
15199954 15199959
846304 1660016
44220700 9870830
1731184 2565059
13101110 6728427
1345617 2220612
12095998 11307261
8410393 8410416
32641610 32641614
25443646 25443650
831683 1642212
6899018 6899065
9170202 9170220
1343851 2218237
323790 875905
15577506 15577513
12140852 12140864
9920275 9920290
10918612 10918623
13201773 13201782
25454501 25454504
8612167 8612186
1420299 2295452
18720 102512
28877408 28877429
322329 871558
9074799 9074818
11966826 11966839
28322524 28322527
8193485 8193500
10357259 10357269
21957109 21957132
10336179 10336187
15187358 15187395
9121473 9121575
9121472 9121568
1433283 2303756
9593749 9593757
39606564 38293665
9587300 9587316
9641258 9641288
1004520 1855198
9863401 9840024
2735995 3326597
12987746 12987753
14563032 14563037
225301 697656
7616998 7617019
4636316 4644346
12188736 12188746
32639210 32639212
9379386 2880218
9375520 9375533
32626022 32626025
352734 941968
9210385 9210399
31018869 31018875
9120607 9120619
1662952 2503210
8556064 8556090
44220701 17336615
15426804 15426812
9184050 9184069
3680134 3976899
302851 831246
6542121 3254915
9001962 413737
12630536 10224156
12080144 12080152
14491690 14491696
12140764 12140776
331356 901581
32642752 27723375
9788903 9788914
32643257 26384906
44220702 39310716
1416811 2290105
337211 923985
299624 824545
9505952 9505991
338562 928787
12651486 10284681
7739681 7739695
9498530 8726042
9366861 9366876
9808396 9808407
32631909 32631911
6990220 6990251
32642711 32642713
6990220 6990252
32642711 32642714
44220703 39316628
337225 924344
7165236 7165257
325197 878826
10809462 10809477
9869303 9869320
44220704 19487124
13081468 13081478
1662951 2503194
2512984 3180075
335008 914705
8847065 8847082
10842377 10842393
22235968 22235988
44220706 10224273
9627789 9627805
352738 942082
9574021 9574033
320746 867938
9450582 9450602
13445225 13445253
102627 334498
4507540 4534092
219763 677014
6789138 6789162
44220707 39313381
44220709 1144274
3510127 3864405
28755075 28755079
15628528 15628533
28747017 28747018
335448 916717
9606868 9606878
947344 1777315
28755227 28755229
11832826 11832851
1705816 2536332
3511059 3865168
329948 898449
4172793 4299920
41720927 39321840
32622088 32622090
999847 1848625
9236603 9236617
9236581 9236591
332706 906882
33098090 33098091
790925 1579916
32641909 32641913
12584234 12584237
11477038 11477063
8961690 8961698
14533954 14533960
3862436 4092545
9018028 9018045
1002837 1853081
858885 1673745
791342 1580966
9771012 9771029
5943 53621
5943 53622
4722281 4724190
32627278 32627281
14618250 14618254
4351312 4416886
9266021 9266032
6934303 6934349
93862 318928
7334397 7334484
1705801 2536190
4148799 4283431
8301434 8301455
7087284 7087305
14478365 14478377
25447486 25447509
11953371 11953388
44220710 39324003
28798252 28798263
9076304 9076364
1662955 2503263
10931634 10931637
44220711 39335497
25448322 25448326
32614253 32614256
323683 875396
12090891 12090898
12141110 12141128
14242521 14242531
12133321 12133333
944731 1775755
12282960 1181454
2560931 3204410
9456356 9456368
12903942 12903945
25452256 25452264
10306077 10306093
9625779 9625788
32631220 12609663
11885757 11885789
32625041 30480174
9480785 9480796
10310215 10310222
28745722 28745727
918171 1725433
28885420 28885437
1002835 1853024
1852801 2654713
335456 916921
353931 946025
9177100 9177120
15556947 15556956
335471 917374
1777517 2594070
12065846 12065860
12221808 12221816
1777517 2594071
9546717 9546742
1004535 1855440
569957 1285749
28758858 17254755
28782517 28782527
9576338 9576349
12135588 12135598
13005649 344893
9768134 9768172
13484254 13484279
944723 1775594
351060 939102
13006353 13006361
9603998 7904906
2266353 2986193
11866285 11866299
320703 866798
14669523 14669529
12180756 12180767
3971762 4163672
32641652 32641654
363657 962519
111394 363700
25448396 25448402
32615905 10752746
353716 944395
12989802 12989814
9635043 9635052
1581001 2439891
335449 916745
320750 868059
916891 1724935
8859260 8859275
320761 868357
331364 901819
15199974 15199995
1705823 2536397
15423825 15423830
948217 1777952
9485703 9485723
9619038 9619057
21671559 21671565
32633118 5948297
12126762 3990997
9462480 9462493
32638646 32638651
9767057 9767076
44220712 16134238
2613194 3243565
15193723 9076915
111407 364241
9762352 9762371
353720 944473
1720739 2556558
9626329 9626348
12196579 12196590
1308000 2183463
9635462 9635475
13056509 13056519
9423759 9423780
9635448 9635459
12163655 12163669
9283683 9283701
12748254 12748267
13104464 13104480
9632063 9632081
9062755 9062766
9402509 9402523
3643731 3956380
101794 333393
28781682 28781694
9624387 9624405
28813067 28813095
32627189 16647176
1719163 2554755
13070844 13070860
331359 901666
202638 608620
332777 907795
2986160 3502308
5355429 5355475
15463706 15463713
893094 1706080
44220713 18335300
44220714 39320056
44220715 39320059
44220716 39320061
3997205 4181695
93064 316192
335082 916038
14545871 14545879
32631207 17254780
334391 912272
32622430 26748968
32632676 25714486
12164765 12164770
15554362 15554372
103408 335415
44220717 39325285
2656151 3274031
22008081 22008104
101124 331803
9336478 9336494
849554 1663810
44220718 39324830
44220720 39324762
3170823 3636822
32627675 25993995
44220721 18623302
44220723 16288207
54926 227072
7350976 7351009
9541298 9541306
32642999 30466769
4085966 4237508
10308026 10308031
9586571 9586591
12131411 12131424
9593760 9593775
13071649 13071660
9582684 9582701
331370 901914
4105799 4254843
39532507 39323214
13063567 8497982
32622228 32622231
3651970 3961305
9343343 9343361
11616375 11616394
12894527 12894539
13049603 13049610
353342 943528
353346 943637
337919 927359
14248121 14248127
14560832 14560839
14566198 14566203
31815585 31815619
32620458 21073695
329905 898209
12997641 12997652
395582 1005347
335496 917973
9618576 9618599
2653864 3272334
4278876 4368485
28744607 28744611
12144084 12144096
11845832 11845865
12995552 12995562
9904305 9904325
32632292 30477551
32631570 32631573
44220724 30464964
1420437 2295756
13133916 13133929
2952588 3481046
11839729 11839763
44220725 30465406
44220726 30465652
32624440 30465672
32615160 30465725
334153 911788
9849241 9849275
9617526 9617545
13187159 13187174
12083014 12083028
15430368 15430375
28758123 735112
32641964 30470017
15589091 15589095
28812748 28812767
6454900 6454916
8034103 8034125
3813837 4056636
32641956 3982913
934502 1759862
12086515 12086522
28748815 28748818
335469 917312
12529257 12529264
319060 859340
44220727 30469649
44220728 15188187
36546708 17254823
25454234 25454240
7871172 7871189
12161509 12161516
1344033 2218299
1095599 1961501
44220729 39325241
329906 898253
9447231 9447248
5815152 5815176
9177100 9177121
9377355 9377372
9616262 9616275
9789595 6403914
8741291 8741309
31763245 31763247
9825291 9825303
25455781 25455787
4931977 4932023
8526218 8526234
318979 858378
2330677 3032977
918286 1725474
14487552 14487557
9442626 9442655
11871676 11871711
3735519 4010818
1671965 2510749
36000835 36000838
3201759 3660115
44220730 8101238
28869086 28869103
28869065 28869081
44218359 39326263
12221938 12221945
9092478 9092515
13190044 13190059
318972 858087
44220731 39325628
9606889 9606907
2991010 3506606
12212180 12212202
15584233 15584241
10357434 10357580
15464337 15464345
9137874 9137896
909084 1719552
12332159 12332166
923169 1732012
13037527 13037534
320751 868085
320739 867652
32639914 32639917
330115 899858
1724095 2560482
1730987 2564749
28754746 28754748
9656408 9656421
44220733 39326140
324742 877779
1709577 2540374
1709582 2540445
337213 924033
318995 858848
8979366 8979380
7642382 7642413
120498 392364
8917678 8917685
9649676 9649689
1285103 2163401
8650606 8650629
9609907 9609931
2638861 3262304
25454548 5457356
874752 1691573
11841202 11841211
41334732 39329867
12733554 12733570
944722 1775566
12118860 12118867
28851061 28851069
8933612 8933634
32626396 32626399
12391008 12391019
28851062 28851075
4925407 4925505
4925406 4925479
15559156 15559166
32622643 32213892
32634112 32634116
10279162 10279173
4925411 4925583
217252 663117
3179326 3643145
11991181 11991195
8990021 8990042
9805103 9235367
353299 943410
35324 140210
892287 1705161
353300 943432
12155552 12155561
353420 943728
9534950 9534966
331392 902438
4105802 4254888
875989 1692434
44220734 39331260
9295082 9295096
44220735 16780390
6759996 6760012
9306611 9306621
8819875 8819892
12196677 12196683
318973 858140
858104 1673223
34777994 34777995
9576361 312927
28843668 28843678
44220736 12859461
1800170 2613906
39535222 39334072
332781 907929
2440133 3122059
9599138 9599155
3245268 3690812
28757483 28757486
331398 902575
1002835 1853025
32639450 21368974
12131398 12131407
31115358 31115360
9425121 9425133
9980262 9980272
318977 858299
39502859 30471513
1243145 2121863
44220737 34572056
13115469 13115484
3005444 3520210
3879587 4105149
3879941 4105365
4105154 4254544
44220738 29902181
14613195 14613203
14661833 14661847
32631307 32631308
13197967 13197979
44220739 9841057
14578694 14578702
54693 224991
32639127 12268239
12724381 12724393
13200930 13200940
2594215 3229225
6960818 6960838
12320006 12320013
11723785 11723798
9388332 9388340
9076279 9076341
7472590 2204102
32620032 32620034
9314774 9314799
8850189 8850205
11751241 11751249
884127 1700968
866985 1681306
4947017 411706
4947018 4947105
44220740 39342697
9312813 9312830
34748885 34748886
32619752 32619757
11752887 11752898
5517767 5517787
963147 1801666
4978584 4978609
1998594 2768025
32630500 16134394
32622236 24133712
32626740 32626741
14492914 14492923
12957724 12957738
12133841 12133854
15459044 15459051
8550188 1311772
329866 897298
910016 1720570
325760 880174
32632832 32632835
9542304 9542313
32622746 32622749
15639540 15639544
944742 1775973
11797955 11797966
11752995 11753006
11943284 11943293
13022557 13022569
9611517 9611526
11982999 11983005
15650621 15650631
32638924 32638927
893054 1705797
322895 874180
14633381 14633389
28750506 28750510
32642818 32642821
15519391 15519398
141136 443918
14626655 14626661
18700 101522
32619518 10225575
15580431 15580439
11985122 11985138
9643951 9643964
32633366 30463359
44220741 44220742
28792377 28792402
32619935 32619937
32642148 18556456
963682 1802629
44220743 44220744
15526178 15526190
9661985 9662006
334390 912252
902018 1711406
13001093 13001109
1708675 2539149
319138 861332
32618361 20242856
14460838 14460848
8952357 8952376
9233207 9233228
44220745 44220746
12081361 12081393
674234 1416329
39606434 39606436
14530248 14530258
95461 322243
322782 873650
790925 1579917
9046037 9046057
12015187 12015196
13001156 13001167
11780706 11780709
9455263 9455286
9455313 9455387
2484218 3158032
14690849 14690863
364094 962688
111396 363779
1420377 2295638
220404 678375
10803523 10803536
695169 1450159
9587062 9587077
354002 948070
44220747 44220748
339557 929743
6972494 6972523
44220749 30472783
94423 320205
32617490 32617493
12120240 12120252
9491069 9491073
2452710 3132333
15521017 15521029
4727589 4729595
32629896 32629902
9254816 2792064
32616571 32616577
4982757 4982778
9650435 9650453
32592217 32592231
8719202 8719220
9877265 9877282
7057474 7057494
9145439 9145460
32613505 32613510
44220750 44220751
12127000 12127010
12149491 12149497
44220752 44220753
2460990 3140289
30632456 30472477
1724110 2560582
6944418 6944450
2594030 3229125
12118847 12118857
44220756 44220757
331380 902154
39508599 416455
32626369 32626375
332768 907489
318974 858179
6979011 6979030
1730770 2564639
9221932 9221952
11687948 11687955
608763 1345661
12996980 12996995
3219078 3671970
219371 674379
12112808 12112814
6660698 1807304
44220758 44220759
28961318 28961338
13512295 13512318
10336809 10336820
44220760 44220761
44220762 44220763
12131743 12131751
6846479 6846619
5853764 5853782
9980328 9980347
9832482 9832493
4434980 4478319
12763360 12763374
11878606 11878615
44220765 44220766
32637976 32637979
8727500 8727525
12280697 12280709
13441863 13441890
25456482 21168901
32614709 32614711
9244270 9244288
7853513 7853534
34856569 30475842
12918051 12918061
32619572 32619573
32627835 32627836
32622757 32622760
39493104 39493106
28758732 28758734
9431517 9431538
2158121 2899439
3029030 3535426
111403 364084
32631475 32631479
32619442 32619445
23755407 23755415
13079398 13079406
32639427 32639433
32640148 32640153
28751832 28751835
15182254 15182259
335458 916974
3479921 3849066
8986204 8986249
9630050 9630054
12120622 12120630
335094 916168
30632456 30632466
7614139 7614167
11582449 10226345
12122684 12122692
14603237 14603247
329892 898035
1709413 2540134
28761945 28761947
28961829 28961843
9652031 9652046
32639726 32639728
329872 897489
25418250 25418254
9318094 9318114
21844374 21844381
9905159 9905187
28740689 28740695
21611566 21611572
8500558 8500574
21778674 21778681
1709132 2539870
184890 570915
1730990 2564792
9280189 9280212
12236424 12236430
12098466 12098478
14241700 14241707
28985281 23857544
2325067 3028998
2566260 3206589
1421264 2296570
9903058 9903071
2613031 3243164
9093220 9093241
979419 1823471
8948638 8948649
15112761 15112793
657732 1400277
2271055 2992950
32620405 29087291
32620405 32620408
11848614 11848625
32626052 20592632
12996001 12996015
14450009 14450017
1853159 2654935
30655555 30655560
3629388 3948278
9032903 9032921
32620796 32620799
4981449 4981510
12166229 12166236
32616310 32616311
32613513 32613516
11796985 11796993
353934 946095
13124554 13124568
334130 911671
12714724 12714738
15548487 15548499
9312836 9312851
32630374 32630376
353990 947687
15430548 15430557
32640622 32640624
12580099 12580113
9646955 9646973
9859113 9859120
32621764 32621767
12094768 12094777
8713691 8713709
8580534 8580551
332764 907360
333165 909530
6467560 6467590
41671110 41671112
34938760 34938762
11869983 11869993
332767 907456
218961 672368
28949585 1757493
3202279 3660343
1720670 2556349
32626775 32626779
32117722 32117732
329945 898360
9568112 9568136
911800 1722623
9542413 9542422
11506493 8987565
32621129 32621131
32614471 32614473
3812151 4055792
2220527 2952855
32628807 32628810
9575975 9575989
1777692 2594205
34807065 277020
934461 1759677
9427310 7932012
1421672 2297037
1285087 2163363
15591874 15591883
1749180 2573667
1002828 1852788
961550 1799166
3863145 4093045
15487947 15487952
6593210 6593232
32625980 32625984
13194825 13194832
13082915 2598033
12400008 56858
12987112 12987120
15464179 15464184
9452482 9452496
12105975 12105983
12221728 12221738
11787874 11787880
13094774 13094785
13032639 13032651
28746556 28746559
846321 1660235
5174968 5174982
32642288 32642290
32633979 32633981
32632247 32632249
11988365 11988378
923064 1731739
2295962 3013178
9092478 9092516
685130 1438709
12139516 12139529
31952378 31952381
28753131 19929542
28748697 28748699
32619399 32619402
9137877 9137913
10336284 10336295
9161073 9161084
15228189 3208687
9844639 9844659
2330677 3032978
722282 1482913
10807445 10807462
15425141 15425148
2453642 3132974
2594289 3229268
28904680 18336165
31115363 31115366
14642793 12956652
9585554 9585576
44220767 44220768
11775040 11775056
14629983 9587317
376008 979313
318989 858678
28754975 28754977
13073641 13073658
32636770 32636773
32620353 32620356
2993160 3508697
320763 868416
320773 868608
14647437 14647447
13446242 13446264
333399 909952
11693040 11693050
13126948 13126956
964015 1803764
12103027 12103036
28892070 28892087
7898495 7898514
4978584 4978610
30613880 30613886
10748524 10748540
13076393 13076407
355241 950648
13516559 13516595
9611763 9611776
12076579 12076590
13199102 13199112
11732766 11732774
9798963 9798976
1730989 2564774
1709528 2540270
32618406 26363692
7912157 7912170
9145419 9145435
28892134 28892152
44220769 27662377
6846030 6846146
7800757 7800776
329970 898972
15587031 15587037
9872226 9872236
986483 1833353
14413091 14413097
32069230 21742513
14574594 4791762
11868119 11868129
28951753 28951764
15245856 15245864
9937517 9937554
9920429 4796632
12893999 4765645
12793932 12793938
25441130 21804181
7335099 4794347
8799883 8799892
31814514 17665214
32641791 4781626
93068 316294
32627250 7913705
12153567 12153580
1977041 2749882
12086394 12086404
32617459 17168512
32612255 27815683
9181863 9181881
12743768 7090535
32614962 17544069
32636460 32636463
28960131 28960156
12062235 12062249
32623528 32623532
14574217 14574226
31784235 10691606
32614735 32614737
3812153 4055831
334154 911817
11821884 11821890
13056546 13056552
11754436 11754454
14605714 14605723
9424660 9424680
335092 916146
4189565 4309229
12086369 12086376
1641839 2485140
333172 909815
9414130 9414148
1720425 2556179
1720423 2556161
910024 1720626
11782310 11782331
28753312 16894119
28825198 26458196
13408648 13408671
13121745 13121753
2478170 3152277
11809921 9843466
32628915 32628920
1004540 1855497
12385112 12385120
9247158 9247177
9499790 9499799
11787394 11787401
32631078 14769921
32192583 32192593
12128621 12128627
31941185 6111312
1662878 2502916
8554028 8554041
3119890 3598833
12850792 12850802
11748909 11748916
7859978 7859992
1420301 2295509
8424060 8424083
12117006 12117016
10798875 10798890
3103412 3586946
13194627 13194644
32620545 32620551
9529233 9529262
9600080 6340431
14576987 13262069
9611908 9611923
11687578 11687582
13441864 13441905
6593238 6593281
31986124 31986137
9142312 9142323
13057202 13057215
334957 913391
34856815 34856817
8156171 8156191
32622417 32622420
334151 911741
13494464 13494495
14567657 14567662
12094885 12094902
32627734 32627736
13081178 13081187
11796162 11796165
1724111 2560590
14673001 14673009
28751509 28751511
9790671 9790689
9876688 9876702
7145350 7145372
34856539 34856540
25435657 25435660
32611252 32611254
11767584 11767591
12119009 12119035
12186743 12186749
12265263 10227549
34772695 34772702
34931676 34931677
40169236 40169237
41672679 41672681
12346411 12346422
12265282 12265299
12265334 12265373
39538936 2611249
39536360 39536364
32619612 32619614
11839842 11839847
34931689 34931694
34853092 34853094
44220770 17176638
354167 949006
15559745 15559749
3275726 3713066
31941664 12070766
202526 608363
2522185 935609
