4358497 142065
4080346 411822
4340268 95476
4458424 105327
3577487 103323
4266821 1477987
3912811 1326008
44462851 339674
4667599 217014
4267067 299346
4605748 4170869
2397437 3089262
4601991 1333831
4501999 828090
4502034 4529003
3577172 393882
3577015 709884
4358896 844222
4622309 2522782
4080376 267323
4267022 554624
4409385 188743
4234110 36178
4080393 1667621
4080371 900404
3841153 1687828
4234116 260843
3912080 320151
4409539 3206132
4605756 4616050
4234159 330879
4080404 94441
4340236 110313
4234121 310730
40631125 3328708
40631122 2134717
4650195 2157682
40631199 1669713
4266508 1209678
4124382 575266
3912804 2986908
2933290 181904
4125030 346764
3467687 93660
2196971 98990
4409376 1264597
3841156 87869
4358850 2879325
1325504 112353
4567619 100528
4567636 3048937
3841149 53912
4634458 8245
4234059 380489
4634449 4642382
3841172 53309
4642384 175086
4358462 4421947
4422130 61435
4656962 910552
3912540 1859494
3577383 890808
4080387 4234138
3841161 4080386
4080388 4105440
3912507 960051
4124999 678955
4358633 297207
4266962 208261
4340270 1394
4080379 53112
3912527 107787
4605767 2607077
4358460 2594037
4524121 358084
4495339 2226499
4502022 2502073
4080354 453678
4421982 731514
4467213 1418792
4409374 1548577
4458402 3459528
4502036 1629847
4663249 4133334
4467391 494212
4467390 4502003
4266839 332246
4409433 99466
4422078 3657407
3577341 2872499
9685272 5171
4234119 121061
4080348 41912
40631714 737758
3089269 3576870
3912077 2251014
40633390 6608542
40631198 11592274
3912165 376032
4358878 163614
4234122 70132
4125024 235554
4467325 228832
4422138 413949
4080382 36140
4234151 2014514
4340280 421712
4340235 1299008
4409481 1828593
3841141 4080345
4409462 659889
4340229 104605
4124433 341834
4358340 127984
3089532 143026
4358988 56614
3841195 1535529
9685261 571365
4409383 4458416
4663250 1598949
4125157 1019349
4267387 4359042
4422178 3897474
4234171 99899
4080414 201889
4124922 100612
4631386 2891358
1538388 2397512
3912164 2188819
4266813 324697
3841157 77324
4565056 2181877
4125023 604481
4340186 280820
2397446 964275
4409418 345071
3841167 153366
40631768 95422
4125164 4267149
4409370 1577247
4340277 1106878
3577174 216889
4340215 4409447
4422167 2568095
4567640 85395
4582431 4594716
4267072 909474
3467689 2010129
4267062 308217
4458503 4495390
4358847 590689
4458480 963990
3911985 1138528
3912095 2501162
4234101 3532512
2933288 1204032
2196970 293086
4358659 4017522
4409533 612421
4340276 612428
3089433 3577157
3841155 4080374
4409471 1691221
3577475 3912789
4234094 922268
4080367 24119
3841151 2613726
3912058 896384
4124958 3272165
1538383 2397504
33550905 756989
3577455 3456520
3911748 3197524
4340223 828099
4577239 2344543
4590508 3173374
44462853 1870964
4358947 110136
3912522 660893
4358953 2502450
4594734 3226689
40631202 408567
3576926 689337
4266543 590275
4124632 952960
4080415 1081239
4582429 4594713
4422220 109146
4421959 141995
4340300 4409551
40634446 840664
44462855 1187037
44462856 4970935
3911742 4124643
2397500 3089494
4467205 190194
4358476 865878
3576933 3911832
4529029 4550265
4409493 4458489
3576577 3911411
4467439 4502054
4266763 4358600
4125148 4267136
40633459 40633462
2933293 1073671
3467693 41409
2397486 3089454
40631120 32876308
40633157 40633160
31805691 31805695
3911647 4124547
40633457 34101785
4266502 4358382
4124965 4267016
4124491 3270508
3577138 3912040
3576503 3911324
4267362 4359031
4266615 4358468
4467440 4502056
31805694 18520213
4124859 4266918
4616055 4625430
44462858 6251317
4661615 4667598
3911488 4124415
4567639 420449
4234114 268636
1538398 2397552
3576697 3911538
2397454 3089393
4340214 724540
4409446 670100
4409454 201295
4528991 1395686
4124960 2651982
40631901 40631903
4422223 4467385
35070644 366155
4359040 4422360
3841174 4080407
40633173 7274565
40633172 692887
4409388 105275
4358645 4422107
3577476 663913
4717249 4719675
3089407 3577120
4594736 3480019
44462860 44462861
3912764 4125469
32873389 2042461
3089178 427383
4467430 4502046
4409448 4458453
4663242 4669232
3576827 3911696
3576873 3911766
3089368 3577093
3576679 3911520
3089186 3576677
3576682 3911527
4358607 903949
3576899 3911786
40634450 4157398
3089280 3576898
4650204 4656972
4124966 2167591
3911646 4124545
4124978 4267028
3912656 4125338
4266626 4358478
4358492 376075
35065124 32632160
4234135 4340263
4340264 2569764
3576596 3911427
3576499 3911315
3576973 3911883
3912016 4124889
3576641 3911483
3576789 3911606
3912283 4125101
3577238 2599574
3577335 3912466
4125100 4267114
4550214 1066256
4422222 4467383
4358582 4422042
3576658 3911506
4422174 1718354
3841137 3034294
4605754 2539296
4616044 1001001
4124989 4267040
4467429 4502042
3577208 3912146
3576976 3911908
4124628 4266716
3089530 3577382
3912627 4125285
4125300 4267232
2397459 3089414
3912072 1559896
4422062 4467255
4421986 3737793
4422129 3255098
4124512 4266605
1538370 2397418
33884394 10836207
3089218 3576764
4266672 4358533
4266570 4358441
3577161 3912061
4616038 1633571
4529035 4550275
4340203 4409429
4234128 2331150
33537277 33537278
4714814 4717248
44462863 2483834
4234173 3945842
3911779 4124668
40631116 4202849
4458397 4495337
4409369 3053018
4650201 4656969
3576919 3911822
3912728 4125439
4550203 4567605
3089351 3577067
4267077 418104
4124880 1854914
32873378 32873380
3576703 3911541
32873403 32873410
4266578 4358450
3912784 1319817
3577390 3912586
4582446 1439715
40633481 12123026
44462865 44462866
4656974 244092
3912143 4125041
3576456 3911230
3912603 4125245
4124923 4266970
4124856 4266913
4631388 3013021
2397451 3089359
1538369 2397416
3089148 3576522
2397415 3089135
32818905 32818906
3911549 4124469
3576709 3911548
31805685 17661159
4340238 4409485
32873386 8274827
4234054 4308880
4267073 2612771
40633098 2730639
4656967 3771738
40633494 3159128
3577451 3912750
4594732 40317
3911813 4124715
4358889 4422284
4625414 4634453
3912795 4125494
3911902 4124769
3576468 3911256
3089549 3577436
4124626 4266711
3089400 3577108
4266765 4358605
4582444 4594727
4124627 4266714
3089282 3576904
4422098 4467288
4567630 2351959
3912779 4125489
4125062 4267104
4561693 4577246
44462868 24504520
3089452 3577189
3440161 507776
4266824 4358651
4422057 4467252
4340249 4409498
2897470 409740
4467417 4502027
4125370 2336024
4267294 4358985
2397577 674583
4528996 4550242
40633496 9152173
3577381 3912538
3440158 136004
3911255 4124292
4594707 1142174
4124500 4266590
4266948 4358731
44462870 44462871
3089422 3577143
3576710 3911553
40631812 21211627
4124636 176232
3577371 3912515
4125223 4267174
4267290 4358983
4125341 4267291
3912665 4125340
4124649 4266757
3577363 3912503
4266761 4358598
3576486 3911277
4125396 4267330
4125194 4267166
3089406 3577116
4080369 4234104
4124848 4266892
3089270 55691
3576876 945040
4124620 4266666
3089274 3576890
3576889 3911784
3576822 3911688
3089285 3576912
3089362 3577079
33884389 10920932
35070642 4091529
4125240 4267195
3576498 3911312
44462873 44462874
3576461 3911236
3912632 4125293
4616036 390369
40634317 3330796
4594706 4605760
4502018 573081
4567620 1932159
3089292 3576938
4124378 4266450
40634164 7133822
40634165 3632085
40634166 5108210
40633133 2295440
36744225 36744226
44462876 3746684
4422115 4467296
39942067 1485298
4340199 892129
4234129 2647902
4340136 4409365
3912582 4125204
2397457 3089398
40634437 20706528
40634438 19165662
3577133 3912028
3577407 3912659
4340224 109290
4124332 4266401
3577401 3912619
3912599 4125234
4528985 4550225
3577145 3912049
3089346 3577057
3577168 3912093
4125473 4267364
4467426 4502040
3089320 3577013
4266921 4358715
3911280 4124302
3911953 4124809
3089344 3577048
4358730 4422165
2397570 3089563
4422181 4467359
4124334 4266404
35085017 10957951
4124928 4266978
40634152 40634154
40634153 32191083
4124945 4266985
3912066 4124944
3576986 3911922
4582433 4594721
44462878 44462879
32873388 32873399
4124864 4266928
3576997 3911934
3089310 3577000
3577210 3912149
3841138 4080339
4124331 4266398
3089221 3576774
3089298 3576952
3576580 3911417
3912606 4125253
4124852 4266898
3089345 3577050
3912678 4125359
4358635 4422092
3089152 3576535
4266733 4358571
4125297 4267229
4358895 4422288
4266663 4358526
3576528 3911338
3089151 3576533
3841170 4080400
4266425 4358316
3911187 4124231
3912110 4125015
3576972 3911877
4266758 4358596
3577456 3912760
44462881 27779460
3089150 3576526
3576525 3911336
3089240 3576835
4124915 4266957
3576820 3911677
3089239 3576833
3576966 3911869
44462883 44352742
4080381 2740420
4234131 2740351
3841200 4080436
3089323 3577019
4234181 4340308
4467277 4501934
4467411 1242158
4458412 64545
44462885 453163
4467414 532935
3576495 3911309
44462887 1646544
4267070 353195
3576490 3911295
3577202 3912137
40631705 21254020
4422175 4467350
3577395 3912595
41646849 9244279
3912653 2394379
3089340 3577043
4266506 4358404
4125482 4267380
35085015 870379
40631813 109618
4124335 4266406
4467256 4501916
4422286 429664
2761056 3348826
3577195 3912129
3467690 283933
3912612 4125264
3577218 3912180
3911387 4124374
3911534 4124456
3089399 3577105
2397485 3089448
40631682 1922880
40631680 548292
40631681 330554
3576463 3911242
3089164 225974
2397488 3089458
3911227 4124265
4080365 3252290
4234097 4340185
3576803 3911630
4080333 4234040
40631815 40631820
31133372 31133375
4125002 4267051
3576572 3911397
40634449 11614050
40634451 3722080
4266822 3196878
4359027 4422353
3577387 3912571
4409554 4458509
3911783 860214
4266712 4358557
3912689 4125371
4358705 4422152
3576865 807641
3089173 3007619
3576602 3911439
40631767 94748
4266959 4358735
4495347 1619299
4124339 4266423
4125332 4267269
3912734 4125446
3576520 3911333
2397554 3089552
40631683 40631690
3467691 875009
4358704 4422150
44462889 20350184
4124830 4266875
3911967 4124832
3577042 3911969
4266874 4358681
4124492 4266577
3577343 3912488
3089493 3577358
3911987 1160465
3576567 3911383
3911373 4124359
3089290 3576931
40631069 20309361
3911217 4124255
4358740 97849
3089217 3576762
3576587 3911422
3089166 709312
4266934 4358717
3089264 3576851
4340260 39022
4234134 657353
4340261 1819539
3089259 3576846
4594735 3328623
3912769 2949765
4550200 4567600
4421978 4467209
3912633 4125295
4125228 4267180
3576578 3911413
40633394 40633399
4124862 4266925
4125458 4267358
3089333 3577031
3911246 4124276
31133377 437507
4409461 2361845
41646629 7173651
4124926 4030468
4125409 4267333
3912713 4125410
3577457 3912762
4266884 4358687
4124840 4266885
3911981 4124842
3911699 4124594
4124376 4266448
2397528 3089522
3089177 3576663
3089168 3576592
40634249 40634251
3089435 65703
2397560 3089558
4124508 4266601
3089161 3576558
3912671 4125345
2397526 3089519
4550205 4567608
4266528 4358422
4125241 4267197
4358581 4422038
4409475 2925913
3912065 4124942
1538386 2397509
3577212 3912153
3576832 3911705
3577140 3912043
3089273 3576887
3576448 3911214
4124860 4266920
4524127 2592703
3089409 3577123
44462890 21069514
3912585 4125210
3576747 3911579
3440160 3816349
4267049 1962634
3841150 320382
3577483 3638648
3912806 703385
4125498 4267382
4267385 1980735
3576954 3911858
3207406 3663460
44462892 17785587
4340245 168473
3576453 3911225
40634286 3181106
1538391 2397536
3912073 16412
4467354 4501980
3912607 4125262
4582435 1673741
44462894 11137731
3577130 3912026
4717246 320102
4421987 4467219
40633171 3884227
4124624 4266699
3089145 1686875
4080384 5466
4409445 2665800
40634380 2554518
2397439 3089284
3089299 3523057
40634330 8120172
40634331 7746541
3912523 2295855
40634463 3747558
40634464 1550184
1538395 227510
3911986 1083424
3577072 159771
3912815 39414
3089315 824428
4124543 339741
2397442 1615676
3089321 798002
3576487 3911279
3089138 3576462
4340251 4409501
4234141 913893
4124631 3123222
4124954 1397890
40633152 1758883
3912079 4124973
3577398 677101
1538378 2397490
3841152 160655
4594723 444633
4266823 1646734
4467347 4501976
4124488 4266563
4358742 4422185
3089142 670762
3912085 2365700
4577233 4590497
4409478 556940
44462896 5532707
3576799 896758
3577484 3912808
4467348 195374
3577403 3912622
3841199 4080434
3911204 848792
3576445 3689271
3089307 1306519
3576974 3911885
4495382 4524148
4124524 4266610
4266633 2273575
3577406 1304460
4234126 122803
4080380 109597
3912528 4125173
3912084 4124984
40634254 2650914
4125135 4167121
4409382 3637304
4266635 914207
3911537 4124459
3577216 3912170
4267079 4357124
35070638 1813618
40631119 13576684
40633628 6043615
4422080 4467280
4467281 4501938
4714813 4717244
2397458 3089404
44462898 240412
3089268 2912568
3577375 3238093
3912082 2024217
4124925 1124259
3089354 54134
3911645 618261
4422359 4467464
3577173 495065
4125026 3986944
3911621 4124502
3577134 3912030
3089419 1749095
4234120 740698
4340233 93522
4358603 4422055
4080418 4234185
4663245 4669237
3912075 658964
4340246 2897635
4409390 201657
4266630 552679
4125472 4267360
2397438 226282
40634457 360152
1538396 1419314
4124540 1250693
4234157 332906
4421977 341301
40634250 1619576
4267078 4358880
4234106 168952
4267152 676002
4422263 1394506
4358629 4422083
4358502 922769
4561697 4577249
4358643 4422104
2397461 1571311
40634285 10108898
4124490 4266567
3577075 349665
2397429 3089243
3576444 2549704
3089133 664502
3089423 306425
3577147 837811
3577146 1872427
3912051 610264
2397422 1708207
4467276 1066693
35065673 1388049
4358866 1155057
35065671 1041609
4502037 1687110
41646633 901907
4358937 322411
4234045 342808
32849532 5382687
4495380 2459912
32849534 28825885
2397428 1708515
3912526 4125170
3467695 3638394
4358867 4422270
3089570 3577471
40633472 5651339
4234061 392388
4550235 1616353
4124529 2803080
40633082 1941571
4358774 486773
4409377 922542
3912161 4125056
4616043 4625426
3841140 4080343
4605771 1421601
4124656 349776
3577127 1390476
44462900 7008748
4124622 4266676
3912021 4124897
4267393 3683409
4358697 4422143
4266906 4358696
4124853 4266900
4422145 4467331
44462902 11688117
40631131 20146248
4266434 4358326
4267150 2426235
4358853 4422259
4124489 4266565
4358851 4422252
44462904 495083
4340143 739867
4422265 2729449
40633092 2230798
4358863 329413
40631810 224050
4467212 2560737
40631695 825898
4234177 4340305
4340134 3905007
2397579 349662
4358949 332858
40634253 104635
40631318 5206037
4467180 4501885
4550268 65756
4267082 1426063
4266759 1002970
3577477 2760555
40633438 1989158
3911637 390121
3841135 1117347
40633488 664021
4340206 4409436
4340244 4409491
4124858 740393
4125481 391177
4266764 1186374
4124658 392265
3912532 1724334
3911752 380446
4266766 236402
3912103 394898
4501939 791227
4340221 4409466
35068337 7240273
4080408 4234163
4125479 267807
4709754 4712303
4358474 4421955
3912775 577914
4125064 4267109
4467203 557173
3089415 945383
4124444 3080920
3911530 4124445
4358412 4421927
4266512 4358414
3911640 1168935
32849530 1511282
3089181 2965178
4340202 4409428
2397423 2538305
4124977 4267025
3089461 3504829
2397493 3089460
4267146 4358944
4234127 53548
4409524 80126
4458478 217376
4234058 4340171
3576481 3911268
3911735 3375853
3577214 1480637
4358631 1186751
4266432 498713
4358890 228579
3911635 4124522
3577447 2264826
3841197 2467173
4467389 1326220
3841198 4080432
3912557 779047
3577386 3912561
4358510 4422001
4266648 3219537
3577469 3912774
4358641 4161433
44462906 1893657
2397452 3089364
3089465 3577224
3912703 4125394
32849544 6961279
32849537 11279924
3911348 4124343
3576545 3911347
3089158 3159192
3576546 3911350
44462908 30961787
4125136 4267129
3089207 3576732
4550230 4567643
3089405 3577113
4124798 4266835
3089206 3576730
4267124 4358922
40633132 10296063
4124863 1255871
1538402 2397574
4467274 4501926
3911192 4124235
4124509 4266603
3576555 2591896
40629518 19863342
40629517 6319841
4266547 4358430
4124910 3561578
2397549 3089547
2397462 3089421
3089427 348963
3576446 3911206
4266579 4358451
3089211 535258
2397435 3089258
4266505 2430069
4266589 4358457
3089141 3576512
4467442 4502060
2397545 3089540
2154829 2897469
3912015 4124887
3089287 3576918
4124429 4266491
1538381 1412932
3089153 3576537
3576980 3831362
4409521 662985
4266454 4358334
4266456 4358342
4125032 4267093
3576915 3911803
3440159 3816347
3911532 1867976
3912679 4125361
4124425 3055510
3576955 1861012
4124639 4266739
3089408 2957421
3089286 3576914
4124619 4266659
3577409 3912663
40631317 12893101
3089272 3576885
4266460 4358344
3089263 3576849
4502047 3224230
3089337 3577035
4719664 4685231
3577408 3912661
4409488 4458487
3911744 4124648
4358619 4422068
40629455 7786125
4467178 4501882
4358494 45819
9685270 62354
4340220 62882
32849546 25578271
3912809 4125501
3089162 3576560
4616035 1373682
4267127 4358929
3911203 932755
1538371 2397420
3577474 1751191
4358636 3813340
4409495 1046265
3911950 4124804
3577410 1964479
3912741 1117896
3912743 4125462
4340216 15333
44462910 119945
4409450 3651601
4125162 511955
3576801 375871
4267384 1589207
4340148 3052939
4358852 353389
4409375 563687
4458404 53917
40633099 1257840
4528989 397234
4267142 664660
4422307 1869691
40633458 49820
4565046 497304
4547015 4565045
4616037 4625418
3841139 4080341
3912614 1744375
4340145 4409380
3577021 3226596
3089324 3577022
4358504 4421995
3912019 4124894
4124893 3074695
40634082 17713178
3577360 2068323
4467271 4501922
3089568 3577464
4467177 4501878
4422169 4467337
3577106 3912007
3911631 2526442
4467278 4501936
4124927 4266976
3089160 3576551
4124637 4266726
3912508 4125151
4266814 51649
4124621 4266673
4358620 701273
4409472 908464
3912600 2510397
4528981 4550221
4124414 4266468
40634088 28571568
40634089 13069505
4409389 4458422
4529033 3208766
40631124 8877423
4550267 4567659
4266946 4358728
41646628 9917456
40631710 391171
4421988 4467221
3912159 3842207
3911632 677448
4080361 4234093
3577482 167461
44462912 8906153
3912107 2351480
4340204 1452231
4340231 1612144
4458481 605174
4124990 4267042
4267086 915055
40631706 866702
3911960 2112187
4422171 3548477
4125001 53110
4080357 11470
4458500 1641964
4409520 1345964
4358848 780138
4422248 293647
4467420 4502032
40634492 2359216
4422256 3852892
4495348 1250927
4409457 2726207
4502029 3198782
4409515 17882
3841164 3581294
4080397 637801
4124640 1645758
3577405 2136781
2196972 282431
4567634 4265270
4266828 613968
4124642 4266745
4547022 196454
2397463 1538755
3089575 916735
3089231 1089399
40633153 2531833
3576568 2216588
3912014 345516
4266960 4358737
40634491 1861946
4550232 3182238
4467422 995348
4124792 80303
40630280 272192
4340258 1941911
4125025 2114836
4502013 370217
4467406 2570593
4124857 4266915
4340222 352445
4458410 2160705
4495346 924466
4524128 2648309
4547021 4011321
4340266 346564
4409483 910521
4467409 1331157
4125126 4267117
3911954 4124811
4266507 4358406
4358864 822008
4422244 3528831
4550233 526270
4467412 1596241
4528977 137622
4467407 1291851
4502012 2860193
4502006 2293686
4528978 596658
4528986 2946986
4528987 962240
4542929 975682
4642387 680842
3577377 878392
4124824 4266856
4234109 2442786
31133362 324722
4267080 218797
35070640 2096853
40633490 11418875
3912056 4124920
32849529 23748577
4358887 257150
4124535 891428
4267140 343909
3577472 3912781
2397575 3089571
3912637 4125303
3089236 3576815
4124851 4266896
4124498 3443916
3912688 4125368
3912785 4125492
4124924 4266972
4266574 4358446
4495341 2272137
40633091 92367
4467418 734359
4267087 4358899
4124795 325101
4524132 310576
2397547 3089544
4124539 4266638
35070641 2660676
40631115 19822871
4502085 2165377
3911639 726458
4340141 1464099
4529030 1145299
4358464 2367321
4421952 1236115
44462913 1315419
3912114 2140769
4458474 651
3911943 180683
4358875 4422274
4358865 2660637
4340175 207483
40633395 928222
4458413 647065
4422243 1656225
4458408 1579386
4234123 491129
40633491 841525
4605764 4616051
4458473 211889
4409451 1291079
4266704 4358551
3577368 151051
40634456 5040348
3577454 3912755
3089462 847544
3089301 3576964
4124449 4266529
40631070 30982595
4501931 3885809
3576916 3911820
41646848 926798
3577412 2998227
3841159 194088
4080377 1630
3089134 1990227
4125028 646530
3912116 236015
4267085 219699
1989825 2761055
4340201 219936
4266631 376286
3576802 2091468
4458426 1467180
4266436 1169654
4124342 1478053
4358493 753700
4358951 1233671
4267071 1126338
4358586 333493
4409373 458693
4502019 237521
31133369 1120976
40633426 31059381
40633427 9210681
40631128 31059589
2397436 3089260
4719668 288091
32873384 1268325
4124430 4266493
4266753 4358593
40156145 28926701
4340256 4409507
4358630 4422085
4421999 4467227
4358509 1964104
4266513 4358416
3576455 3911228
3912778 4125487
4340207 4409438
3911737 1605977
4524126 2139585
4547018 3469437
4565051 316814
4550216 4567618
4567622 1968903
4567621 653168
4582425 1269174
4605752 1191478
4590500 1724516
4582421 2145493
4582423 1269526
4594702 976978
4422262 3263604
2933294 3043681
4422247 4467397
3911388 4124377
3576569 3911395
3911389 4124383
40633702 17150326
4234145 327412
1538401 2397569
4266818 1265827
3089291 3576936
4234115 39296
3912081 133242
4502087 4529039
3912634 4125296
3576449 3911216
4550228 791383
4639817 1625202
4080396 4234147
3911814 4124724
2397425 1958143
4458451 104402
3089297 3576947
4502021 4529000
2397430 3089247
40633480 2442246
3912162 4125058
4267069 4358860
4340188 4409423
31133363 24193206
4234098 3348975
4458435 951055
3911515 606158
3912087 39565
3912516 4125159
4266466 19326
40631132 1515813
4124536 946878
4524124 1968912
4577242 363015
4567628 348636
3089213 3576754
3577217 3912173
4422109 4467292
35065674 32175411
4422044 1278627
4358583 1306090
4467388 388571
4467462 917909
4422108 4467291
4502000 2624657
4340279 4409537
3912096 112149
3577169 214743
4501929 4528960
3576809 354475
4409452 62878
4467395 952612
4567635 2801260
2397453 3089391
3577480 3912800
4234113 54560
4124633 4266722
3911335 4124340
35070651 21612812
4340250 3038573
40634318 2419806
4594731 1391485
4594705 772635
4605753 1118450
4594712 255675
4561690 387926
4650203 291272
4582422 1615462
4642386 141886
4634450 3293327
4528982 306636
40631167 2625202
4550222 533102
4567641 4582450
4561689 2354140
4616056 4625432
4625420 792730
4582451 1310132
4458461 4436799
40631709 40631711
4565052 667041
4550223 1459638
4594700 936495
4631387 2585263
4622313 1166665
4577235 1409840
4601986 1823676
4612430 1120012
4409417 1253710
3911826 4124729
44462915 11303109
3841148 1302814
4124791 43033
4124659 4266769
4358640 2163329
40633136 15108055
3089171 3576594
4124969 117685
3912076 552760
35070654 17705932
3912074 125063
3577373 406308
3089227 988041
4234139 2818554
4124460 4266542
3912106 4125010
3576736 3911574
4495387 4524151
32873390 29757344
3089174 3576659
32873383 20559771
4266701 4316187
4124972 43804
4266497 4358376
1538372 1194467
3841183 83127
2397464 232685
2397426 863654
4234035 800326
4124513 4266607
4267089 4358902
4656965 4663253
4124538 3862791
3577486 3912813
40631715 1186371
4124953 4266994
3912598 4125226
4266658 4358523
4495374 3043205
4650199 2279274
4340150 40899
4625412 1625809
4625429 1769359
4634457 949105
4612434 1069930
40633154 18506590
3089212 3576752
3576452 3911221
4631382 614317
4639812 1116172
44462917 29997265
4650198 455421
40633016 250327
40633017 2890901
4601988 1244799
4667596 2598914
40633096 3350667
4616034 2149103
4547023 774279
4124525 1792842
4340314 287396
4409470 51524
3467712 10347
4550217 864106
3089230 28484
3576806 59790
40633437 28648
4650200 861686
4661614 163791
2397455 2644082
1538382 2397502
35065669 22400906
4642383 4125852
4358475 50534
4409555 1721564
4266618 4358472
1538377 918714
3911617 629567
4502008 321583
3576956 3911863
3348827 3762012
4124961 457313
3577167 868372
4266614 1022412
4266825 380832
4421983 112986
4124537 1007351
39936264 32164863
4467425 1495724
4422279 4467427
4422245 878968
2397447 2050987
3576794 3379390
3089289 1728533
4421944 1563365
4267390 2050737
4358500 379308
4422076 4467266
4340217 2856
4421907 1159626
3089267 364226
4467275 3356681
4124793 397167
4358589 397317
3089202 3576726
3576647 3911495
35070649 35070656
4528965 902144
4266936 1448320
3089463 2497275
3577219 2233693
2397449 1779351
4267088 2896583
3577372 97569
2397513 3089500
4234057 4340157
4409363 4458394
3089561 3416736
3577458 2866596
2397567 764298
3912765 2687669
4358646 1514307
4080417 1944825
3577413 2408424
4125059 1658444
3912163 2408656
3912156 441872
3577213 1337131
4267147 1735649
2397445 3089329
3577164 425686
3089434 490320
3576804 3287789
3912602 2160201
3577399 2105669
2397444 1097685
3089327 813431
2397440 3089303
3089496 3097111
3089576 333494
40633377 2260815
4580445 3916043
3089182 3576671
2397432 3089253
33884391 3582588
33884395 776492
40630281 233492
40633475 14491371
4582426 4594709
4577237 4590503
3576681 3911525
4124239 589807
3911194 4124241
3089210 3576741
4234182 4340310
4422294 4467443
4267141 4358935
4234175 4340302
4266732 4358569
3577003 3911939
4124996 4267045
4358906 4422297
3576996 3911931
3089163 3576565
4080332 4234038
4125138 1139149
3912469 4001012
3912098 4018512
4409456 4458464
40631814 3731332
3912130 4125034
3912714 4125425
3577430 3912721
32873379 2318947
4422056 4467248
3577384 3912546
4467413 4502024
4422254 4467400
4577240 3721346
4458511 4495394
4267361 4359025
4577238 4590505
4550212 4567614
4267081 4358892
4124861 4266923
44462918 38921805
4125500 193531
4422257 1799762
4567625 849093
4663248 2576544
35068339 35068341
4528975 2681373
4582424 1634645
4358888 4422282
4663244 4669235
3577374 49395
4124872 622771
2397443 3089325
4502035 391824
4422173 3228010
4495378 97307
4712304 4714815
4529031 2275844
3576797 3911615
4421989 1685886
1538399 593690
755776 456629
1538403 609808
3912005 86650
3911528 215424
4124438 636275
3841163 4080391
3576852 3271653
4267075 93677
3576971 3911873
4267048 4358781
4125020 2291056
4409386 4458419
3577171 3912100
4358426 4421931
2196973 41923
1538400 2397562
4458407 4495343
4358872 2467246
4528990 3380562
40631770 201429
4467335 529079
4358654 2812381
35092780 1580465
3911622 890245
3911949 3165903
4124801 3596291
4358626 4422075
4080413 101450
4422260 256750
3911951 2380284
31133367 250648
3912105 4125008
3912166 4125066
40634447 1106916
4467408 4502014
4266840 4358662
3467682 164357
3841143 622371
4124916 668745
3912710 4125405
3911942 197514
4124427 4266485
4266617 4358470
4358739 267547
40633378 25786669
3576674 3911516
4234062 4340177
4422170 4467342
3912499 4125143
4528993 4550240
4125390 4267325
4528973 4550208
4616040 4625422
3912704 4125397
4524131 4547026
3089276 3576893
4501898 4528951
3577203 3912142
40633627 40633629
40634379 30646319
3577378 3912536
4422050 101384
40631166 40631168
4422168 581657
3089319 3577008
4124799 4266837
3912705 4125399
4422128 4467310
44462920 20831128
4125391 4267327
4594699 4605749
41646632 7566251
3911434 4124402
4358647 272093
3577485 109462
4422079 323097
4358627 98857
4409407 408024
4340173 384857
44462922 44462923
3577465 1862360
3911648 4124549
4631383 363078
4358689 473670
2397533 3089529
4547024 4565055
40631687 209888
4125165 343988
4340179 103138
4234063 931900
4409473 331779
4467415 3579663
4358463 326290
4409458 391909
4267145 3150406
4409519 54827
4358501 3476551
4267074 1331829
3912091 75958
4266624 1058952
3912115 346093
4266632 95590
40629462 318652
4266751 820581
4266612 660579
4358590 279274
4358939 51720
4340140 163885
4234042 422956
4582434 2155141
4266675 2812001
4266455 676825
4358655 959700
4124991 157140
4409387 393787
32795549 335757
39942066 7252562
4340239 1317694
3911643 899205
4234053 126506
3841142 294241
3912518 1705447
4422179 2681493
31133379 3476064
3912088 4124993
4458425 664779
4340219 129033
3576848 50520
1118129 1989820
3911749 123299
3911743 69002
3577422 222476
3577376 37190
3912083 1452948
4358637 7713
4124534 916618
4266819 130213
4124655 38019
3576457 130875
4124646 149960
3912702 217868
3089528 43952
4501903 202362
3912513 617334
4358466 939453
4267060 382663
4340232 4409477
4358942 1303494
4125017 394982
3911633 859115
4267061 808128
4234108 251887
4340205 267733
4409434 97896
4358950 4422314
3911638 890307
3912071 789679
44462925 836889
3912053 376284
4124439 4266515
3912533 4125179
4125503 205078
4234136 314876
4409459 878566
40633083 1526671
4550227 2327434
4582452 676740
4458472 68199
3576459 789737
4266634 665940
4125022 633998
4422172 628202
4550218 310112
4631385 4195937
4080358 332548
4421979 1203268
4080401 55627
4234154 100177
4458505 249074
4340284 43894
2397450 910240
4340285 102748
4124618 363455
4124911 4266952
3577166 130413
4340287 6243
3577176 50137
4080403 4234156
4234152 2038137
4340288 40038
4124871 65991
35092782 6013611
4234153 43409
4080331 665770
4124908 4266944
