36559060 36559062
41911503 41911505
36558681 36558683
36558811 36558813
36558847 36558849
45099494 45099495
4050580 4212597
36559518 36559520
34445431 34445433
45099498 45099499
36560458 36560460
34722874 34722876
37135537 37135538
45099500 45099501
5023269 5023272
34395815 34395816
34496425 34496426
39134028 39134030
36562339 36562341
36562355 36562357
36562481 36562483
36562486 36562488
36562521 36562523
36562573 36562575
36562587 36562589
38617190 38617192
36562632 36562634
36562814 36562816
34368978 34368980
45099503 45099504
45099506 45099507
2434153 3116878
34493842 34493844
32994610 32994612
45099509 45099510
45099512 45099513
45099516 45099517
36563082 36563084
45099519 45099520
45099522 45099523
45099525 45099526
45099528 45099529
36563251 36563253
33818246 33818249
34038478 34038479
35592001 35592002
45099531 45099532
34721150 34721151
34722139 34722141
45099534 45099535
45099537 45099538
45099541 45099542
39828578 39828579
10409299 10409302
45099543 45099544
45099545 45099546
37353034 37353036
33818311 33818314
35588592 35588594
34716472 34716473
45099548 45099549
34731020 34731023
45099550 45099551
45099552 45099553
45099555 45099556
35611779 35611780
38374924 38374926
36564924 36564926
15313743 15313748
45099558 45099559
38532194 38532196
45099561 45099562
36565160 36565162
35593993 35593995
38383933 38383935
45099564 45099565
45099568 45099569
41925407 41925408
36565603 36565605
45099570 45099571
45099572 45099573
45099574 45099575
45099577 45099578
45099580 45099581
35567157 35567159
45099582 45099583
1644693 2487545
35587642 35587644
43404599 43404600
36567019 36567021
35582305 35582307
15437926 15437931
45099586 45099587
36567434 36567436
36567645 36567647
45099590 45099591
45099593 45099594
35591226 35591228
34722580 34722582
38402534 38402536
36568195 36568197
30530661 30530663
38280213 38280215
35592853 35592855
35566914 35566915
38015704 38015705
45099596 45099597
45099599 45099600
45099602 45099603
45099605 45099606
35582310 35582312
36568816 36568818
45099608 45099609
45099611 45099612
35575654 35575655
45099614 45099615
15624698 15624701
45099617 45099618
45099622 45099623
45099625 45099626
42106217 42106218
45099627 45099628
45099630 45099631
32816494 32816496
45099634 45099635
45099638 45099639
45099642 45099643
45099645 45099646
45099648 45099649
14484776 14484784
45099651 45099652
45099654 45099655
35575649 35575650
45099657 45099658
34040475 34040476
38280217 38280219
45099660 45099661
38713063 38713065
45099662 45099663
45099665 45099666
36569578 36569580
36569575 36569577
45099667 45099668
45099670 45099671
35592364 35592366
45099673 45099674
45099677 45099678
38018923 38018924
3132276 3608208
45099679 45099680
30883800 30883801
45099682 45099683
14977403 14977406
38586138 38586139
38586143 38586139
38586145 38586139
31935385 31935387
45099686 45099687
45099689 45099690
4695781 4699395
45099692 45099693
45099695 45099696
45099697 45099698
7540250 7540257
45099699 45099700
35589190 35589192
34721908 34721909
12704802 12704808
45099703 45099704
35590425 35590427
36570057 36570059
45099706 45099707
34055465 34055468
38528581 38528583
36570084 36570086
35568297 35568298
45099710 45099711
45099712 45099713
38575422 38575423
2061529 2821281
42082386 42082388
45099715 45099716
37353031 37353032
39131467 39131469
36571350 36571352
15313230 15313235
45099718 45099719
36571836 36571838
36571876 36571878
45099722 45099723
45099725 45099726
45099729 45099730
36571926 36571928
36571954 36571956
36571985 36571987
36571989 36571991
36572005 36572007
45099732 45099733
36572043 36572045
36572121 36572123
45099735 45099736
45099738 45099739
34720022 34720024
36572151 36572153
38463825 38463827
45099741 45099742
45099744 45099745
45099747 45099748
45099750 45099751
35593969 35593971
373414 976409
45099753 45099754
45099756 45099757
45099759 45099760
45099762 45099763
45099765 45099766
45099768 45099769
45099771 45099772
35593456 35593457
45099774 45099775
38617202 38617204
36572429 36572431
45099777 45099778
45099780 45099781
45099783 45099784
36573370 36573372
36573450 36573452
35588263 35588265
45099786 45099787
34445097 34445099
45099789 45099790
34445227 34445229
35594307 35594309
36573809 36573811
45099792 45099793
37302829 37302830
30500250 30500251
45099794 45099795
45099796 45099797
36574036 36574038
45099798 45099799
14838056 14838064
729796 1501313
42061653 42061654
45099801 45099802
45099804 45099805
34038429 34038430
34040412 34040413
45099807 45099808
41886565 41886567
15301659 15301664
28713746 28713750
35571464 35571465
45099809 45099810
36574436 36574438
15441609 15441615
35567253 35567256
36574478 36574480
35592357 35592358
35590998 35591000
36574646 36574648
28318811 28318812
36574755 36574757
35592268 35592270
36574821 36574823
36575073 36575075
36575452 36575454
38453308 38453310
34721900 34721902
3803568 4050524
45099812 45099813
45099815 45099816
45099818 45099819
45099821 45099822
36575573 36575575
45099824 45099825
45099828 45099829
36575718 36575720
38015542 38015543
45099831 45099832
36575792 36575794
38506246 38506248
38506070 38506072
36575899 36575901
45099835 45099836
36576177 36576179
45099838 45099839
45099841 45099842
45099844 45099845
35564255 35564257
35590847 35590849
45099847 45099848
34718552 34718554
45099850 45099851
34018268 34018269
38575943 38575944
36576274 36576276
45099853 45099854
36576454 36576456
45099856 45099857
12211477 12211484
45099859 45099860
36576584 36576586
45099863 45099864
45099866 45099867
1574639 2434089
41921989 41921990
35583344 35583346
45099869 45099870
45099872 45099873
35608247 35608249
45099875 45099876
45099878 45099879
35621261 35621263
38447715 38447716
45099882 45099883
34718572 34718573
34722285 34722288
45099884 45099885
36577062 36577064
36577062 36577065
45099888 45099889
45099892 45099893
2812308 3380596
45099895 45099896
45099898 45099899
45099900 45099901
36577357 36577359
45099902 45099903
34785731 34785732
36577460 36577462
45099904 45099905
36577489 36577491
36577494 36577496
35589867 35589869
45099907 45099908
36577558 36577560
36577566 36577568
35589147 35589149
45099911 45099912
35567472 35567473
45099915 45099916
38467499 38467500
45099918 45099919
35568021 35568023
35591516 35591519
45099922 45099923
45099924 45099925
32787398 32787399
36577875 36577877
45099929 45099930
45099932 45099933
35590994 35590995
45099935 45099936
36578153 36578155
38471697 38471699
13404180 13404189
45099938 45099939
45099941 45099942
45099944 45099945
39515045 39515047
45099947 45099948
36578374 36578376
45099950 45099951
45099953 45099954
45099956 45099957
45099959 45099960
38507441 38507443
45099962 45099963
38589467 38589469
36578842 36578844
45099965 45099966
36578968 36578970
45099968 45099969
35591329 35591331
45099970 45099971
45099973 45099974
45099976 45099977
45099980 45099981
45099983 45099984
36578959 36578961
45099985 45099986
45099988 45099989
35567285 35567286
38506921 38506923
35568246 35568248
45099991 45099992
29605833 29605856
45099994 45099995
45099997 45099998
45100000 45100001
45100003 45100004
45100006 45100007
35590538 35590539
45100008 45100009
34727590 34727591
35593730 35593732
36579923 36579925
45100012 45100013
36579952 36579954
45100015 45100016
40165524 40165527
45100018 45100019
45100020 45100021
45100023 45100024
45100026 45100027
45100029 45100030
45100032 45100033
45100035 45100036
45100037 45100038
36580133 36580135
41675693 41675694
36580585 36580587
36580598 36580600
45100040 45100041
45100043 45100044
36580703 36580705
38012876 38012877
36580749 36580751
5018945 5018950
42148402 42148403
36580918 36580920
45100046 45100047
45100049 45100050
45100051 45100052
45100054 45100055
45100057 45100058
2891245 3434625
45100060 45100061
43639607 43639608
45100062 45100063
36582900 36582902
38452558 38452559
45100064 45100065
43383784 43383786
38424177 38424179
36583897 36583899
33849342 33849349
36514317 36514318
36584360 36584362
41989491 41989493
45100068 45100069
45100071 45100072
45100074 45100075
45100077 45100078
36584398 36584400
41869731 41869732
45100079 45100080
45100082 45100083
36585141 36585143
45100085 45100086
35567367 35567369
42087627 42087628
4692320 4696447
45100088 45100089
38377777 38377779
38401462 38401464
34721311 34721312
45100091 45100092
38381051 38381053
45100094 45100095
45100097 45100098
45100100 45100101
186666 575859
36585696 36585698
45100103 45100104
45100106 45100107
35568288 35568289
38460689 38460690
45100110 45100111
35566287 35566289
45100113 45100114
45100116 45100117
38588159 38588160
35597302 35597303
45100119 45100120
45100121 45100122
38475042 38475044
13448597 13448600
45100124 45100125
36575983 36575985
45100128 45100129
45100130 45100131
45100133 45100134
38378190 38378192
35613615 35613617
36576125 36576127
36586329 36586331
45100135 45100136
36675241 36675243
10189000 10189003
45100139 45100140
38459299 38459301
36586795 36586797
35567422 35567424
45100143 45100144
45100146 45100147
36461662 36461664
36587154 36587156
34721194 34721196
45100149 45100150
45100152 45100153
38280317 38280320
12703660 12703663
45100156 45100157
31939728 31939730
34794801 34794803
15341475 15341480
32819413 32819414
33575064 33575065
45100158 45100159
14881633 14881637
10411312 10411315
36587365 36587367
45100160 45100161
36587522 36587524
15444157 15444162
45100164 45100165
36587594 36587596
35588459 35588460
45100167 45100168
45100170 45100171
36587748 36587750
41989440 41989442
35589361 35589363
35582314 35582316
36588077 36588079
35582296 35582298
2918650 3458173
45100173 45100174
45100177 45100178
35591372 35591373
15174426 15174429
45100179 45100180
45100179 45100181
36509895 36509897
14871278 14871284
30497441 30497443
35565920 35565924
45100184 45100185
42054552 42054553
33943653 33943655
6163311 6163344
35605071 35605072
32792714 32792716
30500156 30500157
30500156 30500158
30500156 30500159
35589920 35589921
30881969 30881972
35588555 35588557
36589187 36589189
45100188 45100189
45100192 45100193
43680014 43680015
36589383 36589385
45100195 45100196
35590032 35590033
35591742 35591743
38569082 38569084
45100199 45100200
33768848 33768851
36589841 36589843
36589848 36589850
45100202 45100203
38430312 38430314
15599356 15599360
45100205 45100206
45100208 45100209
10401572 10401574
35588495 35588497
35050422 35050424
45100210 45100211
45100213 45100214
45100216 45100217
35582101 35582102
35595985 35595986
45100219 45100220
35562318 35562319
15479770 15479773
45100221 45100222
15308585 15308589
34037980 34037981
35568016 35568018
15471245 15471249
35593907 35593909
45100224 45100225
11485154 11485177
45100229 45100230
42060573 42060574
3368773 3772716
35562800 35562802
45100232 45100233
45100234 45100235
45100237 45100238
36590972 36590974
38617472 38617474
45100240 45100241
33807580 33807583
4485012 4516504
45100242 45100243
45100246 45100247
34723120 34723122
14866138 14866153
34716498 34716499
34722627 34722629
45100249 45100250
38418238 38418239
36592338 36592340
36592374 36592376
3833862 4075813
45100252 45100253
45100255 45100256
29370942 29370945
45100258 45100259
36592634 36592636
45100263 45100264
45100267 45100268
45100270 45100271
15158960 15158964
45100273 45100274
36593231 36593233
36593374 36593376
36593808 36593810
33817442 33817445
35566527 35566529
36559335 36559337
45100277 45100278
38366130 38366132
45100279 45100280
45100282 45100283
45100284 45100285
35594687 35594689
36594965 36594967
36595004 36595006
13440165 13440170
35604954 35604955
35592890 35592892
35565750 35565751
35571673 35571675
36595421 36595423
35605082 35605083
35604987 35604988
45100287 45100288
30884675 30884680
30884674 30884676
35605087 35605088
45100290 45100291
32993737 32993739
45100292 45100293
34722787 34722789
36596147 36596149
45100295 45100296
35607034 35607035
45100299 45100300
45100302 45100303
45100305 45100306
36597439 36597441
45100308 45100309
45100311 45100312
45100313 45100314
36597686 36597688
45100316 45100317
45100320 45100321
34445284 34445286
36597928 36597930
36597928 36597931
36597982 36597984
45100323 45100324
45100325 45100326
45100327 45100328
34038373 34038374
35591789 35591790
36598424 36598426
14294870 14294880
11779895 11779899
11438965 11438977
15361984 15361991
34037915 34037917
33994152 33994153
34033129 34033131
33778816 33778818
36598820 36598822
36598825 36598827
15634776 15634781
35593179 35593181
32994838 32994839
45100330 45100331
45100333 45100334
45100336 45100337
45100339 45100340
45100342 45100343
34037946 34037948
32845055 32845057
34717219 34717221
36599770 36599772
45100345 45100346
45100348 45100349
34719597 34719599
34719608 34719610
34719635 34719636
38618219 38618220
32812029 32812031
34719728 34719730
34719707 34719709
34718458 34718459
34717828 34717830
45100351 45100352
34718048 34718050
34718369 34718371
34719021 34719022
34718700 34718702
34718647 34718648
34718679 34718681
45100355 45100356
34718812 34718814
36600981 36600983
45100358 45100359
32994519 32994520
45100361 45100362
36601145 36601147
45100365 45100366
45100368 45100369
45100370 45100371
45100373 45100374
8969567 8969573
45100375 45100376
34723487 34723489
45100378 45100379
45100381 45100382
36601437 36601439
36601523 36601525
5653482 5653490
45100383 45100384
45100386 45100387
45100389 45100390
38516931 38516932
45100393 45100394
45100396 45100397
45100398 45100399
45100401 45100402
38013660 38013661
38016512 38016513
38069728 38069729
36601819 36601821
45100403 45100404
45100406 45100407
45100408 45100409
34368959 34368960
45100411 45100412
45100413 45100414
15342188 15342194
45100416 45100417
36602230 36602232
45100419 45100420
45100422 45100423
28710122 28710127
33308992 33308993
45100424 45100425
34366758 34366759
15455778 15455783
36602445 36602447
45100427 45100428
45100430 45100431
2555722 3202129
15508112 15508117
45100433 45100434
36602637 36602639
45100436 45100437
36732972 36732973
30882171 30882172
45100438 45100439
36602961 36602963
45100441 45100442
45100444 45100445
38420852 38420853
45100448 45100449
11877821 11877840
36603968 36603970
45100450 45100451
45100452 45100453
34430725 34430727
36604901 36604903
45100454 45100455
36605579 36605581
36605593 36605595
36605597 36605599
45100457 45100458
45100460 45100461
45100463 45100464
36605613 36605615
45100466 45100467
35590101 35590103
36606092 36606094
45100469 45100470
45100472 45100473
45100474 45100475
36605646 36605648
34040032 34040033
36605669 36605671
36605669 36605672
36605669 36605673
38517213 38517215
36605679 36605681
36605686 36605688
45100477 45100478
45100480 45100481
36605696 36605698
45100483 45100484
36605712 36605714
36605707 36605709
45100485 45100486
45100489 45100490
36605757 36605759
45100492 45100493
45100495 45100496
36605797 36605799
36605804 36605806
38618355 38618357
45100499 45100500
36605815 36605817
45100502 45100503
45100505 45100506
36605837 36605839
45100508 45100509
37259011 37259012
36605857 36605859
45100511 45100512
45100514 45100515
45100517 45100518
45100519 45100520
45100521 45100522
45100524 45100525
45100527 45100528
45100531 45100532
35590049 35590050
45100535 45100536
45100538 45100539
45100542 45100543
45100546 45100547
45100549 45100550
45100552 45100553
4945107 4945112
45100555 45100556
36606250 36606252
45100558 45100559
45100562 45100563
45100565 45100566
45100568 45100569
45100570 45100571
45100573 45100574
36606375 36606377
36606375 36606378
45100576 45100577
45100579 45100580
36606392 36606394
36606392 36606395
45100582 45100583
36606567 36606569
36606587 36606589
45100585 45100586
45100589 45100590
36606824 36606826
45100593 45100594
38430977 38430979
45100596 45100597
45100599 45100600
45100601 45100602
34477022 34477024
45100603 45100604
45100607 45100608
45100610 45100611
36607526 36607528
38509012 38509014
45100612 45100613
45100615 45100616
45100617 45100618
36607927 36607929
45100620 45100621
45100622 45100623
45100625 45100626
45100628 45100629
36608504 36608506
35604030 35604031
10854523 10854531
45100631 45100632
45100634 45100635
38404222 38404224
37362493 37362494
2064578 2823310
45100638 45100639
36609352 36609354
40039140 40039141
36609422 36609424
45100641 45100642
43234287 43234290
45100644 45100645
30701398 30701401
38017460 38017461
45100647 45100648
36609807 36609809
45100651 45100652
45100655 45100656
45100659 45100660
34040626 34040627
45100664 45100665
45100668 45100669
34040569 34040570
45100671 45100672
45100674 45100675
45100677 45100678
45100683 45100684
36611158 36611160
35596399 35596401
33816902 33816903
35568059 35568061
45100686 45100687
45100688 45100689
45100691 45100692
36611744 36611746
35591361 35591362
45100694 45100695
45100697 45100698
45100701 45100702
34722719 34722721
45100703 45100704
45100706 45100707
45100709 45100710
45100712 45100713
38280613 38280615
15320525 15320528
37349917 37349918
41912136 41912137
3204462 3661961
45100714 45100715
35585290 35585291
34038005 34038006
34722778 34722780
35591855 35591857
45100717 45100718
34718652 34718654
35564473 35564475
39885948 39885949
45100720 45100721
35592190 35592192
45100723 45100724
45100727 45100728
45100730 45100731
35593349 35593351
36732713 36732715
45100733 45100734
45100736 45100737
45100739 45100740
45100742 45100743
35587273 35587274
36615986 36615988
38280635 38280637
45100744 45100745
1243121 2121764
45100746 45100747
45100749 45100750
4413025 4460886
45100752 45100753
45100755 45100756
34718028 34718029
41989323 41989324
45100757 45100758
45100760 45100761
45100763 45100764
45100766 45100767
45100769 45100770
45100772 45100773
787516 1574607
45100775 45100776
34423698 34423700
45100779 45100780
45100782 45100783
45100786 45100787
45100789 45100790
45100792 45100793
45100795 45100796
36619575 36619577
38562703 38562706
45100798 45100799
45100801 45100802
45100804 45100805
45100807 45100808
45100810 45100811
45100814 45100815
36619801 36619803
36619831 36619833
39935608 39935609
35589815 35589817
45100817 45100818
36620048 36620050
45100820 45100821
45100824 45100825
36620320 36620322
28710020 28710022
34723285 34723287
45100826 45100827
32870813 32870814
36620557 36620559
36620557 36620560
35592540 35592542
36620775 36620777
36620852 36620854
812041 1614132
34716232 34716234
45100829 45100830
36621335 36621337
34445326 34445328
35590586 35590587
45100832 45100833
15600768 15600771
45100836 45100837
35567444 35567446
36621986 36621988
45100838 45100839
34384219 34384220
45100840 45100841
45100842 45100843
45100847 45100848
4049331 4211890
35594571 35594572
34716509 34716511
31914892 31914893
32789313 32789315
34721309 34721310
35588948 35588949
35593046 35593047
31918675 31918678
34037432 34037433
34720034 34720035
1465024 2334606
45100851 45100852
35594673 35594674
35594515 35594517
32944847 32944850
36622290 36622292
36622336 36622338
36622350 36622352
43490331 43490332
45100854 45100855
45100858 45100859
34726998 34726999
36622367 36622369
36622390 36622393
34726948 34726949
45100861 45100862
45100864 45100865
35593129 35593131
34727078 34727079
45100868 45100869
45100873 45100874
45100877 45100878
45100881 45100882
45100885 45100886
45100889 45100890
34727021 34727022
36622531 36622534
36622545 36622547
34716599 34716600
43698783 43698784
45100893 45100894
42054359 42054362
45100896 45100897
45100902 45100903
45100906 45100907
45100910 45100911
36622661 36622663
38629112 38629115
45100914 45100915
31936963 31936966
45100918 45100919
45100922 45100923
45100924 45100925
35564340 35564343
36622749 36622751
38461058 38461061
45100927 45100928
36622798 36622800
41958405 41958407
34726443 34726444
35593689 35593691
35593689 35593692
45100932 45100933
38561857 38561859
34727101 34727102
33577866 33577867
36622845 36622848
36622999 36623002
45100936 45100937
36623059 36623061
31939664 31939668
45100939 45100940
34726813 34726815
34429115 34429118
36623103 36623106
45100943 45100944
36623139 36623142
45100946 45100947
37528927 37528928
35591334 35591337
45100952 45100953
34726701 34726702
36623198 36623200
36623223 36623225
3885327 4108766
3885327 4108767
45100955 45100956
34726770 34726771
45100958 45100959
45100962 45100963
34439900 34439901
34716608 34716609
34727084 34727085
34727117 34727118
34773675 34773676
36623281 36623284
45100965 45100966
34727035 34727037
36623292 36623295
15290825 15290830
36623317 36623320
45100969 45100970
34726400 34726401
43519725 43519726
43519725 43519727
36623353 36623356
45100972 45100973
45100975 45100976
34726606 34726607
36623413 36623416
37472717 37472719
45100979 45100980
14225174 14225179
45100984 45100985
14225174 14225180
45100987 45100988
45100991 45100992
45100994 45100995
45100998 45100999
45101001 45101002
34726468 34726469
45101004 45101005
45101007 45101008
45101010 45101011
45101013 45101014
34726551 34726552
36623568 36623570
43696889 43696890
45101017 45101018
36623599 36623602
45101021 45101022
35584292 35584294
45101024 45101025
36413445 36413446
11494123 11494127
36509087 36509089
2719000 3310655
34449159 34449160
45101027 45101028
45101029 45101030
35609611 35609613
45101032 45101033
36532496 36532498
45101035 45101036
34716544 34716547
45101038 45101039
35600073 35600074
34766489 34766492
33577870 33577872
36623678 36623680
34726828 34726830
34716612 34716613
36623744 36623747
36623758 36623760
34726874 34726876
34727067 34727068
36623770 36623772
45101040 45101041
43698800 43698801
36623775 36623777
45101044 45101045
34726750 34726751
45101047 45101048
45101051 45101052
15300779 15300784
45101054 45101055
45101058 45101059
45101061 45101062
45101064 45101065
43600055 43600056
45101067 45101068
34726586 34726587
38377345 38377348
36623045 36623047
45101071 45101072
45101075 45101076
34721235 34721237
35575369 35575371
45101079 45101080
45101082 45101083
45101085 45101086
45101088 45101089
45101091 45101092
45101096 45101097
38630107 38630108
45101099 45101100
45101101 45101102
45101103 45101104
45101106 45101107
45101108 45101109
36624940 36624942
45101111 45101112
45101114 45101115
45101117 45101118
36625888 36625890
45101120 45101121
45101123 45101124
36732936 36732938
45101126 45101127
45101129 45101130
36626855 36626857
36626959 36626961
35589802 35589804
45101131 45101132
35592292 35592293
4429261 4473386
36627217 36627219
3447890 3821863
35592437 35592439
36627555 36627557
35591575 35591576
35592645 35592647
36627639 36627641
35590712 35590714
35590720 35590721
10401155 10401171
45101134 45101135
15299111 15299118
45101138 45101139
45101141 45101142
45101143 45101144
36628743 36628745
45101146 45101147
10409674 10409677
45101150 45101151
45101153 45101154
45101155 45101156
45101158 45101159
2740812 3333184
37107047 37107048
45101160 45101161
38618723 38618725
45101163 45101164
36629421 36629423
45101166 45101167
39673534 39673535
34717660 34717662
41933465 41933467
45101171 45101172
45101173 45101174
45101175 45101176
36629652 36629654
33818475 33818478
38015393 38015394
45101177 45101178
45101179 45101180
36630122 36630124
45101182 45101183
35615325 35615326
34717096 34717097
34240971 34240972
34723475 34723477
34444972 34444974
34720999 34721001
34722528 34722530
45101185 45101186
34717538 34717540
45101188 45101189
45101191 45101192
34717336 34717338
36630325 36630327
36630467 36630469
34723420 34723422
35605115 35605117
35568090 35568091
11545086 11545095
34040444 34040446
800555 1592463
38280954 38280956
5059036 5059055
45101193 45101194
38498207 38498208
2124102 2871846
45101196 45101197
1832824 2639002
45101199 45101200
2694040 3292807
45101202 45101203
3687654 3982851
34040385 34040386
1736450 2569701
2891330 3434637
10777578 10777586
142209 447938
38580522 38580523
9012767 9012773
11478504 11478515
41881 172859
15378185 15378192
45101205 45101206
3945114 4147115
15022114 15022119
45101209 45101210
45101211 45101212
45101213 45101214
32819789 32819791
11467075 11467085
34037341 34037343
45101215 45101216
1292000 2169197
2880811 3428248
42021376 42021377
3661418 3965490
45101217 45101218
34040372 34040374
34038849 34038851
34040388 34040389
34038853 34038854
33562642 33562645
45101219 45101220
45101221 45101222
34727665 34727667
45101224 45101225
1526302 2384599
34731092 34731093
33952199 33952200
3436464 3814033
11021493 11021502
34040584 34040585
45101226 45101227
364945 963403
34038868 34038870
45101228 45101229
2150370 2893021
45101230 45101231
34040099 34040102
2055182 2814695
45101233 45101234
1210435 2086299
45101236 45101237
35604182 35604186
37387266 37387267
42165537 42165538
45101239 45101240
45101241 45101242
45101244 45101245
33578662 33578665
45101246 45101247
45101248 45101249
1273908 2149651
42195453 42195454
2753125 3343559
4056283 4215512
10785802 10785813
34038532 34038534
34038540 34038542
36630703 36630705
1946872 2720677
935519 1765978
45101251 45101252
42093043 42093045
45101253 45101254
34038565 34038566
4542764 4561539
45101255 45101256
2121946 2868485
5016848 5016854
34038604 34038606
34038608 34038609
35577564 35577568
34038635 34038637
34040426 34040427
1569231 2428296
34038625 34038626
36630654 36630658
4479047 4512076
2938960 3472480
35584317 35584320
32813130 32813132
35584565 35584567
2893397 3436741
45101257 45101258
15360095 15360100
3212251 3667407
3314720 3737233
45101259 45101260
45101261 45101262
45101263 45101264
1569244 2428325
45101265 45101266
770079 1552868
36630667 36630670
10891060 10891067
45101267 45101268
45101269 45101270
36630661 36630664
45101272 45101273
34038774 34038776
45101274 45101275
42165567 42165568
42165565 42165566
45101276 45101277
29592855 29592857
15457836 15457838
6332679 6332697
34038784 34038785
34430864 34430865
45101278 45101279
38281147 38281151
39938213 39938214
35562674 35562678
38016624 38016625
45101281 45101282
2839360 3399431
45101283 45101284
15620253 15620257
45101285 45101286
4543609 4562242
38367522 38367524
39874141 39874142
45101289 45101290
2108825 2858452
36633074 36633076
45101291 45101292
45101293 45101294
39134023 39134024
45101295 45101296
45101299 45101300
36633189 36633191
45101302 45101303
36633297 36633299
45101305 45101306
45101308 45101309
6411838 6411976
45101312 45101313
3073926 3564109
36633564 36633566
45101314 45101315
36606167 36606169
33768522 33768524
45101317 45101318
32791445 32791446
35588092 35588093
45101319 45101320
29599206 29599207
45101323 45101324
45101326 45101327
36634798 36634800
45101328 45101329
45101331 45101332
45101333 45101334
35564620 35564621
45101336 45101337
38618475 38618476
31138730 31138736
45101339 45101340
36637038 36637040
3672993 3972171
35590174 35590175
36637171 36637173
36637192 36637194
45101342 45101343
45101345 45101346
45101348 45101349
36637207 36637209
45101351 45101352
36637215 36637217
32822798 32822800
36637292 36637294
45101354 45101355
39577394 39577395
45101357 45101358
36637911 36637913
36732796 36732797
38580529 38580530
45101360 45101361
32816456 32816460
36638341 36638343
45101362 45101363
45101366 45101367
45101370 45101371
44217080 44217082
45101373 45101374
45101376 45101377
36638677 36638679
36638713 36638715
36638739 36638741
45101379 45101380
45101383 45101384
34721340 34721341
45101386 45101387
45101389 45101390
35582167 35582169
34721145 34721147
35596173 35596175
36639059 36639061
32781914 32781915
45101392 45101393
45101392 45101394
35566934 35566935
45101395 45101396
38443287 38443288
36639566 36639568
32586534 32586536
36639601 36639603
45101397 45101398
45101401 45101402
36639851 36639853
45101403 45101404
33171371 33171372
45101406 45101407
36640614 36640616
38453736 38453738
45101409 45101410
36640822 36640824
45101412 45101413
45101416 45101417
45101419 45101420
45101423 45101424
36641063 36641065
35565825 35565827
45101426 45101427
45101429 45101430
35591949 35591950
3916880 4128216
45101432 45101433
45101434 45101435
45101437 45101438
34037951 34037952
36641225 36641227
36641245 36641248
35575632 35575633
45101440 45101441
45101443 45101444
41990666 41990668
36641265 36641267
45101447 45101448
45101451 45101452
45101454 45101455
45101458 45101459
45101460 45101461
45101462 45101463
15657544 15657548
45101464 45101465
38443296 38443297
35593469 35593470
45101467 45101468
36641389 36641391
33817148 33817151
45101470 45101471
45101473 45101474
45101476 45101477
38414622 38414624
45101479 45101480
33817137 33817140
33767929 33767932
33767922 33767925
36641811 36641813
35592618 35592620
45101482 45101483
36641959 36641961
38377741 38377743
45101485 45101486
36732384 36732385
36642028 36642030
985472 1832160
45101488 45101489
36642079 36642081
37133625 37133626
38377735 38377737
38442391 38442392
36642199 36642201
42090206 42090207
45101491 45101492
45101494 45101495
36642298 36642300
45101497 45101498
36642385 36642387
45101500 45101501
34039004 34039005
45101503 45101504
38406545 38406547
36643044 36643046
3060674 3555727
38399547 38399548
34722462 34722464
36742482 36742483
34040506 34040507
34040646 34040647
1742640 2571666
4131689 4271600
15663662 15663664
1595200 2452234
45101506 45101507
34040323 34040324
1736202 2569533
45101508 45101509
45101510 45101511
37575923 37575924
9013976 9013994
37363779 37363780
670417 1414332
45101513 45101514
34716893 34716895
1102546 1973301
45101516 45101517
4058040 4216146
45101518 45101519
12594197 12594200
38019989 38019990
45101520 45101521
45101523 45101524
45101527 45101528
32790029 32790030
36643741 36643743
45101530 45101531
32790230 32790231
37672878 37672880
36643848 36643850
837678 1648678
33559754 33559756
34717014 34717016
45101533 45101534
34040609 34040610
45101536 45101537
34722124 34722125
