2087029 2840555
35574461 35574462
45356577 45356578
45356579 45356580
45356581 45356582
35581552 35581553
40289137 40289139
45356583 45356584
45356585 45356586
35556936 35556938
40291999 40292001
40303053 40303055
40292630 40292632
45356588 45356589
45356591 45356592
33067189 33067192
34397964 34397966
42099365 42099367
45356593 45356594
42098847 42098849
45356595 45356596
45356597 45356598
45356599 45356600
40289097 40289099
45356601 45356602
45356603 45356604
40291526 40291528
45356606 45356607
45356608 45356609
35588719 35588720
40291902 40291904
45356610 45356611
45356612 45356613
34369823 34369824
45356614 45356615
12224205 12224209
38019005 38019006
35581569 35581570
35574527 35574529
34440994 34440997
45356616 45356617
34369812 34369814
33067363 33067366
45356618 45356619
45356621 45356622
34384392 34384393
45356623 45356624
45356625 45356626
40292163 40292165
45356627 45356628
30497683 30497685
45356629 45356630
35595344 35595346
40291979 40291981
40291985 40291987
40291925 40291927
40291992 40291994
40291982 40291984
40291928 40291930
36262474 36262476
45356631 45356632
30500298 30500299
40292157 40292159
38016673 38016675
40292512 40292514
45356633 45356634
35604115 35604116
45356635 45356636
45356637 45356638
40291872 40291874
40292012 40292014
45356639 45356640
45356641 45356642
36262480 36262481
45356643 45356644
45356645 40291345
40291343 40291345
45356646 45356647
40291350 40291352
40291354 40291352
45356648 45356649
40292943 40292945
35595971 35595972
32795701 32795702
4625609 4634680
40292808 40292810
40292793 40292795
40292920 40292922
13387606 13387609
35575874 35575875
40292828 40292830
40292843 40292845
45356650 45356651
45356652 45356653
45356654 45356655
45356657 45356658
36460381 36460382
45356660 45356661
45356662 45356663
45356664 45356665
35575804 35575805
36461449 36461450
40292672 40292674
45356666 45356667
35556958 35556959
45356669 45356670
33955049 33955050
40292472 40292474
40292469 40292471
40304056 40304058
40292495 40292497
40292489 40292491
40292501 40292503
40292480 40292482
40292492 40292494
40292483 40292485
30503431 30503432
35580093 35580094
30504589 30504590
30503414 30503415
45356671 45356672
34435670 34435672
30502063 30502065
35580103 35580105
34484902 34484904
30245494 30245497
36521534 36521535
442934 1091605
35580228 35580229
35580098 35580099
6141255 6141270
30504852 30504853
35580095 35580096
35580178 35580180
35580273 35580274
35580230 35580231
35580275 35580276
2413508 3101482
34494420 34494421
35621043 35621044
30494036 30494037
45356673 45356674
30498454 30498456
30504616 30504618
45356675 45356676
45356677 45356678
35621039 35621040
30493882 30493884
35580101 35580102
1553062 2413498
30493724 30493725
45356679 45356680
45356681 45356682
45356683 45356684
28388832 28388834
4077210 4231636
45356685 45356686
35576707 35576708
45356688 45356689
30504198 30504199
45356691 45356692
40292321 40292323
45356693 45356694
45356695 45356696
45356697 45356698
10650549 10650561
11052325 11052326
35574524 35574525
40291517 40291519
35595022 35595023
35606513 35606514
35574401 35574402
45356699 45356700
35595439 35595440
45356701 45356702
45356703 45356704
33955368 33955369
45356705 45356706
45356707 45356708
35595592 35595593
35596091 35596093
42157635 42157636
45356709 45356710
45356711 45356712
40289102 40289104
35614222 35614224
15260979 15260982
45356713 45356714
34447553 34447554
41840527 41840528
40289092 40289094
33955501 33955502
45356715 45356716
45356717 45356718
35584722 35584723
35557457 35557458
34429821 34429822
3122390 3599850
32960819 32960820
3049740 3549405
34438827 34438828
31929953 31929954
15083641 15083645
30220694 30220696
45356719 45356720
33944258 33944259
35595119 35595120
36509416 36509417
45356721 45356722
45356723 45356724
45356725 45356726
35595122 35595124
15257524 15257527
35594908 35594909
35595773 35595774
45356727 45356728
1962796 2733443
33067473 33067475
45356729 45356730
45356732 45356733
45356734 45356735
31939305 31939307
45356736 45356737
30755645 30755647
36513927 36513928
34406233 34406234
37412529 37412530
35595462 35595463
14782470 14782476
45356738 45356739
36461444 36461446
45356740 45356741
35608683 35608684
34455443 34455444
35616475 35616476
45356743 45356744
35557338 35557339
35604415 35604416
45356745 45356746
45356750 45356751
45356753 45356754
45356755 45356756
35617382 35617384
40292707 40292709
40292710 40292712
40292696 40292698
40292723 40292725
35568317 35568318
45356757 45356758
8224025 8224030
31930104 31930107
35574522 35574523
34363846 34363847
35606543 35606544
3209444 3664672
14820249 14820250
3898386 4115817
31939301 31939302
33066820 33066823
45356759 45356760
12700185 12700191
30500445 30500447
45356761 45356762
45356764 45356765
45356767 45356768
35591542 35591544
40291828 40291830
35580224 35580227
45356770 45356771
2066258 2824601
35591531 35591532
45356773 45356774
35606570 35606572
35590495 35590497
35591528 35591529
35580203 35580204
35580309 35580310
40291846 40291848
35575407 35575408
40291834 40291836
45356775 45356776
45356777 45356778
45356779 45356780
34361582 34361583
35595105 35595106
32870026 32870027
35591510 35591511
35605942 35605943
45356781 45356782
35604672 35604673
35580312 35580313
45356784 45356785
45356786 45356787
45356788 45356789
35616060 35616062
34429598 34429599
35615883 35615884
35557406 35557407
35595325 35595326
45356790 45356791
45356792 45356793
15256199 15256202
35595054 35595055
30502099 30502100
45356794 45356795
45356797 45356798
45356799 45356800
45356801 45356802
40292249 40292251
45356803 45356804
30497723 30497724
45356805 45356806
45356807 45356808
40291838 40291840
40291841 40291843
45356810 45356811
34429631 34429632
34358272 34358273
35604584 35604585
40291668 40291670
40291659 40291661
40291688 40291690
40291697 40291699
40291683 40291685
40291671 40291674
40291676 40291678
40291664 40291667
40291652 40291654
13505607 13505610
45356812 45356813
15601594 15601598
40291920 40291922
40291908 40291910
40291911 40291913
40291914 40291916
34452869 34452870
40291917 40291919
2061429 2821187
36509094 36509096
40291879 40291881
34437745 34437746
45356814 45356815
45356816 45356817
40291882 40291884
32737452 32737454
45356818 45356819
35556745 35556746
35556742 35556743
35597307 35597308
45356820 45356821
35556740 35556741
35597282 35597283
40291905 40291907
33067369 33067372
35557679 35557680
45356822 45356823
36509230 36509231
12193614 12193617
45356824 45356825
45356826 45356827
45356828 45356829
35588721 35588722
35557426 35557427
45356830 45356831
45356832 45356833
45356834 45356835
41925275 41925277
34721592 34721593
35581546 35581548
35616757 35616758
45356836 45356837
45356838 45356839
45356840 45356841
40292627 40292629
35605188 35605189
45356842 45356843
40040814 40040815
37176288 37176289
38018933 38018934
40292194 40292196
1059303 1921105
8828070 8828083
101430 332804
11064634 11064646
785388 1571687
723964 1486086
35554448 35554449
33066320 33066322
6464408 6464410
33066561 33066564
45356845 45356846
30756704 30756706
34494515 34494517
2871412 3421124
230463 708390
35575722 35575723
35052051 35052055
14931657 14931662
6140059 6140081
32824098 32824101
35554403 35554405
15085009 15085013
4948236 4948300
45356847 45356848
35575076 35575077
7267983 7267988
35576024 35576025
35575935 35575936
1797848 2612471
35564751 35564754
45356849 45356850
2821192 3387779
2352853 3050202
45356851 45356852
33944253 33944255
33874544 33874547
35581532 35581533
928579 1740200
35596003 35596006
35617402 35617404
35575812 35575813
10240488 10240493
45356853 45356854
31934414 31934415
35608503 35608506
5018046 5018050
33171367 33171369
13332730 13332740
35606565 35606567
32823997 32824000
45356855 45356856
43680333 43680334
35606546 35606547
34720372 34720374
43680309 43680310
35606557 35606559
35575879 35575880
1740179 2570403
43455455 43455456
34441095 34441097
45356857 45356858
582801 1300643
35574501 35574503
32804869 32804871
35606535 35606537
35606606 35606607
35604536 35604537
2570405 3209862
45356859 45356860
35606550 35606551
32824111 32824113
40292301 40292303
43792409 43792410
35582777 35582778
45356861 45356862
15316883 15316892
45356863 45356864
37369980 37369982
15471260 15471266
40292313 40292315
40292293 40292295
45356865 45356866
45356871 45356872
35606554 35606555
35606552 35606553
45356873 45356874
45356875 45356876
40292310 40292312
30502094 30502095
32815439 32815440
35584716 35584717
45356877 45356878
45356879 45356880
4530101 4551027
40289073 40289075
45356881 45356882
35554382 35554384
35606561 35606563
13405508 13405515
45356883 45356884
35606526 35606528
3599798 3926028
43680302 43680303
35579474 35579475
45356885 45356886
32842370 32842372
45356889 45356890
4292465 4376845
35583407 35583408
45356891 45356892
45356893 45356894
35604531 35604532
15091739 15091744
35605812 35605813
45356895 45356896
45356897 45356898
45356899 45356900
45356901 45356902
45356903 45356904
45356906 45356907
35574390 35574391
35621041 35621042
35604534 35604535
45356908 45356909
35606530 35606532
32829412 32829413
35585228 35585230
35606597 35606599
34429786 34429787
40292254 40292256
35606609 35606612
35608713 35608714
35575761 35575762
45356910 45356911
45356912 45356913
4948256 4948309
34358275 34358276
35575718 35575719
35617167 35617168
32858244 32858248
35600223 35600224
32824109 32824110
35557578 35557579
3702209 3991359
45356914 45356915
35584313 35584314
3922551 4131581
35575726 35575728
32791253 32791255
34400683 34400684
45356916 45356917
35556361 35556362
35556367 35556368
30495482 30495484
45356918 45356919
35581558 35581560
45356920 45356921
40292264 40292267
4362096 4424713
4530118 4551043
30500260 30500262
45356922 45356923
35580009 35580010
45356924 35580010
40292278 40292280
40292284 40292286
40292304 40292306
2352862 3050209
40292290 40292292
40292298 40292300
10850144 10850169
40292261 40292263
30500187 30500188
35555822 35555823
45356925 45356926
35575078 35575079
45356927 45356928
35575697 35575699
45356929 45356930
35579918 35579919
40292269 40292271
45356931 45356932
45356933 45356934
45356935 45356936
35606595 35606596
40292316 40292318
33067269 33067272
45356937 45356938
723291 1484776
35614165 35614166
35606541 35606542
35617506 35617507
30785598 30785599
40289006 40289008
34358268 34358270
2336126 3036782
45356939 45356940
41927051 41927052
45356941 45356942
45356943 45356944
33067154 33067156
36460393 36460394
45356945 45356946
34429669 34429670
30772495 30772496
34447575 34447576
45356947 45356948
45356949 45356950
40292272 40292274
40292275 40292277
40292281 40292283
35571954 35571955
45356951 45356952
40292326 40292328
45356953 45356954
40292307 40292309
45356955 40292309
45356956 45356957
34439486 34439488
30497768 30497772
40292287 40292289
45356958 45356959
15259763 15259766
35576983 35576984
35591522 35591523
31940402 31940403
45356960 45356961
42134894 42134896
34457235 34457236
37411623 37411625
34429681 34429682
45356962 45356963
45356964 45356965
45356966 45356967
42000856 42000858
42000860 42000861
45356968 45356969
29942183 29942184
45356970 45356971
34380729 34380731
41926963 41926965
41926964 41926966
45356972 45356973
34380728 34380730
42101110 42101112
45356974 45356975
45356976 45356977
45356978 45356979
45356980 45356981
42133094 42133096
42133095 42133097
45356982 45356983
45356984 45356985
45356986 45356987
4529837 4550772
45356988 45356989
45356990 45356991
30065833 30065834
45356992 45356993
35605776 35605777
35605757 35605759
45356994 45356995
45356996 45356997
45356998 45356999
45357000 45357001
35608829 35608830
45357002 45357003
34447586 34447587
42164211 42164212
42102008 42102010
42195479 42195480
34457250 34457251
45357004 45357005
45357006 45357007
29865133 29865134
34361735 34361736
41926974 41926976
34445485 34445487
35572339 35572340
32742075 32742077
42133092 42133093
41926972 41926973
34368987 34368988
45357008 45357009
42099123 42099125
42099124 42099126
45357010 45357011
45357012 45357013
45357014 45357015
45357016 45357017
45357018 45357019
35616526 35616527
41922377 41922379
42102614 42102616
35584719 35584720
41926970 41926971
45357020 45357021
34445483 34445484
45357022 45357023
45357024 45357025
45357026 45357027
45357028 45357029
45357031 45357032
45357033 45357034
4529838 4550776
45357035 45357036
45357037 45357038
45357039 45357040
45357041 45357042
45357043 45357044
45357045 45357046
45357047 45357048
45357049 45357050
45357051 45357052
45357053 45357054
45357055 45357056
45357057 45357058
45357059 45357060
45357061 45357062
45357063 45357064
45357065 45357066
45357067 45357068
45357069 45357070
45357071 45357072
45357073 45357074
35616652 35616653
45357075 45357076
45357077 45357078
34440871 34440872
4424703 4468876
35580271 35580272
45357079 45357080
30500072 30500074
35572350 35572351
45357081 45357082
45357083 45357084
35585108 35585109
45357085 45357086
45357088 45357089
29954450 29954451
45357090 45357091
45357092 45357093
45357094 45357095
45357096 45357097
45357098 45357099
35605781 35605782
29838651 29838652
41926967 41926969
29838653 29838654
30053255 30053256
30053255 30053257
30053255 30053258
45357100 45357101
45357102 45357103
35573342 35573343
45357104 45357105
45357106 45357107
45357108 45357109
45357110 45357111
35605753 35605754
45357112 45357113
35585104 35585105
35608835 35608836
45357114 45357115
45357116 45357117
45357118 45357119
45357120 45357121
45357122 45357123
35605751 35605752
45357124 45357125
34406572 34406574
39664757 39664759
45357126 45357127
45357128 45357129
45357130 45357131
45357132 45357133
45357134 45357135
45357136 45357137
35585110 35585111
45357138 45357139
45357140 45357141
35580265 35580266
35585106 35585107
45357142 45357143
45357144 45357145
45357146 45357147
45357148 45357149
45357150 45357151
35605783 35605784
45357152 45357153
45357154 45357155
45357156 45357157
45357158 45357159
45357160 45357161
45357162 45357163
45357164 45357165
2336119 3036779
45357166 45357167
45357168 45357169
35616028 35616029
34397235 34397236
34384384 34384386
45357170 45357171
35616111 35616112
35586691 35586692
45357172 45357173
34449157 34449158
45357174 45357175
35581550 35581551
45357176 45357177
45357178 45357179
45357180 45357181
35605778 35605779
45357182 45357183
35586316 35586317
42108508 42108509
42061820 42061821
35616790 35616791
45357184 45357185
34369322 34369323
42023858 42023860
45357186 45357187
42101048 42101050
45357188 45357189
45357190 45357191
35555942 35555943
45357192 45357193
34447262 34447263
45357194 45357195
34457247 34457249
34391848 34391849
34461650 34461651
34361737 34361738
34358478 34358479
35586689 35586690
34390764 34390765
34447584 34447585
45357196 45357197
35608825 35608826
34474580 34474581
45357198 45357199
15454308 15454316
35606613 35606616
14941422 14941436
785431 1571688
40291262 40291264
40304110 40304112
40303975 40303977
4529884 4550825
45357200 45357201
40291374 40291376
45357202 45357203
4503126 4529833
30497527 30497529
40304002 40304004
40291397 40291399
40291391 40291393
35587157 35587159
40291382 40291384
40291394 40291396
35565557 35565559
34369279 34369280
40291414 40291416
40291417 40291419
45357204 45357205
45357206 45357207
45357210 45357211
34341889 34341891
45357226 45357227
15260928 15260931
40304018 40304020
45357228 45357229
45357230 45357231
40304037 40304039
40304028 40304030
40304021 40304023
40304034 40304036
40304040 40304042
40304043 40304045
40304031 40304033
40291702 40291704
40304046 40304048
40291711 40291713
40291707 40291708
40291721 40291723
40291718 40291720
45357232 45357233
35555892 35555893
14818076 14818077
35605774 35605775
35557591 35557592
45357234 45357235
30619888 30619893
35597321 35597322
45357236 45357237
45357239 45357240
45357242 45357243
42099865 42099866
45357244 45357245
45357246 45357247
4424751 4468923
45357248 45357249
35605199 35605200
35586634 35586635
12565610 12565618
40289061 40289063
32721565 32721567
7444007 7444025
32793513 32793515
36461234 36461236
4503149 4529886
32826313 32826315
4362176 4424807
45357250 45357251
3678466 3975860
45357252 45357253
41911846 41911847
45357254 45357255
4424831 4469013
10718682 10718695
35557675 35557676
35616524 35616525
30500287 30500288
45357256 45357257
30502092 30502093
45357258 45357259
45357260 45357261
11657576 11657584
45357263 45357264
45357265 45357266
45357267 45357268
34429826 34429827
34723578 34723579
2740476 3332753
30233960 30233961
30497809 30497810
30519353 30519354
35557684 35557685
45357269 45357270
45357272 45357273
35557046 35557047
45357274 45357275
45357276 45357277
35604698 35604699
35557681 35557682
30500295 30500296
35565138 35565140
40292515 40292517
35568330 35568331
32721484 32721486
32721561 32721563
40304095 40304097
33067631 33067635
45357278 45357279
45357281 45357282
45357283 45357284
41927016 41927018
32721453 32721455
32721467 32721469
32721464 32721466
32721571 32721573
32721508 32721510
32721568 32721570
32721549 32721551
32721546 32721548
32721533 32721535
32721520 32721522
32721537 32721539
32721543 32721545
32721552 32721554
32721540 32721542
32721491 32721493
45357285 45357286
34361732 34361734
45357287 45357288
42100960 42100961
34446218 34446219
42133110 42133111
42133112 42133113
42133108 42133109
42133105 42133107
41919562 41919564
41919561 41919563
45357289 45357290
42102470 42102471
35557488 35557489
40292633 40292635
40292636 40292638
40292649 40292651
40292642 40292644
40292639 40292641
40292654 40292656
40292680 40292682
35604412 35604413
35580277 35580278
45357291 45357292
45357294 45357295
45357297 45357298
45357299 45357300
33956233 33956236
45357301 45357302
42101122 42101124
45357303 45357304
32721498 32721500
32721501 32721503
32721450 32721452
45357305 45357306
35604101 35604102
35400188 35400190
40289076 40289078
40289083 40289085
4271412 4362103
4424689 4468873
45357307 45357308
4131595 4271484
35599884 35599885
45357309 45357310
34475111 34475112
39978706 39978707
45357311 45357312
45357313 45357314
4529832 4550767
4991707 4991713
41911801 41911803
35574511 35574513
34465513 34465514
1553053 2413483
11745182 11745187
33066501 33066505
11142252 11142256
35600155 35600157
45357315 45357316
45357317 45357318
3599866 3926137
40291268 40291270
40291265 40291267
40291271 40291273
40291276 40291278
45357319 45357320
45357321 45357322
35604248 35604249
45357323 45357324
35557594 35557595
45357325 45357326
45357328 45357329
45357330 45357331
42099862 42099864
42098679 42098681
40292039 40292041
35586624 35586626
34398047 34398049
45357332 45357333
35557494 35557496
40304061 40304063
40304070 40304072
40304076 40304078
40304053 40304055
40304073 40304075
40304083 40304085
40304067 40304069
40304064 40304066
40292498 40292500
40304092 40304094
40304086 40304088
40304089 40304091
40292486 40292488
40292477 40292479
40304079 40304082
32824311 32824314
2352861 3050208
40292659 40292661
40292664 40292666
40292669 40292671
40292683 40292685
34361554 34361555
45357335 45357336
33067882 33067885
40291309 40291311
36509314 36509315
45357337 45357338
33067971 33067975
15514196 15514201
15240732 15240735
42108503 42108504
35557657 35557658
35586549 35586551
40291562 40291564
40291559 40291561
40291569 40291571
45357339 45357340
35557486 35557487
35616443 35616445
40291825 40291827
40291816 40291818
45357341 45357342
45357343 45357344
1836585 2642578
45357345 45357346
45357347 45357348
30773375 30773377
45357349 45357350
45357352 45357353
1541808 2401711
1541843 2401778
45357356 45357357
45357359 45357360
32826909 32826910
35581561 35581562
35568445 35568446
45357361 45357362
35615798 35615799
42099054 42099056
45357363 45357364
45357365 45357366
42099058 42099059
36509109 36509110
45357367 45357368
45357369 45357370
45357371 45357372
34429853 34429854
40292686 40292688
40292689 40292691
13388721 13388728
45357373 45357374
45357376 45357377
45357378 45357379
45357380 45357381
45357382 45357383
45357385 45357386
45357388 45357389
41927003 41927005
5024189 5024194
30234565 30234566
45357390 45357391
45357390 45357392
45357393 45357394
31936010 31936015
36460334 36460335
2336130 3036785
42101992 42101994
45357395 45357396
40289131 40289133
40289155 40289157
40289134 40289136
40289148 40289150
38013568 38013570
40289175 40289177
40289123 40289126
40289170 40289172
40289197 40289199
35595800 35595801
4530155 4551082
40289158 40289160
40289167 40289169
40289164 40289166
40289145 40289147
40289161 40289163
40289140 40289142
40292588 40292590
755020 1536589
11681045 11681048
15086793 15086797
1553051 2413475
4625605 4634647
45357397 45357398
30772492 30772494
45357399 45357400
42157638 42157639
45357401 45357402
35594991 35594992
45357403 45357404
34345481 34345484
10412440 10412442
35616480 35616482
35586577 35586578
45357405 45357406
45357407 45357408
45357409 45357410
45357411 45357412
45357413 45357414
45357416 45357417
45357418 45357419
43686314 43686315
45357421 45357422
45357423 45357424
40292210 40292213
45357425 45357426
40291750 40291752
45357428 45357429
29944104 29944105
45357430 45357431
45357432 45357433
15241914 15241917
13476618 13476621
45357434 45357435
41862910 41862911
41862893 41862894
41862895 41862896
41862908 41862909
41862887 41862888
41862889 41862890
41862897 41862898
41862899 41862900
41862901 41862902
41862903 41862904
41862905 41862906
41862912 41862913
41862891 41862892
32840452 32840453
35556723 35556724
11440588 11440613
45357436 45357437
45357438 45357439
45357440 45357441
41927075 41927076
41927079 41927080
41927077 41927078
41927054 41927055
41927056 41927057
41927058 41927059
41927060 41927061
