36728996 55338
40028586 349171
36729121 99837
35736029 538635
40031853 1069261
40029269 709869
33517800 861615
40025775 113657
40030699 384674
40033108 632026
33517397 395314
40031671 198605
31822205 442056
40029705 623460
40025935 487293
36727785 694634
40029106 911680
40030812 231295
40029458 55366
40033710 1828419
33516259 289052
40033526 393646
33516482 78378
40030186 105327
36729175 500617
35693514 103323
40034598 1326008
33516202 640881
40029217 92368
40033964 297862
40034836 339674
40033269 342103
40028380 101822
40032808 95372
40032126 228371
40026753 1375350
40033926 366192
35712431 131951
35654529 447721
35654532 530267
41649213 345621
40025904 728005
39953884 635239
40026000 55342
33517380 325407
40033757 395171
36727982 274220
40032093 600117
2934002 682761
40030499 354666
35654801 106700
36728518 759167
35710092 478279
33511909 1000383
40027699 388502
32556873 670160
40032613 343731
35719867 143626
33515969 278860
40034129 1182519
33521390 218295
40031860 61140
33521081 175677
33520361 151282
41647359 345996
33515656 218346
36729107 218121
13109633 95591
40033088 348100
40034497 234986
40031675 256675
40026721 340339
40031899 451237
33517685 660553
35679773 275622
35699125 39289
33518896 35767
35695958 1198847
33511813 484566
40034118 186570
36727789 617000
7738807 53306
40033854 359078
40033585 686718
40027716 1094559
12345343 218188
40028605 2863
40032343 139801
40030594 2478099
31081111 394803
40026903 554624
35692882 192374
40033110 703880
39953729 1007704
33514762 749651
40035110 216618
36728285 875033
35675553 83424
35728861 938166
35654480 1738113
40033550 363583
5029532 943608
33517295 354324
33528804 95890
35683143 1103723
40027915 190413
35716960 403792
40033978 21886
40033546 394569
35686485 1490912
40030393 157100
32556802 111051
28732316 211296
40034781 101823
36728274 467233
39961081 219821
33516785 256260
28461343 395766
39964743 948268
35728038 1321205
35653828 890932
40031021 924516
31080460 962379
40032146 133701
40024855 39657
40026843 447601
40031832 1052183
35727631 411445
33511797 395593
40031066 53472
40031661 758386
33512686 77153
40034340 980748
40027919 218717
40033557 328832
40033506 77738
40029645 112006
33516795 346296
40028734 284691
40028086 188937
40034069 134075
40030865 1046131
40028078 400914
9138447 134385
33514687 77830
33518890 1006910
40028419 1216584
35653809 606764
40028045 366316
40030566 1393088
40032515 102918
33519195 236476
33518012 129619
40034753 63025
40029778 802005
33512120 394767
40031494 260700
40032896 724096
40034555 297868
33513400 19305
33515036 745998
39956246 728612
40032425 1058141
28702104 337483
39945450 1657691
35727344 1348601
33523542 208770
40034091 322400
35688899 246159
31161801 671050
31101237 604099
36728381 687973
32553014 872
31090032 98226
40034061 334613
40033938 746056
40034814 538643
39958446 196496
39940489 355957
23761141 50792
35676448 771140
40028444 217044
39945371 133800
40025827 92390
40031906 353424
40032930 13816
40030972 2425782
40025460 830913
31072737 338642
35698908 128270
40032069 219822
3548918 220614
40028648 192886
40029373 78711
35684071 85240
40032426 513116
39271501 38852
39513293 51595
6723594 849955
40032110 54730
40026662 75030
35701218 325746
33512641 251025
33526036 691930
10995788 255760
40030795 134292
40031743 135080
33518945 914915
33518145 494738
40027658 173026
33521900 383532
40026963 660079
41648900 369116
40032353 701939
39947305 1566447
33516997 352015
5011630 92866
36727814 2230737
15621985 364886
40033188 388376
40033612 627481
33515631 624594
36728785 477586
40028396 837580
3590558 825191
40026477 316768
36728441 142913
41419130 1046379
35869506 365606
41421049 314875
40029938 423650
40032609 23425
35654365 384729
33517467 618665
33519262 986186
35720621 1104683
40032180 351921
33512645 1025492
33518744 1030815
30483180 1357519
40032434 288085
40033968 98799
33513693 635789
33513514 510187
40032860 721721
36727983 91963
33517336 99169
40033708 670409
33514198 363804
40030720 884475
35694288 305941
35720624 1298821
33516874 938511
14601876 349599
33521926 2373154
35684298 211562
40030083 22451
14594459 346764
14594461 84796
33516947 100172
36674555 1273621
40025636 800324
4217954 270168
35652762 442763
40027436 180891
40028440 328133
40032372 423314
35720612 975894
36728000 395917
33519898 1180284
40028512 233357
40033023 74541
40034109 1038875
33516647 101034
40030221 269850
28525216 123342
12507029 48859
36727767 1417499
36729080 453809
40031881 1309420
40030839 153889
40031995 721241
9403117 1501590
40030757 1078563
40031945 695143
39961076 916940
36728668 606577
36728433 361163
40029733 1102885
39957541 220957
33514476 659373
33512379 376224
5011105 1670594
33513501 539195
40034179 95843
33521457 392219
36728236 361804
40030647 598962
40025712 92948
33517924 879616
33519734 4659598
33516766 101772
33516431 909001
35720603 228577
9066464 1901298
34872667 70439
40032927 93167
40033873 383150
36728091 329572
28982407 1203637
33516509 364191
40032134 289222
41420556 2189241
33516772 228395
40034437 942456
40029012 835393
39947302 102102
31084317 907117
33515211 792038
35654236 531025
40033841 595555
33523262 1260018
35654781 196852
35734022 6628
40024822 218111
32559314 690504
37683983 959509
30488570 1309248
33520978 358424
41649168 815130
40032595 98794
33520816 1537642
40032405 844662
40028104 286677
33514413 216887
35720705 238000
36729142 645262
40029026 1944582
33521438 642563
33516727 391991
36728954 99943
40032416 661929
40034909 926587
35728396 593368
30488373 97570
33515870 39750
40034983 916976
31081585 1042107
40034897 606980
39950948 325764
40032004 332820
33517291 537055
40025383 503001
40035151 416561
35720607 628799
33517385 242974
33516827 202764
35727637 324478
40030419 146869
33512651 388848
40030856 493681
35654322 140562
35653961 949665
33521015 1677571
40032543 770066
40034351 596693
40034100 356962
36728004 42383
40031734 432984
36727975 404560
33519571 664061
40029473 48843
40033582 312898
33515804 353622
40034011 220225
40034749 760394
33513929 685833
40033689 792754
35699390 1031016
40033608 292288
36728269 53830
33513974 53601
33514986 931597
36728444 878633
40029743 360930
11475006 486481
40031876 218488
36728511 356312
32556824 390995
35654546 103540
35653839 595951
35654848 697909
40031822 463743
41649209 780456
40033676 248813
33512272 614315
33514139 429336
33518687 105687
39965858 388563
40032385 59761
11342155 493698
35698884 413873
35717084 1541805
36727979 210661
40028239 454255
12345375 72434
41420282 873342
36729163 192777
33516082 68083
36727988 103289
4359472 1034051
35703198 402130
12020147 354945
36728856 659191
36728612 310696
36728555 945271
35653733 86339
33520807 343368
40031638 208261
40032078 107787
40028324 34874
4092279 637877
40026773 417078
40034334 237959
35653800 178648
33514155 1287656
33515480 536492
40029097 1180000
40034558 1287703
15130697 572691
40030629 221971
40030268 669085
40032081 1254417
40035196 380152
40033677 572625
41649225 575854
40031897 604199
36729103 1303544
40033639 52143
40032882 207149
36728304 309
40029328 52408
31084163 695535
40028056 47109
40034257 181308
40031283 686491
40034619 333370
40025545 359175
36727957 325104
34860130 95667
40033705 129211
35653771 134907
40031292 893125
36729154 297558
38735302 73093
39956778 129450
40030325 209977
11420057 986897
36728159 313730
33519939 1180040
40034799 446602
33512997 919385
33523306 363620
32554492 961495
39955347 166801
33513676 789732
40024298 50955
15375964 669293
35653624 1180049
41649436 93236
40028848 318507
35707739 92194
40028869 70659
40030752 801357
15558689 386756
40028432 95543
40026952 932623
36728656 397490
40034560 929530
35639448 131194
40034353 631535
33520048 432024
36728874 333947
35653250 130826
40026986 416691
33098426 352061
36727792 330880
35654266 669014
30487280 1482073
40030808 664610
32557887 294886
35682961 99521
32557931 22825
33516643 8901
35710602 36068
40032597 221400
33519204 697808
35694373 265115
33517730 760150
33513139 332090
36674554 389455
33517319 1006994
40032514 396409
35654260 827190
35654868 358774
40031895 142029
39964681 341566
32978597 130755
40029477 129743
33521055 98439
40033754 858116
40032000 147518
40032089 94514
40031986 502549
30233933 52399
33518168 40152
14266408 836147
33516514 908224
33519200 1289646
40029055 40133
40032979 1778735
33512493 874001
40034309 780203
33511783 2161084
39964311 445148
40028044 532586
35720605 863876
40032849 800836
33519270 1753122
36728468 688816
40031161 470348
40029327 482475
35691639 215183
39949756 321342
33521096 470118
40032341 105095
1667365 601246
35676713 122313
31091022 191142
35718290 918889
40029846 437124
40032104 1401190
33516498 1602432
36728298 761364
33517390 933043
11773260 318470
30486448 121808
33514370 26979
28551475 738472
40033392 45400
1696078 56929
40029790 213163
40034915 248587
40032831 248271
33518661 1071066
35652750 86953
35869493 783393
33511246 1616187
35691019 870490
40035205 105356
33515542 299645
33518647 248670
40030922 671398
33517791 38679
36729063 220476
31081866 12036
33516333 288530
33517314 289223
36727872 225328
40029760 391960
35654331 67354
33516625 151676
40030781 208129
39960389 173480
33516683 824632
35679347 336476
39958089 1128516
35654583 20886
14594445 539513
33516524 867372
35720623 17044
33516758 659887
40032121 502448
35716152 668248
39941219 23132
33523633 746593
36729098 800397
40032967 345201
36729076 455690
35731998 384793
35677515 261783
40034112 663911
33515177 218531
40030496 193833
40032435 675241
32556638 922297
35404260 1007039
35720657 1775217
39955342 1124020
40034567 673588
40032830 191873
33516722 1788206
40032716 737766
40028808 320895
39950940 707324
33515704 41912
35652391 1373938
35653915 823744
36769049 43322
40028199 1216254
35720701 327725
40032809 60138
40027694 880027
40029565 105471
35723288 541613
40030593 461792
40026874 224049
40030170 28935
40034120 77581
35653716 758426
40033668 960600
31087510 38613
33512696 860291
33515746 341132
40031911 332982
36728533 587673
40029046 343078
35737428 339140
33514366 71210
40029627 800325
40033609 952808
36727926 947136
35654256 328978
35653898 896486
40032740 689658
35869497 6000
35654844 1135597
35692759 325329
40035020 787402
40031552 53807
33512938 870374
40031942 296409
30865891 1306479
40031798 344422
35690846 848728
40026602 241637
12345385 854407
30660374 272793
35654798 600522
33513937 321765
40034090 471682
40031316 325558
40031927 1618558
36727771 1263137
40032064 867634
40033815 1476048
40026806 1021836
33516633 344822
39960144 248553
40033046 989988
33517360 297861
35537723 1501851
35537726 96707
35537725 357127
33517366 945467
25448419 163614
40033562 1307692
35654687 339003
33520441 1021578
35716957 506201
40033802 52721
40028123 523256
35638790 236343
40029924 100229
40030987 2003769
36728045 331495
40034099 300713
33517033 313190
35654370 1737185
40032976 924106
35696596 287359
33512739 141925
35677298 1102392
33515810 172043
36728941 631683
33520728 173386
39951636 669704
40034077 174182
35652754 901831
35701009 220091
11488404 344034
3442964 400372
35639811 354568
35677637 718655
12345338 147632
40033075 345147
40026540 338436
40032835 221396
35715475 1740228
35653803 932236
33513396 759013
41649396 341071
35734906 765631
33519391 279687
38721582 220379
40034121 1067659
41649404 1134751
33516486 424661
40028049 342316
33514114 629565
40034837 778866
36727954 849387
36727883 41913
40030770 58288
36727847 325800
40032340 299911
40034062 128182
40034033 342559
40026561 43406
40027421 1949317
28852647 1165171
35714188 139461
40029405 316131
40026462 659847
33514307 340598
35720629 453418
40027762 934730
14482357 107847
33513087 1759759
36727773 757881
33515373 95585
33513114 354659
33518472 305812
41649426 21985
33517783 63517
40029452 655983
40032615 606728
40031608 132871
35654832 188805
33518995 130140
35724030 212532
33515448 241700
40023659 225152
33503042 1681887
40024597 72563
40026808 687447
40029393 127984
35709935 106697
40026173 619125
35720578 35461
40026789 1018039
40024655 240706
40025454 323878
40023512 390450
40024064 780040
40023318 864053
14218827 339519
40030936 125809
35728636 1611880
40025813 1246245
40025026 523181
7849944 444760
40033547 672384
40024826 1024336
39942880 188705
40030735 580974
35676475 385925
36728559 342603
40025164 1293363
40030401 904013
40023910 288716
40023900 824469
11020793 173059
40024852 397890
40027042 325202
40033423 591305
40137006 1950417
31093429 60919
40028341 35267
40024382 22497
40025437 22450
31092091 288308
35727387 316182
40025013 532832
35679416 87059
40029791 217002
40030786 106430
36728018 110046
36728535 528921
40030239 202363
10889214 2770868
30484051 176700
41648834 337080
36728692 675949
39945168 344997
40029579 82654
40024786 1707717
14595838 316925
40028020 81080
40024533 1753183
40029557 313635
40029750 93433
40030790 444624
40025733 1314048
34910156 42231
33512642 130242
35695257 347813
40028301 406784
40031905 31360
39940318 393420
41649696 171148
40034043 265078
36728486 394801
40029454 856757
36728032 142891
40024936 263281
40024957 292093
40026979 933282
41648889 707887
1817696 904582
40034143 289905
40023768 333686
40023917 142623
33379477 18886
15221331 476507
12353964 181643
40024973 313967
40024308 1754654
33511569 927793
40028953 101443
33509817 362465
36728552 107720
39954186 909728
40028581 101006
41416887 918712
39947239 41914
40033025 403730
40027064 824012
40026756 332389
39955436 171918
40027414 384363
36728456 224944
40029387 1414569
36728565 98760
40025716 1685883
14376430 230036
40031891 1481074
31072688 332710
39947241 1512408
4400483 300301
35707350 99897
35653920 361949
39947502 672812
40027588 409958
40026925 2141485
35653950 327309
33510150 969875
40028445 660935
40024889 127550
35675447 397489
41648744 741546
40028034 1459579
40034523 340336
33509718 892314
40023679 890402
40028018 619085
35654247 1596098
31090687 893058
40023396 756000
40025822 345518
40026305 64013
36728410 342948
40028038 496818
40028093 299708
41648972 671549
39939707 105186
40024631 329028
40029607 50507
40023485 360875
39955258 230055
40029544 369947
40024150 324885
40029762 685174
40033596 212932
40023713 366087
40035169 534865
36674544 490955
35869513 707577
14716748 688071
35724021 2145379
40024009 894231
40030960 1229097
36728153 1668841
33512801 770258
40025763 1745461
40029481 123616
36728547 1007229
11142360 318539
40033661 508684
40027003 98657
41649135 141845
40030488 83425
35679867 644244
40025734 496424
36728385 896355
40026989 203206
28439940 320857
40023915 398051
40028485 1254999
40025022 217866
40025628 995345
40024002 219511
40027575 712874
40023389 279154
40032535 91671
36728359 1686191
40023673 408409
40025071 924356
40031004 1019349
40029532 362571
40032105 790487
40026728 2576111
40025729 448604
40026493 1097789
40028564 1060351
40028310 830934
40027410 2037249
40027759 871265
36727937 1729962
40029637 433482
40029649 393255
33515479 1596824
40033026 679066
36728690 1853326
40024325 45298
40034515 386005
40023925 273337
35724573 100474
41649617 1898975
25441918 333655
39943316 576399
35696584 52144
40026281 913751
40029418 296191
41418521 54015
39947105 1801619
39925037 95891
36728097 56708
31096729 539598
40030962 449153
40033000 685461
36729019 332852
40026060 52042
40027015 98599
39954929 1128602
33510188 53310
36728194 1128621
40024788 188442
40024640 268179
35700277 723154
39955114 336189
9403369 922797
40026994 447907
40028660 894475
39955261 743858
40023949 966191
40027413 857997
40029435 135606
33511447 1439914
40026757 296950
40030864 1094913
31101954 358363
15481028 696664
41649554 218352
40027961 1216792
40025251 1191978
40033630 212843
36728792 904795
40024060 292846
40025863 185659
39955409 54482
35712450 541704
36727928 190927
33508455 105525
36728137 2539897
40024335 84430
36728339 113116
36728368 146554
40032061 437437
31081362 443464
41648761 217597
40024524 895100
34794787 960271
40025522 198125
40023972 953280
41648763 544163
40025589 180264
40030415 348205
36728783 906207
36728337 228807
40032148 299766
36728125 976702
41648784 1418581
35863445 430153
5395347 21569
15445051 113126
29026620 212342
40026845 8727
28737637 1743112
40029757 299920
40031918 341072
40032816 221972
40026771 295822
40026883 216410
40025679 487076
40024339 394720
39948658 543792
31083186 246203
39942874 188549
41649494 272525
40029886 112961
36729157 788484
40030950 171522
36728799 457900
40024950 1974030
36729011 257737
31090716 892092
40024270 369918
36728246 383705
41649019 392147
36728341 531359
40026729 306245
40029854 15377
36728596 104319
39939525 613279
28897966 757885
40028655 362324
40030941 107549
35715062 913894
40024861 216931
40028412 1615460
40024003 1094364
39947171 312770
40024785 361299
40030727 791354
40023998 344754
40026917 651921
36728721 472246
41648916 227278
39950597 828782
36728140 319354
32069865 123203
40028127 19936
36728774 96045
40027209 316158
31096947 1094408
33512522 19968
41648899 20598
40026796 15711
36727919 115943
40031601 714899
35654358 1217613
31094812 374123
40023717 2300328
31161800 363942
36728756 1023485
39950947 752532
40033680 242692
41648955 257658
35714742 116601
40029362 507388
40031657 527873
35698901 257684
41648958 248920
36728080 133439
33511200 635308
31092855 92827
40025252 14971
36728494 147724
40029850 1097009
40029883 344256
40024951 786350
35725048 115031
1444869 465982
40025752 283202
39957109 382544
35654626 1748413
39957452 18251
31086343 1694619
40029396 806727
36729113 135878
40032059 95632
31094170 999289
33513757 994975
33511535 157976
40026783 365607
40028016 623223
40026927 202779
35654416 326796
40025651 241606
40024938 360574
40029560 322952
40023707 98551
40026837 527813
40025821 1384081
40024321 408085
33513536 369871
31091416 604481
40023902 875034
39958036 110599
35676477 170467
41648891 96282
40023955 365152
36728421 318900
40025872 691003
40023908 279441
40024914 623520
36728829 602596
40030965 262197
36728363 1002443
40033032 273912
40034584 99944
36728099 768994
40028388 1592664
40034733 1753310
35698804 402597
35654211 1124295
40024387 1754942
40034638 25026
40029552 898542
35675467 918536
39947320 321717
40026292 1624
40033262 821925
40028232 791981
10854053 347458
35720609 392048
41648854 255284
36764298 58190
35677702 669664
36728232 77788
41649197 548164
39954434 662918
40026679 2489407
40025721 659850
33509712 617657
40028460 99467
33511991 1070618
40023884 295568
40026992 2268166
40026698 1657721
36728400 497615
35728428 934412
35653702 1240557
9429661 829495
32168929 1133424
40025458 316225
40026996 369671
40027276 1711080
39130019 224937
40028096 385571
40023668 404805
36728818 291547
40027744 326369
40024287 2799849
33379550 605308
41649029 692002
40026241 213281
40032128 689032
40028285 1222488
40025875 263190
40033614 832630
40023497 799161
40032392 1315106
40031068 682366
40025690 84324
36728569 443470
40029812 1692527
40028187 128078
40026852 2160061
40023942 2130364
40029856 762492
41649492 1718140
39958318 1744215
40033714 57139
35654181 440095
31103188 53109
35698830 651076
36728243 879159
41648845 687342
36674571 2078182
35720678 346786
36728506 919543
36728295 893708
36728119 47542
36728898 397228
39956688 73788
36728454 237811
35735068 1471692
40029561 1345276
40029129 904630
40031879 1754072
40025664 1251190
40028986 401791
35737147 831128
40026936 792675
10859628 697409
40024970 1709915
33382432 901168
40028904 941669
40025724 1325888
41649056 394365
40030983 394013
40027256 1123405
40033633 922298
40024253 134469
40024972 1895451
41649059 91211
40025792 437122
40023684 95945
39947299 1891556
40023723 453869
41649576 443929
41417536 523959
41649043 924305
35723409 349125
40034502 665001
40030977 1584633
40028106 329195
35654512 104062
40028395 654396
41648991 95057
9439212 865424
40026817 1241057
36728999 457765
41419002 471289
36728597 1132774
40026475 873376
40029823 59789
40028392 400544
36539032 860684
40032076 322953
35696897 487422
40025028 330665
40027404 137513
33520305 159431
36728753 487030
40025684 758311
40028280 353349
33512750 362321
40034466 92348
40028506 648294
41648977 2205912
40025869 880512
40023709 587903
41648952 94803
39950610 293528
40025595 219663
36687585 627983
36728103 407201
40026841 157975
41647237 2561589
35724022 358256
40032880 444374
41649653 351093
40023423 376406
40025667 48860
40025698 168934
36728371 160290
36727923 291918
31087507 124653
33512737 202836
36729117 529213
31081924 352239
36728481 478965
40025707 341906
40024915 836926
40028116 104742
40031976 350813
40028226 825230
38812768 931898
35677266 1491067
40025753 856943
36728068 217003
41649622 109825
41649114 1309813
36728217 333204
36729123 1975557
35716132 388653
31091486 612317
40032920 509454
40026876 1325422
40025036 870418
31103392 308523
41649524 663800
33508945 120831
39955054 402828
39943464 445640
36728944 1460905
40028190 586485
33509172 404561
40024328 267225
35715090 94286
40025909 1376827
40028283 204325
39946374 696660
40028502 732297
11549825 1202844
40026862 358219
40026907 534084
30223361 689204
36728973 278510
40023994 144985
33512879 1006576
35734311 1138441
40087617 590689
40024947 715256
40026954 497736
40024930 666289
35654639 52326
40024276 313438
40027749 669537
33512722 715380
36728308 962601
35700382 316779
33512528 496211
33512524 409041
33510799 1655357
40028041 352401
33507669 380588
40029764 963990
35536952 1138528
31096039 715397
40026736 889441
40024890 374070
39943485 1915743
33511062 395954
36728966 810256
40024115 397762
40028181 738834
35405580 1794079
33509273 2868638
33508346 934012
36729007 62168
41649194 160242
35869516 160371
15510662 659931
39955129 351357
35654417 944463
40027616 809749
40033658 573551
30827926 2403909
41648978 288722
40029665 884476
40031581 1493210
41418714 2572213
40029893 360877
40027403 1854441
40028423 507278
36728136 14339
36728598 97166
40032923 115190
36728403 829465
41649163 209403
40028998 123404
40024467 11936
36728579 1303331
39940842 71835
40026412 729059
40025629 228407
11732402 395087
40024990 2218469
36728910 445149
36728393 817925
40026105 356720
40026760 202179
40032176 1188088
36728677 487219
40033002 817710
35654648 1740435
41648917 1545564
33506793 738384
40032103 1012215
40029389 941986
40034506 191343
35719548 650820
40034519 434708
40026116 1757259
40029634 3273425
40034074 92947
40033818 3913197
40024450 648273
40025302 104096
40029091 1389155
40025723 218158
39963711 487223
41648819 692313
40025737 395509
40026307 741
40030934 1401944
40023476 1489534
39958160 2187597
40025098 867802
40029519 349910
14683304 396851
36728390 91378
14450404 418567
40023405 947322
40025744 291863
40030823 945130
40023927 261494
40028399 2317855
41648729 857367
40025273 742375
40026905 671234
40028108 286678
40024980 352400
33510659 2875910
40028070 1039080
41649186 340922
36728759 394860
40025015 689509
35715099 244854
40032794 1000717
40033587 35358
40025643 1218430
31091949 524843
14546748 95892
35687789 729443
40029794 670558
40032047 534728
40028451 94639
40026918 350791
40028298 94439
36729014 1973829
40026879 774963
40025223 3553343
36728805 1482438
40026814 316159
36728070 154965
40024336 1444116
36728644 18418
40028322 1308439
33512018 1591712
33513215 95587
40025739 294529
33511436 109195
40025586 3652780
40028150 343984
39961698 1659719
40026872 1060864
39949813 498313
36728570 261453
36728580 1719406
35653917 21815
40028019 129133
36728550 342728
36728660 314203
36727828 376283
41648822 96665
40031048 3076610
41649211 867032
40029621 1331990
36728975 155202
36728650 154330
41417540 2289607
41649493 869819
33512520 80806
40023655 429473
40023940 324551
40023503 216890
40031304 336719
40032926 914341
40024967 1221850
40029595 348204
36728670 730213
39952794 2558711
40026888 411691
36728223 272372
40032948 106864
14383063 109024
40024622 898591
40025023 1190307
31095177 2206601
40026848 225333
39949481 328727
39949771 401792
40026930 674025
41648872 321282
36728866 874197
40032017 1032756
36727915 628732
33508213 48505
36728107 242750
36728791 859013
41649495 397036
33511670 331579
36728778 1185496
33508546 859917
36728838 959793
36728056 1818339
36727934 669334
40029862 98036
40028233 765340
39942831 1218431
35044316 1980856
40024406 408562
35654318 2240641
40027407 2069671
40031535 924079
36728907 1602034
31093520 828046
36728237 1261496
40030736 270291
40024828 332677
40032826 963530
40033654 831035
40023905 883238
33515707 1310407
40027000 3917202
36729115 323028
36728724 333567
33521375 697801
39958916 1104684
40026940 775219
39946519 603139
40032140 1765077
41418347 98377
40027683 962402
35654301 968357
31091661 1042429
40030935 3862627
39942928 1311329
36728949 1560242
40029718 109295
35042894 512157
40031210 1660118
40028266 54086
36728843 108840
40031977 858117
36728700 42696
40025755 23283
40024608 208978
39935426 66526
45585175 396406
40026661 672852
40023514 1846218
33503404 1634555
40032990 1803839
41648808 6104
40030252 108680
40024801 93595
36728850 790893
39958295 356143
40032072 590642
33511257 1313669
40032422 859309
40029626 93877
36728839 64544
40025226 836461
31091482 441876
36728840 895034
40033579 3026646
40023934 278514
40034306 882544
40029067 953577
31090406 669373
40029852 915885
40028211 722736
36727949 2385190
35404645 323876
40024868 915564
40197750 333684
33509691 286734
36728851 202405
36728845 2789805
40026677 1566223
41649227 2084702
40026860 1136772
41417225 394012
40023794 308517
40032043 959900
32056670 78773
45585176 1210932
40029765 98712
39949700 35868
41649123 41904
40024962 1105924
40032018 370006
36729010 2535664
36727890 1199995
40027219 857004
36728430 370961
36728369 43098
35710534 376713
40023531 3461942
40023502 1188227
40028007 1600767
36728946 42218
40032899 1787232
40031309 209341
40023388 1475138
39961090 363668
11436484 2693836
33509943 406785
39947161 392884
40024447 2576535
40024600 698688
40028126 145392
40033634 405604
33519643 902519
41648944 2062577
40031916 436678
35654200 24119
40023711 926664
40025462 539068
40028363 4457998
31074027 2177627
40030265 770847
40025622 1191087
40023477 1498650
40028184 3053270
40024281 219823
40024742 909937
33510641 106977
36728968 1198940
40030500 48844
41649246 871085
39957498 930130
31101252 642322
40025685 1150284
40028594 848935
40028463 363356
40031980 1596825
33511764 137392
40030408 787906
40033850 790894
41416343 935303
40024332 539539
41649115 664869
40023526 862200
36728573 871654
40032033 702451
40025874 618177
35404186 5827
39954514 1415559
33511680 1419055
40031207 1672998
35538863 798708
33508935 342317
40030939 917699
41649252 920448
40034526 96886
35685773 208484
33503187 341907
40033635 2841940
36728386 1286331
33137055 343944
36729096 901138
40030501 4718689
40034102 736869
31103640 66832
40031002 66085
40032019 209945
33508956 1232390
33511697 158138
35639096 35772
33509274 1004910
36727808 338172
40027765 685757
39964047 2022983
40025006 736849
41648739 442629
40026818 21887
41649519 536427
40024954 19582
33511177 238234
35653880 25364
40025467 11711
41649260 464082
36728435 305986
40028364 1823
36728053 41915
33510716 15681
40029685 20691
36728380 216188
36728108 148234
33511492 400110
35699683 51273
40028011 3859845
31091056 73059
40027409 3327983
31100669 2459542
10659845 381184
11510795 772308
35679532 189084
33516455 391102
36728282 27992
40029797 1537316
40032960 466947
40027238 513020
40029238 906915
40027010 479655
39958397 818645
36728950 3468783
40024908 130325
41649264 1580020
33509027 1975881
31087648 236378
39946445 345620
40023471 877964
40033660 730362
41417542 434710
40029392 925883
35044865 228103
40033091 58226
40025725 743426
40023922 848934
40023467 1065121
40034521 2001755
39947280 910748
40025681 1338038
40028518 13190
33513963 1940514
39957268 127360
33507495 221397
40025748 1711500
40026106 599793
40031307 1617088
36728747 964421
36728970 1257688
41648820 346666
40028663 793828
40028230 1204457
36728715 117775
40033068 100514
40028895 494274
36728075 929165
41418411 1934778
40025884 2507
36728754 428926
40026709 1945561
33508819 16162
40030899 1977252
39960266 233845
40025009 1405305
40024297 1475218
40023511 260697
40025007 705773
40023788 469682
40024502 390356
36728271 233636
12507035 147685
40024932 268860
35720598 29032
40024317 716377
40026912 26881
41648774 27883
36728038 534501
40026557 320223
36728562 590920
40024381 332957
35654284 689114
40033590 269110
35654230 522652
33504756 391908
39958938 429194
14666753 716401
41649285 716267
40023470 716277
35654640 1358072
40030949 649950
36728299 572207
40029711 663045
40027241 54825
35733569 275872
40024442 219890
36728044 1975300
31090690 344363
40024934 358070
40029471 255347
31103496 1717241
40026832 2397609
40030889 104218
40028249 345679
40027908 374266
41649298 60136
40025695 198740
40034078 1246817
37698007 2948316
40024001 419590
40030943 1226537
40024531 472452
40025758 212533
40033829 2414889
40026667 592993
40025218 671429
39942803 441674
36728763 364581
35699532 1208062
40027674 961553
36728891 35359
41649303 1395
31098927 960382
41649304 632610
36728736 574078
40024414 234444
40025240 1057880
41649305 1777371
40032032 700011
40025815 784026
40026804 883809
40032025 995340
35703025 2570106
40033576 328584
36728431 2501819
40028443 1581500
40029725 95102
4123714 2466634
40030876 180722
41648864 349040
40026234 928246
36728684 1004409
40024898 2941835
33506769 829334
36727798 94745
41649321 474845
33509823 953611
40028269 97458
40025610 1535593
41417201 1535480
40028003 327898
41649518 422758
40028241 692190
40029596 2204019
39954502 959987
40024882 344424
40024349 596470
39949807 23654
40032290 17048
11632815 28384
40032782 26676
36728711 1249462
40025603 394366
40032790 671781
40032300 408567
33508349 1582566
39945775 1083422
40025039 596479
39964269 590275
11508770 1930722
35734300 1520876
40027002 907082
2506673 1658319
40024958 1293247
40032005 116765
40029841 756110
33509946 649948
40023951 23767
36728844 1925362
11175913 664439
33513144 909047
36728074 175702
36728076 779716
40033666 325020
41649655 339005
35736432 1332105
32630111 1487896
41649521 1097825
41648874 927614
15555192 316390
31088196 428796
40029870 343985
31125755 353621
36728229 1332171
35866069 188811
40032028 788295
40023483 333606
40030860 97848
36727781 1624184
40023523 1402027
40023932 2179467
40025831 1128974
40030895 379419
40025633 1209984
35654287 1002445
40030782 2477409
40029781 828623
40028129 826592
36729033 522783
40026810 99945
40024792 461821
36728084 1332185
35728303 1852039
40026821 477141
36728109 335224
40028354 422379
40026671 664781
41649350 21816
40025670 787335
36728680 1122000
40023966 678614
40024374 221968
40028490 910536
40031867 345587
35654655 1275388
40029575 485799
36728995 875751
36728859 901956
40024928 2875179
40024874 324085
36728951 681532
40028842 683305
33515699 2121545
38781140 397491
36728488 2869407
33513953 923721
40028333 1385731
33508024 291962
40028073 1967875
39957999 2055558
33516793 1438951
40029069 343274
36728978 2024537
40030826 551443
41649364 1039491
33513257 1703990
40030741 477541
40028178 849313
40034790 908396
40023890 41685
33511988 171523
41416697 1187106
38714671 892816
35537724 393322
35537721 343707
35537722 853539
40034443 361166
39940847 2014301
33508304 386806
40024266 915208
11786874 1087048
40026807 912888
40034541 395770
40030562 1249671
36727965 436350
36728114 339825
36728770 1407560
40029424 1389189
39955351 104155
40023715 1183086
40023975 1036129
40024987 1828892
36764291 1131084
41649010 300255
39947169 190193
41648863 285143
40028023 98319
40023980 710665
40029663 2696726
35654558 1681124
41649113 1355673
40023945 1623476
40026739 1306852
41649474 1484247
40032545 356968
40029776 358307
40032973 828222
38053495 1313383
33514110 17049
41649556 3268508
41649037 362270
33503890 327109
40028000 889680
35711593 576801
40025600 347816
40024849 89889
31090788 219107
36728696 109043
36674559 657215
40024267 2654520
40029376 320222
6273841 1520662
39943537 344216
41649397 462514
33509072 288533
31157131 923863
36674552 832003
40032956 607423
39947050 1694751
40033645 1216619
40030078 362800
41649575 363756
40032022 1896012
36728284 429678
41649570 322302
45585177 806376
41648888 16230
36728388 209123
36728132 1005229
40028659 659891
36727946 669294
36728835 922053
40024576 364000
39945703 2268024
40117089 379766
40032113 1591887
40031969 296442
40024991 88091
35712287 218570
40030913 296379
35541965 296464
40023721 296431
41649413 98322
31091071 338795
40023665 376739
40027591 294606
39950791 654167
11612931 1213802
40028813 909799
40030844 869815
40033523 391205
40026286 1213808
36728781 665440
40144285 262260
35720696 1634002
35684062 982744
40026868 333883
40028360 573523
40032978 432224
40024449 218681
36728816 1120655
40023961 1811074
11155445 1659547
39954412 966176
35539269 911451
39955270 2509140
40025618 1692764
40023402 383534
40024971 123474
33506049 432971
40027748 227406
40024759 927644
40025703 686569
33472553 1002882
40025802 319355
40026380 320897
36728894 1396460
41648773 308524
40030502 1396429
40026944 1081239
15457085 1605477
14573773 216324
33519631 4194068
40030789 218239
40034344 882826
35720625 789313
35725271 619399
36727898 789138
35675253 789166
39951053 155304
35721603 646476
35676984 789299
33518565 152870
39524928 789282
33519041 680536
11443155 342669
40032811 155122
33525565 325846
40035043 814986
40033230 194338
35653640 857731
1496517 909131
582562 947387
35733228 50387
40033930 2880871
33520589 1249425
33515987 1718351
33519538 486953
35654873 770067
35662234 246341
40026825 959070
33516847 343901
30217648 97377
33516018 360933
40032773 2738665
35738684 831362
33520044 1853363
33516012 1614015
40032387 217718
31146293 329030
35651840 890208
33519210 785524
40023049 83774
23748265 1344462
4820509 308124
33523027 407017
40030275 219513
40034602 288534
35869491 672655
40034832 1405780
33521047 316413
30377953 395120
40031267 342670
40031040 94442
35728204 464789
39945526 42232
40033171 351960
36729017 1249951
35693071 2398094
33526655 654634
40028784 725666
31081878 1190139
35654174 907626
36728930 2324007
36727804 215261
30990053 2394777
11483415 300538
40034191 800026
40027610 215433
40028350 388372
36729140 1771756
41648933 829462
41420879 1305578
35869478 53547
40034914 551500
33518091 710540
35653708 231401
40027677 710410
1206742 838604
40033996 272270
40032401 914501
40034941 918825
40031649 445271
40031961 271535
40032820 444124
35720655 339918
40027969 690860
14906705 242881
31161802 231150
40032574 710511
35720712 2112296
36729101 52869
40034760 273913
40032987 678244
40033388 437554
40028589 1469035
40031136 1541500
39956726 1315866
31081831 51774
33518911 317060
40033766 35764
33519112 649183
39964965 3420797
40032902 3421509
33523056 349089
260504 756340
30242378 302669
33523533 892563
33523015 261784
33518209 2313074
40034917 700007
40033162 314071
35653512 299286
40033965 922299
35654773 1488250
40034474 665403
39967280 604394
40033066 216734
35652765 294673
40033665 333787
35737716 726246
40028798 580069
3610209 313499
40029934 117310
35699690 400267
40032056 387151
40029715 675972
33519358 66925
40026175 360353
39952091 1211130
40032184 665713
33523033 1877809
35653500 230687
35651749 198837
35653517 342239
33522749 84111
36727962 999698
33518546 1652509
33517375 99037
33521904 107184
33521149 93597
40031064 216467
40033719 263569
33523216 1526284
39964015 325282
40032120 3532423
33519656 206468
33521644 245374
40033694 1246431
41420560 640976
35653860 1680397
40031634 897235
40034812 2083558
39964731 1488194
35653864 82782
40031135 2738213
40034287 1140124
40034293 1466626
40030892 861207
39965320 278355
39950524 50849
1846465 1233230
33519233 402638
33523450 2567378
11531086 289056
35723376 233015
14612970 598108
35728479 749081
35653874 878207
40032757 346959
40033549 1675239
32084318 624595
40034759 3885162
40032696 1677025
33521468 1501852
39955389 894616
40034729 251522
35685328 343181
39961779 665441
40034623 1290503
35727703 192648
36727844 102744
40032102 177574
15448801 359041
40034095 2394123
33523176 333658
35726353 336345
40030816 478176
36728163 546629
40034906 150269
40030970 138817
35672146 35774
36727822 697805
33520968 158261
39961628 333823
36727824 597341
40034839 1511
35654432 701713
40034025 935993
41420776 890868
40031947 397101
35677386 224070
40027397 972022
36727831 2612397
39953962 333297
39959500 2577869
35683137 284243
41649176 924357
40033721 2436186
40032604 2915029
33518709 961578
35653744 327486
40034604 1486672
33516025 1684567
5011097 901779
39950457 121215
40033121 1822287
33523498 251346
39939370 107719
33520584 87868
40029466 325649
33520971 872714
40024778 420038
40023646 333536
40028134 393190
11408280 169480
33518056 846961
33513053 434171
35683134 2101057
40028691 2844723
40024878 1227291
36728538 2053526
40023677 900143
40024411 1813106
33523484 215432
35653863 1126147
35727890 141892
40028385 1848462
35044016 609041
2033545 41756
33512296 263194
35653835 93718
40025642 1075014
40032160 631895
35654220 360352
33518760 337604
33525931 261785
15153549 165537
33516468 644665
40028207 218816
40028357 102148
30483375 2657841
39954506 471996
11514582 722283
33515571 2290320
40030958 705306
40029842 1477274
40026688 213167
33515025 705208
40032097 719843
40024761 887824
32556627 361514
40029783 807199
40030788 705340
35690293 705085
40030886 607512
33522677 1238548
40027430 907399
4966520 736726
33521435 123059
40023698 705234
35654428 672222
40023696 515802
36728213 705328
40033027 877863
36728616 1017994
35654729 1580255
36728886 223002
36728824 94848
40034545 1849228
35699397 1180871
40026463 1537972
40026490 1680576
35734727 639057
40034037 2176610
40026610 827614
33516843 859399
33514355 2237229
39954748 1007501
40029503 394718
33512874 1705213
40034768 929687
33515320 585537
40024293 1154716
33518682 698502
12740834 1126146
40024304 566512
36728301 1114656
4966458 343230
40023566 898555
40032147 990175
36728678 1180493
40025062 818840
40032109 58191
39949736 1625500
31091285 328163
31081349 990195
39948556 212480
33512294 924175
40023982 96396
40024146 357528
31091725 2001241
36728317 312711
40024901 994719
40029585 1804663
41649496 1238823
40024427 2133071
40025841 664017
40028091 364840
40023439 1855406
40025303 2769830
40025835 288912
40023921 551046
39947099 2141684
36728266 510423
31100905 1507910
36728695 467866
40025632 829900
40026725 2554516
40023518 504703
33511417 1986816
40023417 705182
41421114 1463729
40026788 480533
40026813 1055235
10797233 737014
40023999 3246846
40023918 915763
36727796 609761
40028182 360934
15448626 838121
33511429 324744
40024309 694757
36728926 654707
39947102 2697904
40023340 924333
40025085 230104
40029687 312767
36728827 2335553
40023613 1829672
40025661 346598
31094820 83125
29719319 83920
36728663 242689
40023222 892089
40023395 2043373
36728948 623135
40025465 898960
28307896 1813120
40023892 1171277
40024986 1586531
35653859 793546
39946968 230057
40024169 707582
40025773 1300968
40030881 1921157
40023495 1611997
33511759 353312
40024156 722735
36728186 345109
40026885 676039
40025232 1503649
40028278 1249120
40024904 2980145
36728475 921750
40026901 472301
31092331 630368
40023882 858480
23764847 961899
40023887 3275215
41649210 906597
31089290 858923
40028452 1492395
36728423 1006525
40023692 433390
35737479 2568823
40023272 1695257
41648936 883511
33507558 1006492
40025868 1320964
40025029 686711
40025800 863725
40026751 175434
40026904 2762126
40030272 662808
40024364 2208697
40029641 2367390
40029677 1776337
36728066 1098197
40023977 339260
40026737 397764
36728289 1514987
40026669 2557634
36728801 161172
40024062 2291404
40023699 2367430
40023325 1006510
40023963 286078
40023334 1125980
40024603 2657899
36728404 324802
40024341 774463
40025606 3462272
40024891 1102276
40024464 1458617
33511328 1042262
31091667 412241
40024982 396004
41649267 384242
40027727 1372460
40025849 1256142
33341116 1070494
31088474 333041
40029088 3187640
40029681 1856991
40030472 888456
10965588 2869682
40032041 228211
35712540 852710
40023958 1091494
36728185 251586
36728925 691668
40028665 1475741
31088039 1522968
36727960 375676
31101259 1054830
36728863 226726
36728483 2145
40024165 2367441
40030448 2552199
36728179 2572503
40024823 1440379
40123505 2057586
33508984 264760
40024910 1067737
40024955 1180126
40025779 47222
36728605 685267
40024451 21164
40194010 1516202
40028132 2577138
36727858 551499
40027014 85759
35727427 293252
40025598 180247
36728241 829789
40024322 46810
33515541 479410
33523563 917845
33515404 352026
33514374 2434933
36727986 1382498
40031620 459985
39493014 1154193
39954255 1366208
39968237 1525876
40031560 842868
33522984 1390379
40034014 286636
40026258 1951437
33522965 469921
40034952 192251
40028272 105357
35684385 449791
33520761 2114755
40029276 582709
33516936 609360
35653978 1094939
39953754 1650754
39958338 353624
35693531 405443
35654590 828979
40034326 848478
40035155 163027
33522001 671899
35654001 1123506
35710091 1646095
40031557 1643850
40034976 1855407
40034607 2759390
40030635 648794
40030855 630719
36729171 116949
40030644 2367760
40026302 896062
325787 880284
36729158 899420
14522882 1596282
39964371 809998
40034516 1385087
39957532 1643892
14613822 1438763
35653877 448746
35677686 163238
33521386 828565
39937694 52072
32556612 261897
40032039 1740496
35654542 1079411
33522387 1721838
33522386 261900
39956491 301468
40032522 326314
39969200 523509
38671208 533027
39967680 15594
39955888 687974
28734155 325720
33521892 384483
40030427 322550
33525877 213274
39957427 2628200
39947274 226590
39962237 1077477
756324 1538902
39952207 1558675
39953354 3763065
39962035 522327
33523166 774105
33520752 3222211
35737308 343395
40031996 904406
40033895 1384982
35723991 1498786
33520734 1333685
36728523 1186619
35654458 213869
35654778 201382
40032620 672747
39959280 1704095
40033426 48933
39964012 718414
8735281 1759988
40027058 3067748
40034125 1852473
33523220 3378399
33522535 2303769
39963910 3116600
40033975 1104222
35653796 723069
40033226 320188
40034563 3165730
35653116 769383
33526104 2192769
40033115 2150722
33523100 344567
35654741 758864
39955251 83430
35404976 871345
33523282 1054886
35682962 1104450
35654681 940616
33525889 2511931
33519163 1194291
40030130 2465105
40032351 1250007
35720702 313933
35654536 1101646
40032442 365387
40033559 227291
33526639 2585954
23745792 323881
40027756 768561
40031842 1023826
35737719 1425205
9285034 3005365
33518077 1860750
39958361 192686
40033751 630311
40034342 3198373
35677450 2743754
33518907 852612
33523172 1095057
40033805 2633429
35677811 362237
40032411 628554
23745787 412500
39956410 2611068
35720497 412568
40030599 346765
39964080 316827
33518636 462345
33522528 2689034
33520607 1965913
35669346 501441
35042852 6945854
33391202 931895
40027044 80687
40030905 369352
39955018 965464
35712315 894234
40034758 137389
36727864 773400
40031452 638662
39490861 1027952
39948980 336049
33526338 857190
35677683 678905
35677050 1131186
33523318 1742685
35653703 1397468
33526623 1131215
40034826 663835
35654355 634549
39958291 306763
35653756 838208
35653723 320268
35668852 1131199
35677324 1963575
33526545 53832
39965905 1458274
40031937 860986
35713535 448364
33523199 1026099
40034324 388897
34915383 2792333
40031864 2238230
39951090 898273
35677761 3094642
40033906 187200
12385360 358361
35654870 2991980
40030997 927324
39959496 51268
35733315 1157991
33520602 324932
35733398 123117
35736418 3511688
39949449 2586929
39960770 1176724
40031840 1912925
35733415 3149163
39956807 903666
40031145 547414
35651775 994036
33523209 580882
31074374 142625
39967199 1989810
33520371 1613331
9554807 292725
14280420 2135573
35676460 618174
40034570 495512
33523267 335233
39956655 594789
33521443 598954
35654437 99781
35736379 320407
28776101 1083424
35653605 39414
33519256 1615676
35736951 349073
35737449 782358
40034210 3236945
39954096 1589075
33522631 825897
35654021 2943705
35654297 1426846
36729071 698578
35677427 998932
13079414 1126337
36729046 92145
35675335 502168
35683659 541037
35654035 810080
39956722 1709034
35709639 827718
39956703 215723
35669160 856660
36727876 1409936
36728164 2525292
39958356 963823
40032331 347572
35654816 391140
36728933 1852485
36728002 1323885
40028381 1459371
33529053 500848
33523766 521242
33526956 1967910
33526085 2344542
39953666 660450
39950920 1958369
35677797 1524054
39952496 882214
36727970 1029091
33525463 895628
33265617 856946
35728472 1476595
35690470 135066
35702957 881069
39961344 529289
35733358 1537983
35654244 119701
40034859 329031
28704032 2791120
40034438 394312
35683177 1360599
35654408 1745585
39953603 1074272
40032917 917671
11473211 387543
33523284 1156209
33526294 2137629
7642177 1641963
39947547 603426
40034356 193218
33526308 926522
39953883 343573
40030929 2606569
35686490 101777
3575427 1941430
11934777 1114068
33100225 857256
33523621 675264
35654757 347618
1098917 361081
33523827 1674877
39964233 1660026
40031621 403972
14661040 385923
39477566 393700
33525689 788525
35685277 36337
39960360 47072
35654598 937784
39960588 3017126
33526061 670990
33529527 755223
35677718 900944
33525572 1024335
12374353 883297
33526559 293446
35654440 1328248
35661924 431841
35653879 105154
35654763 1067057
35727893 1775881
33526173 2426354
35695856 1169935
33525302 2053690
39948118 929917
40030990 1929960
36729124 724504
36727782 424687
35677614 925845
39967254 1076569
35669368 918211
35713539 2042248
33523154 880028
33526169 501271
29027552 424447
40031873 618341
33523650 698590
41416037 545876
36727885 1287573
40033434 143227
35706656 313733
35677390 103061
33523568 515408
40032907 2117274
39499071 1082047
35733328 807213
39953590 1653757
33523724 1771009
40033360 2219716
39957492 1152878
33523772 148294
40034922 668476
35654841 1044492
33004843 676440
35653904 307135
40035150 1579581
33524136 2871633
40025340 699071
35654024 211648
35682523 2190490
35678763 857346
40027733 933000
35727886 987315
40034489 896950
35653777 157228
39964739 1167636
33529416 782285
35685209 2130363
33521430 463555
33355474 591720
40035153 449071
35677047 364700
39967318 97201
40033123 3121253
39964717 377168
39964728 53980
39961764 53916
33522755 1591123
35677783 3333020
35653909 407382
40034971 418043
39482671 345074
36727786 957155
32556782 1667910
33529649 3329299
35654732 1737682
40032583 962350
40032869 1771673
35676429 711672
35727723 1659635
35677794 1198035
40031983 684893
35653806 2496604
33528341 333372
33523296 2576637
33523644 488803
39953624 362122
35710427 362069
40034456 1842328
40029932 1167645
35654656 890348
33523838 3672063
36727992 1111275
35654191 1489487
35689184 922379
40029365 223813
40034817 213502
40029506 2069147
35720697 892093
40026775 1136355
40034047 907561
40026218 3434128
39953529 15207
38175466 1748684
40029023 1028883
33520530 1074449
40033982 2501530
35738441 2384425
37683914 250195
35653773 3026012
39950135 353127
35654629 1407044
33521470 734692
35724063 940836
3575355 537646
33525531 901312
33523811 976929
40030277 1711502
39948807 828913
35728310 1433511
39953612 1373721
35714465 2308434
31084280 1490412
28776174 109830
3910549 1305516
40034452 1756176
40031576 108745
39962977 2404578
35737700 648255
35654425 2867
40034900 35874
35698026 402713
39948722 805519
39969855 938147
39489908 1704254
33526660 325727
35689741 105332
33523820 861516
35677707 607174
11473209 270991
39953621 1852146
35653843 1807228
39947391 160176
35669072 2211899
39967313 1239168
40027796 407383
33794395 1559983
33529598 2134365
35710058 902495
36732192 955092
35676213 662888
39955470 1317189
35719095 279224
36729022 1216691
35683666 792552
33526686 4356592
35683346 1619755
35653747 917960
35727935 343991
35738195 1357974
39474997 1358031
40026691 2476897
35537727 1449977
35653238 358555
39964616 676802
39955457 3647636
40025379 194469
40027730 2921539
35694777 699185
33524281 364365
40032266 51656
40033877 1256313
39958368 1358670
35654309 200345
39948687 4669744
31071547 1563209
40028912 1310812
33526205 1421248
3910548 325441
14276887 673151
33525898 1493076
35677133 1658417
35677713 1294156
35653847 357443
39948248 697809
39953655 661054
33528590 1381677
39960359 649290
28812305 1194093
39953941 1403120
40026244 284145
35654650 1398318
33529285 1648402
35728946 651061
39960490 1742875
15514316 1801427
35654718 3329824
40033118 1171985
35690296 885543
39956594 1281777
35716944 349482
35537257 1058778
40030397 706147
39474119 1419353
35737833 454967
36731993 213061
35735325 1315190
40028597 674271
40025809 316802
35727363 1165552
35686642 58051
36729152 1101964
33511318 1592435
33519963 1777792
40033933 2334526
39948802 923607
40029260 961059
39961467 302402
36727929 1157558
35719775 254423
33524754 1307155
39494804 778691
35653792 443405
39457711 299651
40027090 1240516
39497147 2034118
40034227 102675
35537730 1646852
33528350 1240529
40034890 931172
33528290 2198574
35715294 215012
39500377 185222
39475574 172415
35669067 1438573
4544731 364658
33528505 2037928
35675510 328151
3575465 698344
35728499 52579
35654303 95197
35688127 3065057
40027333 2552495
39962232 1195271
35713549 905530
35713447 618175
39957357 1735568
35738118 1122081
35710574 441665
35679281 324808
40033311 1686930
40032281 233637
39940334 1205394
39946977 831346
40031750 447326
39953364 333835
9849728 4866773
39473442 914207
40034044 2735270
35713133 1027024
40034641 373589
35728501 1394049
39943584 602309
33528927 321578
33525838 923778
35677836 1596654
33529399 227200
35654752 1600770
35652501 858762
35738450 191615
33525804 1642156
34766413 691178
33526604 893175
35720693 1447666
39457591 515836
35654444 396015
33521635 641717
39961264 678582
40027602 800327
39963924 2658485
40033820 394614
39958220 19407
39476010 1004596
35653093 1724646
40031176 631539
35669039 671434
39960114 1681654
40031455 1488497
39488780 1970693
40031195 1757415
40030282 1724271
35654231 603526
35710261 878137
35727955 226892
35691381 261710
33529305 1413676
39478061 515396
35654750 365738
40034867 890722
35720688 515353
40033972 374044
33528265 946605
35719385 1308610
40025380 2037137
40029959 899208
39957939 1539273
35710430 204944
40033684 1336289
39967691 1977479
39961202 1707835
28738249 1025191
35713674 1340967
39477676 323033
35737077 910846
39955068 4343579
35654508 1634907
40033768 175421
35695597 2209961
35738201 2209933
35737962 2329211
40025471 1082818
39942841 693863
40030831 434763
40027061 314365
35693195 683439
33529290 346534
39499538 1676140
39948183 3938200
35738228 1358671
35707782 526560
39963784 898490
40029943 1725456
40033772 345962
33529111 2063658
33299684 1611838
35725582 361226
40032458 1732741
40025052 1671716
40032263 326394
40030009 1155071
35697377 3424437
39967328 4052581
39461146 1155796
33529039 3958529
39496634 1707977
35735780 2155137
33528710 84816
35713712 831659
40032325 2018957
39475652 2292309
40028993 19700
35668874 342106
35732762 1113909
39948821 1018113
40031618 278825
35654217 35654218
32551560 32551562
14652917 14652923
35045656 35045659
33517995 33518000
