2460974 3140033
9787076 9787092
21811517 21811520
337380 925225
11887659 11887674
801765 1593625
4120985 4264085
807462 1608639
4442529 4483969
9827033 9827039
225577 699138
83268 286646
120092 385498
21867611 21867613
826184 1635588
2567639 3207410
2459244 3137995
807467 1608799
12893083 12893088
826205 1635894
826241 1636806
826248 1636980
4693256 4697244
11857455 11857461
2450694 3130445
21763715 21763717
21893929 21893931
84085 289333
318615 856964
286803 799647
16259 83458
16377 83969
326621 885897
12896514 12896519
3626613 3945917
807448 1608121
22686 123636
326599 885187
1701478 2532236
4620167 4629551
21941045 21941047
21712713 21712727
1421660 2296916
2080 21776
13160624 13160628
7188801 7188839
1867924 2667202
4585411 4597078
6002293 6002330
3962466 4157221
4607044 4617241
4619406 4628771
11882782 11882788
12808471 12808477
941080 1772259
824332 1632649
10628826 10628861
287214 801030
326612 885566
21831395 21831397
3817282 4058953
9796379 9796387
120129 387499
12889501 12889509
8275612 8275634
4782929 4783358
826863 1639238
1701630 2532822
9815877 9815901
88020 302383
4210697 4323306
4210672 4323218
11879295 11879305
1733638 2567436
4138188 4276676
14902960 14902974
87968 300229
15824525 15824531
7719194 7719223
11880139 11880143
826156 1634811
4586032 4597685
13098049 13098057
1778296 2594647
9767085 9767097
4635891 4643923
1773017 2588276
2482658 3157283
807438 1607891
826208 1635992
302833 830803
4153942 4286983
826839 1638966
337244 924692
826881 1639594
3229718 3679347
4472273 4506088
4429571 4473726
11461827 11461845
301320 825792
2459025 3137735
3863979 4093237
536398 1253908
21863243 21863245
13468520 13468528
4434616 4477666
32970666 32970667
21817155 21817158
12580791 12580795
33686457 33686456
21824757 21824759
1606868 2456788
10289755 10289773
4570447 4584705
4182680 4305414
10595560 10595568
21878018 21878020
6833307 6833324
10837190 10837195
7660099 7660122
2481544 3156258
21732194 21732196
21707815 21707822
6577054 6577067
1733643 2567558
21907871 21907873
699985 1457455
4570524 4584784
21900121 21900124
21755644 21755647
21864535 21864538
8630811 8630826
21753259 21753263
11849180 11849185
979425 1823541
9848380 9848388
15478817 15478821
1607510 2457849
12902259 12902266
21671868 21671870
18561 94709
826834 1638843
2764989 3351602
11672369 11672374
14277470 14277476
4290486 4375720
9013542 9013566
15069262 15069268
13157644 13157647
11830912 11830917
21851562 21851564
33679418 33679420
9256789 9256802
4526240 4548530
21810211 21810214
727105 1496214
11843610 11843618
3066417 3559559
9789465 9789475
11757611 11757617
4646749 4654034
15079908 15079916
9853695 9853706
7642234 7642248
10274664 10274672
10861698 10861707
9487323 9487348
4537698 4557639
3947578 4148550
21883364 21883366
3673880 3972778
3469235 3842424
11856561 11856569
7330955 7330987
22689 123798
4140447 4278402
21804194 21804196
15034721 15034725
826831 1638748
4630314 4638676
1674946 2512677
826813 1638314
1607458 2457769
76454 272454
801761 1593517
997169 1846131
11013656 11013671
337410 926282
12738552 12738564
11807551 11807572
6651788 6651825
1640434 2483624
12853837 12853845
7102888 7102902
13157295 13157301
14598955 14598961
2456958 3135812
13384758 13384768
1577091 2436193
4758515 4759263
12213916 12213952
801748 1593211
1607447 2457455
21726125 21726127
827040 1640028
3441018 3816934
21929634 21929637
3607317 3931390
16318 83642
8762729 8762741
12892829 12892834
88029 302683
806284 1606024
88013 302134
1733633 2567359
1701601 2532701
87997 301246
4535803 4556032
120113 386668
3137273 3612352
2532156 3189415
2542284 3196020
18802 104969
948013 1777730
968867 1808233
1593065 2450583
21844144 21844147
21808574 21808578
3607373 3931460
3154364 3626148
1638234 2482264
8622999 8623039
13150289 13150292
6677909 6677943
4646768 4654074
3917642 4128592
4611041 4621071
12812977 12812991
14988991 14989018
1608951 2458413
22255516 22255521
9779427 9779438
3865931 4095139
4442342 4483759
1712191 2542266
120524 393390
10840254 10840266
5146152 5146176
826224 1636365
4435687 4478798
3282998 3716750
4701888 4704849
83554 287401
2457987 3136406
11884485 11884499
11849143 11849149
4553261 4570233
4472288 4506130
2296259 3013586
6628210 6628225
13469856 13469862
7864099 7864111
120184 390136
4572358 4586374
88006 301871
9927374 9927385
337413 926412
337415 926471
12891491 12891496
14518178 14518182
826228 1636489
120075 384508
807449 1608154
1701631 2532878
4523307 4546338
11350352 11350358
9543424 9543435
11976250 11976258
11872407 11872414
9919020 9919030
4175513 4302053
1701485 2532386
28361671 28361676
799740 1591635
8458014 8458042
876842 1693989
826159 1634870
120105 386290
807458 1608400
1016540 1868093
9791719 9791728
13149359 13149366
826212 1636085
4275838 4366118
2594870 3229876
6759149 6759185
2482634 3157077
12891283 12891289
21832246 21832250
3441019 3816951
3130905 3607308
3961203 4156493
15502514 15502518
4464912 4500174
4137583 4276263
88005 301819
326634 886214
1606057 2456017
140500 440342
1610631 2460718
11864341 11864348
6622675 6622687
88003 301672
10339910 10339922
12947820 12947827
1638683 2482479
287744 802220
12915830 12915836
826880 1639570
2480885 3155087
826816 1638392
4690155 4694101
337384 925418
13467895 13467903
11132800 11132826
1000561 1849639
8647925 8647933
337411 926334
826820 1638471
4378538 4437328
4507534 4534070
11847297 11847302
9059918 9059922
21936528 21936530
21725501 21725504
10328327 10328335
4298940 4381511
326633 886167
9766679 9766698
22685 123581
6555421 6555435
13021619 13021624
337385 925448
1640410 2483176
405031 1034359
9205523 9205536
326610 885522
11869137 11869145
2658239 3275696
13158024 13158033
2532222 3189491
10757183 10757189
11829049 11829054
11977552 11977560
12909914 12909928
1496185 2361175
323360 875208
1823524 2633089
6045869 6045883
11854038 11854046
15433804 15433809
1610658 2460788
968250 1807495
15153234 15153236
9554845 9554888
21731097 21731101
10343263 10343274
3931180 4138204
9890712 9890729
9557748 9557760
806934 1607061
4261376 4355140
7091717 7091736
21726738 21726740
4618344 4627680
2445730 3127298
4602020 4612452
4542964 4561745
4558961 4574897
4507240 4533590
4429697 4473820
120123 387236
1588257 2445736
4728205 4730055
11868437 11868446
10343715 10343722
4527564 4549603
15384423 15384426
14605129 14605132
13160097 13160102
15022364 15022375
4535277 4555536
9571557 9571564
11871116 11871125
21788808 21788810
826865 1639285
8693450 8693462
15075528 15075535
15224370 15224383
11965676 11965685
21627115 21627119
21793645 21793649
9987830 9987836
14473460 14473474
21772768 21772776
9584953 9584963
21771804 21771807
326635 886257
9759367 9759374
13147246 13147250
21943950 21943952
10718180 10718191
21933839 21933842
11883408 11883412
3175028 3640220
9996232 9996241
826844 1639036
16300 83581
337389 925623
824331 1632617
13007025 13007032
10346270 10346280
826817 1638421
806608 1606318
1722848 2559656
21779053 21779056
4607186 4617464
21707436 21707439
21713656 21713661
21675332 21675342
4457765 4494950
21645300 21645302
11721643 11721651
4564936 4580245
7362049 7362058
3624496 3944723
21862084 21862088
4446690 4486935
12909450 12909457
14436151 14436156
12822629 12822636
13126330 13126334
37414173 37414175
11491454 11491462
6791303 6791321
12871777 12871785
4689161 4693217
21733021 21733028
15039746 15039755
25447195 25447201
13468944 13468950
9842120 9842138
4549554 4566910
871401 1687349
15502848 15502852
1774413 2589773
13148931 13148937
21924858 21924873
14655278 14655283
12520948 12520956
11872734 11872741
12772983 12772990
21668171 21668173
4555710 4572486
15576359 15576363
10625448 10625484
11855686 11855691
4794830 4795063
12885845 12885852
15555587 15555595
14515560 14515565
11884390 11884394
120162 389175
1701916 2533082
7019811 7019821
4721445 4723354
12840937 12840944
4534316 4554565
4610224 4620320
3607101 3931162
4490316 4520481
1640046 2482785
1712107 2542070
2459248 3138077
10346781 10346792
21960538 21960540
4136582 4275382
14266024 14266028
21660173 21660175
21625413 21625416
21724685 21724691
21882589 21882592
11877888 11877894
21690111 21690114
9885447 9885456
10333355 10333366
4580617 4593327
7357886 7357900
4418683 4464993
11711873 11711880
14606832 14606840
9874279 9874284
4533578 4554146
2592281 3227490
8873144 8873179
11885976 11885981
21651750 21651752
34004796 34004797
15171298 15171304
10543157 10543185
14962126 14962136
12832433 12832438
4672508 4677687
986092 1832873
21955156 21955158
21716071 21716073
385708 997286
3135502 3610740
11884036 11884039
15511273 15511276
11855898 11855902
15118592 15118603
1417591 2292248
4658601 4664753
3934706 4140819
6877364 6877382
21944601 21944605
21800273 21800282
21631468 21631471
4635651 4643707
21806658 21806661
14427016 14427023
11887047 11887052
11868068 11868073
13014312 13014321
12893900 12893904
21718232 21718234
4718439 4720753
1634417 2479909
4655318 4661800
12866743 12866751
11837525 11837533
4535276 4555519
1685925 2522112
21857964 21857967
899874 1710378
6710703 6710718
21930183 21930185
11880447 11880463
21926181 21926185
15050762 15050769
21695198 21695200
12898785 12898793
21787610 21787617
4670155 4675677
4767155 4767711
13470267 13470273
9892928 9892939
12889426 12889436
826829 1638658
4610268 4620416
9916029 9916037
15088735 15088740
15018276 15018284
21839599 21839602
21879479 21879481
13086015 13086021
1481748 2349341
4718135 4720475
352523 941783
33877681 33877682
33779055 33779056
4676080 4680891
10348876 10348888
3170728 3636708
11842702 11842711
21775813 21775816
11879585 11879591
21630787 21630790
7758267 7758289
807103 1607421
14265965 14265968
12986258 12986268
9592763 9592774
4627810 4636451
21936750 21936752
14970619 14970628
15119736 15119742
21768900 21768904
88007 301926
21929961 21929963
11865693 11865698
21854008 21854010
12901174 12901178
87963 300008
4658813 4664907
11128957 11128966
4646159 4653411
21730371 21730374
4532728 4553316
21912300 21912302
15873675 15873679
11743121 11743136
13471652 13471657
15879435 15879443
21732706 21732708
21907807 21907809
21660423 21660425
14900498 14900507
12863133 12863138
14488205 14488209
21751529 21751531
2296904 3013946
19144 108019
4598439 4609193
9395446 9395456
14902968 14902993
15161979 15161991
21850489 21850491
3155155 3626380
15055203 15055215
21619840 21619842
21628012 21628019
14233181 14233184
11837016 11837020
9901057 9901065
15045470 15045486
14473456 14473464
14527531 14527534
15403443 15403448
21651871 21651874
4665484 4671074
11889599 11889603
37896329 37896330
34081457 34081458
402404 1016497
11506417 11506424
4366910 4428665
10861141 10861151
7365643 7365655
14485281 14485288
21800913 21800915
9849997 9850004
9908293 9908307
21799087 21799091
1733607 2567210
5822027 5822036
21826316 21826319
15395299 15395303
21874782 21874784
21649718 21649721
11909455 11909463
13459922 13459927
6528689 6528703
15434180 15434183
11756674 11756680
9767135 9767143
3139760 3616160
9787350 9787355
9092823 9092840
1701487 2532422
3627329 3946488
21834473 21834476
326598 885154
4586029 4597671
4572266 4586302
12167443 12167450
3935276 4141461
21867540 21867543
326631 886123
10351888 10351899
15154883 15154892
12900918 12900924
4585608 4597273
11819708 11819717
10349764 10349775
281784 791752
21844764 21844766
21732655 21732658
11029812 11029821
21693714 21693718
21840794 21840796
21899490 21899492
10343379 10343385
3273600 3711938
807102 1607377
14427479 14427483
8894567 8894571
11857631 11857639
4688541 4692602
826215 1636163
11845413 11845419
11287541 11287548
12986237 12986244
4342250 4410593
4600465 4610992
14514771 14514776
3934392 4140473
11856692 11856697
21700404 21700408
15159427 15159436
2481919 3156617
11128666 11128675
10343035 10343045
4275863 4366197
21889270 21889273
21799838 21799842
13150410 13150415
4507281 4533654
11455433 11455438
12818825 12818844
8703780 8703803
4385586 4442255
21694574 21694577
9980016 9980024
4705604 4708758
15553119 15553123
3842577 4081462
21696133 21696136
826841 1639005
21708454 21708456
2232065 2962683
22284098 22284102
15097325 15097369
21628173 21628176
21877294 21877297
21831049 21831051
21738166 21738168
1086376 1948298
10352148 10352155
10803606 10803614
9209259 9209268
326655 886754
826869 1639369
12518095 12518104
21647945 21647947
21675979 21675981
4674609 4679647
11513430 11513435
15221617 15221622
1594121 2451358
2512374 3179768
4730267 4732006
826842 1639013
4730267 4732012
15565293 15565297
4539313 4558973
4261342 4355082
11878494 11878499
4756311 4757145
15239913 15239941
4447720 4487653
3917647 4128626
11877001 11877004
326618 885773
4912096 4912152
4506538 4532832
10275136 10275147
18684 100635
1526363 2384631
867706 1681975
9815879 9815912
1701600 2532672
3034206 3539217
21657368 21657371
15785969 15785973
4137717 4276384
21801234 21801239
88014 302163
21793667 21793669
21744682 21744685
6441062 6441079
12899741 12899747
4778376 4778953
2542036 3195924
326661 886921
11845221 11845225
6556149 6556163
3900529 4117009
1632838 2478689
14024799 14024822
3611195 3934299
335833 918592
4144142 4280692
14614490 14614506
4618109 4627386
10485098 10485135
10882531 10882542
10323430 10323442
9832676 9832685
330172 899915
337400 925937
9508135 9508156
3607069 3931085
21689600 21689605
6449013 6449027
4532721 4553275
826207 1635963
337379 925157
21812432 21812436
3852630 4086803
21791351 21791353
18800 104860
21954322 21954324
3230269 3679982
11866447 11866454
4636925 4644959
21824984 21824987
328215 890578
4193981 4312060
12064637 12064643
11839727 11839735
21722877 21722880
21956042 21956045
21849832 21849834
21721146 21721149
4862673 4862700
3935469 4141887
21804085 21804087
21630579 21630582
12169491 12169495
15089831 15089834
1640426 2483401
84193 289567
6338516 6338541
4619888 4629255
21935539 21935542
4721336 4723266
21861910 21861912
15591046 15591050
11873438 11873443
14567201 14567207
21733887 21733889
21963008 21963015
9980035 9980043
21754818 21754820
4554179 4571086
3735094 4010494
21753964 21753966
7104324 7104337
4653237 4660018
1607298 2457325
21871034 21871037
21672520 21672522
21707225 21707229
12079699 12079708
21749202 21749205
3142283 3617942
10340271 10340312
21808199 21808203
4649157 4656196
15153305 15153313
9917920 9917928
3930559 4137596
21906157 21906161
10821715 10821735
13153254 13153259
4000953 4183728
4596503 4607209
4664200 4669943
15042152 15042171
21839130 21839132
12187820 12187833
15879419 15879423
21888547 21888550
9888746 9888755
21938632 21938635
4138075 4276624
2720142 3312238
9922875 9922910
4554223 4571196
15757428 15757434
21658498 21658516
120099 385956
9781300 9781312
826938 1639754
9787822 9787834
3930437 4137444
7229162 7229196
14614697 14614701
4657962 4664208
14418677 14418684
2459245 3138036
9351532 9351564
1593057 2450455
9642993 9643005
21653252 21653254
21910001 21910006
3607383 3931483
21863610 21863613
3441022 3816981
4607354 4617603
28161106 28161108
13152378 13152383
1593062 2450503
3931406 4138388
3441017 3816919
21890050 21890053
21887840 21887842
21934940 21934943
21710146 21710150
13087279 13087288
12907540 12907591
21858755 21858758
3229827 3679814
21848507 21848509
21629941 21629950
2658227 3275672
15450566 15450570
21616187 21616189
21844849 21844855
13149576 13149582
4381598 4439375
21953662 21953665
301900 826556
2451374 3130944
15141779 15141786
21676424 21676427
3628082 3947172
11862139 11862145
807437 1607854
1672585 2511209
4432923 4476145
9847856 9847866
12506524 12506541
21832673 21832675
13150722 13150728
807466 1608764
9885481 9885494
21723590 21723598
88009 301994
4608708 4618913
4689752 4693721
302835 830874
3273079 3711408
14635312 14635314
21858906 21858909
14409288 14409294
21845847 21845849
21944848 21944850
3196596 3653067
1001146 1850341
923162 1731941
824571 1633338
6208473 6208517
4475999 4509354
1593940 2451127
21631876 21631879
4588976 4600381
34005953 290311
4651888 4658633
13251707 13251716
11845264 11845271
4617121 4626549
11967128 11967134
11884613 11884618
4584229 4596146
11989444 11989453
4682261 4686807
11886067 11886072
934535 1760096
4658227 4664362
9808884 9808893
21752969 21752973
9663262 9663274
21767156 21767159
3202468 3660550
35970316 35970317
4618390 4627738
11945940 11945953
3120850 3599376
3813840 4056776
1852899 2654770
10331895 10331930
14559755 14559761
4337307 4407517
21629207 21629210
21693518 21693521
21652655 21652658
12054835 12054842
3710455 3997516
4608733 4618972
21642467 21642473
21785120 21785122
1593929 2451085
21827005 21827007
28959836 28959840
4564931 4580137
696616 1451798
6100485 6100508
13234391 13234401
21833684 21833687
300520 825150
5282340 5282344
1453279 2323207
21762970 21762986
11868417 11868421
320741 867760
3610838 3934023
4511004 4537136
2506860 3174910
14883596 14883601
12179520 12179526
3559589 3900569
4428404 4472635
940292 1771521
11978765 11978769
21755424 21755426
4295299 4378679
15166560 15166566
13103309 13103314
10333102 10333116
801755 1593362
3126746 3603895
21669048 21669050
21952371 21952375
21814042 21814044
21732614 21732616
15398537 15398540
21648923 21648926
4955619 4955627
21939871 21939874
21718063 21718068
21820788 21820790
21709558 21709560
21927141 21927144
13153420 13153426
15580384 15580387
21673987 21673989
326608 885484
3931453 4138457
15582058 15582064
21683228 21683230
677842 1421001
21783997 21783999
21904017 21904019
3833262 4075341
10308182 10308193
28926748 28926750
10351836 10351847
3833256 4075290
11722207 11722211
11721647 11721669
826214 1636140
15455588 15455590
4619062 4628408
826823 1638535
21742690 21742693
9906010 9906018
12142959 12142966
15770052 15770055
4474168 4507677
11125107 11125120
9629201 9629210
4139873 4278013
21783212 21783214
4085043 4236900
12168704 12168708
21746988 21746991
9299954 9299960
4641979 4649758
14928773 14928785
826173 1635252
1701330 2531997
856924 1671806
21627933 21627935
4600912 4611547
12863466 12863473
12906205 12906210
1701925 2533202
11987581 11987586
21740044 21740047
4624917 4633967
21805975 21805978
21940967 21940969
4680760 4685309
21864487 21864489
21732079 21732082
4641980 4649769
3010316 3523432
12337642 12337646
2532157 3189438
12198956 12198962
4475975 4509301
84082 289248
13251879 13251884
6118594 6118623
14271493 14271498
10821975 10821990
4609687 4619792
11882696 11882702
13522283 13522289
12166911 12166920
4431206 4474741
4137628 4276304
10338896 10338905
2898650 3440902
33831906 33831907
13149332 13149336
2796911 3370951
21887997 21887999
11884529 11884543
13020760 13020766
4685392 4689578
4473017 4506671
9425880 9425950
287421 801668
12219379 12219385
3662137 3965861
4298959 4381568
7007654 7007666
1687019 2523124
14259978 14259993
3469474 3842605
4668976 4674652
2658220 3275655
4717656 4720038
21960131 21960134
15449325 15449327
11847477 11847482
9104641 9104655
9850044 9850071
405032 1034395
4698005 4701566
7159919 7159947
9861685 9861691
11838674 11838679
826815 1638366
15213510 15213514
21776765 21776769
21632040 21632044
28372083 28372086
21722276 21722278
21800989 21800991
111344 361251
12896812 12896818
11889780 11889785
4652691 4659433
1695715 2529540
1248337 2126627
1808177 2619952
120120 387122
1632830 2478655
21840371 21840373
380899 989446
1593056 2450447
9897581 9897591
1847437 2650581
21893714 21893717
11885545 11885550
21655666 21655668
12827641 12827665
3607401 3931502
1594120 2451345
1857131 2658191
21937296 21937299
21751174 21751176
33656794 33656795
21828983 21828988
14656443 14656447
21925820 21925822
88011 302065
21695398 21695401
88004 301733
21892440 21892450
15558934 15558948
11891756 11891763
21814676 21814685
21660200 21660204
21659439 21659442
21948517 21948521
14634713 14634718
4770184 4770799
15895414 15895418
4276027 4366329
11722625 11722639
826217 1636212
9872307 9872332
21878286 21878288
3229700 3679218
21861855 21861859
14250353 14250359
21842013 21842019
21706433 21706436
11866930 11866935
996995 1845265
3200434 3659451
3649628 3959789
21689928 21689935
21717033 21717040
5241270 5241356
21787717 21787719
21860100 21860103
826883 1639628
10850110 10850135
21851931 21851943
21939906 21939910
21756216 21756219
4689323 4693352
9364850 9364876
37883607 37883610
21893110 21893113
21710599 21710602
21628236 21628238
4912185 4912299
21852509 21852513
21909759 21909763
21810452 21810456
11049006 11049033
11842627 11842639
4689197 4693294
289029 806544
15262212 15262221
11753039 11753046
9543623 9543639
21798223 21798229
21638868 21638873
4959632 4959660
21885648 21885652
21944551 21944554
6976774 6976826
7086908 7086926
33779443 33779445
4599763 4610531
12887455 12887463
14583634 14583645
6898933 6898963
11869942 11869962
21691936 21691940
21916578 21916583
11986481 11986496
12313216 12313229
11584640 11584664
4509329 4535796
21856988 21856990
12920785 12920805
21856063 21856067
11289833 11289841
21921235 21921242
21882520 21882526
14672430 14672437
21870092 21870095
4513791 4539274
21613667 21613670
2534716 3191155
21928002 21928006
21677065 21677072
4591395 4602666
12844217 12844222
6448128 6448144
337390 925671
34130987 34130988
7260344 7260355
11853415 11853420
3136444 3611645
34029854 34029855
11868027 11868033
12215559 12215564
21676142 21676145
21784967 21784969
4671921 4677292
14268233 14268238
13149878 13149882
12168454 12168462
13152538 13152545
1484138 2351885
11151196 11151208
21801356 21801358
826867 1639332
3638004 3952586
826206 1635934
21931125 21931136
1610618 2460635
4631157 4639598
13252436 13252439
2899215 3441311
4367894 4429555
4477975 4511047
15020030 15020046
10531568 10531575
14673331 14673336
21822835 21822837
21689034 21689037
10350635 10350645
21898828 21898830
11834842 11834846
14940173 14940181
4237484 4342952
826216 1636189
14528297 14528301
6862126 6862168
9760802 9760811
4670109 4675628
10309919 10309926
2450262 3130144
3137270 3612307
12210855 12210863
11872765 11872770
11875760 11875766
4464908 4500143
21758347 21758349
21838060 21838063
11889643 11889649
12701524 12701531
4681480 4685918
7047615 7047637
12910518 12910521
675532 1417604
21874492 21874495
15017704 15017712
12905303 12905312
14527317 14527323
12885761 12885767
37875518 37875517
11867129 11867134
2640338 3263453
326647 886610
10937471 10937480
2480950 3155180
21787534 21787537
15034679 15034684
35950815 35950816
14976077 14976086
21834178 21834181
21693854 21693857
21641924 21641932
6880635 6880654
11928810 11928815
337412 926370
4555558 4572299
9905660 9905671
4607166 4617423
13156655 13156659
13471616 13471623
14613579 14613584
15149369 15149380
21695112 21695114
9873433 9873441
11957998 11958003
14286318 14286321
9706350 9706358
21680735 21680737
14974586 14974596
4515577 4540495
4599411 4610179
21779138 21779140
2983578 3499874
11497336 11497342
21792984 21792986
3986453 4172592
1857102 2658155
15141325 15141339
15048501 15048506
12205299 12205307
13157338 13157342
21845709 21845711
4650163 4656907
4651383 4658204
11810329 11810336
21775956 21775959
7263514 7263524
33099359 33099360
21727645 21727647
12903556 12903562
21645106 21645109
11922531 11922538
9980123 9980133
14616264 14616267
9904865 9904873
9906840 9906848
12878279 12878285
14580922 14580931
7638387 7638401
21621442 21621444
15168223 15168229
21800371 21800374
14970812 14970822
4707530 4710576
10823261 10823267
326158 883275
9786072 9786079
4571447 4585680
21873768 21873771
21892595 21892597
14618742 14618746
1000563 1849693
4628617 4637327
12829915 12829922
9799982 9799990
21822738 21822740
21830111 21830113
15433662 15433667
14640192 14640196
4628289 4636974
104806 337320
21914825 21914829
22172499 22172501
12142390 12142400
21682070 21682073
15553450 15553455
4278043 4367658
4626630 4635477
21792247 21792251
33999867 33999869
15046085 15046095
21802865 21802868
2899324 3441426
11890511 11890519
13060284 13060291
326639 886361
122754 402526
21647187 21647189
11886392 11886397
21913196 21913198
21648299 21648303
10333796 10333801
8650449 8650467
14547358 14547363
11786813 11786821
8982759 8982792
12899479 12899484
14267272 14267277
12162557 12162562
21848262 21848265
15152066 15152074
9762377 9762390
4642034 4649841
7666182 7666195
21677572 21677574
15563358 15563362
21762299 21762302
21898568 21898571
32979860 32979861
11837072 11837082
2439173 3121208
12882247 12882255
21621014 21621018
1731067 2564862
21935501 21935503
1778291 2594549
2458988 3137609
4276409 4366624
4540564 4559825
21811787 21811789
11853793 11853801
21683586 21683588
1594600 2451898
21887938 21887941
21652764 21652768
34001341 34001343
9432411 9432422
9321010 9321018
9916074 9916082
4475992 4509322
21799868 21799870
13466859 13466865
21959128 21959130
12867964 12867970
9761815 9761832
15098480 15098491
4376199 4435694
15389105 15389108
15764920 15764925
21847501 21847503
21930343 21930346
1687020 2523155
9092761 9092801
9272612 9272627
12169985 12169989
13149345 13149349
4584650 4596523
286797 799575
8551511 8551514
6441595 6441612
2481543 3156238
3152796 3624459
21738513 21738515
6379980 6379990
12880048 12880054
14212747 14212757
2450959 3130568
21912000 21912002
15042192 15042210
21704638 21704641
21636548 21636552
4234781 4340684
21899892 21899894
21880568 21880570
9828595 9828601
9905042 9905047
33950122 33950123
88018 302290
4278211 4367914
1908448 2686940
326177 883613
88010 302024
10270606 10270652
328188 889882
826838 1638943
807444 1608055
9427395 9427450
807463 1608674
3944849 4146999
826871 1639405
298 2195
1562838 2422138
12607319 12607330
88026 302547
4681396 4685775
9917703 9917719
299402 824269
4670252 4675742
11783280 11783284
287745 802260
4428426 4472685
2296262 3013656
1640409 2483137
10943916 10943931
21680827 21680829
8539449 8539475
21828108 21828111
21645363 21645367
21808381 21808385
21737438 21737442
21875176 21875182
11871039 11871047
13057068 13057078
8080625 8080641
21624857 21624864
14534992 14535003
21912855 21912857
21918111 21918113
21929466 21929469
21728235 21728239
12049238 12049248
21960561 21960564
21679445 21679447
21924066 21924071
1088547 1950572
14644279 14644283
15402772 15402780
21620060 21620062
11740699 11740706
1808182 2620004
6628250 6628272
15036335 15036350
997183 1846463
326597 885111
120137 387936
4735422 4736825
11867356 11867359
1189594 2064054
4685505 4689767
12249698 12249701
4337388 4407611
2594593 3229441
15034440 15034446
21681954 21681956
11886500 11886504
4507731 4534423
15121525 15121533
807464 1608701
32984886 32984888
1700359 2531421
4965918 4965936
3710378 3997340
4635783 4643863
21628863 21628870
807442 1608000
14595847 14595860
120219 391386
807461 1608590
4645104 4652603
21782522 21782525
1593068 2450635
13138216 13138221
21644239 21644252
13148276 13148282
21617479 21617482
10853994 10854010
808368 1610533
15226696 15226700
11884052 11884059
4137683 4276344
4751352 4752399
11881013 11881018
3131160 3607571
21623263 21623275
369002 968272
3155152 3626357
3152981 3624688
9575215 9575235
6800938 6800949
1634514 2480029
1016550 1868334
21621871 21621873
21715069 21715071
21649007 21649011
337398 925893
3248268 3692852
12901188 12901195
179 1244
21659527 21659534
14670018 14670037
14922419 14922459
2088 22177
807436 1607815
3523598 3878307
21682518 21682520
87999 301396
9377619 9377669
21765638 21765642
4481622 4513868
12976629 12976636
3191750 3649743
1964921 2734852
12177458 12177463
1854648 2655720
21806395 21806404
4666079 4671691
4653279 4660058
21713500 21713504
15567829 15567834
21886046 21886049
7605433 7605448
4779554 4780150
3935309 4141516
3137275 3612382
335452 916795
337404 926054
2296263 3013674
9347262 9347271
285586 796994
4608331 4618509
9886437 9886464
4199111 4315906
4305521 4386096
4693452 4697388
12862913 12862923
120132 387643
9460159 9460205
4586833 4598476
4775101 4775648
12897113 12897122
2720100 3311884
18659 99351
826254 1637119
84078 288936
9912105 9912113
11974717 11974725
7374823 7374835
12752264 12752275
2511799 3179426
35323 140131
39708 162597
120160 389083
1640411 2483208
1588253 2445658
351733 940231
7197493 7197503
4695325 4698995
10921647 10921651
536573 1254456
1297228 2176268
4600910 4611481
15407162 15407166
826346 1637655
21824623 21824625
4757951 4758691
4538220 4558010
4189067 4309004
3179398 3643230
4535253 4555459
3813836 4056604
1778377 2594977
11786057 11786067
1297222 2176092
4298943 4381529
7363345 7363536
4597730 4608568
3715746 4000479
4473771 4507286
3155524 3626547
4638041 4646215
22411 122459
11873337 11873344
11886149 11886156
3539429 3888383
14592606 14592618
1000562 1849668
14562424 14562430
14554863 14554869
120126 387351
10855878 10855898
1673360 2511940
15085068 15085075
4553262 4570251
4953100 4953131
9893372 9893378
1297221 2176060
11032621 11032636
9817626 9817632
3900528 4116990
4305475 4386047
11890637 11890644
9760428 9760437
104584 336939
15432824 15432827
7199080 7199126
3643216 3955996
824157 1632490
12615705 12615714
7087883 7087920
14291038 14291046
4140251 4278266
9880855 9880866
826230 1636548
11844378 11844383
4627418 4636130
4911308 4911370
1189593 2064022
9076483 9076495
9575217 9575240
14917447 14917462
286797 799576
14652081 14652086
21657524 21657536
15219464 15219467
120089 385318
9889527 9889536
948667 1778409
2451386 3130971
1701483 2532340
9573911 9573923
9909292 9909313
11761507 11761513
35927360 35927363
12664514 12664523
7618874 7618887
13469307 13469313
15042294 15042308
34001547 34001548
9948070 9948082
7849857 7849886
326645 886560
21688444 21688451
34005953 287627
33679569 33679570
4337307 4407518
12301093 12301109
4908847 4908894
15085578 15085595
4598000 4608813
9879356 9879366
2482043 3156737
826864 1639257
826577 1638005
21831509 21831511
4628234 4636889
2450691 3130397
11868249 11868254
15111397 15111443
11841281 11841288
7133007 7133034
3598224 3925168
21783311 21783313
826227 1636464
11764089 11764098
2083 22006
120085 385077
4466889 4501591
7080465 7080479
21754436 21754438
88022 302419
3679105 3976288
536575 1254537
2532661 3189631
933915 1759405
9812461 9812469
8165549 8165566
301635 826385
10346889 10346904
9366514 9366526
7057703 7057734
16202 83166
4775185 4775753
11865877 11865883
9925231 9925239
1640430 2483534
3427507 3809050
405521 1034806
908569 1719229
1593055 2450436
120096 385761
13451921 13451931
11845712 11845721
6102252 6102285
826824 1638560
11406076 11406117
9799793 9799810
2950034 3479311
9786380 9786389
21627508 21627520
1725744 2561736
13151402 13151410
826833 1638816
923154 1731901
11865846 11865851
4282560 4370690
15405824 15405829
3136155 3611482
11841469 11841475
4710759 4713258
3522446 3877644
1733639 2567464
2731481 3321945
2456879 3135659
826837 1638920
286812 799708
4473080 4506718
11835704 11835710
9791004 9791032
14936779 14936801
9862032 9862040
9890620 9890626
9827720 9827730
4507599 4534261
3939846 4144125
11884405 11884408
11875086 11875092
807435 1607786
11852404 11852411
3539289 3888342
4652779 4659554
21675028 21675030
9768765 9768791
11870889 11870895
8593616 8593643
1640047 2482825
1189596 2064079
9885032 9885041
2176240 2914729
826189 1635669
9761502 9761513
4607636 4617756
11859663 11859671
4631166 4639626
22161 121221
2934042 3468522
332760 907245
6484742 6484767
10330968 10330976
1733631 2567331
12865617 12865621
4656216 4662591
287436 801702
12909872 12909878
10157694 10157707
2439027 3120944
288644 805199
1484137 2351856
15760180 15760184
10342158 10342162
4093466 4241382
9898001 9898008
14703489 14703494
12925980 12925985
11515022 11515030
4475445 4508807
21856162 21856165
287203 800492
3152808 3624540
21803240 21803242
21949786 21949789
4542503 4561318
12230517 12230526
4476052 4509483
926023 1733701
22683 123496
4664173 4669906
6516159 6516169
3137257 3612184
1609346 2458914
4624390 4633427
4573949 4587841
326627 886081
3207052 3663308
2481541 3156205
11457805 11457814
3900588 4117083
7359357 7359372
9073262 9073273
1701484 2532364
11372095 11372106
7612253 7612306
4596643 4607358
4513594 4539019
7375232 7375244
9554971 9554987
12878193 12878201
4278073 4367698
12950554 12950560
4594603 4605607
21805770 21805773
2529531 3188511
4681486 4685932
2796647 3370858
4834181 4834231
849837 1664798
4507557 4534153
921876 1730043
14894769 14894780
1733641 2567509
663447 1406130
7113663 7113681
4508913 4535348
12843243 12843249
1733782 2567811
9079155 9079198
4707887 4710784
3971740 4163558
289195 806741
4481547 4513806
4148431 4283184
12900946 12900951
886020 1701567
326603 885342
4278202 4367868
9899654 9899673
4662983 4668904
4532415 4552998
14258519 14258531
997167 1846096
3611438 3934646
722238 1482786
3137254 3612140
4564932 4580166
10339863 10339871
4477918 4510839
437970 1085187
1417944 2292491
337409 926240
3931407 4138401
337383 925367
1733589 2566974
15007657 15007667
84159 289479
12871036 12871058
21831223 21831225
4637089 4645140
4598861 4609612
9889359 9889366
3549136 3894555
7511789 7511799
4596522 4607230
3976606 4166509
21643605 21643607
4573634 4587408
21768935 21768939
14930738 14930744
21671947 21671950
21898675 21898678
21612072 21612075
335832 918543
11988540 11988543
21746430 21746437
15017169 15017172
21649889 21649892
4140368 4278322
4912511 4912522
997185 1846510
15001129 15001136
15482122 15482126
9377617 9377652
15067519 15067529
13457809 13457817
3587031 3918486
14531407 14531418
801763 1593563
14999244 14999255
4792723 4792985
4148425 4283133
9862094 9862104
11884666 11884673
14976204 14976223
11890538 11890554
21857326 21857328
4515442 4540342
4476020 4509434
14984810 14984820
15035045 15035055
4433390 4476570
219453 676672
21917089 21917091
21820400 21820403
88021 302404
14971817 14971825
5584456 5584468
3130336 3606541
1297223 2176123
12842095 12842105
826875 1639483
21913654 21913656
1606287 2456267
4726091 4727789
21666459 21666462
979345 1823107
11843544 11843551
14956988 14956999
4428006 4472160
3441102 3817086
1701270 2531959
3627759 3946665
21933689 21933693
2479923 3154301
12826581 12826585
867542 1681866
997178 1846291
326623 885964
5235376 5235434
4693501 4697450
4607397 4617645
4559553 4575334
4269526 4360573
6467533 6467545
2752 35386
4535903 4556164
826165 1634932
1733632 2567342
10348393 10348402
826235 1636666
2542283 3195993
883549 1700547
856934 1671897
14303773 14303778
12958177 12958182
120112 386632
4597396 4608224
21625978 21625982
21881710 21881713
9327763 9327775
9327763 9327776
21875868 21875874
21846369 21846373
16370 83851
4598975 4609752
30774970 30774971
326178 883651
1420674 2295920
12166862 12166868
6493971 6493988
943641 1774423
87950 299304
4586351 4597906
3604167 3929078
1640428 2483474
4671108 4676542
15384602 15384606
2566718 3206842
3388970 3786023
1850828 2653004
9917029 9917041
8513982 8513994
4912447 4912485
21712333 21712335
9605369 9605387
21676962 21676965
801749 1593230
9914633 9914640
8006791 8006810
21959113 21959116
9425877 9425909
1701480 2532280
11841941 11841948
21741629 21741634
14908121 14908131
9870068 9870077
15157532 15157572
21861396 21861399
9787400 9787403
4533573 4554119
15149569 15149576
10840261 10840306
9870009 9870019
2361138 3057055
87972 300414
826886 1639669
7095307 7095329
21805809 21805811
10574716 10574731
3952536 4151233
3930554 4137565
21685983 21685987
3934243 4140277
21755620 21755625
7833345 7833353
14653357 14653361
11281123 11281134
3947282 4148411
15861767 15861770
11715219 11715226
21763303 21763305
11873453 11873458
14501309 14501316
12887644 12887649
21613447 21613455
4659386 4665513
2460702 3139787
4588977 4600399
4731638 4733201
21731284 21731287
826220 1636251
949366 1779862
826944 1639882
15248056 15248062
4651176 4657946
21698190 21698194
120141 388164
15404377 15404381
21918748 21918751
997180 1846355
6917726 6917746
4210683 4323248
9869059 9869069
2351790 3048734
14584406 14584409
37893751 37893750
1576949 2435983
15482709 15482712
4484032 4515602
2480329 3154665
14919413 14919487
9870373 9870381
11987599 11987605
8437301 8437320
6976444 6976457
10543196 10543236
4666777 4672435
13160420 13160430
14908459 14908469
21863676 21863679
13150147 13150153
10331941 10332003
14905674 14905682
21653463 21653465
15444391 15444397
3833215 4075228
21657677 21657680
10344834 10344849
4533171 4553727
4304749 4385755
807459 1608465
9692343 9692371
1846723 2650078
14622238 14622242
4597414 4608273
11856618 11856624
4540500 4559751
4710028 4712541
4779570 4780192
12887590 12887600
21961417 21961419
3934606 4140652
21917675 21917678
4084663 4236585
21804337 21804339
14541248 14541253
10847181 10847186
4660631 4666599
337396 925821
1681214 2516532
4691096 4695155
1280505 2157246
826171 1635167
12903053 12903060
2459243 3137974
7194867 7194884
289501 807228
9919802 9919809
3679213 3976503
4594371 4605281
14590547 14590553
21800455 21800458
9778955 9778961
9046498 9046517
826196 1635797
12317121 12317141
12891168 12891177
3607124 3931217
4597246 4608053
83620 287493
13418174 13418184
11901358 11901368
14618087 14618090
9766101 9766114
806435 1606178
4633909 4641924
4570584 4584949
826225 1636385
21619874 21619876
21938788 21938790
3640172 3953856
12997672 12997678
3934859 4141010
34129441 34129442
807457 1608362
9831256 9831263
2296264 3013690
4428372 4472560
3280999 3715777
9883081 9883090
14228548 14228552
21763978 21763980
21941927 21941931
9298390 9298403
781245 1567502
9581202 9581214
10028189 10028194
21742167 21742170
3155530 3626659
2649642 3269588
33827600 33827601
21821083 21821086
10810182 10810192
14417283 14417288
9917375 9917384
9425876 9425895
21882088 21882090
4507551 4534118
21825785 21825791
14599054 14599066
13103406 13103425
11735279 11735284
12891476 12891481
4288846 4374361
4555556 4572278
21637998 21638016
801771 1593738
3205768 3662533
3275722 3713045
326642 886461
13472115 13472121
9885837 9885844
13469167 13469172
3900514 4116706
9425886 9426017
21897293 21897295
11878866 11878872
9425879 9425931
997166 1846076
1733648 2567626
997191 1846680
826250 1637054
4671927 4677306
4646840 4654177
120527 393515
802391 1594518
7367242 7367251
12902543 12902550
2567603 3207389
9906858 9906868
3626274 3945789
14907892 14907917
33807667 33807669
11831332 11831338
13154364 13154368
21801093 21801095
4651215 4658023
14487866 14487870
337408 926206
2649642 3269589
21693787 21693792
1591593 2448343
21690201 21690203
14450088 14450092
4608940 4619147
21795779 21795781
8950895 8950905
11855626 11855633
1610630 2460678
11878688 11878694
120529 393660
15399025 15399029
11874471 11874479
4635613 4643669
21696106 21696111
4439436 4481321
4584647 4596512
21694141 21694144
4278530 4368329
10270600 10270628
4675452 4680390
21790513 21790517
12864549 12864556
21812420 21812423
4600464 4610975
15007355 15007362
21765277 21765280
21883486 21883488
6695525 6695539
14201791 14201800
6365521 6365539
12832450 12832457
1702471 2533536
4429698 4473840
7578734 7578753
4666663 4672318
11284347 11284354
6921613 6921632
902739 1712084
405293 1034559
14507020 14507026
12876715 12876721
21816159 21816161
7703028 7703048
8264991 8265004
9871090 9871100
15407532 15407537
9927338 9927346
21624954 21624957
21728737 21728739
11854155 11854160
1606878 2456849
1701924 2533196
21626879 21626881
926311 1733793
13149943 13149946
21776061 21776063
14582740 14582746
13147865 13147877
1607306 2457381
4282661 4370755
21698221 21698223
11885052 11885057
969000 1808380
2451279 3130829
6709414 6709429
826202 1635856
9913958 9913972
14593111 14593116
7374888 7374911
11869853 11869860
3628733 3947837
4719031 4721417
10347199 10347206
140863 442009
301131 825620
21677614 21677620
948668 1778430
7024796 7024809
4147481 4282428
9426111 9426144
15169846 15169871
4475481 4508951
21671883 21671886
1640416 2483335
11338215 11338221
806612 1606499
15394674 15394679
14613540 14613554
14581024 14581026
21651710 21651712
15562258 15562261
14519838 14519849
801764 1593595
11876909 11876915
4628421 4637189
4434740 4478049
997192 1846708
21638516 21638519
21701546 21701554
11886994 11887000
9886048 9886058
13147381 13147388
376006 979243
9884281 9884300
4705760 4708908
7777156 7777171
38769 158405
15510933 15510937
9498193 9498201
13151093 13151102
14246853 14246863
13505529 13505534
6862123 6862159
9500316 9500323
4628246 4636927
997196 1846806
11106548 11106554
2481497 3155914
9426108 9426126
3624850 3944831
4282415 4370642
4282681 4370780
11422580 11422587
11846466 11846472
9425887 9426027
1606069 2456077
9786237 9786243
14908745 14908750
2157347 2898682
7662873 7662889
87999 301394
84077 288856
21856423 21856425
12856117 12856125
12827628 12827631
33834314 33834315
33805754 33805755
801753 1593297
10656726 10656732
14529310 14529315
826872 1639424
2708261 3303360
3185376 3646170
2720105 3312010
826940 1639804
11467243 11467251
21655890 21655893
15089919 15089926
4428377 4472591
14508294 14508300
14978865 14978875
11863038 11863045
36049915 36049917
2351801 3048881
9818101 9818109
1593716 2450854
1701922 2533176
2535038 3191646
9863704 9863722
21945470 21945472
15528150 15528156
14516149 14516153
6851800 6851827
4645105 4652625
8441006 8441031
21703219 21703221
14222255 14222260
120111 386570
3930236 4137300
7613169 7613177
2166808 2906957
120086 385131
4658659 4664794
801640 1593029
4590297 4601744
1002002 1851371
10361080 10361091
21639549 21639552
11876973 11876979
4276995 4366982
3863985 4093390
21768036 21768040
4955335 4955363
88001 301575
3691073 3984996
12907240 12907243
4586750 4598333
3525611 3879441
4477998 4511132
28763005 28763006
2481013 3155272
4651942 4658739
21883271 21883276
997179 1846325
801767 1593687
4555509 4572244
387320 998720
337388 925586
8585464 8585480
4136585 4275397
15407251 15407254
4573626 4587386
9030882 9030894
11474691 11474701
34127151 34127152
15576101 15576105
4734380 4735807
4649818 4656690
13147521 13147530
4513851 4539348
826937 1639729
4382046 4439673
4428001 4472139
21767708 21767710
4540449 4559666
21712751 21712753
21908656 21908659
21846998 21847000
4429183 4473350
11921681 11921686
4525478 4548059
15063559 15063563
12818218 12818223
21730299 21730302
4166874 4295312
337406 926127
11134676 11134685
14625684 14625686
21876005 21876007
13053039 13053045
7089265 7089279
4605656 4615960
14271890 14271894
886339 1701673
4585419 4597105
9280291 9280301
13470647 13470655
4367815 4429493
9911237 9911244
5011574 5011588
3691074 3985015
21635485 21635487
2351835 3049247
12856865 12856872
10829796 10829816
7478941 7478956
11878060 11878066
2296260 3013610
9911892 9911897
21699929 21699931
21827127 21827125
4429392 4473518
3153044 3624805
6586690 6586729
2482192 3156850
14278929 14278931
11853556 11853562
4726914 4728775
11882080 11882084
326656 886798
15132485 15132502
1593939 2451114
4698402 4701922
21934687 21934695
997911 1847328
1321493 2192339
326617 885729
11797984 11798007
826818 1638442
14354821 14354828
2320225 3025388
4676947 4681820
21791627 21791630
11859266 11859273
12950682 12950688
12972441 12972445
11890124 11890129
826955 1639938
337394 925773
2418800 3105104
10684754 10684759
15384266 15384270
11806015 11806023
3945723 4147522
826825 1638584
21942796 21942799
387217 998548
21634076 21634078
11833230 11833234
4559703 4575526
14512039 14512043
1733672 2567701
21673445 21673448
1701331 2532015
14638659 14638678
4570472 4584740
15092747 15092758
12891611 12891617
4555657 4572406
3559585 3900544
1701595 2532537
34055247 34055248
3455556 3831478
9796703 9796714
2483196 3157765
9074141 9074161
4474745 4508145
21808306 21808308
4559694 4575483
21885868 21885871
10362638 10362645
3228057 3678100
21732088 21732091
21866219 21866222
2556931 3202633
6441944 6441958
4585306 4597009
21925393 21925397
4589088 4600489
4689186 4693266
11457241 11457249
4638185 4646404
871122 1686997
21825482 21825485
12858122 12858127
9814354 9814364
4626769 4635583
21665333 21665337
860484 1674897
11577875 11577884
12871034 12871042
12957237 12957241
15128064 15128074
337393 925749
4911193 4911286
9893158 9893167
13474136 13474146
21610108 21610117
6862173 6862183
12853347 12853353
1607451 2457583
21710357 21710359
15600287 15600299
12961026 12961033
1594020 2451244
8774634 8774646
7641106 7641116
30778957 30778960
4138668 4277026
4726131 4727936
6352542 6352570
4483663 4515426
9953417 9953430
14646533 14646538
4466892 4501649
21615443 21615446
1701604 2532761
11758370 11758377
9884640 9884649
4609060 4619308
890908 1704319
826222 1636318
960778 1797622
21885279 21885283
801759 1593453
301323 825908
15513073 15513092
4690041 4694005
11837514 11837520
9781397 9781438
15098460 15098466
9176128 9176140
3862220 4092326
4586312 4597841
6441224 6441237
21861501 21861503
4450778 4489928
11853881 11853886
4768173 4768756
4532723 4553299
11830349 11830355
4283220 4371022
33998237 33998238
13099421 13099426
21620683 21620689
10824482 10824504
12901958 12901966
11888278 11888283
9092759 9092779
9892852 9892863
301129 825566
15125865 15125869
21857195 21857197
11886054 11886060
4634573 4642591
4571386 4585639
21634295 21634297
21986580 21986587
14372563 14372573
33827504 33827507
9786088 9786092
1778327 2594848
2506846 3174859
14542941 14542944
21925675 21925677
4768861 4769551
28175644 28175646
120095 385694
10340840 10340847
337403 926008
4761685 4762761
4581808 4594221
9889230 9889241
10340126 10340137
1417478 2291965
4689134 4693149
11879092 11879097
3187946 3647492
14919427 14919503
10989869 10989876
4442216 4483615
9781465 9781475
7692215 7692222
33675254 33675255
21876205 21876207
21851052 21851056
34093690 34093691
9535242 9535253
1701918 2533119
322247 871150
1671790 2510681
322247 871151
9504241 9504257
37896499 37896498
2451103 3130687
4619326 4628647
4466890 4501609
3627440 3946600
21784951 21784954
4615984 4625373
32966370 32966371
4740911 4741970
4366681 4428454
512461 1207741
9883541 9883551
7612106 7612113
8852859 8852868
10351563 10351572
7663987 7664005
997189 1846620
33863770 33863771
9915441 9915451
14980114 14980136
12864511 12864517
21703296 21703298
12861269 12861278
1701599 2532647
11880801 11880806
21623728 21623730
9649585 9649595
21938730 21938732
14481777 14481784
4434599 4477599
3900517 4116782
21732398 21732402
9786890 9786899
12813920 12813927
21854002 21854004
2594610 3229610
12892714 12892720
326632 886140
3996673 4181398
9404028 9404044
8844122 8844132
9850086 9850102
15140600 15140605
21763570 21763573
807454 1608290
12905899 12905916
4607918 4618018
9923125 9923135
337399 925917
3441021 3816973
1593067 2450622
9432699 9432714
21781345 21781348
14937885 14937895
4612470 4622354
2482650 3157230
4637049 4645095
34003194 34003195
826210 1636044
4698363 4701859
826814 1638337
11963389 11963392
13146581 13146584
4627481 4636217
2437612 3119694
7192057 7192077
9914144 9914150
301906 826754
21868186 21868190
15416096 15416100
4229072 4337290
9830207 9830215
14254754 14254760
2594597 3229483
8826705 8826721
12903615 12903627
4631175 4639658
7060217 7060260
4288848 4374387
11843826 11843832
4713226 4715795
997168 1846111
11849714 11849721
14994653 14994666
15027204 15027214
4475468 4508884
14905969 14905983
6651790 6651839
4658639 4664779
21923378 21923386
7672700 7672721
6441401 6441421
997182 1846433
4651763 4658526
13468416 13468420
326607 885462
21852914 21852916
11810003 11810007
14384220 14384224
14972436 14972454
15502540 15502543
1535415 2393391
21929698 21929700
15131268 15131274
34017570 34017571
10273260 10273268
12896566 12896572
826258 1637209
4477923 4510898
3137804 3613111
14217300 14217305
21653495 21653497
1733591 2567005
826234 1636632
13079851 13079857
13145942 13145947
21742201 21742206
11920645 11920651
1733644 2567575
21823964 21823967
21703837 21703839
21697905 21697908
4966614 4966657
21867591 21867595
21698273 21698276
826239 1636758
21953170 21953173
21950202 21950204
1606873 2456836
21743176 21743179
11861925 11861930
4396226 4449361
4367550 4429345
88012 302100
4664144 4669853
11875289 11875293
11870309 11870315
3931458 4138471
21933317 21933319
14285186 14285199
15543632 15543642
14289884 14289896
10338626 10338634
21627015 21627017
826866 1639310
6547637 6547659
30624200 30624211
12903304 12903307
2639946 3263235
4651226 4658078
7101917 7101932
21941195 21941199
4701057 4704175
1640049 2482857
1345737 2220767
4676079 4680877
4420039 4465722
21790337 21790339
21933527 21933530
21737204 21737206
3679083 3976223
11844357 11844363
11892576 11892580
15392147 15392151
13149223 13149227
21721468 21721471
21834999 21835003
21621179 21621186
402410 1016532
12334136 12334140
9353342 9353398
801752 1593278
13471794 13471804
13149782 13149790
11831218 11831225
12885558 12885564
4147579 4282534
21642618 21642620
2627725 3254435
21959054 21959057
826862 1639199
10485091 10485106
14404355 14404360
21854586 21854589
21672995 21672997
9799837 9799853
11845762 11845769
9848643 9848651
8941360 8941370
13258401 13258404
12901463 12901470
4439658 4481493
7656529 7656536
3128896 3605376
14502087 14502092
34959040 34959041
1588252 2445637
21932065 21932072
21794417 21794421
1640809 2483772
997177 1846258
7673985 7673995
22092631 22092633
14965568 14965573
12319505 12319507
21741211 21741214
4597027 4607876
4662571 4668582
6880722 6880732
10829392 10829402
4736196 4737585
1701333 2532058
21638976 21638985
4694844 4698559
21679709 21679711
337402 925986
9758808 9758817
679390 1421858
9924370 9924383
4377974 4436896
2620066 3248771
12896923 12896930
2450601 3130341
826223 1636346
21926545 21926547
21934264 21934267
15399589 15399596
14024804 14024871
11848413 11848420
11797247 11797263
1084186 1946223
2448331 3128856
13149312 13149319
21851512 21851515
4585851 4597487
8836792 8836806
806614 1606582
4210689 4323279
14527831 14527836
9741547 9741560
10342080 10342088
21699630 21699632
9585608 9585621
15102987 15102995
10464550 10464566
11853960 11853965
402483 1016598
13876188 13876203
14106748 14106756
11861835 11861840
30487173 30487176
14927724 14927733
15480498 15480502
302322 827100
15244719 15244728
12207728 12207734
14024804 14024875
1632834 2478672
15088252 15088262
4664308 4670059
21731671 21731674
12899677 12899688
21829619 21829622
11276570 11276577
4685387 4689562
34047460 34047461
2458961 3137440
4748195 4749381
1720689 2556452
4282647 4370749
10295129 10295140
6502384 6502401
826345 1637622
5712826 5712834
21925077 21925079
4368900 4430870
2919271 3458858
4631129 4639472
21650126 21650128
11898302 11898308
33675587 33675587
36043453 36043455
33675592 33675592
1847187 2650472
826939 1639782
33675598 33675598
11456777 11456786
826181 1635521
997186 1846531
1846521 2649966
1606277 2456148
1778297 2594665
8224500 8224537
21926583 21926589
87987 300818
8634954 8635204
15242462 15242468
4120971 4264036
997172 1846163
11671065 11671072
120154 388809
1084188 1946233
7099954 7099970
7676435 7676452
21839497 21839501
1034326 1897800
4770211 4770806
15201688 15201696
9813702 9813709
4502664 4529471
4665874 4671383
11886305 11886310
301902 826697
9043025 9043038
12882102 12882121
11871803 11871809
1733609 2567226
6325997 6326009
337386 925487
21688137 21688139
11847554 11847560
21615791 21615793
4628808 4637450
188186 580254
4675373 4680308
4110274 4257995
11818121 11818128
1719223 2554841
3935043 4141132
11887355 11887359
803473 1602960
9371104 9371153
405315 1034594
9897370 9897380
4294502 4377980
13466632 13466636
4678694 4683201
9477995 9478011
326600 885228
4955191 4955292
4473794 4507311
9908650 9908663
12225152 12225159
15108260 15108268
11838962 11838966
4525449 4548033
9899633 9899650
826209 1636019
2296124 3013229
826945 1639901
34011179 34011180
13065678 13065686
11889470 11889474
21669826 21669829
15157523 15157544
4766082 4766800
4288063 4373732
4701664 4704690
337387 925535
21687013 21687016
807439 1607913
2127357 2875094
806607 1606254
13696831 13696835
7357704 7357721
10287820 10287830
1000554 1849478
11850499 11850505
11830947 11830962
13471895 13471900
12909571 12909577
826249 1637020
14933704 14933714
4755231 4756080
2458966 3137485
1937766 2712887
3153188 3624875
21747246 21747249
1640427 2483427
10338922 10338931
1580284 2439037
84480 290119
21845472 21845474
10937110 10937136
4337306 4407507
9770366 9770376
7710850 7710874
9883382 9883392
3229818 3679743
21882882 21882884
9909787 9909797
4535444 4555692
2594897 3230108
21745632 21745635
152233 480410
9769447 9769459
4667787 4673540
3137269 3612284
4147578 4282508
21626887 21626896
14271616 14271619
4617444 4626854
4508788 4535204
7646786 7646805
826885 1639658
21778298 21778301
4911213 4911313
1701598 2532618
4421865 4467125
9538049 9538059
22684 123537
7210744 7210763
4575541 4589038
4681352 4685706
4506367 4532714
4607951 4618084
21907432 21907434
14451350 14451355
940492 1771591
4666037 4671644
3606619 3930257
2568880 3208121
120578 395375
13040858 13040865
10777884 10777910
12862041 12862045
1640432 2483575
826229 1636517
3136277 3611590
826247 1636948
21658106 21658109
4483645 4515394
1406778 2281571
21918923 21918926
4571021 4585391
37899766 37899765
11856965 11856972
9910921 9910931
15236530 15236540
22280616 22280620
4619858 4629236
326663 886966
11271077 11271085
21649642 21649644
21701484 21701486
2482641 3157168
11228696 11228705
9883405 9883419
4647586 4654928
14553484 14553489
2594895 3230084
1867663 2666977
18614 97269
4344827 4412458
4726097 4727813
1701930 2533228
4506245 4532595
7664186 7664201
4506245 4532596
1837873 2643582
4229142 4337368
21855776 21855779
4586657 4598282
754592 1535393
801760 1593484
912509 1722956
337376 925021
10805934 10805941
4539241 4558860
7605376 7605388
6570612 6570630
4641854 4649678
120163 389234
6862120 6862135
2948247 3478280
10882343 10882347
4714162 4716603
7074089 7074109
1658259 2499488
14213403 14213407
1701917 2533104
7617554 7617567
9460157 9460178
4346181 4413303
4507549 4534095
9462989 9462994
12897625 12897631
11267922 11267931
7109163 7109176
2456927 3135750
21826059 21826061
8649525 8649539
8298761 8298768
11121403 11121417
361070 960239
337378 925119
4429426 4473597
4676366 4681216
4641480 4649262
2456497 3135187
6275334 6275349
4663130 4669158
337377 925058
8244648 8244657
12828028 12828034
7662875 7662913
120096 385762
4590293 4601733
6970783 6970796
14235484 14235491
3900524 4116908
806609 1606396
14517288 14517292
325439 879336
12867519 12867527
8912533 8912551
1635952 2480821
12904124 12904131
3103684 3587047
2351791 3048757
4495476 4524322
4473742 4507252
6251948 6251962
1297227 2176245
7760027 7760039
21946451 21946454
4769573 4770191
21666404 21666406
21870637 21870639
790716 1579315
826277 1637440
15400287 15400292
826257 1637183
826174 1635299
21760293 21760295
4955163 4955220
326615 885646
11783424 11783431
21725547 21725553
21811432 21811434
21885614 21885616
12846601 12846611
14489478 14489487
13151058 13151071
21932241 21932243
9344851 9344863
21937674 21937677
6382656 6382714
3251256 3695225
9898202 9898225
21903996 21904000
21619183 21619188
11828774 11828779
21908951 21908954
45591993 45591994
140241 436542
21712452 21712455
21820106 21820109
21823959 21823962
12806159 12806183
289511 807303
11850607 11850619
21629239 21629242
21716113 21716120
14557427 14557432
21938615 21938618
21961911 21961913
9760501 9760521
21640181 21640184
21780733 21780739
21812090 21812092
21833625 21833629
7109081 7109117
10951630 10951638
4634548 4642539
2207504 2944293
15109987 15110001
21661785 21661788
21772665 21772667
21639569 21639575
809354 1611579
14604759 14604766
9786602 9786616
14494346 14494350
9974248 9974258
21882870 21882872
1335501 2207521
14256242 14256251
3679080 3976211
1406110 2279580
14264657 14264665
1607995 2458021
21882204 21882214
11454883 11454897
21891989 21891993
21929506 21929509
4353982 4419037
2437874 3119927
21714957 21714959
21938254 21938257
2458977 3137561
140246 436753
21664289 21664296
21898135 21898142
21940419 21940421
21856525 21856528
21644891 21644894
21643435 21643440
21902848 21902850
21739019 21739022
21830143 21830147
15411744 15411753
21704623 21704626
13616404 13616412
12886018 12886036
871378 1687287
30674520 30674522
21948138 21948142
11429009 11429027
30647443 30647447
3986407 4172555
21730041 21730043
14550261 14550267
21773339 21773342
21856556 21856560
14244635 14244644
9309514 9309534
3734414 4010366
21816793 21816796
12321094 12321105
21811845 21811848
4288106 4373865
29712091 29712093
3007650 3521137
21638046 21638054
21961504 21961508
21784428 21784430
3129282 3605721
14426947 14426958
21844964 21844968
21721368 21721370
21790002 21790006
1591413 2448220
329729 894683
4288080 4373812
6201859 6201874
3735130 4010655
21817510 21817513
21846463 21846467
4553474 4570487
3122386 3599817
21624647 21624652
21926829 21926831
8533828 8533841
21626148 21626153
14659324 14659333
21723532 21723535
21660888 21660893
12825628 12825638
21949186 21949188
21724171 21724177
9910071 9910092
21663403 21663412
21787091 21787095
21941984 21941988
14531731 14531754
21933954 21933960
15408363 15408373
21610565 21610570
21733465 21733467
21960968 21960972
21685735 21685739
14634138 14634150
21689688 21689690
21629404 21629410
4959631 4959646
11889207 11889213
21732922 21732925
6382655 6382696
21799128 21799131
13384424 13384431
21827737 21827740
10895324 10895331
21828128 21828130
10825974 10825980
9971557 9971575
3813838 4056682
10976967 10976980
21719482 21719488
21910842 21910844
4366138 4428033
14213417 14213423
21661503 21661508
2566938 3207151
15571258 15571263
13449950 13449958
15583385 15583392
21698116 21698121
15046776 15046782
13145586 13145597
12921362 12921377
21962448 21962452
11957489 11957500
21950848 21950859
384456 996029
15017717 15017722
12886023 12886051
3207422 3663473
337395 925794
41339711 41339713
21752937 21752939
21937989 21937991
45591995 45591996
21767225 21767230
21699166 21699173
41689324 41689325
14531728 14531743
7934513 7934531
3137288 3612500
4288085 4373830
4634547 4642520
15395951 15395959
15029322 15029329
21662660 21662671
21852976 21852983
45591997 45591998
7220715 7220742
39228492 39228494
11857334 11857344
25446901 25446908
21717092 21717097
10793960 10793984
11589541 11589556
3229822 3679788
4288068 4373759
21695854 21695857
14969142 14969154
3643786 3956510
21642763 21642766
21732318 21732322
21683310 21683313
21944685 21944691
10793967 10794009
21885718 21885722
21724110 21724115
15512941 15512945
21703011 21703014
9765955 9765966
3155537 3626763
14557396 14557404
28161585 28161587
21862532 21862537
4744830 4745823
3862224 4092390
35829761 35829763
3967178 4160950
21629978 21629986
9592451 9592484
326638 886356
12029230 12029241
11422043 11422064
34964035 34964036
21823451 21823455
21724112 21724122
21871606 21871609
4028185 4200111
34963879 34963881
14996045 14996060
21925011 21925018
21783067 21783070
3007648 3521110
15564371 15564384
21684737 21684746
4757387 4758208
12863449 12863464
45591999 45592000
21889071 21889085
14523473 14523476
3404957 3796458
21696651 21696653
21737187 21737192
2286680 3007670
14946648 14946660
14415472 14415483
15384752 15384756
21771501 21771505
4501659 4528150
13469221 13469226
15876333 15876336
22216260 22216265
10291416 10291428
826259 1637236
826259 1637238
12890726 12890730
4537192 4557253
14578985 14578991
10318817 10318827
10855591 10855597
1484099 2351755
9386263 9386276
6708687 6708699
33938684 33938686
4325915 4399663
4635603 4643646
3440920 3816856
13151513 13151519
12888068 12888074
727041 1496031
10297664 10297674
100597 330956
21727606 21727608
21685245 21685248
21904828 21904830
14534198 14534202
326636 886291
96426 323956
997037 1845708
6202097 6202110
337375 924983
21918689 21918691
12313926 12313932
1701892 2533059
12831967 12831975
4481539 4513770
12889956 12889962
11830897 11830903
3547911 3893508
3611427 3934579
4682109 4686560
11829953 11829959
997163 1846018
10860617 10860642
21815543 21815545
4625437 4634467
12948856 12948859
7594506 7594522
13431914 13431919
326644 886522
9889325 9889346
21688159 21688166
2587446 3223855
15412483 15412487
1635272 2480675
3900525 4116927
15495962 15495967
12909911 12909917
10842416 10842425
4749407 4750556
14894754 14894763
21618214 21618218
13056438 13056444
120554 394266
7864058 7864076
13449493 13449503
12994840 12994845
21894241 21894246
826877 1639520
4182719 4305455
11831925 11831930
3947057 4148333
9886079 9886090
807441 1607975
1733497 2566745
9869819 9869829
21777865 21777867
9781596 9781640
1607454 2457667
21753112 21753114
21734132 21734135
9906589 9906606
2084 22053
1593899 2451061
4660812 4666766
11442711 11442721
11843301 11843307
21863543 21863546
802033 1594075
8264969 8264987
13241415 13241419
902911 1712340
9336231 9336250
4614854 4624306
21652843 21652845
9879298 9879308
4434593 4477559
14540989 14540995
10348782 10348794
12909340 12909349
326614 885594
21941746 21941748
2592280 3227473
12401583 12401593
12909802 12909808
4691762 4695833
4713630 4716128
9425885 9426002
6705448 6705465
2081 21837
12883969 12883975
12894972 12894978
2450690 3130375
2478752 3153097
14620072 14620076
14989859 14989865
1293358 2171117
1868039 2667306
7118529 7118555
21797235 21797237
11589123 11589135
15114086 15114091
21891466 21891469
13730610 13730618
807440 1607942
4148432 4283202
2478799 3153218
4507280 4533639
21757515 21757523
13401115 13401119
4644057 4651664
14225156 14225159
11974210 11974216
4574824 4588537
826858 1639110
807469 1608866
3900550 4117046
9899662 9899702
16259 83459
2351831 3049188
4510717 4536895
808478 1610713
803111 1599660
3640473 3954046
14930563 14930578
15176366 15176371
11886796 11886800
13467116 13467120
11855282 11855285
4374844 4434576
15097350 15097405
807451 1608230
11963221 11963225
8559855 8559868
10341646 10341655
4371001 4432055
9786937 9786941
21818440 21818442
11868687 11868692
7210200 7210209
12853214 12853224
120123 387237
7692094 7692109
4739643 4740900
2647170 3267471
21808398 21808401
11851734 11851738
9778681 9778694
345381 933951
4584588 4596427
4368702 4430723
11888046 11888051
2460977 3140127
3815046 4057443
12141261 12141267
12319417 12319426
890161 1704031
997195 1846785
3152790 3624359
12893879 12893886
4476006 4509391
12885729 12885743
21728570 21728572
4442520 4483945
9641786 9641795
7071178 7071196
4610208 4620216
9855882 9855887
14910533 14910547
4504200 4530791
4466891 4501630
88002 301618
10939656 10939662
21903500 21903502
4657971 4664241
37906553 37906552
9426113 9426162
1807105 2618764
3900518 4116800
14708527 14708533
15402497 15402501
4637893 4645996
4534166 4554455
4565341 4580621
1482749 2350435
4608680 4618863
21702923 21702926
14485906 14485914
4299440 4381886
4182679 4305394
4507273 4533620
28777355 28777356
3139837 3616237
21692048 21692052
21780410 21780412
10930485 10930490
1807785 2619433
326176 883568
4598328 4609055
88023 302453
4508798 4535228
15403531 15403535
1588247 2445549
2535036 3191628
7360660 7360673
21831955 21831957
7095125 7095141
4507508 4533969
14427453 14427456
1868211 2667410
4604490 4614787
2480317 3154551
15479497 15479502
2291939 3010961
1778299 2594687
15065364 15065371
4386106 4442557
14517275 14517279
21859872 21859875
4698399 4701906
12777119 12777125
4664805 4670547
9310599 9310603
12876900 12876905
12941337 12941342
356534 952624
4686556 4690767
2540638 3195319
4624261 4633312
7388491 7388502
21753454 21753456
9315455 9315475
9877765 9877782
9865583 9865592
34006718 34006719
4095324 4242345
326609 885504
9916889 9916900
12904692 12904695
4507474 4533857
4428703 4472936
12908856 12908860
12883222 12883229
3130222 3606446
21898930 21898933
9888951 9888958
9534179 9534193
1733598 2567099
1733593 2567039
4734609 4736063
4612261 4622131
4680429 4684923
11826126 11826130
1701332 2532035
10504195 10504224
9760476 9760493
9046406 9046415
11844039 11844044
11844419 11844425
14038338 14038345
21697813 21697816
4433349 4476534
997190 1846654
799265 1590437
1701881 2532994
9910589 9910597
8037154 8037171
1607460 2457812
21831744 21831747
9831043 9831065
21766451 21766453
4635513 4643535
88016 302235
4612264 4622165
4605780 4616067
33778996 33778997
1297224 2176164
120140 388117
12892205 12892231
33828167 33828168
2480315 3154515
9759387 9759390
7374223 7374233
12007735 12007741
1908344 2686854
337381 925271
7330574 7330591
7392941 7392955
9916855 9916861
6508046 6508058
7830124 7830136
7658793 7658809
11830365 11830373
7669842 7669853
3229388 3679014
807433 1607715
10781960 10781967
4139104 4277230
9913988 9913999
1701479 2532260
21777603 21777606
4728302 4730204
3007516 3521039
21841367 21841370
7640278 7640287
4122594 4264906
4434739 4478031
11265509 11265515
326624 885999
13471123 13471130
4648090 4655334
4536800 4557016
4554273 4571366
4544029 4562576
9958985 9958995
15065393 15065399
14493346 14493351
12901192 12901209
12886804 12886810
9901073 9901080
11028886 11028893
4724699 4726506
34027006 34027007
4710806 4713292
9942366 9942378
12866509 12866517
4775693 4776212
11889425 11889429
21901681 21901684
6694573 6694591
21652964 21652968
15893552 15893555
14488391 14488398
4642029 4649824
3900526 4116953
1701271 2531970
14271474 14271477
13149838 13149843
12877188 12877195
4651220 4658047
302085 826962
21776902 21776905
10331896 10331949
12891850 12891854
10869117 10869120
4912413 4912433
4707515 4710528
4955172 4955244
15219418 15219424
9890652 9890659
13030127 13030130
9893212 9893224
21764149 21764153
4619233 4628564
83106 286502
21611124 21611128
826812 1638281
8236023 8236044
4421470 4466869
7093811 7093836
5731957 5731974
4911954 4912026
14960830 14960837
9918198 9918208
2478787 3153193
120094 385586
4689129 4693107
12852413 12852421
1580251 2438949
13159954 13159959
9973160 9973168
11716122 11716127
21829860 21829863
4588636 4599978
4748313 4749465
8622997 8623016
11749152 11749155
902741 1712126
21750218 21750221
3448061 3821981
4385593 4442292
21687443 21687445
4229148 4337436
14632022 14632029
21612999 21613007
34938369 34938370
4598363 4609081
13468397 13468400
886338 1701653
1701597 2532587
21910737 21910741
21888327 21888330
9973666 9973671
3626100 3945660
11887412 11887420
21740728 21740730
826221 1636289
21650331 21650333
21643391 21643394
21679837 21679839
2456360 3134829
9787406 9787413
1724195 2560649
4276949 4366926
7688161 7688174
13024784 13024788
2500067 3169326
4278203 4367879
4442515 4483920
801766 1593661
21814801 21814804
4689496 4693528
9883595 9883603
21654380 21654382
11343068 11343074
6118542 6118563
120518 393125
826166 1635013
1733596 2567082
21947988 21947990
9905611 9905619
4539377 4559013
5532041 5532054
15558043 15558047
3900513 4116674
12885486 12885493
329705 893918
21838660 21838662
4637544 4645593
1846637 2650021
807468 1608839
14960088 14960100
14201203 14201245
21631279 21631281
6710028 6710051
4159302 4290559
1281068 2158419
10300384 10300393
997877 1847280
801757 1593411
4299694 4382110
8503519 8503525
4596563 4607270
11125733 11125744
1713678 2543741
2455224 3133798
10318681 10318694
120087 385200
4508914 4535374
6101260 6101279
826857 1639087
3619544 3941934
21790296 21790299
11852379 11852386
826243 1636849
3917652 4128679
33869251 33869253
21925092 21925094
4671051 4676491
120124 387284
8383482 8383494
12843561 12843567
87998 301301
7932754 7932772
10345549 10345557
12885866 12885873
21839774 21839778
14964995 14965004
326601 885275
15583450 15583455
9842771 9842782
1606278 2456187
12890125 12890129
21609936 21609939
21797462 21797465
13474164 13474171
11593175 11593184
10277782 10277793
21667123 21667127
15086606 15086614
12839650 12839662
11882920 11882925
14024800 14024837
15400838 15400842
15112606 15112618
9484066 9484076
21893542 21893544
12897823 12897827
4665886 4671417
21885251 21885254
14623785 14623789
4728205 4730056
3900515 4116734
301901 826611
2300173 3014590
12853209 12853216
14906492 14906501
825846 1634503
3900516 4116760
21878547 21878549
3034226 3539524
4304603 4385617
12897642 12897648
326616 885699
4553289 4570274
1297226 2176214
11843759 11843764
4617571 4627017
11860886 11860892
15047461 15047459
7199084 7199140
21852295 21852297
2296261 3013637
2281557 3005387
21934703 21934705
21651671 21651674
4618203 4627505
3139838 3616277
302798 829723
11918211 11918217
15430629 15430633
16318 83643
11901360 11901390
357938 955595
13471664 13471672
4507160 4533460
4594620 4605677
12895832 12895839
331521 902938
4652472 4659210
4507710 4534385
15065470 15065477
3189617 3648272
11848551 11848554
997176 1846229
21934279 21934281
7070893 7070909
21675972 21675974
386592 997820
9194420 9194429
6974650 6974665
500990 1189643
11882367 11882375
2459242 3137938
997175 1846180
11781863 11781870
8559178 8559189
14240011 14240038
21744499 21744502
9963288 9963296
15433972 15433978
10296667 10296680
21618903 21618910
11888402 11888410
9870040 9870048
336138 919473
4690023 4693992
15005657 15005664
21956051 21956054
11888036 11888039
21663639 21663641
1016462 1867986
7738515 7738527
3135932 3611119
4660358 4666294
4754402 4755278
9860833 9860840
337397 925852
337382 925310
4574761 4588443
21721866 21721868
536584 1254878
997187 1846564
4641410 4649182
3930142 4137197
9884349 9884359
21740113 21740116
11882440 11882445
15578182 15578186
21700729 21700731
14533386 14533395
12161421 12161433
4610925 4620959
21816058 21816061
4589116 4600507
2480316 3154535
4540450 4559675
807460 1608533
7024898 7024914
999490 1848284
799627 1591513
4610242 4620368
3049350 3549028
2478738 3153070
14061535 14061545
21686665 21686668
4586424 4597976
15504801 15504805
9888437 9888451
120130 387555
6103407 6103419
219312 673315
6403448 6403458
801990 1593980
21777567 21777569
111449 365847
4439766 4481601
21857355 21857358
284469 795064
21930792 21930795
4555585 4572317
997188 1846586
7001957 7001977
2456362 3134883
385705 997223
4571070 4585448
12838335 12838348
334827 913120
21794101 21794103
997194 1846768
4200138 4316450
10567158 10567183
11870761 11870766
21797418 21797421
1709790 2540657
9899152 9899160
1016030 1867647
9590075 9590085
21792204 21792206
4539305 4558952
21676999 21677001
3230296 3680040
21864585 21864587
8688483 8688494
4337308 4407526
15142874 15142882
4750563 4751709
826870 1639386
13147784 13147791
4704355 4707296
11838164 11838171
14999832 14999845
2594601 3229541
11877136 11877142
9130284 9130296
801751 1593257
14509397 14509401
387048 998238
1733595 2567067
4597397 4608238
12910348 12910354
802393 1594551
21819480 21819483
12882426 12882434
10791325 10791330
7095271 7095287
11367655 11367664
15150344 15150348
9207742 9207751
6819459 6819470
337391 925706
4680457 4684967
21714072 21714076
9329931 9329943
9798330 9798340
14251682 14251685
3971733 4163516
4756855 4757741
826245 1636903
387050 998326
37903853 37903852
21769425 21769427
4428089 4472228
4971241 4971270
15409070 15409076
21652784 21652787
14952608 14952617
21797652 21797654
4618475 4627815
12862443 12862450
21700378 21700382
337392 925727
1701605 2532784
7121512 7121525
11919887 11919892
9926540 9926547
4298966 4381618
11848686 11848691
3863994 4093586
2566576 3206686
21826482 21826484
1496182 2361165
21843206 21843208
4637890 4645974
1778315 2594779
11359477 11359484
4147580 4282548
21735407 21735409
21716582 21716584
826226 1636421
14980276 14980293
4507509 4533983
7365648 7365671
12836801 12836809
13512213 13512226
825105 1633807
727052 1496070
12856786 12856792
7330953 7330966
13473414 13473421
7684615 7684630
21723786 21723788
4571069 4585437
12897426 12897433
11854077 11854081
337405 926096
21748398 21748401
21640369 21640371
21711845 21711847
396944 1006141
3034210 3539361
14969521 14969536
4429429 4473618
4337310 4407540
14467370 14467378
21726818 21726821
14605298 14605310
21765543 21765545
12901902 12901909
12931478 12931484
132143 419030
21614695 21614697
4665406 4670994
13155983 13155989
11849090 11849097
4366940 4428695
11890787 11890792
1634440 2479980
807434 1607751
12892507 12892511
4368001 4429622
21627783 21627789
10296055 10296066
9999594 9999606
15404099 15404104
7624345 7624367
10984025 10984034
15406921 15406925
7624087 7624100
4911958 4912047
9850041 9850053
11876107 11876112
21957309 21957312
14504566 14504573
4597983 4608776
4316447 4393607
7628989 7629000
801750 1593241
11850965 11850970
2481218 3155461
7671600 7671614
21705866 21705868
120108 386406
21937979 21937982
21935664 21935667
14893556 14893566
324288 876537
9887999 9888015
21786696 21786699
3934623 4140704
21963120 21963122
21648468 21648470
11888951 11888956
10777044 10777053
8634945 8635135
88019 302344
13466354 13466361
15398519 15398525
21884183 21884186
2450322 3130188
4664643 4670412
9869609 9869618
15163932 15163939
14910510 14910521
21674770 21674775
15132398 15132414
21768769 21768772
11846917 11846923
9883271 9883276
6716242 6716274
15413587 15413592
826211 1636067
9030180 9030192
4596699 4607491
14582593 14582596
21697448 21697451
11886812 11886816
11871943 11871949
4421471 4466882
21861541 21861543
6099843 6099881
12908945 12908951
385611 997125
21730653 21730656
801756 1593384
12864206 12864217
13459934 13459941
4291486 4376183
9706301 9706324
21792840 21792842
7612961 7612981
4278085 4367737
1607292 2457278
4477912 4510792
7680691 7680703
3321776 3742504
4612259 4622091
9487319 9487329
4429705 4473865
3934706 4140820
801762 1593542
21917990 21917992
14911309 14911318
8488907 8488944
2506830 3174788
11745973 11745981
4575540 4589020
15099636 15099641
9762825 9762835
1640433 2483598
21801456 21801458
10297114 10297127
9963308 9963317
1701486 2532409
6651647 6651667
11854613 11854619
21622543 21622548
9901034 9901043
21749849 21749851
4434604 4477618
826884 1639644
9762993 9762999
88017 302256
1692158 2526550
4671915 4677263
12857321 12857325
4770170 4770778
10270454 10270479
1857095 2658088
122602 402184
15013659 15013667
11880333 11880339
885617 1701358
14571151 14571155
827107 1640184
12884102 12884110
7512221 7512228
13149890 13149895
21629031 21629033
3710451 3997427
13449899 13449903
5014863 5014882
15002724 15002728
4982186 4982277
21820298 21820301
33873828 33873830
4147588 4282634
12308505 12308513
11887883 11887890
4556114 4572816
807455 1608316
326648 886633
1848356 2651717
4698146 4701701
385163 996818
11875654 11875657
14518629 14518632
12877570 12877575
14928075 14928082
10348974 10348982
10930517 10930524
12902487 12902493
10275499 10275513
21781131 21781137
6898761 6898776
826255 1637146
12907988 12907995
9966528 9966539
9936553 9936563
9931847 9931853
4680481 4685084
14991698 14991703
21837239 21837242
11845697 11845703
807452 1608248
11844339 11844343
1591661 2448412
21802322 21802328
13156312 13156317
15447057 15447062
1297229 2176281
807456 1608338
826190 1635695
2657289 3274940
4638634 4646817
13148986 13148990
3640074 3953685
21797865 21797868
869271 1685392
1640415 2483305
21916918 21916920
21836052 21836054
21866062 21866064
9914962 9914980
807450 1608196
11669878 11669883
21818031 21818033
11883824 11883830
4596714 4607598
9902753 9902768
11879810 11879815
826942 1639829
807465 1608730
4507482 4533888
11832709 11832715
11833163 11833168
13161431 13161438
4287652 4373419
13149909 13149913
13149701 13149707
13449881 13449890
15150315 15150319
21953355 21953357
3855329 4088582
512445 1207724
1733640 2567486
13469610 13469613
15445821 15445825
32969948 32969949
11877152 11877160
4435663 4478732
30676642 30676643
1340542 2212489
4554876 4571785
21892187 21892190
3174812 3640056
4495908 4524543
4299692 4382094
21934984 21934986
21798766 21798769
21676182 21676185
4627725 4636390
676467 1419641
826879 1639548
9850029 9850035
9885184 9885191
6759226 6759243
13153143 13153150
14976742 14976750
1297225 2176191
21747000 21747002
21630779 21630782
826197 1635810
21648812 21648815
3135957 3611209
13150051 13150056
21822161 21822164
12226412 12226419
15390642 15390646
9788513 9788529
6101262 6101305
9922418 9922429
997197 1846821
34028968 34028969
3917659 4128702
21879462 21879464
21804171 21804174
9966363 9966372
21744465 21744469
11671961 11671967
9917618 9917626
1733642 2567536
807445 1608067
11846547 11846550
13148759 13148766
9963123 9963130
3606424 3930158
11888507 11888511
13147757 13147761
21667900 21667903
15403996 15404001
21674942 21674944
3049359 3549129
11839626 11839633
3286871 3719125
21734722 21734725
326658 886862
21855991 21855994
11883777 11883784
21783963 21783966
21855937 21855941
10524448 10524485
11829377 11829385
3709319 3996720
9918329 9918336
11887966 11887971
4502507 4529321
13525195 13525206
11856844 11856852
3643881 3956554
9963752 9963761
9767855 9767862
15385270 15385273
11882815 11882820
826158 1634857
3934614 4140685
3611433 3934618
7363768 7363836
15033034 15033043
4441130 4483074
326602 885315
13465061 13465069
21917843 21917846
302311 827084
4434613 4477638
9911613 9911625
11669774 11669780
1846843 2650104
21720448 21720450
4181316 4304506
12325391 12325397
13874821 13874836
11852797 11852802
337401 925961
826157 1634844
14945158 14945164
13467650 13467657
14909129 14909142
14923361 14923372
4694914 4698674
13468206 13468213
21841855 21841858
15100578 15100585
13149235 13149241
9856225 9856234
15111065 15111068
21901725 21901727
15403385 15403391
9817178 9817188
389209 999808
15385795 15385799
14501708 14501712
21730291 21730294
2480332 3154691
21948108 21948110
4612262 4622150
9213842 9213856
2444377 3126464
13110556 13110562
4472986 4506639
11885307 11885311
21860092 21860095
9763187 9763195
11879228 11879234
14222825 14222828
997181 1846394
4719039 4721454
4555663 4572433
9815860 9815882
4554056 4571018
14239610 14239616
1851313 2653300
4295294 4378646
4612260 4622110
4737264 4738654
3934855 4140965
4282252 4370551
4676557 4681406
1607449 2457508
1280507 2157277
15098599 15098609
15098616 15098627
12256004 12256011
21747325 21747328
120110 386520
7585866 7585884
7665038 7665049
826394 1637899
4278886 4368508
9046408 9046432
9786304 9786312
11870748 11870753
3444836 3819910
21836598 21836600
15162527 15162536
4584382 4596281
4566942 4581956
8292455 8292464
1687018 2523088
8290976 8290987
15071286 15071292
13418876 13418905
4620117 4629512
15414666 15414675
3539430 3888400
7662942 7662952
4278535 4368355
4148430 4283168
21775572 21775574
4473892 4507329
1593945 2451163
4617365 4626771
391575 1002128
33675780 33675781
3917624 4128565
4507340 4533722
4475477 4508929
21949388 21949391
21895216 21895218
11410586 11410592
826821 1638489
21671504 21671506
11850665 11850673
3662487 3965984
21789575 21789577
10824400 10824434
1593050 2450401
22069 120948
826943 1639857
14580058 14580062
21612089 21612092
21692424 21692427
11886195 11886201
13149969 13149975
21756724 21756727
15402634 15402638
21622650 21622652
2481367 3155722
12881322 12881328
8924295 8924304
3710456 3997537
88008 301965
88025 302506
21887675 21887677
11763240 11763245
21924436 21924439
4585620 4597310
1562644 2422024
997193 1846741
13469882 13469888
3640075 3953702
12882311 12882315
21869527 21869529
12972811 12972818
11815554 11815571
287212 800928
13449450 13449460
21725253 21725255
4685092 4689251
4378624 4437390
4570216 4584477
1701482 2532321
6709559 6709572
14239761 14239770
21888277 21888279
3894537 4113631
11979464 11979470
4366903 4428620
4615577 4624872
4664425 4670188
287190 799988
3930143 4137205
11884460 11884465
9887872 9887883
4694889 4698628
21926028 21926030
12855274 12855279
6948723 6948742
807443 1608031
21948116 21948118
1733281 2566595
4147582 4282574
13155854 13155861
1640435 2483646
11669841 11669845
21910182 21910184
11552498 11552504
3229696 3679179
1640412 2483231
4439765 4481584
10292397 10292412
826861 1639174
4607305 4617547
14613640 14613643
9404776 9404798
13151315 13151323
6567903 6567917
9767118 9767126
83745 287874
11883840 11883845
9760039 9760044
4554493 4571508
10327462 10327477
289022 806466
1733592 2567022
4553312 4570346
1701594 2532511
801747 1593183
832029 1642422
1799230 2613405
12612377 12612385
902912 1712375
21642012 21642015
15209282 15209293
4609742 4619878
825882 1634529
2796721 3370894
21943262 21943264
21815953 21815955
3962361 4157198
34006215 34006216
3909330 4122583
10504206 10504246
13116761 13116765
326643 886497
9917656 9917665
2296265 3013707
4507282 4533671
4670399 4675936
21684929 21684931
21630106 21630108
4636989 4645046
4147254 4282203
12885724 12885731
11882807 11882810
4760795 4761702
4631112 4639388
14960866 14960875
4635598 4643626
4608704 4618900
824954 1633694
4466849 4501569
21643319 21643321
21680260 21680262
1413722 2286628
8873142 8873155
21796596 21796598
15412323 15412328
9912740 9912746
21907564 21907566
8609707 8609718
1695894 2529597
325677 879882
33688866 33688867
12900252 12900262
3130707 3607019
826873 1639441
87951 299374
826231 1636585
4633918 4641955
326620 885870
1830144 2637024
16379 84127
84080 289095
1593069 2450651
21614235 21614238
1640437 2483669
1638553 2482372
331473 902778
326625 886037
4474304 4507774
1593061 2450480
319178 862519
326611 885549
289466 807129
33671046 33671047
88015 302198
326637 886323
1593063 2450520
3945722 4147499
4513587 4538995
7094185 7094201
387047 998174
120088 385251
15179575 15179603
4507463 4533829
2478551 3152638
1593071 2450671
807447 1608089
4694167 4698114
826878 1639533
4680350 4684857
1701192 2531897
4575577 4589101
3610477 3933748
13460430 13460439
4513742 4539222
802279 1594343
326619 885821
188172 580201
912507 1722875
7624352 7624400
88024 302474
2535035 3191621
2535117 3191730
302608 827250
500989 1189615
4610218 4620257
2767809 3353243
87996 301171
11850935 11850944
1701921 2533158
4276425 4366642
4442574 4484011
3230295 3680019
302655 827366
88000 301508
362850 961725
14624824 14624841
9918527 9918539
826238 1636736
4596756 4607661
326604 885383
84081 289172
1593064 2450544
21661511 21661514
302309 827059
4134439 4273395
6251713 6251732
826832 1638789
21733791 21733794
1016474 1868011
4513732 4539173
4532739 4553343
10352032 10352043
12854558 12854565
87995 301096
22688 123744
