40025052 40025055
35677707 35677710
33503042 33503048
40038261 40038264
40033694 40033696
35686889 35686891
36728996 36728998
40032356 40032357
35654444 35654448
36729175 36729178
40029393 40029395
3188623 3647941
35653517 35653520
35727618 35727620
40028164 40028166
35709935 35709937
35736029 35736032
35733504 35733508
35733505 35733510
35720578 35720579
36728678 36728679
35736273 35736276
40027703 40027705
40029722 40029724
35713535 35713536
35679281 35679282
33518209 33518217
35679399 35679400
40024064 40024065
39457346 35693893
36727764 36727766
40031906 30348045
40031778 40031779
40030936 40030938
40023996 40023997
40031324 40031327
35720630 35720633
39942769 39942771
35653792 35653795
40031180 40031181
33517397 33517400
325787 880287
35738461 31073603
33511674 33511679
38671208 38236485
40034390 40034392
40028510 32619340
31822205 31822207
40087483 40087484
40033547 40033548
40031671 35691978
39461270 39461273
33517346 33517350
39945609 39945611
41648117 41648119
40033933 40033936
39942880 39942881
33529285 33529289
35676475 35676476
40035014 40035015
33522148 33522152
41416372 41416374
32559405 32559408
36728559 36728560
40023910 40023911
33515399 33515401
11020793 11020798
35720311 35720314
35722205 35722208
35737487 35737490
40030812 40030814
36728315 5486979
40024569 40024570
40027042 40027043
35676565 35676566
36728930 36728932
40033423 40033425
39462488 39462492
39950940 39950942
31093429 31093430
40033710 40033711
35654504 35654506
31167082 31167083
40025062 40025065
39461129 39461132
34806465 34806469
35727387 35727388
41416789 41416791
35653835 35653838
31092039 31092040
35682523 35682525
40030186 40030187
39489866 39489868
35679416 35679417
40034851 40034852
40034593 40034595
40034699 40034700
3575446 3910559
41420303 41420304
40034055 40034057
40030560 40030561
35727743 35727746
40031215 40031217
33523650 33523654
39961202 39961205
33523223 33523227
33525842 33525847
36727849 36727850
39948183 39948186
40034564 40034566
36728312 36728314
35685585 35685586
40029928 40029931
35680300 35680302
40030239 40030241
36728092 36728094
10708128 10708131
30484051 30484056
35709839 35709840
40034741 40034742
39945168 39945169
31103278 31103280
40032225 40032227
33526262 33526266
39464175 39464178
36764293 36764295
41420433 41420434
35676653 35676654
39958192 39958194
14595838 14595841
39964739 39964741
33529080 33529086
40024533 40024534
40029750 40029752
40025388 40025389
39949736 39949738
40035007 40035009
40033063 40033064
33520584 33520588
38786921 38786924
40030790 38237722
13197762 13197766
40031757 40031760
36728937 36728939
35720647 35720649
35695257 35695258
33523749 33523753
39464275 39464278
40034152 40034154
40026753 40026755
40034095 40034097
40029149 40029150
40028301 40028303
14288031 14288039
39948556 39948558
40030992 40030993
40031043 40031045
36728526 36728528
40033326 40033327
35654497 35654499
35653860 35653862
39940318 39940320
40023535 40023536
40029466 40029468
39526338 39526341
39960944 39960945
36728712 36728714
33520971 33520975
40023982 40023984
40024356 40024357
9436678 9436688
36728032 36728033
40033528 40033530
39464765 39464769
35654532 35654535
31982259 31982272
31155732 31155735
35693408 35693410
40027429 38238390
40034143 40034144
39954475 39954477
39517501 39517503
40027782 40027783
40025904 40025906
39953884 39953886
40034412 40034414
33526302 33526307
35654376 35654378
33379477 33379481
35654619 35654621
35654613 35654614
33517380 33517384
40030128 40030129
41417148 41417149
35654870 35654872
12353964 12353970
33525458 33525462
35733187 35733190
40028429 40028431
33511569 33511573
35712432 35712434
33529505 33529509
40028953 40028954
36728552 36728553
35653847 35653851
39954186 39954188
39964233 39964235
33528617 33528621
41421398 41421399
40024778 40024780
40028221 40028223
28734305 28734310
28734306 28734313
35654801 35654804
40024284 40024286
41416887 41416889
39964731 39964733
36728518 36728520
40028551 40028552
40029922 40029923
39271501 39271503
40033478 40033480
35718757 35718759
39458176 39458179
40033598 40033599
39956807 39956809
40027064 40027066
40025817 40025818
40029290 40029292
35713712 35675192
40024636 40024637
40033663 40033664
36728317 36728319
40023968 40023970
35653863 35653866
33794395 33794407
39465716 39465720
35683680 35683683
35694731 35694732
35690267 35690272
35696600 35696602
33511909 33511911
40026452 38238868
39955436 38238872
40027699 35681828
40029084 40029086
36728456 36728458
40029387 40029388
41417865 41417866
32556873 32556879
29026157 29026161
40024179 40024180
40025323 40025324
40031824 40031826
39947241 39947243
40032709 40032711
40028134 40028135
35715294 35715296
39964126 39964127
33526617 33526622
40034129 40034131
39527473 39527476
40029890 40029892
36728521 36728522
35738450 35738454
35686525 35686527
35677836 35677839
39947502 39947504
40024006 40024007
41649293 41649294
40031860 40031862
39941271 39941273
40027588 40027590
35653950 35653952
40031298 40031300
35727710 35727713
33520361 33520364
36728350 36728351
35710574 35710578
40034433 40034436
35675447 35675448
36727943 36727945
35676429 35676433
40030029 40030030
35653998 35654000
39513345 39513348
32559453 32559456
40034523 40034525
40029753 40029754
30373319 4217668
4060571 4217668
35727890 35727892
35042962 35042965
40029585 40029586
40023679 40023680
40028018 38239456
31085992 31085996
31092027 31092029
33509718 33509720
36729107 36729108
35727610 35727612
36728499 36728500
13109633 13109641
40033997 40033998
40033487 40033490
40023396 40023397
39955063 39955065
32556782 32556788
40033072 40033074
32556778 32556786
35653773 35653776
35720674 35720676
36728793 36728795
40024427 40024428
3575463 3910564
40034497 40034500
9439051 9439061
40030287 40030290
36728985 36728987
40027106 38239525
35677024 35677026
36727970 36727974
40025937 40025939
40029145 37698522
35688625 35688626
35654741 35654744
35727893 35727896
33523633 33523636
29027447 29027449
35654388 35654392
28735021 28735027
40023485 40023486
15029529 15029554
40028204 40028205
40029544 40029545
35693071 35693073
35653762 35653765
39939370 39939372
40087521 40087522
35713770 35713773
40030577 40030578
40034651 40034652
39960461 39960464
36728962 36728964
35701034 35701036
36674544 36674546
35711346 35711348
35687641 35687642
35869513 35869518
35654844 35654847
14716748 14716755
40031942 40031944
35699125 35699128
35043445 35043449
33518896 33518901
36727854 36727857
31155736 31155739
40030960 40030961
36727851 36727852
33509110 33509112
40025841 40025842
11408280 11408285
40028091 40028092
39958220 39958222
35686513 35686514
40033360 40033362
39466961 39466964
40023439 40023440
33512801 33512803
40025763 40025765
36728095 36728096
40023473 40023474
39495674 39495677
40029481 40029483
35695958 35695959
33511813 33511819
35682557 35682559
39467009 39467011
40028005 35702062
40028171 40028173
40030296 35715319
35713996 35404126
35653938 35653940
36727789 35714983
35718687 35696359
11934777 11934780
41648951 35683854
7738807 7738817
35539492 35539496
40027003 2734074
35687933 35677531
35710169 35710170
35684543 35684544
39948807 39948809
40029829 40029830
36728917 36728918
33518056 33518058
33519163 33519168
40028485 40028487
35654805 35654806
35652781 35652784
35653706 35653707
33523199 33523203
12345343 12345348
40030197 40030198
40033768 40033770
40032667 40032668
35737707 35737711
31145583 31145584
40032343 40032345
3649204 3959545
3191065 3649208
35692624 35692626
36728359 36728361
33513053 33513056
36731989 36731992
40025071 40025072
40031004 40031005
35654309 35654311
40029532 40029533
31081111 31081112
35692882 35692884
40024887 40024888
40033110 40033111
40032105 40032107
35694567 35694569
33526036 33526039
35710058 35710060
33514762 33514766
40028564 40028565
40026473 40026474
40027410 40027411
40024634 40024635
40027759 40027761
35728973 35728975
35653605 35653608
11470440 11470444
39490783 39490786
39942206 39942207
39475631 39475634
39947178 39947180
45683237 45683238
39948723 39948724
39947099 39947101
40029649 40029651
36728285 36728286
35679991 4385634
33523838 33523843
33003330 33003331
36728690 36728691
40031049 40031050
36727869 36727871
35654659 35654662
40032073 40032075
40033085 40033086
36729109 36729110
36727876 36727878
35697322 35697324
35713660 35713661
35723648 35723650
35864837 35864838
39497578 39497582
35654480 35654481
36727782 36727784
40023925 40023926
35683134 35683136
40030607 30866668
35720636 35720637
40034976 40034978
40033550 40033552
35677614 35677617
35686501 35686504
40027502 40027504
35724573 35724574
33526604 33526609
33517295 33517299
36728266 36728267
40032610 40032612
36729158 36729161
33528804 33528807
35696584 35696586
35688106 35688108
39472842 39472845
38778805 38778807
35679210 35679213
40033148 40033149
40028635 40028637
40031090 40031093
41649192 41649193
40026281 40026282
39947105 39947107
40034456 40034458
35683143 35683144
40030962 40030964
35654523 32556035
33529527 33529529
40029983 38241605
35675465 35675466
36729019 36729021
40029943 40029945
35716960 35716962
45683239 45683240
33518907 33518910
39468936 39468940
33526257 33526261
40028691 40028693
31100905 31100906
39525928 39525931
35686485 35686486
40030291 40030293
33521710 33521720
40025069 40025070
39955083 39955084
40024640 40024641
35700277 35700278
11483525 11483528
40024429 40024430
35653816 35653818
32559518 32559520
32556802 32556807
41649623 41649624
39955114 39955116
40032811 40032813
40025648 40025650
39464496 39464499
40033253 40033255
40030211 40030213
35654810 35654813
41649522 41649523
40032654 40032655
40028660 40028662
40029154 40029156
39469820 39469822
35710437 35710439
40034287 40034290
33509888 33509891
33511447 33511449
40031663 40031664
35681815 35681819
36728274 36728276
39479176 39479180
40031829 40031831
35654760 35654761
28461343 28461344
31097476 31097477
33517630 33517632
40028792 40028794
40031343 40031346
11157106 11157110
36727811 36727813
10700314 10700321
35671177 35671179
40033851 38242428
40029834 40029835
35653828 34855278
41649636 41649637
31101954 31101955
15481028 15481030
35684385 35684387
35710804 35710807
36728029 36728031
36727834 36727837
40033982 40033984
35654220 35654222
36728538 36728540
40027961 40027962
40033118 40033120
35654757 35654759
40033630 40033632
32556813 32556817
35654425 35654427
35653703 35653705
40027787 40027788
39966451 39966452
35682394 35682397
35727603 35727605
40024060 40024061
39955409 38242767
40027686 40027687
35712450 35712452
35654732 35654734
35682589 35682592
40024679 40024680
4701564 4704638
41420776 41420777
39471428 39471431
35654663 35654664
39471411 39471414
35703861 35703863
40032116 40032118
36728543 36728545
35727400 35727401
40026248 40026249
39945680 39945682
39464510 39464513
35686505 35686508
40024855 40024857
40030330 40030331
40026299 40026300
21965181 21965183
33860759 33860761
36728717 36728719
35653744 35653746
36728339 36728340
10800547 10800553
35685288 35685291
35685847 35685850
31081362 31081363
40034416 40034418
35727631 35727633
41648756 41648757
40034071 40034073
40028383 40028384
39956354 39956356
40031888 40031889
39947269 39947271
39941646 35705423
33518263 33518265
35677298 35677299
34794787 34794788
40025522 40025523
40034172 40034174
39958368 39958370
40029657 40029659
40023834 40023835
41648763 41648764
40025589 40025591
33391202 33391205
40024709 40024710
32559355 32559357
35654643 35654644
33512686 33512688
39471747 39471750
36728783 36728784
40025958 40025959
35684794 35684796
36728125 36728127
36728335 36728336
40023315 40023316
35716707 35716711
35683177 35683179
40033740 40033742
33511417 33511423
40028575 40028576
40034577 40034579
40030111 40030113
40027919 40027921
35654440 35654442
15445051 15445058
35865704 35865706
40031470 40031471
40026845 40026847
35710065 35710066
28737637 28737639
41648788 41648789
41648806 41648807
29027552 29027554
40033506 40033508
3575355 3910506
40029645 40029647
40028700 40028701
40031918 40031920
35687751 35687752
39495616 39495619
40034447 40034449
40026511 40026512
31091768 31091769
40023417 40023418
35677670 35677672
30625036 30625044
39948658 39948660
40030226 40030228
40031836 40031838
40029030 40029032
40025410 40025411
31083186 31083188
39942874 39942876
33509958 33509960
40027487 40027489
1667366 2506689
9138447 9138464
40033442 40033444
39948713 39948715
40029420 40029421
35654824 35654827
40029616 40029619
33518890 33518893
35721366 35721367
35676207 35676208
35869478 35869485
33512043 33512047
31090716 31090718
40031612 40031614
10797233 10797239
39950920 39950922
33516790 33516792
40028419 40028421
40030590 40030592
35719385 35719387
40024411 40024413
35653809 35653810
39510858 39510860
40024403 40024404
36727866 36727868
40028045 40028048
40034002 40034004
40027733 40027736
39499523 39499527
40030896 40030898
40024270 40024271
40030566 40030569
35720681 35720684
36728246 36728247
31103624 31103625
35714343 35714344
33520073 33520079
33523815 33523819
39479440 39479444
40026513 40026514
40034242 40034244
36728199 36728201
40030610 7479679
40031706 40031707
39963441 35708364
35654490 35654492
36729127 36729129
35654174 35654176
39939525 39939527
33518091 33518094
39490854 39490856
40030724 40030726
35681142 35681146
35715062 35715064
35687955 35687957
40027507 40027508
40034066 40034067
40028255 40028256
40033101 40033103
40024075 40024076
39467792 39467795
36727796 36727797
35689523 35689525
31081585 31081587
39458629 39458632
39957541 39957544
40028525 40028526
39947171 39947173
36728899 36728900
39501457 39501460
39488780 39488783
31081831 31081838
36729135 36729136
36727777 36727779
35674688 35674689
40034012 40034013
39939316 39939319
39955068 39955070
40030011 40030013
33518012 33518015
40033278 40033279
41420005 41420006
40034271 40034273
36728957 36728959
33524775 33524779
40027653 40027655
39950711 39950713
40034753 40034754
40032686 40032687
40031791 40031793
39950597 39950599
39464549 39464552
40029778 40029780
35723991 35723994
31170390 31170392
36727760 36727761
33512120 31099669
40023321 40023323
36728628 36728631
10890266 10890272
40032604 40032607
40024038 40024039
33523244 33523248
40032896 40032898
40030558 40030559
41649202 41649203
40034555 40034557
14667317 14667323
40033473 40033475
33513400 33513402
40025492 40025493
35720666 35720668
35737467 35737470
12345355 12345361
39958307 39958309
36727919 36727921
40032662 40032663
40033145 40033147
40031601 35705969
28702104 28702112
35681149 35681151
35677890 35677892
40027837 40027839
40024589 40024590
39948722 35718947
39475652 39475656
35653736 35653737
40032841 40032843
40032473 40032474
36728176 36728178
33512889 33512891
40023717 40023719
40023489 40023490
40032331 40032333
35653932 35653936
39947256 39947258
40034091 40034093
31161800 31161807
40028641 40028643
9227444 9227461
39950947 39950950
35727723 35727726
39967318 39967320
40027207 40027208
35687959 35687961
31101237 31101238
40032250 40032252
36728381 36728383
39458821 39458824
36728513 36728514
40023953 40023954
40033680 40033682
40029036 40029038
40033028 40033030
35712926 35712929
40029362 40029363
36728536 36728537
40025066 40025068
39529939 39529942
36728080 36728082
31090032 31090034
36728775 36728777
31103183 31103186
40027725 40027726
35688533 35688536
31092855 31092859
33519262 33519266
40033075 40033077
40023685 40023686
36729067 36729069
40033938 40033941
35681152 35681155
40034028 40034030
36729071 36729073
39471075 39471078
35695740 35695743
35720697 35720699
35728939 2818118
35725048 35725049
35686481 35686484
40025212 40025214
39946221 39946223
40031928 40031930
39950661 39950662
33528341 33528345
39489113 39489116
40024309 3783981
39942145 39942147
36728926 36728928
39506879 39506884
31086343 31086344
33520602 33520606
35683584 35683588
35869560 35869567
39499892 39499895
23761141 23761148
33526666 33526671
260504 756349
40032475 40032476
40030463 40030465
40034227 40034229
39495988 39495993
35676448 35676449
33004843 33004846
41649149 41649151
39951024 39951026
40031173 1185194
35654328 35654330
39943611 39943613
40030705 40030707
33528641 33528645
39945371 39945373
12385360 12385364
35654021 35654023
36729113 36729114
40033900 40033903
40029490 40029491
33528112 33528115
756324 1538908
40024153 40024154
33526294 33526299
23748265 23748270
35737823 35737828
33525302 33525306
40029356 40029358
33511535 33511539
39964109 39964111
35692749 35692750
39965320 39965322
33523563 33523567
8610914 8610925
8610917 8610931
40028582 40028583
35711093 35711095
40028275 40028277
40026927 34712939
40027343 40027344
40032688 40032690
31072737 31072738
41648969 41648970
40026545 40026547
40024938 40024939
35713447 35713448
40033999 40034001
40032069 40032071
35683235 35683237
35688641 35688644
40026792 40026795
39947102 39947104
40028687 40028688
35654727 35654728
3548918 3894482
39961628 39961630
33520734 33520738
40032322 40032324
40028648 40028650
39477566 39477569
40029373 40029375
33525447 33525448
40030557 38246884
39478907 39478910
35712933 35712935
40025311 40025313
33516420 33516423
35727363 35727365
8621558 8621576
35739259 35739263
40032633 40032635
35676477 35676478
36728421 36728422
33525893 33525897
40032970 40032972
35698026 35698027
40023908 40023909
35687890 35687893
33519963 33519966
36727997 36727998
40026662 40026664
1846465 2649928
35701218 35701219
40030965 40030967
35709993 35709995
39958212 39958214
33265617 33265621
36728363 36728366
40033032 40033033
40034584 40034585
36728099 36728101
39479431 39479433
12374353 12374358
10995788 10995796
40028602 40028603
40028388 40028390
39956720 39956721
35679699 35679700
35712936 35712937
40028446 40028447
40034638 40034640
40030795 40030796
35728399 35728402
40033280 40033283
35675467 35675468
40024452 35706855
39947320 39947322
33520023 33520027
40033968 40033971
40023340 40023342
35696138 35696141
39457702 39457704
40026089 40026091
39958481 39958484
11475181 11475194
40024944 40024945
40032398 40032399
40025394 40025395
40032804 40032806
35653887 35653889
40025860 40025862
40031579 40031580
35720609 35720611
40032556 40032557
40029687 40029688
36728205 36728207
35045656 35045660
39967313 39967315
33523644 33523649
41648925 41648926
36729124 36729126
35677702 35677703
36728232 36728234
39964746 39964748
40033176 40033177
40026507 40026508
39500052 39500055
40026963 40026965
40028631 40028633
33512116 33512119
40026467 40026468
40030910 40030912
41418202 41418203
39480302 39480305
40025661 40025663
40032691 40032692
33523100 33523104
40023670 40023671
38175466 38175472
33522571 33522576
39494635 39494637
11588107 11588113
40035101 40035103
40023884 40023886
39457711 39457715
33519233 33519236
40029023 40029025
36729094 36729095
35684104 35684107
39955529 39955532
35654182 35654185
40028201 40028202
40032353 40032355
40024799 40024800
40026450 40026451
31094820 31094821
35728428 35728429
39947305 39947307
31103176 31103179
40029485 40029487
35716490 35716494
9429661 9429667
40024385 40024386
36728501 31165307
40025458 40025459
35653825 35653827
39953722 39953724
40034641 40034643
39954705 39954706
40023572 40023573
40028096 40028098
40026645 40026647
35728364 35728369
40032448 40032450
39961454 39961456
40034989 40034991
36728818 36728820
40026480 40026481
39964319 39964321
40027744 40027747
40023874 40023875
31085521 31085523
40024287 40024289
33530306 33530308
28737006 28737012
40034363 40034364
33379550 33379555
31155760 31155763
35698537 35698538
39953590 39953592
33523621 33523626
32559553 32559555
35712940 35712941
40027791 40027792
35736568 35736569
41420332 41420333
36674570 35706137
35692018 35692022
40026241 40026242
40032128 40032130
35044016 35044019
40028285 40028287
36727762 36727763
39947863 39947865
32558610 32558612
40025875 40025877
35702957 31102632
36728557 36728558
33515631 33515633
36728785 36728787
40033614 40033616
35677307 35677308
40032392 40032395
39489519 39489522
40031068 40031069
14999037 14999041
36738429 36738431
14615640 14615643
33523450 33523453
35716919 35716922
35653869 35653873
35653740 35653742
40024068 40024070
33528560 33528565
28812305 28812315
41648800 41648801
40028187 40028189
33441766 33441768
35654204 35654207
33523905 33523908
39956655 39956657
33509033 33509035
40028600 40028601
40032198 40032199
40033686 40033687
36674578 36674579
33523291 33523295
36728523 36728525
39958318 39958320
40033714 40033716
33379535 33379540
39506324 39506328
31103188 31103190
40031698 40031699
33530309 33530311
39964965 39964968
11531086 11531093
3590558 3921015
40030469 40030470
36674571 36674573
36729025 36729028
39465278 39465281
40026775 40026778
35654737 35654740
35720678 35720680
35654851 35654853
36728506 36728507
40028252 40028254
33512296 33512297
40023461 40023463
35681169 35681173
40026477 40026479
41420355 41420357
35654008 35654009
40024625 40024627
33528590 33528596
35661932 35661935
35653102 35653104
40026108 40026110
33529598 33529600
40029897 40029898
33521447 32164130
40025465 40025466
35737493 35737497
40032795 40032797
28307896 28307897
36728632 36728633
39474192 39474195
40032023 40032024
36728202 36728204
40034580 35709249
40033785 40033787
40031963 40031964
35653708 35653710
40023892 40023893
39950135 39950137
39956688 39956689
36728441 36728442
40025829 40025830
35688603 35688604
40024454 40024455
33526085 33526089
35715484 35693187
39964616 39964618
40031750 40031752
35677797 35677799
40023553 32552555
39459396 39459399
2902542 3443584
40029938 40029941
33523296 33523300
40033727 40033728
35654001 35654004
41649044 41649045
9406846 9406878
35677637 35677639
40029949 40029951
36728064 36728065
35653648 35653651
35720650 35720653
40030926 40030927
33517467 33517471
35735068 35735070
40029903 40029905
41649023 41649024
35738130 35738133
35661357 35661360
40032180 40032182
39482878 39482881
35685474 35685476
33512645 33512648
33514494 33514502
39482955 39482958
33528710 33528714
35690470 35690472
35692541 35692544
33518744 33518747
40030102 40030103
40029082 40029083
35652207 35652209
35653523 35653526
33515686 33515690
39477676 39477680
33524155 33524159
40028986 40028988
33513697 33513700
40026936 40026939
40032160 40032162
40025309 40025310
40030984 40030985
10859628 10859633
33526288 33526293
33504897 33504900
40032315 40032317
14865564 14865568
35728172 35728174
40029553 40029555
33526047 33526050
33382432 33382436
40028904 40028906
40032601 40032603
40026579 40026581
35700871 35700874
14743103 14743105
36727983 36727985
10274632 10274640
29028004 29028005
39955303 39955305
40031272 40031274
40032597 40032599
40023687 40023688
33526338 33526341
35695597 35695598
39967208 39967211
40028027 40028029
40027256 40027258
28307898 28307900
40027090 40027093
39461201 39461203
35677123 35677124
35654696 35654698
33521015 33521019
35683689 35683692
40030242 40030244
33514198 33514201
40025792 38250465
35736277 35736280
39947299 38250481
35727615 35727617
35738441 35738444
41649562 41649563
35675302 35675304
41417536 41417537
33526650 33526654
35723409 35723411
40034502 40034504
35654816 35654818
14626989 14627002
39465301 39465304
9439212 9439219
40033730 40033732
39961658 39961660
40024423 40024424
36728999 35681823
35736577 35736579
35677511 35677513
35653796 35653799
29027610 29027612
40025620 40025621
4648954 4655977
14594459 14594466
14594461 14594469
35686850 35686852
35732218 35732222
32551420 32551423
36674555 36674557
36729083 36729085
35693671 35693673
35679478 35679479
35683145 35683146
35698588 35698591
40023700 40023702
40025646 40025647
40023946 40023948
35696897 35696898
40031552 40031554
36728230 36728231
40028712 40028713
41649691 41649692
33522535 33522542
40029152 40029153
33518760 33518761
33520305 33520307
33519218 33519222
4217954 4327945
40030311 40030313
40197719 40197720
39474242 39474245
39964311 39964314
33515476 33515478
40028280 40028282
33518922 33518926
35736420 35736422
35681178 35681180
40033363 40033364
35681181 35681183
33512750 33512753
41648975 41648976
33523318 33523322
40025422 38251286
11460276 11460282
35728489 35692007
41419983 41419985
36728902 36728904
40026504 40026505
40028506 40028507
40028174 40028175
36728418 36728419
39958965 39958967
41648994 41648995
15153549 15153553
36687585 36687588
40023985 40023986
36728103 36728105
10817074 10817080
40025542 40025544
31108193 31108195
40030647 40030650
35724022 35724024
35715505 35715507
40029497 40029498
40025667 40025669
35728501 35728503
36728000 36728001
36727923 36727925
31087507 31087509
35686534 35686537
35869570 35869574
40024647 40024649
33526686 33526690
40031734 40031737
33516325 33516329
36727822 36727823
40026509 40026510
36728481 35711733
39958157 39958159
39954335 39954338
36727986 36727987
40024915 40024917
41649095 41649096
40030820 40030822
40029774 40029775
39501374 39501377
40028207 40028209
36729074 36729075
30217648 30217654
40028116 40028118
40024719 38252118
39539714 39539715
33509412 33509421
30334180 30334181
40025471 40025472
39510707 39510710
35711270 35711271
39956594 39956597
36728036 36728037
35677266 35677268
35711997 35711999
33521390 33521394
35654745 35654749
40028088 40028090
36728068 36728069
33525515 33525520
35727916 35727917
35733561 35733564
36729058 36729060
40029107 40029108
40034109 40034111
33516436 33516439
40026934 40026935
33524281 33524285
40030445 40030446
33100225 33100227
9436740 9436753
39466170 39466173
40024695 40024697
35716132 35716134
1667365 2506686
2506679 3174681
33516647 33516651
40024819 40024821
28525216 28525224
40029865 40029866
36728745 36728746
40027571 40027573
4966418 4966575
36728459 36728460
4966564 4966642
36729130 36729133
40032920 40032922
35661686 35661688
40032836 40032839
36728461 36728462
40029379 40029380
40026876 40026877
39953962 39953965
39490400 38252563
31103392 31103394
39947127 39947129
36727767 36727768
36728981 36728984
39493182 39493185
33458954 33458956
41648996 41648997
40031881 40031883
40024319 40024320
39955054 39955056
45683241 35697610
9403115 9403128
9403117 9403138
9403124 9403141
40030757 40030759
41648724 41648725
40024918 40024919
40028843 40028845
41421384 41421385
36728433 36728434
35677744 35677746
34891792 34891794
39465326 39465329
40024328 40024330
36728608 36728610
39468520 39468523
36728248 36728250
39533545 39533548
33514476 33514480
33512379 33512381
14601876 14601884
40025910 40025913
10687788 10687793
39946374 39946376
40033636 40033637
40030881 40030883
11487674 11487680
39953941 39953943
40030887 40030888
40033572 40033574
35710182 35710184
36728325 36728326
40033884 40033886
40029233 40029234
41649650 41649651
5011105 5011156
35724032 35724033
33511759 33511760
40034607 40034609
40026954 40026955
40032957 40032959
33513501 33513503
35728472 35694638
39488728 39488732
41421470 41421471
40024276 40024278
40027749 40027750
33286683 33286690
40032636 40032638
36728308 36728310
40034942 40034944
40025712 40025715
40024156 40024158
35738228 35738231
35681191 35681193
33510799 33510801
39950852 39950854
41417199 41417200
40031062 40031063
33528246 33528250
39516013 39516017
40033736 40033738
36728143 31087285
35537257 35404136
36728693 36728694
33526205 33526207
35405580 35405582
33523811 29027481
39943485 35705739
35720603 31080516
33521081 33521085
40034898 40034899
11214382 11214388
41649573 35707989
40034960 40034962
40026630 40026632
35681194 35678446
35725582 35683891
33522913 33522918
33520728 33520733
35735862 35735866
36729054 36729056
41649194 41649196
40033484 40033486
9066464 9066470
40031957 38253491
41419521 35703406
39947228 12824905
34872667 10739660
36729090 33143024
35653904 9860806
40033250 38253603
35538999 35539005
33515969 33515973
33515965 33515968
40033226 40033229
39489783 39489787
39957039 1963262
40033873 40033876
11514582 11514591
32917856 32917862
39490639 39490641
39955129 39955131
33516509 33516513
33514659 33514661
33526595 33526599
40032134 40032135
34746335 34746338
41649049 41649051
40025846 40025848
36732242 36732244
33519710 33519714
30488246 30488252
35651954 35651957
40030048 40030050
35678490 35678493
40034733 40034735
39478061 39478064
40029665 9345611
33524754 33524761
40031581 40031583
35732575 35732580
33521644 33521648
33516498 33516502
35694012 35694013
40029012 40029015
11443155 11443163
33529498 33529504
40026074 40026077
39531628 39531632
28776503 28776507
30483186 30483192
40031801 40031803
40024703 40024706
33515211 33515219
39961764 39961766
35654236 35654238
40034964 40034966
35653894 35653897
40030776 40030779
40029893 40029895
35654781 35654783
40030831 40030834
41648928 41648929
40030715 40030717
35727789 35727790
40030947 40030948
39947244 39947246
36728023 36728024
33525872 33525875
35734022 35734024
35688387 35688391
36728598 36728601
36729171 36729174
40032923 40032925
41649163 41649164
4541496 4560407
39458773 39458777
39588019 39588023
33529243 33529247
39940842 39940843
31091617 31091620
35709018 35709020
36727891 36727892
35654217 35654219
35737421 35737424
35683328 35683330
41420420 41420421
35686515 35686517
36728475 36728476
32559314 32559317
40032936 40032937
37683983 37683985
33525898 33525903
40025629 40025631
33515404 33515408
39491035 39491037
8974741 8974750
30488570 30488575
39948220 39948223
33520978 33520981
35653403 35653406
33515571 33515573
33510725 33510728
39459559 39459563
36690240 36690242
36728910 36728912
39962977 39962981
36728393 36728395
40034859 40034861
36728726 36728728
40032405 40032406
40026760 40026762
40028104 40028105
35720705 35720707
35677814 35677817
40031924 40031926
39963910 39963912
39468340 39468343
41649061 41649062
39962221 39962223
35689641 35689642
35869480 35869487
40034687 40034689
39956847 39956848
40030605 40030606
41648917 41648918
33521438 33521442
33516727 33516731
36728954 36728955
40030892 40030894
40032051 40032053
33516444 33516452
40033115 40033117
40034909 40034910
33518371 33518375
33529491 33529497
35679701 35679703
39945820 39945822
40033877 40033880
35728396 35728397
30488373 30488376
33529484 33529488
28776174 28776183
40034983 40034985
11074017 11074023
39967328 39967331
35737044 35737046
33529522 33529526
40027972 40027974
35735246 35735248
35654231 35654235
40032620 40032621
33515313 33515317
33128183 33128187
40033818 40033819
40028461 40028462
33523331 33523335
35712793 35712795
33526623 33526627
35710655 35710657
33526163 33526168
33523282 33523288
40029091 40029092
33528265 33528269
35720613 35720617
40024209 40024210
33518552 33518556
35720607 35720608
33521375 33521378
33519195 33519199
33517385 33517389
35404807 35404812
39475052 39475055
41648998 41648999
39526416 39526420
33523568 33523572
40027848 40027850
33529532 33529536
35653685 35653688
39961264 39961267
35690521 35690523
33526308 33526311
40030319 40030320
35735221 35735222
35692396 35692399
11486203 11486217
40030856 40030858
40032817 40032818
35653612 35653618
35652762 35652763
40027130 40027133
33523033 33523036
35691859 35691862
40034952 40034954
35720302 35720304
40029519 40029521
40034973 40034975
36674550 36674551
33514848 33514850
35043343 35043346
39476341 39476345
36728390 36728392
14450404 14450412
40032913 40032915
33503007 33503012
41649182 41649183
36728624 36728627
35693486 35693488
40024162 40024163
11472418 11472424
40023405 40023407
32559459 32559463
40030823 40030825
40023927 40023929
40026688 40026690
40029501 40029502
40025496 40025497
9554807 9554884
35734354 35734358
40029146 40029147
40034358 40034359
40028108 40028110
40031336 40031338
36727859 36727862
40031704 40031705
36728004 36728006
40028070 40028072
35693514 35693517
14636666 14636670
40030247 40030250
40027436 40027438
40028877 40028878
40033587 40033588
32556857 32556859
40028350 40028352
40025643 40025645
39956717 39956719
40023841 40023842
35653890 35653893
40032346 40032347
40033951 40033953
35654278 35654279
31091949 31091951
35692332 35692334
41649066 41649067
30485504 30485510
35683437 35683440
35716953 35716956
36727975 36727977
31092331 31092333
36022034 36022038
40029868 40029869
35738410 35738413
40029794 40029796
39960455 39960456
41649079 41649080
40029604 40029605
39495474 39495477
39968202 39968205
36728529 36728532
33513929 33513931
39957532 39957535
40028298 40028300
40026453 40026454
40029959 40029961
35699390 35699391
39472289 39472292
36729014 36729016
40027527 40027529
40025223 40025225
14612970 14612977
11475006 11475013
40026814 40026816
41649207 41649208
35711272 35711275
35714465 35714467
32556824 32556828
40030599 40030601
35735240 35735243
36728257 36728260
40030701 40030703
33529160 33529166
33516711 33516715
33529053 33529057
35736952 35736955
39457219 39457222
39964371 39964374
35733333 35733336
40026537 40026538
32551123 32551127
40028150 40028153
35683441 35683442
35654860 35654862
39961698 39961700
40034509 40034511
2033769 2797703
39949813 39949815
40028677 40028678
33522001 33522005
41649147 41649148
35713133 35713135
40033881 40033883
35654848 35654849
36728209 36728211
36728580 36728582
35653843 35653846
40034047 40034049
35710871 35710872
40023882 40023883
35710405 35710408
40030269 40030271
40025519 40025521
33512272 33512274
32556736 32556744
40030205 40030206
33523323 33523328
36728618 36728620
39968104 39968107
35679977 35679978
39509194 39509197
35738204 35738207
23764847 23764853
35735696 35735699
40034247 40034249
35732242 35732246
33518687 33518692
40029333 40029335
40032157 40032159
39496634 39496638
35737965 35737970
40035151 40035152
11342155 11342165
40023887 40023888
40028279 38256203
32557682 32557685
36727979 36727981
40026624 40026626
40029783 40029785
40030762 40030763
41648822 41648823
41421605 41421606
41416037 41416039
41648982 41648983
35653093 35653096
12345375 12345381
41421155 41421156
36729163 36729165
40027802 35675873
36728975 36728977
33515557 33515561
40032561 40032563
31089290 31089292
36728603 36728604
40024795 40024796
41417540 41417541
35727357 35727360
35686294 35686296
40026998 40026999
40023940 40023941
40023655 40023656
40023503 40023505
35710823 35710826
4359472 4422644
39950699 39950702
40031304 40031306
39960431 39960433
35654650 35654654
35703198 35703199
33517422 33517426
35710427 35710429
40029813 40029814
39953754 39953756
35045048 35045051
23745787 23745801
23745792 23745806
33522677 33522685
40034326 40034328
36728223 36728225
35654297 35654300
40031782 40031784
40025023 40025025
40024622 40024624
31095177 31095178
39961179 39961182
33528584 33528589
40026848 40026850
39955338 39955341
40032992 40032994
35654434 35654436
40026930 40026932
39949481 39949483
39949771 39949773
40027380 40027382
11481179 11481187
40035186 40035188
36728856 36728858
36728374 36728377
40025568 40025569
40026457 40026459
36728612 36728615
36728988 36728990
36728778 36728780
28510909 28510910
36728056 36728058
40028324 40028326
36728555 36728556
40029862 40029864
35653733 35653735
40033922 40033923
36729149 36729151
40024896 40024897
40033845 40033846
41649642 41649643
39942831 39942833
35044316 35044319
40032078 40032080
11509881 11509887
40031535 40031537
39498551 39498555
30487285 30487290
36728907 36728909
33514767 33514772
39943448 39943450
40032093 40032095
33522138 33522142
14572189 14572196
40033165 40033167
36728237 36728239
31087706 31087708
40024828 40024829
35694540 35694541
40032877 40032878
35653800 35653802
35652510 35652511
40034702 40034704
33514155 33514159
39955146 39955149
41417992 41417993
40023905 40023907
39498757 39498760
40032757 35707759
40032826 38257405
40032348 40032350
35681225 35681229
35653819 35653822
33515480 33515483
36727838 36727840
35684187 35684188
36765182 36765185
40033896 40033897
35654718 35654722
36728724 36728725
33528547 33528551
41649017 41649018
33522749 33522754
33519041 33519044
36728263 36728265
33525468 33525473
39499569 39499572
35679725 35679728
40034558 38257589
36728174 35676965
36728515 36728516
4544731 4563150
40026940 40026942
40024058 35709802
35713549 35713550
39964534 38257686
39499683 38257767
35713639 35713640
33526639 33526641
35654301 35654302
31091661 31091662
39520161 38257838
39942928 38257850
40024159 40024160
40035030 40035032
15514316 15514326
40029718 40029719
40031210 40031212
40027668 40027670
41417151 41417152
40204333 40204334
35700887 35700889
15186649 15186657
39518859 39518862
40028266 40028268
35737479 35737480
36727893 36727895
40031977 38258115
33510963 33510965
41648945 41648946
35720669 35720672
40031548 40031551
40025512 40025513
40025755 40025757
40035196 40035198
39949825 39949827
40029058 40029059
40024408 40024409
41648936 41648937
35689715 35689718
40032882 40032884
35728946 35728948
33523375 33523379
35680077 35680080
40024302 40024303
33503404 33503407
40024801 40024803
39488707 38258288
35683331 35683332
36728850 35676221
35677506 35677507
39964467 39964469
39958291 39958293
40033437 40033439
35687717 35687720
35681233 35681235
35869502 35869508
31091482 31091484
31084163 31084166
40029639 40029640
40023934 40023935
39470842 39470847
31090406 31090408
35720644 35720646
36727949 36727950
36727829 36727830
33515264 33515266
39961344 39961346
33509691 33509693
39478068 39478070
40030065 40030067
11553409 11553412
40034344 40034347
41417225 41417226
40031283 40031285
36728589 36728591
39466949 39466952
39488497 39488500
40033004 40033006
40023794 35722767
35683478 35683479
40032043 40032045
40034587 40034589
32056670 32056676
39533629 39533632
40030671 40030672
36727758 36727759
40027772 40027774
40033307 40033309
36727816 36727818
36727957 36727958
39501816 35699479
40030623 40030624
40024962 40024964
39480099 39480102
40034870 40034872
40027430 40027432
40025042 40025044
35654807 35654809
40029641 40029643
39951045 39951048
40031288 40031290
35654819 35654823
35710534 35710535
36728008 36728010
31091328 31091330
40025018 40025019
40028007 40028008
40033600 40033602
35653906 35653908
36728447 36728449
40033705 40033707
35720693 35720695
35654239 35654240
33529356 33529360
39961090 39961092
36728252 36728253
35692675 35692677
35727606 35727609
35681245 35681246
39500825 39500828
40031030 40031031
40024484 40024485
40032168 40032170
40034261 40034263
39956778 39956780
39947161 39947163
40025593 40025594
40032388 40032391
40024616 40024617
40029962 40029963
35709864 35709865
35679198 35679199
36728869 36728871
35681247 35681248
11420057 11420068
33522755 33522759
39530193 39530195
35654542 35654545
35677811 35677813
41648843 41648844
36728159 36728161
33524137 33524145
33524136 33524141
40025462 40025463
31074027 31074029
40025622 40025623
40031683 40031685
35693195 35693197
10764588 10764597
40032414 40032415
40025788 40025789
35681252 35681255
35699664 35699666
40024281 40024283
41648876 41648877
33137052 33137053
39471163 39471166
14522896 14522903
40029218 38259587
36728289 14875149
35716546 35716549
35698521 35698522
33512997 33512999
35678244 35678247
35676516 35676517
14522882 14522900
40030837 35694127
40032131 40032132
40032097 40032099
35651800 35651803
33515056 33515064
33515055 33515060
39957498 39957500
40030746 40030748
36728801 36728802
41419992 41419994
32554492 32554497
33523015 33523019
39955347 39955350
40025685 40025686
33513676 33513680
40028594 40028596
40031980 40031982
35693942 35693943
39503159 39503163
35394549 35394553
39954096 39954098
30377953 30377955
35685209 35685211
39466560 39466563
33513701 33513704
32129504 32129508
40028980 31074936
40033434 40033436
35715645 35715646
40031667 8988770
40023699 35405290
40032012 40032014
36728398 15238412
10681551 10681560
30835308 30835312
40029211 40029212
35726784 35726786
40034644 40034646
35720708 35720709
33517027 33517032
36728573 36728575
39951053 35694473
40029100 31940798
40032033 40032035
40165134 40165135
40025517 29027314
40028614 38260396
39954514 39954516
40024187 40024188
41648861 41648862
39965905 39965907
33525565 29027468
40027454 40027455
39489897 39489900
33511680 33511682
35538863 35538865
40027775 40027776
33529227 33529231
35654241 35654243
35676460 35676462
35689558 35689561
40028993 40028995
35654841 35654843
40031262 40031264
40023963 40023965
39511343 39511346
35676984 35676985
35714103 35714105
39504102 39504105
35677713 35677714
33512843 33512846
41649252 41649253
40028869 40028871
35685773 35685775
33503187 33503191
36764299 36764300
40029990 40029991
35695448 35695449
40030752 40030754
15558689 15558693
35653711 35653712
9834564 9834566
40028101 40028103
35654437 35654438
35653922 35653923
40026712 38260845
39500103 39500107
40034102 40034104
40028432 40028435
39954000 39954003
31103640 31103642
36728656 36728658
33509423 33509429
33509422 33509428
36727951 36727953
35677603 35677605
40034560 40034562
36728404 36728406
33522424 33522428
40032019 40032021
35668874 35668877
35639449 35639455
40029118 40029119
39514636 39514639
33511697 33511701
33520048 33520053
36728874 36728877
39489908 39489911
40026986 40026988
39505747 39505750
35639096 35639098
40031363 40031365
40087535 40087537
33098426 33098432
36727792 36727794
36022032 36022035
9436785 9436794
32084318 32084322
35689391 35689392
35654266 35654268
40033133 40033134
35696124 35696127
36727808 36727810
36765009 36765012
40033270 40033273
39964047 39964049
35668837 35668840
36728743 36728744
35654792 35654794
41649084 2929973
32557887 32557889
41649038 41649039
39950932 39950934
36727804 36727807
14594477 14594484
40031857 40031858
35738437 35738440
33523027 33523030
33529067 33529070
32557931 32557935
35692521 35692522
31085552 31085554
33519210 33519214
33522965 33522969
35710602 35710603
39967199 39967202
35653880 35653885
40025467 40025469
35728127 35728129
36729138 36729139
33528858 33528861
41649260 41649261
35715297 35715300
40033337 40033338
40029568 40029569
36727841 35719758
33519204 33519209
35654787 35654788
36728435 36728437
35734727 35734729
40028591 40028592
36728053 36728055
40032325 40032327
35869545 35869554
33513045 33513049
28732343 28732347
35734114 35734117
33517322 33517331
33517319 33517326
33517321 33517330
33526518 33526523
35677427 35677428
35654260 35654262
35697954 35697955
40032728 40032729
35654282 35654283
40032589 40032591
35654868 35654869
40025314 40025316
40031895 40031896
39964681 39964683
32978597 32978599
33524150 33524154
35685703 35685705
35686858 35686860
40028723 40028724
33513232 33513235
33513819 33513821
15234595 15234608
35720618 35720620
33521430 33521434
3998348 4182394
35738684 35738685
35042852 35042855
39482216 39482220
40034632 40034634
35712991 35712993
35683243 35683245
40027039 40027040
11510795 11510802
35689481 35689483
35679532 35679534
39955426 39955428
40031693 40031694
36728282 36728283
35651771 35651774
33526104 33526109
4966475 4966603
35737107 35737110
14476823 14476829
40029797 40029799
35654428 35654429
33529564 33529569
40028609 40028611
33518168 33518171
39955251 39955253
40027238 40027239
40030644 40030646
40032173 40032175
10935515 10935530
14266408 14266415
35738189 35738193
40029238 40029240
35717780 35717782
39489528 39489532
33511328 33511330
40025139 40025140
40027010 40027012
39958397 39958399
36729046 36729048
31091667 31091668
35733995 35733998
33529111 33529116
33516514 33516518
35686477 35686479
40024982 40024983
35715635 35715639
39457790 39457794
33528363 33528366
41648934 41648935
33509027 33509030
39967696 39967699
14553622 14553627
35654836 35654838
40031576 40031578
31087648 31087650
39946445 39946447
9893551 9893559
35717749 35717752
41417620 41417621
40029055 40029057
39509979 39509984
35697290 35697292
40032979 35698050
41417542 41417543
11610894 11610899
33512493 33512496
11610900 11610906
39507320 39507323
36728150 35695476
40025725 40025727
40034309 40034311
40032501 40032502
33523724 33523729
33511783 33511787
33523820 33523824
40032458 40032460
40023467 40023469
39947280 39947282
40035024 40035025
40025554 40025555
33519270 33519273
39960114 39960116
39964569 39964571
36728468 36728470
40031161 40031164
40025476 40025477
40027727 40027729
40033461 40033463
40034900 40034902
35679338 35679341
39948802 39948804
40028518 40028520
39949553 39949555
39461658 39461660
35691639 35691640
35699690 35699692
40030253 40030255
39467316 39467318
40025748 40025749
32551560 32551563
40028597 40028599
39949756 39949757
39475574 39475577
33526173 33526176
36729003 36729005
35687746 35687749
35733448 35733450
40024495 40024497
29026513 29026514
36728747 36728748
33529649 33529651
29027562 29027563
40033650 40033652
39461897 39461900
35716947 35716950
1098917 1967097
40023894 40023895
31092167 31092168
39961821 39961823
40029241 40029244
36728888 36728890
40029101 40029102
40033243 40033245
35676569 35676570
33529399 33529403
40032850 40032852
40027532 40027534
41418411 41418412
35719775 35719776
33523766 33523769
35679190 35679193
36727800 36727803
40031486 40031488
40034890 40034893
35676713 35676716
9848034 9848047
40025490 40025491
40026709 40026711
31088474 31088476
28441890 28441895
12520140 12520152
40027352 40027355
40032875 40032876
35653644 35653647
41649278 41649279
40031623 40031625
31091022 31091023
35718290 35718293
29026447 29026448
39466613 39466616
40031669 40031670
33525585 33525590
35677324 35677328
33520811 33520815
35687009 35687010
39958229 39958231
35717108 35703273
35691569 35691570
40030767 40030769
33521047 33521050
35675932 35675934
35713539 35713541
35694079 35694080
32556793 32556796
39957495 39957496
36728271 36728273
40029846 40029848
39497299 39497302
33529645 33529647
35654789 35654791
39955267 39955269
40024317 40024318
40028375 40028377
40026912 40026914
28311671 28311676
36728038 36728040
36728328 36728330
33517390 33517394
35725411 35725413
40034570 40034572
39942305 39942306
40026557 40026559
11483415 11483423
36728562 36728564
28551475 28551477
33523122 33523126
35720553 35720555
40034599 40034601
35654284 35654285
39957057 39957060
40033590 40033592
40029432 40029434
31155750 31155752
35734590 35734594
35734453 35734456
39515610 39515613
35654828 35654831
36727917 36727918
39966356 39966359
28738249 28738253
39503736 39503739
35654254 35654255
40028621 40028623
33525657 33525663
36727885 36727887
40027162 40027164
3773915 4032813
14666753 14666758
40034915 40034916
35736523 35736527
36728034 36728035
40032365 40032366
40032831 40032834
33525877 33525882
33525231 33525236
40032748 40032750
33529039 33529043
33518661 33518665
35737773 35737778
35717688 35717689
35685884 35685886
35869493 35869499
33503399 33503403
36728299 36728300
40031416 40031417
40027360 40027361
35654244 35654246
35691019 35691020
40023390 40023392
35732762 35732765
33529540 33529546
39960601 39960604
35677446 35677447
32551570 32551572
40035205 40035207
39528306 39528309
35694777 35694778
35676625 35676627
39953621 39953623
35654665 35654666
35654493 35654496
40031267 40031270
35728204 35728207
37697476 37697479
33518647 33518650
35691466 35691468
28836744 28836750
35728085 35728087
36728824 36728825
33521468 33521471
35738457 35738460
40029570 40029571
41648715 41648716
33517791 33517796
36729063 36729064
40032917 40032919
40026832 40026834
35680909 35680912
35653780 35653783
40034252 40034254
40027270 40027272
39950452 39950454
39516736 39516739
40023903 40023904
33517314 33517318
35672237 35672240
35693866 35693867
35669067 35669070
10965588 10965595
35698241 35698242
40026518 40026519
39955389 39955392
36727872 36727875
45459508 45459510
33523336 33523339
39943383 38265250
31080650 31080651
36674568 35724310
35654331 35654333
40029760 35404941
33525572 33525575
40027780 40027781
40027593 40027595
33516780 33516782
36728027 36728028
40034078 40034080
35660454 35660459
39503817 39503821
35654603 35654605
36728278 36728279
40027737 40027740
35712540 35712542
28738250 28738257
40024839 40024840
35733238 35733239
40033829 40033831
39466868 39466871
40034793 40034795
40031811 40031814
39942803 39942805
40023958 40023959
39947317 39947319
35699532 35699533
40033197 40033198
36728042 36728043
40122406 40122407
35679347 35679349
35722571 35722573
40027674 7379404
35712645 35712647
35689552 35689554
39961554 38265705
14652917 14652921
35654583 35654585
35653831 35653834
36728853 36728855
40029499 40029500
40032337 40032339
39478076 39478078
14594445 14594453
40025456 33469880
40032121 40032123
36728438 36728439
39941219 39941221
35693551 35693553
40033576 40033578
40034379 40034381
40027784 40027785
35687074 35687076
8116289 8116301
40024205 40024207
36728431 36728432
36728991 36728992
40029725 40029728
40034022 40034024
36729098 36729099
35637751 35637755
40026463 40026466
36728122 36728123
39468524 39468527
35653756 35653760
40024748 40024749
40033919 40033921
11438604 11438624
33526655 33526659
36764286 36764287
35677525 35677528
36729076 36729079
33512712 33512715
35685328 35685330
31088039 31088042
36728592 36728594
36728191 36728193
39947391 39947393
35686861 35686862
35684907 35684910
36727960 36727961
31101259 31101261
43310599 43310601
39488637 39488639
35731998 35732000
35669368 35669371
12507020 12507027
33525531 33525537
35680916 35680918
35700628 35700630
35677514 35677517
35677515 35677518
40024712 40024713
36727831 36727833
35737077 35737079
31071547 31071549
35707782 35707786
40034112 40034114
39965304 39965306
33515177 33515179
32556638 32556644
36728684 36728686
35736923 35736926
11318663 11318676
35737499 35737502
40028955 40028957
33519538 33519542
35697377 35697380
35404260 35404263
35720688 35720690
33517405 33517409
40034276 40034277
36727798 36727799
39955342 39955344
35720657 35720658
23739306 23739311
35681768 35681770
35710357 35710359
39516936 39516939
35736361 35736363
35680924 35680926
40029506 40029508
39959502 39959504
40026490 40026491
35733402 35733406
40028269 40028271
35735753 35735756
32551621 32551624
35715632 35715634
40025610 40025612
40033887 40033889
40030816 40030819
33516722 33516726
41417201 41417202
39475843 39475846
35653749 35653752
36729154 36729156
36695001 36695003
40032869 40032872
11409715 11409724
33525804 33525808
33521635 33521640
39517630 39517633
41649064 41649065
45683242 45683243
39961666 39961668
35684791 35684793
40028436 40028437
39499538 39499542
35654750 35654755
35654752 34894761
39506901 39506904
35727613 35727614
39954502 39954504
40030574 35695822
40024882 40024884
35698264 35698266
35683444 35683448
40024349 40024351
40023690 35692107
7331045 7331050
35679205 35679209
31101240 31101241
14906705 14906721
35685366 35685369
35714431 35714432
36728155 36728157
39949807 39949809
40026542 40026543
35654616 35654618
35677303 35677306
11632815 11632821
39457591 39457595
35654681 35654683
40032782 40032783
31100173 31100176
40031010 40031011
40028051 40028054
33530245 33530249
35722169 35722171
40025603 40025605
40032790 40032792
33522387 33522402
33522386 33522394
39518063 39518067
40024311 38267658
35654701 35654704
40026981 40026983
33520054 33520058
33508349 33508352
35669108 35669111
33524599 33524603
3575375 3910541
39945775 39945777
40033246 40033247
33513641 33513645
11508770 11508774
33525463 33525467
39518336 39518340
35690296 35690299
39953612 39953614
39475849 39475852
40026159 40026161
2506673 3174671
11512982 11512991
40032902 40032905
33526545 33526549
33526680 33526685
36728634 36728637
40032493 40032495
40034621 40034622
35688122 35688125
40034906 40034908
40033565 40033567
11175913 11175919
41648912 41648913
41648733 41648734
36728076 36728078
40034037 38268087
40028612 40028613
40027222 40027223
33530366 33530368
40024668 40024669
39474065 39474068
35715948 35715950
14610890 14610897
29028020 29028021
35685665 35685667
40033666 40033667
40027879 40027880
40030730 40030731
35654657 35654658
35654622 35654625
35679248 35679250
40030146 40030148
40034623 40034626
33528950 33528954
40026485 33420609
39955414 39955416
36728566 36728568
32630111 32630113
35654303 35654306
39948821 38268322
41648874 41648875
40028194 40028195
41648870 41648871
36729119 36729120
40030305 37699070
40025750 38268347
40031696 40031697
40033668 40033670
31087510 31087513
15555192 15555196
35679433 35679434
39471245 39471248
9435793 9435798
33515746 33515750
40026641 40026643
40030088 40030089
35728310 35728312
40029870 40029871
31125755 31125756
35694156 35694159
40030929 40030932
14461910 14461917
33512265 33512268
40035140 40035141
36728533 36728534
40029046 40029049
40024716 40024717
40026516 40026517
35653407 35653410
40034428 40034430
35866069 35866071
41648906 41648907
33355474 33355479
36728554 35403871
35693658 35693660
32553252 32553254
35869497 35404048
40026288 38268620
4093081 4241243
39467254 39467257
35693903 35693905
5396930 5396943
40033609 40033611
35654313 35654316
40023932 35710305
40024371 35681803
3311537 3734614
39481373 38268708
33503021 33503026
35653898 35653899
40033313 35683074
40025615 40025617
33529510 15603345
40023523 40023524
35405246 35405247
40025633 9562452
40027659 38268815
40030782 40030784
35654256 35654257
35701247 35701248
39527547 38268840
28759512 28759513
36729033 36729035
40028129 40028131
40035020 40035022
40033625 40033626
33516843 33516846
33512938 33512942
14613822 14613827
33529060 33529062
33514355 33514359
41649344 41649345
40030325 40030328
31091244 31091245
39520713 39520716
36728993 36728994
35651937 35651940
4092279 4240961
39958076 39958078
39482896 39482899
41417408 41417410
31078048 31078050
40023509 40023510
39490861 39490865
40024823 40024825
39515661 39515664
40028354 40028355
39521145 39521149
33524267 33524272
40024143 40024145
3575427 3910553
3910548 4123706
35677047 35677049
41648838 41648839
39956703 39956704
35737833 35737837
39521312 39521315
33528927 33528934
36728680 36728681
40023966 40023967
40028490 40028492
35042610 35042615
36728047 36728049
40031867 40031869
33511051 33511056
11473209 11473226
11473204 11473215
40032152 40032153
36728863 36728865
40029384 40029386
39527484 39527488
35725174 35725176
33526956 33526962
12345385 12345390
35869504 35869511
35677390 35677392
40029314 40029315
33508984 33508986
23764727 23764733
35654798 35654800
33513937 33513940
40028958 40028959
33517995 33518001
36728050 36728052
12558515 12558525
30966437 30966440
40025836 4258045
36728012 36728013
36728488 36728490
40033721 40033724
36728913 36728915
32556612 32556617
40026671 40026673
28759937 28759939
40029715 40029717
39521784 39521787
40028370 40028372
35653727 35653730
32981489 32981492
39521801 39521804
40031731 40031733
40034666 40034668
40033815 40033817
40028912 38269761
40033515 40033517
35694387 35694389
30247839 30247845
40031457 40031459
35738113 35738116
39957999 39958001
10859954 10859963
33520530 33520534
39521884 39521887
39521880 39521883
33516793 33516794
31155742 31155746
35710172 35710175
31155741 31155744
40030826 40030827
33520802 33520806
33528509 33528515
33528505 33528510
40030741 40030743
35685346 35685347
33523154 33523157
35695184 35695186
32551303 32551309
39522237 39522241
40033046 40033048
33517360 33517363
38714671 38714674
35537723 35537732
35537727 35537738
35537728 35537739
35537722 35537729
35537726 35537736
35537725 35537734
40034443 40034445
35651941 35651944
39960233 39960236
33515837 33515840
33517366 33517370
33508304 33508307
40027681 40027682
41649621 38270269
33520441 33520445
33325485 33325489
40027796 40027800
40027795 40027798
40029747 40029748
40029503 40029504
35654420 35654423
35653956 35653958
35654408 35654410
33523730 33523734
40030562 40030564
40027173 40027175
35653719 35653722
35696758 35696762
40028123 40028124
40030055 40030056
36727965 36727966
39961670 39961671
41649010 41649012
33528976 33528981
36728115 36728116
36728605 36728607
4966372 4966429
40030987 38270474
40029424 10927151
39955351 38270529
36728045 36728046
33521382 33521385
35679277 35679280
35736014 35736017
33512903 33512906
40030733 33281998
31081866 31081869
40024184 40024186
39521729 39521732
33517033 33517036
40027061 40027063
40024347 15628888
35654370 35654371
40028023 40028024
40023980 35706546
35723776 35723778
35690533 35690534
36727901 36727902
40034374 40034375
31103193 31103194
33505048 33505051
40035036 40035038
33511318 33511326
1496517 2361660
36727824 36727826
35712315 35712318
39526092 39526095
33528416 33528420
33518669 33518673
40031634 40031637
40035043 40035046
40029965 40029967
35733415 35733418
33518911 33518916
35696595 35696598
35696596 35696599
33512739 33512742
39526293 39526295
40028617 40028618
33515813 33515821
33515810 33515816
33515812 33515819
39953655 39953658
36728941 36728943
14276887 14276894
39476010 39476013
40024834 40024837
33524260 33524264
39956487 39956490
41648919 41648920
35654280 35654281
35710061 35710062
39951636 39951638
35677157 35677158
35654561 35654564
40034191 40034192
40032973 40032974
40034768 40034770
41648939 41648940
41649091 41649092
40034675 40034676
41649107 41649108
31087597 31087598
40031678 40031680
40032258 40031680
11146107 11146123
41418023 41418026
40028558 40028559
35727004 35727008
40032660 40032661
35717101 35717104
35679394 35679397
32556696 32556700
33503890 33503894
35653064 35653066
35683450 35683453
30657632 30657635
40024293 40024294
33522984 33522987
35711173 35711174
11488404 11488410
39957588 39957591
36728120 36728121
41648226 41648229
39494804 39494808
35711593 35711595
35720639 35720640
40028263 40028265
33521350 33521354
40032361 40032364
39486411 39486415
39947293 39947294
35677683 35677685
39952476 39952478
40033972 40033974
33519151 33519155
35654671 35654673
31090788 31090790
40026540 40026541
35700300 35700302
40024688 40024689
33518682 33518686
40032657 40032658
35675294 35675296
40027706 40027708
40033906 40033908
13079414 13079422
35722282 35722283
36728696 36728698
33528485 33528491
35680933 35680936
40028079 40028081
35737425 35737427
36732076 36732079
35687800 35687802
35694049 35694052
40031949 40031951
39941200 39941202
35653803 35653805
35654536 35654538
40027234 40027237
22037484 10990733
36727992 36727995
40029376 40029378
35719599 35719600
35676617 35676621
36728321 36728324
29027122 29027127
36764288 36764290
35734906 35734908
33513396 33513399
35733565 35733568
39954446 39954448
33518077 33518082
35683167 35683169
41649133 41649134
33523484 33523488
40202219 40202220
33522991 33522995
33513471 33513474
35654197 35654199
33516772 33516775
33526569 33526573
39960805 39960807
35693567 35693569
39956741 39956744
40034121 40034122
5011097 5011120
35684670 35684671
40026971 40026972
36728811 35697587
15448801 15448807
39505474 39505478
35690252 35690253
40025701 40025702
28307894 28307895
40030078 40030080
40026693 40026695
36728168 36728169
36728933 36728936
39961759 38272538
33516486 33516489
35678248 35678251
40029952 40029955
40034670 40034672
40026691 40026692
35715137 35715139
36728132 36728133
33503015 33503020
36727946 36727948
36728835 36728837
40025130 40025133
40027499 40027501
35704908 35704911
33526028 33526033
40024576 40024578
40024906 40024907
40030042 40030044
39530934 39530936
36728347 36728349
33514114 33514117
35654500 35654503
39948980 39948982
35711330 35711331
40117089 40117090
35713674 35713676
36727954 36727956
39948706 39948708
40033640 40033642
35738026 35738029
35685581 35685584
40028848 40028850
40031969 40031971
36727883 36727884
36728491 36728492
39941253 39941254
35727427 35727428
35679351 35679352
36728740 36728742
40025675 35693027
35686845 35686846
40030770 40030772
40032287 40032289
40023721 35725858
39947396 39947398
35679681 35679683
35684801 35684804
39953603 39953605
31091071 31091072
40023665 40023667
40034062 38273340
40023839 40023840
39950791 39950793
36727864 3743575
40023696 31089510
35404976 35404980
40029495 40029496
40030530 40030531
40033523 40033525
35701787 35701790
40025598 38273542
40032194 38273559
40026856 40026857
40025871 38273624
35684062 35684065
40027467 40027469
14965029 14965038
35702107 35702109
40034044 40034046
35690310 35690313
36728241 36728242
35714188 35714190
35654334 35654337
35685195 35685198
35710433 35710434
40034155 40034158
35689583 35689584
35687772 35687774
35685098 35685099
11133025 11133030
31086154 31086156
40033445 40033447
39954412 39954414
36728301 36728303
40031136 35697578
40031108 35710128
39955270 35720873
40025618 35675392
41648914 41648915
40023402 40023404
35654477 35654479
40034956 40034958
34751312 34751317
35690567 35690568
35683666 35683668
14482357 14482370
40035155 40035157
40029536 40029537
33520719 33520721
41648747 41648748
33513087 33513089
33472553 33472551
4966458 4966586
40029302 40029303
33515373 33515377
11434190 11434200
39510252 39510256
36732237 36732241
39964717 39964719
33513114 33513118
40033751 40033753
35697830 35697832
36728894 36728896
33517783 33517787
40032615 40032617
39959384 39959387
33520202 33520208
40031608 40031610
35654832 35654835
33514340 33514345
35651793 35651796
33514378 33514382
31126594 31126596
39501757 39501761
33523209 33523212
36727908 36727911
35669150 35669152
40025770 40025772
41648730 41648731
33515448 33515452
39967280 39967283
33524431 33524438
35682807 35682810
40026944 40026945
39953802 39953805
