2893162 327667
7517936 568726
6550581 66148
37492171 289052
5184685 374496
583995 227238
9428025 697908
1742916 95005
5472878 320894
6259468 97966
6675585 201950
40167369 394148
5679934 78241
9439820 423133
6639452 600117
8466162 359082
33602808 225659
12401317 924181
2150582 343731
3153651 97406
853166 61140
13047123 220199
1115968 429253
928904 347651
4103851 240514
14824599 93116
10053414 484566
37667009 255307
929942 339202
360013 394803
105996 270892
5038469 1103723
45698407 394569
5881490 1490912
41488107 111051
4439303 511839
106169 346814
2264493 830891
7317241 275802
1084440 702606
4786555 1274255
12801629 1046131
8291016 77830
10399298 77956
5972584 1216584
6123298 704187
10376603 1393088
6354403 236593
10091489 598804
9296102 545874
6270341 236476
10392520 336636
6333889 128023
9567021 202794
30917101 802005
106070 343229
7038882 19305
930789 1667535
3382477 226588
4412141 1581433
3982149 856
14802792 654165
11564436 355109
3687093 80043
4170112 338642
15884458 219822
928481 38852
106203 330512
6212235 324174
6911540 96101
4170167 134292
3238997 291940
1754512 1403
8426395 419310
11277637 967988
5692448 988786
2181756 959732
2921747 330879
802472 1306674
6198995 94963
12569905 582136
11392201 2230737
7895764 537634
12178202 857573
8841314 837580
14878127 110313
4420699 1289544
3046347 98598
5952340 365606
9653892 310730
7023008 314875
14847052 2398104
39437597 312404
11309933 23425
12195737 176323
14799412 384729
11216792 618665
25430842 513117
12035442 351921
287211 52443
14817654 1798927
6420730 337116
12179483 593388
11926782 288085
9302433 98799
583798 358779
6446310 83919
10374950 170773
3009154 95291
50456 122644
6452254 1174468
10064715 55922
5719975 363804
6953495 52836
697063 349599
802942 211562
106167 346764
287201 800324
106147 93660
10996971 975894
583730 1180284
10389808 253706
40602333 497904
8295403 1128704
10886525 927242
11317042 17122
9040427 701928
583752 294494
6520979 87869
12544727 48859
6834780 70820
7218797 1417499
6999347 332850
3458464 1078563
12926817 961552
4035654 606577
8630032 1047616
7394667 220957
10831360 336718
5236413 392219
6310818 109872
1911154 2688493
10377784 361804
4393125 92948
10378386 1795018
1291933 393091
6824427 376362
2572357 341569
10377414 879616
10053688 376168
2949068 909001
11225791 108584
1525303 228577
9576104 293046
576096 383150
928326 1481241
10381350 2189241
3382996 34682
2399588 835393
8696369 77299
10387372 531025
8449098 148029
11024085 322401
8696386 2051
11644762 622370
8975326 328517
583873 1309248
928834 362064
10390564 632235
14867030 216887
15513112 661929
11089402 926587
3804375 97570
10901133 396849
10052461 1042107
3057013 606980
6342296 365906
10390513 128627
10389521 366153
10182913 202764
7832498 416660
7570767 3950005
10393536 1674603
6391798 134384
12413692 70130
8071084 642107
10392127 48843
10395489 486481
5138324 356312
33006053 103540
7029262 325865
2183157 1011018
1015361 614315
8832718 101773
6993535 352627
11109482 253506
802932 53112
6394904 104318
537736 572647
7035837 181952
5797900 669085
40618210 345995
3212161 177083
10716632 328671
14802324 54617
3322681 98894
685122 313730
10384919 124601
8111321 227326
11375825 496423
2109085 134982
10382170 190414
1750128 53113
5653515 233355
10675675 207959
7268300 862062
11023699 697808
11152317 128332
10060654 396409
6528372 1183336
5754014 86741
6364979 63457
11174691 173632
6369529 109460
10380125 52283
6070885 470348
6264953 939247
1789802 235251
2844487 221179
7750838 99466
10081272 318470
449007 338367
10378471 248587
14549629 222326
11094052 92391
6173803 95477
10011420 159430
9169107 335602
6570659 413231
332188 105965
8569295 2765
12591234 784329
10894733 1373938
106005 10439
3100494 136229
1945210 672740
11418323 266066
11738869 519960
40155565 437996
9689080 98089
6981878 468523
2741429 248635
12657248 577033
12507534 949512
10376540 462428
9143452 590377
928867 347117
14818821 382937
6264440 921888
2666264 98090
14862453 650610
5109318 107936
9049332 1020747
10058848 371696
6981186 952805
11436288 344822
12681156 989988
105987 339007
8701942 513709
6688980 856699
583760 339003
11688366 52721
348240 651809
8308531 445273
11540952 331495
1793088 141925
2507025 28569
7269346 235554
12385855 653263
8600099 330744
10369850 350129
11606396 174182
1452806 829086
6838365 228832
6077843 637775
14783010 164248
12610076 116901
11642931 220091
9231768 220478
583744 50641
8189647 1397676
3046775 1188670
11675107 344361
6736753 1740228
9514847 932236
6573393 389936
10050548 291954
4957085 759013
11858774 312625
14807098 341071
5960286 79062
10384786 95844
8696606 382051
10087220 1134751
6418327 424661
2606524 778866
11640848 218351
4259 41913
1257239 1028769
10076770 342559
11167302 1949317
9103274 1596003
11111999 108270
8609845 1596504
11688455 27371
11304819 316131
7125262 170566
14785268 489647
4212486 1759759
8463818 340094
10923978 63517
25418142 655983
7980778 121432
9040282 581132
10423913 319306
10427645 1249406
5678112 72563
1304719 91017
802946 780213
6006728 341834
8419523 673847
6062999 106697
5936130 2063630
8280169 240706
583787 323878
5509290 920045
5864533 285856
5509292 185848
14788566 125809
14525907 431947
14818382 1246245
11472333 523181
12617603 878111
7768899 856723
4324266 1024336
4849784 308389
12176701 339255
7750086 580974
7792897 75277
4324268 385925
1914319 188722
7758727 1311256
4398700 325202
9042226 1950417
4941441 60919
11561394 22497
10076233 288308
15505972 56614
7215406 110046
6683035 214916
11444963 607853
14787444 2770868
10077760 246447
8003734 176700
11059145 337080
6331629 65892
10093242 121235
11304140 82654
12398873 1707717
12609089 316925
6213883 81080
14809886 93433
5889112 334614
11176611 98718
6486510 130242
5265335 1008398
14592167 406784
8723023 94802
8656170 247392
14779278 393420
4520417 894895
11618589 207413
2720373 321664
9301806 230165
1291931 441675
11084395 349477
9152004 897783
7827903 403730
11178100 16954
10987087 105228
10397120 57951
1954751 313439
10962147 998838
9611870 113115
3906147 332389
5656111 1414569
1278817 98760
9409714 51272
5550600 1685883
37666678 230036
930784 403860
12462912 190933
12977855 99897
10397012 49226
10061419 413229
8212412 1495836
4281774 44231
10815728 327309
12408545 969875
3503778 416236
6161705 299547
10999167 1577210
5620946 127550
10397267 48130
9465665 359703
10713165 2331224
3568920 2212769
12715849 713211
8991640 892314
4483543 619085
12486691 1596098
12407380 893058
13048922 97202
10074422 342044
9076018 1787905
10719989 386173
10079935 342948
10289005 313458
2720499 490923
14847254 534865
10813199 490955
8337565 232110
12457030 894231
6303348 1668841
9299445 1286290
2122268 144099
3227943 8076
7724088 831794
7352906 398051
949916 217866
11463184 995345
7823459 712874
6583064 56306
8690648 91671
11945159 393694
928931 790487
11192471 16634
7599271 254972
45698409 51954
7168757 1729962
5184015 1078924
340315 433482
10693126 587351
7016959 679066
5632512 45017
770279 601179
2122278 434095
7744189 413919
9363895 291921
5171638 296191
10070915 95891
5959423 198846
7845009 1128579
6458563 365384
930793 723154
357468 318570
9013279 1439914
6235824 399326
6445375 135696
10820725 424318
8781316 341300
14730756 292846
2055499 541704
14491447 190927
10385997 235022
6577024 717246
3091464 667983
37666615 113116
8133400 146554
10376958 601094
10388639 192468
9598711 736897
10383697 544163
8943045 180264
10855322 1543014
10382777 460478
10423708 212271
9268296 8727
3187869 947412
3233848 404464
1789806 1743112
11062702 646974
2880948 272525
5659367 153107
10386414 396894
42500910 1468237
10388770 1266508
10391106 369189
10386290 306245
928359 913894
10391754 312770
6287084 344754
10065919 788498
7446523 72776
5255993 860248
10370214 115698
10373566 879729
41736808 324697
37283427 364999
14589008 360725
10386392 19968
2222671 119839
12747966 115943
9655053 107296
5583150 752532
1789822 368542
10373949 262120
10381375 257658
10830127 116651
5083310 117897
10399905 660887
11415197 192153
10371810 103992
5603023 659890
10383574 606579
983918 95632
10388759 999289
14852845 116343
9412889 994975
10376948 365607
2876330 369871
6203412 875034
9085907 365152
10372717 273912
9624765 402597
24348517 1754942
2134285 664571
2570421 821925
12045154 390189
8202087 2346225
1759977 18046
14779529 224834
40602425 27590
10387963 669664
6010783 809780
7833008 295568
10389703 497615
10390836 1133424
10394852 483532
11217437 309048
12503469 332651
14800763 290456
9596329 126763
3511077 893708
14347011 352788
928964 1732245
6461627 1106878
6393839 148971
10376408 106531
9065192 291563
10383565 2071534
9280791 652076
8606036 1710795
2176901 2915293
10378904 1251190
9040487 257302
6148840 1723839
9004608 216889
8221472 1095788
10694747 941669
5214210 1325888
14797904 2950527
2869266 660888
9350283 1692227
13120197 324364
12771518 888175
10090652 6333
853165 442889
10386597 95945
583729 1065148
584109 924305
4419577 403971
928912 100403
928832 471289
11162825 59789
5974264 441673
11633528 1122102
9637489 384615
10372812 2436481
929640 353349
1302997 92348
928435 1738025
5882522 340979
10048654 524067
5502075 63933
3780061 743115
928360 47642
5268780 358256
287200 48860
5647912 121015
11347394 549879
583707 202836
10385541 529213
106117 236667
4046047 1002609
3404144 1693224
14804613 502873
1758861 104742
9141470 825230
3898263 931898
10381304 221631
928318 1735366
14730740 715332
933214 404561
3522213 267225
5845213 79784
1388744 267195
13028480 94286
5873498 340980
10828663 80182
10391057 534084
4956945 1753121
9551345 1138441
1789835 288721
6320248 715357
12326485 666289
10430443 669537
8851885 102808
14791792 335257
10395907 612406
11376461 142932
1256769 5619
1003348 787655
11408691 62168
4159351 160242
10377226 160371
106041 342008
4198900 351357
3382386 278008
5575383 944463
7848343 573551
8856394 2149858
7008124 1433316
13022315 1493210
2815181 216074
7679112 2572213
2741560 507278
10057250 209403
11458871 133350
10962768 729059
106078 72968
45698410 513435
10371541 395087
9297480 1628308
5647577 214201
724000 593140
9624633 500675
1766219 909002
932690 1757259
15473278 648273
583708 104096
11408114 861952
3079103 759916
5689717 98711
11727019 741
5244403 1401944
1754211 1489534
930972 930129
930955 301149
6516794 947322
583789 291863
10054111 895930
583865 671234
928400 47953
6459557 1039080
928896 133241
8920319 966077
3739922 1218430
6766826 524843
1866929 1033413
8608832 443292
8212389 1271682
6215607 414115
5054598 664780
14396446 332060
10050519 729443
3597623 534728
10179918 320378
5733767 122363
10079019 689508
933241 397488
14794405 774963
11343368 1394407
10072838 678488
5689746 313459
25425930 871611
928836 93544
14792390 256777
3585368 815131
10380484 664446
7068653 130949
5583111 376283
4075635 885093
10396916 199766
12662786 859212
12501065 155202
8514954 874928
13063086 349597
12347676 18441
11283521 53644
5760171 80806
12933640 429473
8137156 336719
8598339 914341
10068020 612421
12429255 1345277
11704961 1458485
105977 98318
12366802 2481030
10290255 109024
11603734 898591
10998565 1190307
11366241 2206601
11141935 612428
2847445 225333
6525194 401792
10059603 874197
2134282 98661
930791 1566280
7556420 1262715
2293578 397036
2134290 312626
14835087 1218431
10395181 245126
3531574 2240641
5045088 87215
583924 1000742
10387484 1403982
928336 369847
7994409 963530
9201130 248601
6187997 973877
7872475 2684
5171250 2220868
7574672 2665797
5689748 775219
10383953 100679
5970771 2125746
7497005 66290
5406224 109295
2869268 512157
1753200 888264
1753237 671605
6927707 341432
930974 863010
11316026 2356370
10374824 51073
4780314 195505
1758662 99036
9143144 1690542
583743 97604
6718254 37237
7573865 78367
1784695 113591
4186481 191423
5689714 1537640
3751280 540983
10397342 339734
3620640 363668
45698411 623849
1305487 921003
9689061 1198940
339794 930130
8027773 1856279
6821992 226189
2894558 332061
2572283 146557
10679507 790120
3666313 336221
2427978 70843
10375876 468879
2841662 1113227
9772791 25364
12299093 795334
9143489 1823
10072545 342605
930795 1752201
345640 73059
11376944 3327983
10092157 466947
10397610 339004
5560650 3468783
9578266 336453
9620687 236378
11328129 807203
5745747 288532
14571423 219932
24425509 58226
37666776 333946
10386549 1065121
5610240 13190
10679545 127360
10380526 1280741
9108867 37581
15475777 2507
6925846 36838
9886200 233704
12182729 233717
3646694 458448
802945 11468
10053175 534501
10395220 332957
39578770 37974
11407299 96930
10392116 219509
10387916 255347
11151168 98713
105986 338947
12487352 59012
676148 890375
8421463 860726
512711 1208062
6002477 36765
9243292 960382
10389663 697354
10396964 341221
6717813 2466634
45698414 3147498
11135056 1658207
12288170 137740
10368105 358425
5693272 829334
12470827 953611
1789801 50958
35536330 2233911
10369822 926731
9259247 116765
7917010 327549
5925822 649948
3982378 175702
14825366 109042
161821 383367
2134768 1681124
10062749 839576
11212969 830734
4353166 225048
4380425 204497
3982278 1547159
1739019 1071196
11175892 659619
723977 52563
6198724 1213813
2134284 296486
619786 1627
6769409 1396651
3670803 1081239
11730484 96046
14857039 189254
14864185 224122
4513218 388850
45203 194338
8444240 604127
3567154 224940
10392298 217718
6407474 785524
11730055 308124
11131605 309533
11169817 121785
5125672 816702
3987030 53547
11391337 651880
5600623 1320012
3987032 50632
14490065 515800
41736137 670793
4090229 444124
7637046 339918
4460366 440863
4170412 41916
4170254 2291438
4380930 918139
4170018 55924
10673428 1468906
4170365 97505
4298603 648927
45698416 83283
3501229 393645
9564690 52869
4090241 231427
4298221 755905
537739 208721
6214379 1415558
5992606 35764
213120 649183
4380914 1692582
3687112 1519211
3687119 2231381
7800912 602274
4539660 1006839
106076 186206
1954730 326857
348533 935734
4847346 2298903
7883346 354667
10978094 333384
9360306 606765
12944282 911409
8524474 1238342
2385436 539020
3687111 66523
8094845 729539
45698418 131449
7030131 358484
4298328 158182
9264380 574958
7538659 370216
11590305 1049824
9366165 258011
7904931 718381
6591795 898233
3702766 95893
6702867 665801
10873501 436871
6701622 135880
39647274 225805
10947179 1760153
11659490 328639
3987003 325408
4514192 22485
2264446 1559896
4298061 22144
4298376 293444
10396995 216891
14878523 878451
513203 541470
933225 158239
3050984 3550144
6226212 525828
6514739 327354
11975595 243864
3238923 829997
13073510 1632084
12733635 94969
9266450 233321
9143155 1725849
14054226 338948
1295703 356625
696295 776629
11975287 5290495
6283129 301227
7002585 810229
14818968 418104
9382525 148746
10374017 328134
8927034 895775
2479241 96766
4515794 440972
2199701 534331
11184157 363062
9145207 2078714
106189 347343
5185364 54064
1557358 102295
8920394 345149
1099909 200369
10068078 54414
1323493 99774
649926 798196
5039334 2244
3661973 23134
10075545 541074
2190520 328052
2435780 320426
1789819 100619
2336212 359420
6412166 609431
1467019 941458
7478554 333407
3059628 465687
2178837 2917046
4185060 1444480
1500435 1845314
723109 1484348
2336136 1026446
2352045 116948
3541593 647547
1210997 1662999
1484330 355693
1210904 51186
4760269 72601
2323027 2937161
2381341 674228
3926938 419591
2195115 360582
1250644 2128546
3036792 2288623
2219107 861904
1531443 2389595
856434 363171
2353647 342010
10070665 916558
9281220 109522
8123865 996406
10428210 2192363
8116156 209915
10928126 688359
4324269 1646211
14708510 53975
7972066 3242856
10393114 574651
5139787 243663
11244480 691567
10423983 344719
8366553 243827
10379103 926729
14796895 863789
14733155 1405733
14820969 1386819
7227777 625769
10421759 1095365
10095125 684816
3632344 731515
1250647 2087157
11075038 160353
14837760 1764172
3541505 51180
5653637 612526
5786690 575667
6322705 307118
14873956 334392
11491701 85916
10088598 763260
3809613 839428
8773503 378536
3244287 736958
5810867 951517
3425061 1843783
13207466 325919
3204474 445686
6393566 682232
3665725 332652
3222188 1490115
14841516 333656
1257225 322785
9810411 87584
10385023 703261
1789800 2606005
583836 99468
5462849 103604
2921445 103342
34455902 158555
14798960 983496
2920220 51998
11154957 148289
8454060 332283
2753300 1673479
3218058 317843
5722957 185059
11369188 367380
1694468 431403
10397866 346297
4052676 970675
14850225 230896
513204 1211130
45698419 347275
14816711 897469
1391048 325719
14861193 3509368
3670886 202482
12422100 2941704
2918859 785772
4438759 878896
3211636 2544044
9302981 1003192
3451751 97127
7638155 999698
1766179 273294
11919987 28082
5133750 451448
583720 352597
8381254 107184
583797 130349
7606963 53243
3420178 903815
6055711 1354719
2092974 764942
8439688 122267
1647249 1199933
10396682 3191184
11306369 658235
5754125 196375
933216 722799
5971810 2389596
7561404 2204357
9239438 844844
773347 224632
534831 788174
14815958 1466626
3178993 126216
12582009 333785
8789080 540080
14821127 41211
10860142 495865
5054397 96440
31865203 253594
6494356 367138
1737305 77422
9141453 398539
10400377 254448
11100496 573043
106120 345112
928388 748357
1212033 1018832
7910702 344215
106338 17123
5974144 1189365
3687129 706052
6562028 5048
6413458 878207
8317432 1595160
37523266 46761
14719808 705774
4380954 254800
14791153 589780
7829882 140109
5524445 363835
2815073 193649
8147205 1153737
14836068 343181
11598249 1290503
14821500 177574
803116 213166
2815069 1028747
111293 359041
930950 576241
11315273 219824
3982281 1494732
6644208 51519
6570657 551462
10792551 43323
10388506 1214510
14678308 1042144
1304817 53079
9143442 607255
5460256 1256893
8984829 122089
5699462 1992017
41488085 1853135
6312685 981998
928958 427882
15473005 383253
3763371 1161231
8867488 933162
222441 686815
10386833 166626
2383175 197487
10056667 428413
7294307 428078
930574 22602
10081182 61855
10995393 110314
1243142 455999
10078146 2869216
9302436 399280
2572328 326445
3667337 429351
3667337 3969280
10075486 507834
10777532 537937
2510117 105229
9179318 504136
10369170 735935
5168329 989719
2314163 53373
5319264 34593
5610157 5461
6326326 104469
9382523 1988941
933224 367787
10089800 380677
8943063 2912420
9195163 56469
2449888 326973
2573945 98662
5959823 570748
4480563 316556
14789031 449323
7848781 50388
8170634 781258
7635711 162577
40718864 395088
4075974 102428
10889640 291928
15474029 1584320
9443775 2329032
14837504 791824
4859354 1304273
2122820 682297
10819148 341570
8750569 1326840
9210938 839384
8125591 1932972
2373171 1414522
10807105 1248969
9600636 926039
9158965 293544
1489359 381429
11219314 1818927
9149650 939562
10994337 1561431
5965565 890868
6371280 604326
7548412 893222
8711967 343494
6199786 545104
7098816 511465
9515642 1072205
6280116 840611
10397196 105418
8849989 702377
5714126 1344351
8512502 369452
6537686 86920
9179598 293972
9184134 4491763
7070859 1107699
10062089 85493
9162728 53455
222661 687343
5482639 786917
7070838 602876
1789837 1797556
2356146 2907518
6108484 803750
3522106 224070
8799668 988997
11324824 1802694
9483048 972022
10761469 357669
8247653 333297
8968600 998470
4478619 1196352
7940244 1775480
24419752 618574
8894326 1157434
5922854 1104452
10819099 644510
2383728 57093
7543669 924357
7987916 654566
10094622 672839
9292498 677856
3218729 330182
3111985 842797
11510211 316575
7836133 329409
9025552 356918
4380689 94748
6945301 161265
4170162 356974
6118997 961054
7117163 384794
4482112 111874
8607871 917985
4538939 96767
6181817 692398
5429619 703726
10854936 777632
6641847 434743
10790296 901779
5976655 114922
4832684 117433
10371102 582230
6560584 2459590
9452742 533026
7326210 2560174
14824324 1775447
11251511 901051
9518405 272858
6562496 392049
9249605 608928
6656110 544411
12303560 1286165
10053545 1068571
8350133 1267044
12620100 943927
5285949 1423325
6762556 525909
5561079 455061
5168286 97074
6117514 1266789
5974416 376363
689556 544418
10820477 1622294
8499886 1058590
5741086 131816
724679 1396986
9199459 544440
1745428 2223548
5927631 1819539
9515820 422716
8101824 50383
3022944 418761
6494306 825764
8521016 523886
15766282 889128
5670783 1095412
11888221 677886
6620407 220264
298453 822478
9470149 328906
7480449 1401888
12294127 235255
25456949 1138181
10790952 867298
583857 110041
8917344 358365
10819099 865742
9997896 100733
1783028 1600568
583829 333536
5088009 40983
11192505 350290
9499210 324083
4209128 41756
5714888 360352
6406050 67151
14821521 102148
14453592 158613
6824663 722283
1458468 207296
5973799 887824
14853675 993016
2310095 1238548
5430513 705328
7261978 122867
3284760 447321
7937517 355854
1525108 2382129
11506231 2237229
41735682 2276514
5092723 333014
79949 21657
10427329 924175
3982286 346091
7567787 805707
928878 1742816
45231 195506
11350748 77739
7051738 2141684
520162 221303
5064888 818932
50453 212970
5475048 321538
9799509 782547
5454436 345109
7407893 1057932
7057683 472301
5791275 955133
3472531 3275215
7023347 732296
192492 587222
10396682 1695257
222440 686711
6228970 219938
10715078 250003
4170426 333041
222439 686576
327794 888456
35656 141893
10367506 1475741
54922 226726
791699 669180
4298207 318508
2270035 1180126
222043 685267
5641544 21164
9302560 479410
7160054 945603
952380 831654
6335268 1525876
6335318 1575689
10090045 2789738
14555522 501892
15345810 17124
11109090 1390379
5147949 853156
106008 340181
6552561 299768
1842562 764363
5125009 4031498
863842 396293
676141 1004660
216003 655259
14807069 499359
9268114 676798
2157337 279083
9186766 672743
6910511 791302
1393482 330444
583880 1309421
223349 689453
5163097 22418
7202666 5455
2823924 474369
31774849 1182461
1413562 454918
224598 696403
583821 144591
14604402 363241
6293153 170726
583706 427353
1303368 95155
106144 345955
583763 1305760
14223935 898170
10065945 52724
106068 343131
7376576 1387207
3268080 1357082
698968 1455344
54365 222475
9234135 353624
2124131 871456
12612183 94890
11109892 219825
3436639 913208
3132090 1643782
54920 226491
6379027 2443614
6379044 2367760
54368 222732
6415402 519137
5469259 1794950
6917039 107012
123929 261897
4883913 1721838
9429999 301558
7778327 533027
223492 691225
5055523 735810
54921 226590
7522718 2628229
6444015 1382584
8657328 1968876
40618167 3222211
10059249 658704
14789562 2211153
5978468 109421
928362 99840
35534195 213869
340900 106431
12949116 443683
7885004 1292306
7885002 917240
11539231 299648
10906578 1437980
5644255 384486
3074209 1660934
10398029 1852473
11882548 2500483
10060626 931902
11779875 1095302
11932589 1493079
9244628 268828
8781389 1307006
10977079 109652
11449087 3005365
11356559 656052
853167 297208
14523901 218181
7346683 2297692
799401 1590879
10435942 867594
11182563 110971
7296936 97671
11263898 436625
3982280 342794
8412239 361123
9980064 218795
11105442 85430
6954283 461861
7634403 995538
50460 213506
7105398 338570
13206124 859737
12951128 1711972
10396373 1758529
441471 2688
7438822 3799017
9557127 1958340
11026161 618741
12519563 933695
40618017 325722
6849035 187404
3459923 109250
193122 588117
928868 868343
9644075 162539
10399106 1476523
8497728 992154
11463160 111506
10091407 139146
10073184 235886
8786848 677912
8056401 1834945
3522295 323633
3227939 38791
45698421 587502
1976570 714483
700451 1458274
9295207 8483
11105651 195704
10082754 114870
6775097 62373
6645808 201582
7192122 75956
5614047 344181
15473999 861310
2896960 63824
930797 961052
537740 321609
35001766 1083424
10086325 332062
5410763 108201
1323493 831766
11392199 225050
6420783 340762
10078587 225051
2921653 110915
3292107 336721
1297747 328943
10734457 94295
697062 116950
1789808 343986
2364798 96710
8363568 1032757
6154473 538729
1789528 215088
3371995 354664
2570025 222733
928377 299349
928402 393563
287197 314364
6946656 216026
928449 157292
39646468 1718886
14793961 880167
10378912 346486
10069588 100512
6206421 252908
10724007 2214202
6632685 346920
1745427 48669
10084603 236431
3343734 320962
4447478 626173
7500882 896539
856443 345205
3668685 369500
11183272 1255249
10425328 1009967
10058176 323327
928322 108226
11169494 345749
10388008 223813
45698424 1291588
4297919 1007146
12755904 671577
4480988 608233
928837 700459
10367353 196550
1950145 308695
106004 49225
10061794 308712
45698426 466292
106122 308723
10673324 376225
6813442 246536
10400396 36218
4170175 1314146
29598141 1687955
5179143 54948
928864 109597
10376144 329680
105979 79956
4298223 395848
10399368 22469
14721413 699185
6122901 238001
10398545 99254
45698429 121189
42501266 664352
2919894 201583
1444082 251545
10076264 428801
6238714 54973
6363018 16118
11096982 349482
6427078 367105
11051160 515427
9143400 2402188
7265702 5394
3672056 243765
9293087 1262839
14858667 243780
11174749 36474
12639289 90390
7947870 602595
672080 207414
3568143 693929
8561622 116951
8746114 1406
10440067 341266
928890 860574
357983 220313
14834372 215891
9320060 50033
10081274 330650
6379110 221741
9101396 350418
6107348 2763742
10376304 120696
3238920 100270
2876517 636278
3244658 888116
11962173 851258
7582764 325380
10093045 2491451
2301830 144456
3260225 730216
6137265 915408
1304900 1549768
10398686 2088286
11440298 392146
1398696 622838
12496482 534281
10368176 116090
929639 916073
5762404 859512
7577326 5160
11304804 951142
995038 358795
35535037 890985
14285537 1056249
8480222 1002896
8410971 1407
10375131 1527025
11173891 4868890
10384509 79015
323224 246537
9370359 1724646
6213878 84855
40602407 147358
3751280 201483
8305671 612552
1256803 2134369
4310730 332686
6311355 1579178
7314159 2588576
6378779 1866953
7006387 1415306
932745 1757415
6534567 608416
583893 1255276
11051308 1020613
2328989 94643
7087981 1681442
5172664 4531833
2199671 133512
10997505 667381
7339378 236477
1084704 142276
4298209 1413676
9249198 938038
6010779 672616
10371190 202650
934767 314744
242202 729910
8183613 1687362
10067254 226967
37278113 240412
10708773 1091776
9839875 51999
4863005 237605
33743560 815391
10381099 249872
4170240 671355
11149839 1690745
6184575 2514144
5642039 291878
3436712 593854
3211481 473567
14846488 2555144
10074000 3641843
2055197 279693
14787667 686582
8855903 1511118
11342318 128344
8682359 4876629
10089743 2087159
10375683 3891382
8578780 857999
1763246 740816
8602489 3551573
10061364 668597
8758475 915016
8435695 249914
6904956 199191
12415173 2849301
6042197 1752613
10791907 548123
2868739 1448921
54924 226886
10928858 914257
14856904 405085
6017530 2767798
2869438 56781
33839422 651850
1342588 489053
6463407 332354
10370534 4093137
106090 343992
5415370 51277
5218511 301653
8646977 895538
802928 388788
10056278 51520
4538604 274622
4438946 2329211
4170359 739635
7841183 1391405
10393626 1510873
4513409 602409
4481126 148599
6701651 93545
1760541 907543
3074537 1128501
10858013 1178635
10702212 342868
9366143 52725
4170022 1757842
9107723 320267
7941136 683439
4367282 2501769
8210793 325771
9494937 132887
4438637 72377
928405 102668
8165309 739602
105995 339476
928358 1735782
106091 344037
5225838 381723
10179633 1309663
6426173 1581666
11633060 953638
11262193 53604
1250773 57299
7904927 392220
4482123 168952
3314513 523374
4382803 378506
14824837 137995
4300338 508128
7492333 72378
7426581 52044
10075808 1731187
3982220 345113
11480450 94892
5889434 1780371
2264568 72379
935026 403738
8600269 915972
4440151 84856
14869594 361847
10966794 202692
9470180 175111
14792332 349480
8806622 1965563
345180 933754
3385039 297877
3315114 440443
9495371 2575622
11007234 2816640
583804 1307250
8423929 271348
7036444 3938200
44907263 739639
9005842 777947
1486183 340478
12674170 895744
1419605 1772356
11507898 2041554
4851868 687055
1741474 390739
6985526 1711294
2691611 739571
10083411 345962
7841182 107144
25457340 895745
6192803 1569106
40618172 2665704
10737007 832046
10743343 677083
6409106 1401690
384136 836099
14857163 1510653
341339 84112
4439949 174210
3522298 231777
12713869 3058430
4043899 506948
222670 688209
11506887 361168
41736946 369673
1749676 501573
1760481 43482
11352387 216027
10388155 208417
4883915 46802
45698430 461702
2931826 633762
6908862 249824
3334151 222734
3669302 1097010
1230252 274623
7683379 1621470
106219 273224
11059627 917416
583742 188506
1844793 132754
8817572 137391
5419480 1741343
111288 358700
7589519 915629
5967720 1024434
947021 157929
691543 102047
11560134 2785757
14793127 1140061
4306150 739299
10184567 501343
340817 65903
7025825 1920465
3009108 2306165
9524643 249951
10081414 353767
8814952 1681472
1758952 693676
3522213 1538825
14787850 455041
10373993 503682
7768899 187201
7535450 631215
5379438 39079
7985642 2602731
4480714 599587
8182483 442193
11363202 3102060
14678761 3102092
12573701 1304678
12371063 2260487
8276263 2604210
12373161 2576327
12362486 440645
12577974 249960
45698433 4052581
95785 51717
928863 344394
12658843 1000070
10393469 374037
12492908 1038216
8007682 2235412
12783778 2538909
724801 319013
10375995 2564441
8928197 1064715
8257035 867005
661099 1402392
7888920 249988
8437020 880296
10399735 1304541
10392226 1423588
12967159 962905
11553275 606521
12754205 523366
9288186 2655836
6235735 882117
12478180 1296104
10379964 2713823
10394918 433693
1243472 201181
6259442 900968
6380948 157427
6168914 213365
8984081 1235663
1945458 1056326
4161486 1448629
14793583 2680314
1486411 922542
10378969 1432343
11394945 118038
8670579 602225
3314725 1810042
12755678 1720403
3419632 94507
7697593 722827
10808427 1357005
6465968 398190
11879182 219555
3064048 340415
2087050 1590305
3804795 313378
10054373 2177211
12662124 1020753
7446835 857688
6446454 98709
6241545 1707413
12603511 876937
2720579 996199
10082968 697470
6478854 2018957
11369298 1339305
10065439 1031691
10750163 291829
6894244 1298059
928857 1741923
7321908 260369
8363893 15129
40126503 2712014
6370848 1074900
11378259 1100720
2277053 413516
5236348 621337
8504553 3328565
6900639 398839
9489999 594824
6564164 889529
750934 87887
3541367 1544575
6342073 1942783
12633251 3301484
12565432 2624857
4170519 1391482
7450800 413506
4190456 2748910
516238 879954
3209612 1510945
45698435 609185
537712 449374
14793022 2373342
3843852 2373339
4533118 1741605
14809849 2084087
12759344 896250
3476129 3433125
10055561 620103
14799017 892317
11273102 299154
10058753 1485408
10831448 367554
10089823 1033711
10093548 1742951
10065671 663210
8176415 2757126
10092335 1483299
14784499 2443450
39436052 1615835
9989062 365100
5188884 2588254
9574729 1984590
10092423 385242
1751551 390686
5171252 108878
11296398 2043799
9324662 306142
12583424 71006
6362858 1440468
7612520 213513
9347388 1106190
7772268 19700
928835 389771
14794008 21102
928369 342106
5585795 95248
6262861 613374
11292873 723155
6908860 216075
6360637 207729
1742059 1142375
11723859 739899
14795083 320186
6541227 2633410
11356000 4568650
1525224 341484
223500 691665
2815161 1852469
700835 293979
1745426 321370
10082405 1304926
8907554 785189
9301258 365101
7533850 120308
5501024 130414
929067 531719
14843529 2116280
1898162 223003
18650 98790
9097285 1423505
1866927 396895
120555 394315
10388249 3099219
3807545 1027286
9382527 624318
10079819 900058
10082667 160826
10077341 654501
5312656 2719029
9474979 3328967
6514087 562029
9357791 78042
6956665 3364918
8118058 391349
2216896 1776423
2479341 480922
12295185 51282
23755063 97977
14526583 90056
933215 298977
2539053 1849277
6270310 442489
14803467 334185
6938788 3546694
8810294 1316595
8700490 739867
8700487 1321224
2216899 628031
40718715 92103
10728476 393656
10049162 1911900
6256387 333633
10372615 739911
5095332 486996
935716 1184517
583754 60040
9097316 831771
10176529 169268
29587880 2927230
800523 1592436
9573634 213874
38633580 1732102
5656492 1455393
10081938 1616497
1486628 250748
9299400 880459
5054294 632212
6217771 257942
7041021 628601
928414 499841
6570701 543655
10386533 73866
10383887 276251
6611532 464379
11379895 2154029
5770532 2286766
7579665 2097007
5031577 40898
10382257 1628257
9155417 662889
1866877 251768
11076143 174481
11799583 19732
2743878 364583
2609091 21817
2353543 348489
3625345 312671
5071692 671782
12377961 740362
8947180 740388
7581124 1819680
10423348 341571
9099699 504872
583790 1118121
2880947 673148
2350767 441525
2383750 330581
11134132 53189
10698268 426818
2917119 1049755
11299335 249370
8133444 859621
2984946 740841
11228560 98601
3211479 658705
9221302 131887
929004 293980
8713367 65894
2232002 2962542
10049631 351669
11409782 1965645
4298062 3329576
11026010 740206
3687113 2446882
4170259 1849221
4482166 1845762
4170207 1511332
1015360 321836
1662638 445641
1789823 73819
9996847 406147
3982219 217934
9424144 1195705
4382818 2449258
2916495 1732269
4173180 890721
4173433 546928
2490788 205334
1391598 30022
4512856 1781433
8591189 231234
10082490 323526
4298131 1510918
4558527 2325412
11253533 724972
11236707 379319
1671276 278712
5926173 126373
4379529 1750061
7899542 72285
3858766 1243279
37195427 2439997
5227312 240274
4479897 52123
583753 425607
12402946 249909
4539762 2285262
5474524 267484
4381035 4171985
3447024 101826
10792279 3073656
3129047 190662
10762137 109741
583755 364584
5606975 1275125
12615454 348365
12037327 684392
12453596 762022
928914 362660
3968129 96193
6495988 366695
4380821 180314
7296297 99039
2134281 139147
583747 309596
3929706 1995219
12577199 180376
8509371 111557
9231426 882696
7341033 2151948
9302848 1329557
14796667 1992450
10054537 1703167
11340883 551245
10069523 397075
4382719 467867
12632987 942386
14786920 1446506
12277861 375749
2570266 18111
9245182 1992554
4300288 551802
4588193 1543060
4479898 1907127
3537699 100608
4512846 348038
11066889 2105593
11317307 2260736
7663135 2549904
9399615 278445
4514251 1901970
3967265 1804292
7078647 507096
930787 344720
9292501 2194829
2869661 41133
10054986 561710
6990591 206678
4439956 1426299
10069300 1023707
4300224 566089
8705163 358949
8771092 556617
4514250 395466
7686896 101166
4173090 1121924
12661753 173144
6006057 936310
6567214 145801
928870 365698
8157661 344717
11057968 519740
9557837 226279
14821477 1030272
8523895 231509
4479901 671511
11310246 23136
448403 756525
583819 98896
9299184 298074
2570265 154579
6414050 53114
10390981 94107
8121037 511245
2380949 648930
25446471 336478
10398231 223920
11239119 901285
1250643 271664
928860 91465
9635899 1777072
6230493 189076
12178733 878431
3522296 3877476
12716506 4877141
12747084 3773252
8496668 1632409
10067060 1940650
1245796 1787422
11408117 1282929
11690412 4876924
10390040 66524
4088230 35776
6114738 2514684
10065356 391819
6227690 1405783
106058 342697
5845213 91891
13140239 2657942
4262953 99469
10068204 1754373
10977950 613918
2475577 5828
512967 232010
6016981 859986
10177470 933818
11667808 2946771
6064297 2225112
1250662 358485
14791876 338804
13207630 565099
2336282 65040
40198262 4874312
4237650 2542353
8504645 571157
930790 186884
10093919 69222
106050 204156
13154589 345759
2741640 349090
9035012 348099
8897338 344336
4380923 195509
10381798 830759
10957500 108873
36485986 220363
7610072 353656
10088097 658699
10072046 520760
12264275 642039
10071766 419087
12805537 1633563
8937716 333828
6457225 1816061
14817431 593865
10070266 655256
12068704 1003328
7636666 54408
5849212 904446
8152017 800847
10812953 616442
6043847 1237118
5904864 1170725
6943981 1149697
7080553 2945245
7068263 1237130
5403947 1237052
11146573 354477
36692836 559272
41738903 562497
4380809 836053
12772250 1121516
3883143 1236884
14786736 523841
11626901 105052
7546869 384577
10697171 2386421
7276053 902058
7424213 2717998
10820456 625061
2580484 336601
7584292 53245
6816180 397264
8154085 667883
15774965 2127892
11226803 2657820
10394929 4870871
10390734 3894096
7141382 1712989
45698437 1601186
14822970 1678385
1250776 172872
12441520 440099
4761076 281607
6294686 685280
10390715 1283097
6935551 1020100
10788246 2472079
10816597 1742319
6119134 1439445
12787303 1452623
5714151 913927
5509777 858482
7833200 4673017
14823283 322304
4605968 199577
11560969 898834
4384130 270893
9600562 915237
4538949 2838191
3982288 3644119
2917028 13705
8504606 7445
10055962 8484
10063040 1091077
1497801 2053
8554329 364959
3211945 509522
10374983 1309175
10051829 3645189
3334060 782682
7711149 387932
10949900 1592027
3987148 3775592
8095769 2879466
10087246 344796
7099717 25027
10084153 343877
3982273 25365
9019394 8902
12619023 3368180
4163166 2161713
10865637 3989121
4293084 3440877
9524645 4864391
10367709 43717
9067700 1267618
8345656 2884431
7566985 867596
3227013 1341603
10071176 11586
3211193 310654
10371147 428823
8304495 1724386
5575385 2103946
10819438 1162171
1577974 545049
10394340 404771
14861057 320568
3719064 1267744
10376316 2492048
6600969 97413
10182958 545067
6884821 1166847
5923518 24514
38195754 2988152
10092673 316247
45698439 19826
2636627 226585
4393147 2439877
7088865 772118
3563997 9025
7884315 221884
11487771 1766754
5821062 141888
10911408 2062364
9300583 3879629
6903449 2502132
31175440 1285090
14801314 302472
3883148 2468577
262210 632611
758615 1541313
3246341 201264
6415316 7256
35535018 892014
14880677 2110969
1208038 32714
14796870 52335
9077396 1536445
9077398 2112339
3177811 322548
6464375 1328142
173355 2508
928399 8207
12765629 2350026
1347677 1724304
14823179 45819
10381784 929282
3701675 3991136
11865903 2274791
2880862 939287
7530837 62354
14819983 1342478
14839385 236759
11434031 900001
3584655 321764
3177686 506542
2336137 1813107
8939281 645525
8285281 48474
11057065 66613
9099818 1426683
2134280 162950
5790738 398101
10395583 2542467
14649651 2594296
10078911 396538
3563997 334726
1980131 870782
1946868 1601754
11157465 299987
11551118 863004
8969015 22249
11141478 316558
583858 841098
649927 633384
11393313 191139
14284214 37672
933220 102228
10767533 337956
14790116 211832
8000558 485071
2993742 346740
6187336 485057
14807679 52286
1441984 56376
10071805 98442
7011537 195507
3428535 216076
8184185 91341
7257785 46217
37666716 1115649
10701193 213276
8354749 1418257
10888893 52402
6317006 121957
1396211 259950
222668 688079
10393237 777876
2608109 436243
356703 397529
3312716 2164927
10386079 307997
11557821 701097
2176902 98443
10380303 1577039
10371407 485085
2087136 1852550
10893058 1402294
747166 1526730
3758151 827518
10383825 295450
11289714 650985
11363596 388373
9642526 3402003
10384806 2484147
5827841 3741178
10392087 613962
10395704 569123
10382570 1966656
344623 1409
10393097 215491
10374096 2706011
10369881 2893293
7581270 350306
10395420 385570
10368037 207693
11319424 174582
3572048 218235
7698972 42453
1527288 578027
3197927 1090034
7684533 1674177
5693616 1113976
6905184 884323
7566911 189526
10091964 953377
11264561 348842
14809422 1137632
7996301 2983810
6457669 710562
10883416 605275
9143185 654506
12073192 403793
10430195 2230815
10088095 845670
8316506 3034315
11583374 670481
45698440 224742
10373532 4771655
14876822 237082
11945754 325213
3031694 76774
10399924 3865196
10384957 1042765
24410001 2252333
6275489 509162
1250649 1973057
2420242 1632945
1443800 1445827
1340005 137372
41738644 334625
11362393 698250
8678230 1347343
11449058 3294462
10072725 793221
3166886 152034
2582576 30716
12598064 941360
10395299 1176148
583847 31361
9086747 1787559
10388717 1322474
10399042 4655821
3472504 1397147
2528533 30905
11779681 1735300
15629906 31171
2937341 2058470
10071149 102239
14670590 1261405
7635356 328882
3418556 35961
3892382 217837
11249252 1104756
37665063 1674909
11551147 916561
9143210 1302494
9143370 3906897
6534432 224733
11028592 58369
10396668 226497
7060889 112144
6196055 2373037
5537584 193339
812263 22245
7740403 701273
6135252 609149
10371252 101602
5575562 121677
10367601 102229
343469 179103
11591079 5315
14483245 344954
106123 345263
7487336 46681
12624752 1410
676139 181498
10419414 548760
1972237 396608
5835879 201485
5512890 105527
11587893 1053388
36485842 321368
14616899 399720
14212939 485199
839227 46167
742385 419413
5547530 578050
10393604 253286
5812844 385818
2572495 12037
8294661 331026
1789799 52190
583759 210927
513201 31829
3677664 340671
3807541 204475
2713991 31611
11544584 5087
236881 13588
8836539 31716
3584656 261451
3564210 30717
10849382 31362
534829 94105
6878508 187524
10397106 7261
3212216 76284
11465429 26375
8607395 1401
33850756 17882
10399576 51994
5039026 566279
7717613 51910
287204 261556
832368 80515
42499554 882781
9413669 36588
5885963 294887
2490789 397071
39428297 268806
4389530 580419
10082007 406526
10074360 99523
10059219 79168
7928956 106507
5188893 597428
14832621 360804
9145073 50519
10375893 168670
8380928 937114
10397294 295676
1560226 621385
3584655 1516
3313225 252341
1946864 352695
2578563 144988
6350100 673062
11203123 102350
5688697 464702
5341754 428960
189552 181422
4163167 19587
583758 288413
928838 219935
11544428 54826
5370205 99251
318352 285537
5550325 330818
6464652 1659454
6096939 423710
2379792 402991
10397246 97808
11471090 49352
2336284 108524
10067646 198874
3834803 372106
42501429 348206
6552525 48578
10898317 71116
928861 336722
6154339 339826
10673854 1034791
1244415 110841
5994239 328837
534833 18252
7853093 36477
174152 144131
6538050 698588
10373106 120745
947116 162832
10873518 218066
928849 98935
583762 78187
6535954 44788
10370655 155437
2436544 582428
4380682 312775
10385649 5748
2270031 156164
537737 98444
14878270 566228
11580458 189077
2868093 141977
10391780 155012
11173446 50953
10384282 998841
928891 104224
10390686 181478
11442357 393647
1256872 387913
7836422 537814
40281542 96932
37278124 200828
928830 50846
3472538 186701
3232052 209912
10939249 256230
37278120 911729
1003348 668045
928841 86013
583765 150755
10376131 398155
2479331 209388
10376887 219988
928845 160657
11287202 178359
537708 1630
10380820 56308
928869 16635
583726 687554
10369575 952930
10422461 331769
10384524 96397
7000942 22782
583780 213366
340511 97306
5699396 37362
13119008 207771
3664823 219936
583711 218185
37278117 58120
537738 327597
11461031 321641
928370 288091
583892 37722
583894 133317
6711586 318932
836031 37622
10962798 196191
10374664 216671
111300 89007
1946859 94517
14800555 132379
583810 962602
2292729 224515
10093321 722687
2582572 228940
7089725 635180
583749 96438
7520631 208730
105981 36067
928874 52566
10719647 201556
3555759 105326
8238167 1631
106015 97636
583840 44313
8673198 169267
583784 39291
2128436 39293
933219 36247
6206135 39296
10939534 32217
928850 214371
6322850 142862
583864 47365
5923522 1411
2288132 516344
11181143 135453
10376523 572071
3667340 43407
1415194 1205334
952211 110787
14799993 307633
10375056 482325
14787644 654268
1218514 180835
6256166 341572
10065584 142684
672115 53574
9229005 222333
10050876 101383
7941893 178743
4551543 178988
10084981 447165
10377312 295771
2385149 447493
8937396 60116
5925185 104402
11359371 179257
928901 108436
4011662 1754467
3212160 292352
11311139 352370
928903 85001
583704 132493
5530606 328945
111292 119009
11156550 182040
353973 335704
574056 401152
8713204 53190
10074393 484370
6173376 35921
11557074 47126
8980931 735897
928827 1401945
10397363 108043
3667339 158659
11877059 654859
11389827 62877
5627251 649180
14801465 5159
5567166 35962
6944738 322951
6241599 85522
40281200 883710
339792 54014
2086818 52568
8889077 1257558
7835207 346250
6574513 317168
261522 757886
2350766 470580
8486453 295528
7261347 107100
10075280 52666
10090404 153227
10391350 329360
1098659 649807
13102069 600298
11495527 117483
8969012 144230
803011 96048
9301917 371901
10371584 332487
7134494 360806
12774500 72775
10389117 189168
4381032 38741
957509 117044
1434275 111083
10391799 35780
8229057 76396
9067951 306883
2881825 75379
33012511 308152
7725271 220090
583733 365151
583766 117555
8823592 332522
10846015 54527
14857750 33675
9488525 371645
10368271 142207
583739 59891
512962 230076
5673601 1401463
14803359 584773
6318045 495188
649928 49102
1745430 49394
1741702 96571
583740 105860
928899 51430
4115491 51188
11236172 38739
2350775 305811
3074371 327613
12294672 857513
5045090 280773
724808 48996
10062519 376170
14876414 566039
583721 105189
856437 849870
10381407 82054
12576712 138393
5952337 86005
11634187 521658
3970738 212966
11117803 219827
930331 214574
6019698 118496
106000 233431
928907 271076
5855310 775717
6183980 373264
3501409 51719
2179963 177027
12309993 295678
10394909 83127
9343025 44053
37278161 295704
9454818 360991
7496821 96158
2414410 552680
1297749 219109
583736 408242
3239029 51080
2413224 141926
7099413 384103
583713 93664
10399611 127229
2640710 367551
10049134 130283
5503494 481294
14819098 285217
15657911 1308125
2937334 129322
10375967 12761
7883676 110845
7359586 61429
8479339 23855
5028692 60765
14536262 33575
11611509 513008
2288133 107608
5873747 35231
10378268 511271
39646407 41456
11594089 1607
1775167 51069
1743267 146125
12313122 201046
106164 346668
1439854 76285
537709 46436
6583671 135706
7803269 291760
9420856 408330
583782 50850
2086294 328780
1742456 241643
14879112 817482
1527369 177127
5910345 97412
1748930 177264
8786501 94382
41736256 97204
4804853 179588
2181548 2856
3794959 218290
5927820 397317
106013 41921
1532201 222322
11630851 82591
5552220 80421
928900 306906
5537582 148448
1959846 99642
10995361 195751
6405672 218115
14831600 1238824
1217888 291421
904191 133348
2086826 217838
2288134 446952
2764491 332712
1664826 171524
6827807 213157
723976 554805
6286991 17878
2923245 178581
10396978 121135
8407182 220555
5627790 92201
928379 54189
3428534 361849
7085099 95546
10093014 76810
5583809 551986
4015557 149326
7637020 149475
5931512 97001
3522105 179708
1946863 400123
8009478 98603
10386775 223921
1015362 164839
7399705 255374
2492959 392842
6115584 94443
1444938 76850
585453 359418
10855695 23130
5722544 166583
4412140 60113
12694262 238362
10383442 19009
12531883 363449
11633415 110316
10369962 353764
3314860 45502
6027253 179738
4003025 93320
12594029 330040
45698443 98762
11224100 640674
5105254 660797
6808605 566589
10768440 228656
6043847 912585
5906278 361897
12491911 637681
2492956 80423
7842851 71288
3982375 49395
4381249 898543
11159713 160958
8454331 912296
10964580 935690
11550134 673478
9629533 634161
6099677 96241
583922 1310278
2869484 105278
7139338 307580
4170121 418040
105976 338369
8117600 41923
12318511 94845
6591847 226290
10080249 333654
106032 162976
10367549 95426
106006 139148
6255844 52570
8486010 201429
1467018 164511
6256643 85429
3211690 17883
2182416 149406
7068121 396955
7267523 222480
802962 288536
9084352 280821
3735871 165133
10061506 84327
10367742 99583
14798086 901052
7595948 312634
14804942 192376
6069470 147320
832367 164539
2485570 173969
4849783 321308
6275402 37923
37293450 36179
1182662 449796
10725762 668745
583779 302126
7296297 141816
6295797 438394
7478658 229863
1216689 297209
106071 112617
1592841 329460
10696968 120909
2122845 220544
5689105 212417
2179979 326800
14808578 580659
930804 99584
42501630 467801
5032680 101384
11573549 410310
1525388 94298
7654478 180837
6597654 908196
9151757 272093
928343 98857
5820302 554795
10390551 395222
376055 121325
45698446 1025426
1591699 152411
1486094 63648
11894646 52404
1482392 186974
6194058 53473
3682743 103482
2815176 221226
11623926 92949
42501630 178443
8332823 142067
45698449 21713
10383028 271960
1098659 104746
10400081 98759
2592577 117096
10068968 473670
7402101 311447
106096 56377
11536317 599608
4381031 148093
4170237 43408
4298219 103861
10392733 142278
9604579 328981
8277159 80807
4170464 50954
1776753 687555
4296605 743
4382534 261786
4479931 165038
10371794 75546
12158284 218887
11206403 232428
5647021 150245
8513400 307149
9311842 99519
11554216 339405
2572409 50035
12561624 110789
11143934 322226
11216268 237778
9481000 889271
10390415 134983
11121681 339994
1744668 101893
10367418 326290
8201058 498008
6202483 54827
5639052 109556
6462357 448649
6587014 452492
12406642 2071986
9455439 21820
7569862 663457
11414900 73774
11313534 636304
8964321 233078
10692306 197029
105983 135340
7049204 217716
832367 596879
2055188 97847
7173586 174672
930786 1487413
583916 671467
14819310 824634
14843931 132545
8602476 117204
649977 784910
512966 316791
3304365 186998
4633575 912586
10815427 1494354
10725189 397003
3780066 157102
8667339 340192
8246460 134123
11003264 676825
10694115 398235
5550743 126396
287221 98938
106053 227537
1973178 1640744
105993 51065
4480816 1796672
14845629 156940
106135 35459
106132 345589
8886940 815199
10069875 649070
802968 113478
6238662 219894
14831104 96482
5882524 213279
2510390 35924
5494839 1218337
3302909 661992
3728697 137865
4107577 93878
583734 41924
8750188 259951
106159 41910
5518687 362961
1045066 934387
8662274 116954
9143254 884865
6531924 196319
5746425 511856
12282450 340925
106012 121381
583783 131912
5856277 135190
5401422 62808
2178931 50520
6298255 134877
10780678 125066
6257450 130715
5120931 240932
3932588 130795
10389961 69002
9178291 65084
3673797 213930
54364 52288
7789855 125840
6004931 73480
7193926 659727
928473 5573
802925 939453
3059320 237269
6138648 1482862
9467708 596695
7535448 685966
1671277 283331
1467020 353310
7814114 309440
12602551 131668
10067179 105190
513206 360993
9463720 385821
3807554 58143
928416 330745
7316919 392183
3769037 163416
2123743 394982
6589460 517550
2336138 444304
8234382 611845
7837655 136673
10067024 320898
2858608 659004
7076196 1287973
6347354 118267
4295859 107009
7750014 858834
323004 92649
6992492 142877
2844486 236895
14879630 95634
11046395 137823
5549028 232712
14330397 922229
35533663 132026
3665797 96243
10387981 629991
7750020 112013
8661885 38479
10049608 363403
2573946 92380
14837195 363944
802959 99707
7630200 67340
5434063 156941
4380915 120910
7304229 92239
6105472 242693
10785114 99403
106106 213940
929949 389623
106069 343183
10024537 163482
7677939 1345275
928909 890307
928475 1738750
30784590 607514
9065175 1993475
4641540 407626
106131 103631
892794 883241
6442990 217005
11656990 362393
6480347 151190
700665 584877
508146 424751
928401 152146
7066115 193264
1933564 136262
1303578 54895
6238067 232959
14850273 191090
8716952 294299
106029 150832
10368914 665686
1725805 265991
929951 112086
7068152 185406
8821292 241678
6217747 314876
8404886 649765
583705 505392
6980133 283287
10907879 124625
11642169 284569
10386986 228219
45469841 303063
10393310 43324
11811245 93168
4230429 219106
15797308 305554
7381059 151020
106010 96439
10399792 90055
9458315 68199
5423838 1552965
7974727 317404
10367469 104232
8823732 98992
928469 99472
7795644 91018
106290 334359
10970663 309694
223495 168228
400153 1011015
583863 108414
583719 345527
9782941 142654
9348771 866674
4512863 1025079
6701938 2480207
4559254 52287
4298375 1191188
8184207 542367
4438675 292870
37666312 534871
4170204 228581
3273349 197434
583815 171614
3051572 528987
3459773 74327
4040157 88042
8342282 216474
7497282 124602
14879962 53477
8353692 62962
4324267 726514
5873571 604547
10397064 117506
6218087 122366
11304993 200197
4398711 362732
6142078 70251
5533666 550313
6345631 395315
6617397 532511
9992017 95895
5653569 535736
14628287 230290
4170165 202483
119487 381563
3982271 51523
227083 328839
5265222 190199
11514511 820593
1391370 361807
10378941 196282
7761983 65212
10396650 1634
6464730 393843
9767042 72832
8967440 74931
6286951 282560
106047 338572
7478317 545420
5833778 56033
5045102 230856
8332378 109599
7515571 251737
1183842 246283
5411314 319683
9363715 141257
4031307 99780
928419 393094
583725 319308
2781007 76676
5836186 62332
9281215 462548
4438779 357402
5586290 118312
