36458284 5469
45842873 42322
51500 142065
31410066 327667
34244539 218110
31517509 95476
45842874 299643
36458793 66148
428890 2731
36458304 238233
36459747 97966
30775667 94513
28424513 64945
45842875 99520
31753798 126905
3013446 119556
15317781 97406
6546394 429253
18435 93116
13209403 355631
5325572 55339
424758 267323
68093 188743
45353947 260843
363393 62372
34314358 93763
34243592 75157
34294720 102227
36458853 97967
25374 67461
382251 471927
5209073 131191
36458784 128023
813302 226588
1049182 172287
36459287 42323
30881836 361646
39506349 654165
34294525 524081
5384737 230942
31740404 299760
45842876 324174
9372513 96101
31734326 125121
45842878 100050
298656 1403
7016655 330879
2751194 537634
45842879 94441
14446177 110313
36458917 310730
45842881 41577
31359608 52443
603999 75544
6154176 312773
975725 122644
35460410 181904
35691 137390
294663 93660
36458561 98990
35750 142164
581208 17122
34717851 252442
1492839 1621
32800690 97968
379501 109872
45842882 144659
36459055 53912
3809706 189083
6710115 362064
3551068 53309
45842884 94379
137564 100173
1344428 220047
33562891 192467
36459602 128627
2876286 907401
13349385 416660
45842885 134384
37490119 307295
36458723 272747
3502119 170776
1759496 109136
31748327 101773
15038791 352627
45842887 137091
242735 253506
1976834 867739
36458817 1394
652306 53112
2743420 104318
3797272 280588
31579858 107816
32817053 181952
35504190 330019
1004828 1489902
31299240 157139
34368476 98894
15299666 227444
2724324 124601
54937 227326
36459493 190414
36458216 218350
2174687 207959
603451 862062
298955 63684
31570420 392706
43398906 81079
2985863 1183336
15574184 63457
2416295 939247
31302059 235251
721166 53235
39502125 218184
45842889 207674
34309987 99466
21605 109361
7461538 92391
31466637 248043
34244272 335602
534623 121061
36459108 413231
34243602 105965
35870 142296
36458458 46551
651954 99329
28696197 539310
992782 478401
45842891 852853
36458596 136229
5553258 266066
335209 98089
45842893 451865
36459480 468523
34290181 98090
34292289 371696
977547 65259
3055219 333406
2427980 445273
3272664 350302
2232155 228832
31308287 50641
2837 36140
30883147 143678
31726884 79062
13374320 95844
31466590 146505
33087724 864661
45842894 109953
31532637 170566
45842896 5574
2597474 121432
328337 104605
34243057 94291
34294610 109557
33087945 35770
34294717 910410
14801814 308389
33087918 53775
651341 8726
50472 142975
2821 1404
33087966 214916
31760754 65893
50368 100174
36459141 247392
34294725 330443
45842898 340921
36459323 349477
651497 16954
9865847 105228
34294692 57951
34305908 51272
45842900 49226
45842902 48130
45842904 174013
441154 209913
5700215 571365
15309051 54271
5014193 232110
52313 76283
30757492 115808
50812 56306
31290686 207244
699020 16634
8204693 987693
1650052 654
296072 164414
15790629 99703
36459717 99899
1580794 36136
284334 201889
34295591 100612
78003 275721
34462491 92648
813323 199288
109088 131310
45842906 39645
1204229 460478
36458850 48180
34480241 285750
218411 153107
36458717 54483
5086105 101824
45842908 164479
11132915 534666
28731036 51072
427255 72776
45152877 874028
3286884 324697
103048 119839
17021 87760
45842909 77324
661052 1405
29597888 100356
9160976 1417754
1315938 226733
251986 536794
378783 659890
36458292 43032
7564641 70121
5095737 256121
13356180 1623
31413021 45764
3883950 280820
3206220 57569
35609430 345071
212837 332711
2189989 38891
191132 355110
11926659 70658
6123107 1314486
378671 99838
36458717 95422
33941 135379
34289099 309048
1450909 511952
478459 340477
118181 126763
6960200 126762
28191549 101380
41244078 148971
4898850 470029
31701299 89888
8106520 213164
1952696 216889
14479040 660888
394600 100560
8671224 442889
41243986 296411
45842911 325279
193122 98440
225429 129066
31733167 50514
54715 226083
4967968 291056
10683330 47642
2511220 143461
173812 500374
32834049 549879
39470401 236667
2355081 344610
7564633 221631
190389 324840
31755492 54525
1899 21100
14823209 715442
6781679 603787
11621688 101649
536875 79784
35803715 80182
97500 288721
294341 1625
45842912 67999
13573657 102808
1594836 142932
131776 5619
288974 460251
53362 78774
410028 803747
51167 216074
11955846 443467
7277063 72968
45842914 42219
50492 214201
297252 612424
9970551 5458
32953672 489201
32854314 884273
324073 398052
427154 326289
15324147 47953
651498 58039
45842916 350851
24350255 295146
3804497 131781
45842918 612425
45842919 93544
23096 125483
6382038 130949
1519750 416836
7711288 53644
5521185 612428
5585213 98661
862717 50642
36460769 312626
45842920 215260
2366821 64154
16908 87215
3117976 248601
225658 391402
36458678 248536
36459121 100679
34295221 322284
28303446 392673
34295408 52187
2510603 218112
45842921 393842
9323128 53974
3547318 195505
31399087 340530
2117811 783503
36459588 99036
31369035 52722
34294728 97604
34294732 51716
326738 339734
359065 361578
45842922 276691
201622 241085
87087 296843
45842925 226189
45842927 146557
34244005 199694
33087419 338946
31248232 790120
45842929 79193
36458269 108200
36458735 336221
36873607 70843
36459604 476784
35052831 64541
1358275 342605
14295763 691498
34245041 100677
36458495 56740
9231503 339004
31295401 50087
11937634 219932
36458782 322356
13271576 46897
242932 16994
45842930 215784
1437344 53403
35352749 37409
215995 51830
2570391 458448
100163 194015
34302249 46122
13713278 37974
45842932 489772
45842933 60164
690467 43099
45469668 342009
45469706 36765
33852064 220815
14493949 328730
1094524 70133
34430367 430299
30884740 358425
31372981 21879
30336471 307798
45842934 500717
109594 353551
2413834 277547
36459496 100354
31737847 390357
205114 246686
45842935 199936
45842937 41132
45842939 191088
44957800 235254
32872277 117470
944478 1089237
34234390 93717
30758737 344676
31374390 212530
36376903 37454
1953570 193974
34462719 319682
43795593 43403
36458318 582470
45842941 117648
31586094 222331
592616 462925
34302585 383367
31685715 221879
3046526 261454
12062 52400
2329440 168953
34292416 45959
45842943 98796
771543 103059
3033851 204497
3216673 177173
3065832 93596
2399163 407821
340752 52563
305797 158181
45842945 124131
139482 333037
45842946 358953
35562683 428797
45842948 96046
14357503 189254
45842951 93764
2665924 224122
391126 170047
2665925 190194
13524808 604127
31685556 159311
36459593 251924
45842953 499902
45842954 48888
34244681 51424
2665926 500045
36461764 192778
31326364 221648
1866711 215318
2923090 1073671
45842955 41409
5112508 54314
2641689 275621
2926299 325244
36459384 322787
36459553 330373
36410393 213505
298077 527714
162847 513057
45842956 268636
21077 118064
31537485 577576
45353481 201295
45146852 276324
298059 602274
34378215 78211
45842957 67174
45842959 325281
31294016 701563
13753289 247642
190575 224513
34463303 186206
28388445 424827
36459139 153674
32835634 193147
45842961 329221
31491461 131449
36458681 80044
2220815 50517
33088123 370216
2377576 54016
45842963 95893
39507429 248621
31531497 507794
97122 35869
45842965 376075
28363387 225805
36461695 222629
45842967 2052
3279734 142277
1093163 352730
5402833 22485
45210675 76395
34245058 131049
271915 230461
31484671 22144
45842968 293444
36459557 219723
45842969 216891
34484371 895165
16970 51360
33006002 829997
45842970 456341
1358964 553440
251273 189478
31531542 338948
45842972 99116
44957777 340669
9838467 325203
36459158 79283
31454903 347343
33087253 345149
36459391 99774
6269113 216388
5965018 282591
36458549 224514
3802425 19417
3487930 141402
116314 284181
11164980 507859
45842974 346816
36458942 363171
45842976 342010
45842978 109522
31591283 119697
6032618 507833
45842980 213165
424817 224127
6402990 361465
215985 316790
367926 243663
45842981 243827
32834906 218794
4899043 296099
51986 105378
7340958 54186
45842983 17120
7571661 100091
822785 112148
206916 140104
2959565 39344
11769919 160353
8110577 106407
13326680 161358
14448517 507776
31527547 401793
5600952 334392
226708 37053
45842984 120808
191797 409740
34305470 161412
190508 136004
2937778 53242
15631068 206621
4963769 736958
4085828 53603
34473938 253352
2369250 231113
1394369 335325
34302716 112083
31204067 21888
36458490 390358
36458331 120406
45842986 3205
1315714 64126
818422 241436
45842988 216884
32995850 221493
3930299 424319
31597775 105379
31260211 105473
32995180 396954
33802935 347275
251563 295965
34236679 51831
35434775 291741
2329113 94747
45842990 226888
45842992 58040
6032714 97127
138801 273294
33057769 328979
31463389 130349
32823096 284728
31699543 65974
45197055 51429
10405754 342726
45842993 288535
31749705 109290
33089002 94288
36458300 105187
7851269 51067
34481160 219889
45842995 224632
36458395 126216
45842998 167536
45843000 151559
31390372 37872
36458512 344215
36459474 17123
31329792 274126
45843002 579095
31448441 56835
36459759 131815
31464371 5457
45843004 333822
36458648 222998
13448455 213166
323252 376072
3607907 56113
9838467 222178
45843006 698348
31607257 293695
45843007 51519
31598978 46272
649974 551462
1313118 43323
13633261 180223
36458199 53079
9812911 252045
36459149 55626
36459170 5460
30884249 440773
45843008 216932
45843009 228617
31457032 176541
15174115 692670
45843010 981998
15914898 831
4490263 190572
3255256 515801
8453348 20035
381058 17050
31316836 166626
36459446 197487
28775821 22602
36527482 343902
45843012 110314
658718 99171
45843014 17051
31508399 104743
45843016 989719
36458720 172188
45843018 248617
45843019 53373
45843021 283933
45843023 5461
36458823 129759
31753885 28898
31451199 362166
45843025 5596
12266418 56469
45843027 326973
1760546 98662
432857 54017
6123108 855621
34305431 50388
45843028 224261
45843029 154403
3557678 146221
45843031 345851
721171 755999
12230435 639957
3008633 939562
765807 1311632
10554918 519657
36459463 105418
289031 212969
34308895 168419
36458619 116945
36458826 85493
911040 961614
594476 72229
2468651 42616
207595 134253
5989627 102667
45843033 43404
36526046 42697
105824 57093
45843034 671093
36458337 99244
34454064 339342
45843037 177132
31308163 52916
36379413 94748
31386242 356974
45843039 111874
45843041 317786
30884510 51775
30500573 142914
36458558 225049
45843043 202586
1564354 99582
45843045 330067
36458813 93661
36458835 311572
36458844 901051
36459026 97849
36458248 202407
1345963 322613
45843047 335394
45843049 669493
31205615 401242
31213306 170879
36459643 155436
3334111 100905
45843051 203404
39532875 394805
1731189 314780
45843053 110235
9836191 21101
41230382 889128
30350255 220264
31261987 110041
36459712 102870
45843055 56375
34294741 100733
35076345 736687
45843056 198583
2993753 104821
12353384 324083
34363799 355881
45843058 110236
45843060 104229
298062 97203
94498 50963
14295140 92988
45843061 368333
36458180 21657
36459460 221303
6576077 736761
395412 22247
34291206 95100
5222662 94164
36296878 95717
5542579 227465
5609977 22826
45843063 294962
34269528 121844
45843064 97305
9311344 53857
36459753 18047
2334721 119438
45843067 59525
36458946 318508
36458413 345588
45843068 97670
1103955 52146
34254071 113053
14350151 17124
13525025 247334
32995189 549880
33579137 292923
32954224 19585
45843070 163738
10115575 324498
45843071 96570
31598450 279083
36459750 1071981
2602403 330444
300664 5455
45843072 115157
30787015 363241
14109882 95103
2507138 48889
45470 196363
5020687 337888
35434946 328834
37626855 200961
45843074 215666
772191 93136
36346509 18455
2292390 248730
3916214 324931
6786914 248487
45843075 94890
31533344 47040
45843077 336869
48494 35265
13449279 96826
36458288 5463
34295128 189037
45843078 281986
269659 126764
31646059 342186
3013459 884143
448593 83296
684427 512556
2914127 126765
36101 142606
45843079 461364
45843081 658704
45843083 109421
15499609 19418
2232165 277557
5045935 100867
2185866 106431
31753523 842555
272749 98437
2095717 135079
33088587 384486
33087775 17880
607034 95479
36273475 1046030
36528960 5464
45843085 178308
45843087 110659
782658 109822
356756 145106
45843089 367549
800708 201934
2271689 201912
45843091 43405
13833187 107878
13457448 101381
45843092 220670
15695708 297208
916030 226736
3645947 89891
13259174 48887
28777215 350409
42123575 19415
15328068 97671
24389503 226965
31280085 218795
15703261 215184
4294579 85430
36428129 357763
28385750 337485
31130848 365696
45843094 23039
32995808 1027367
2502195 342138
31530040 5465
36426802 187404
45843096 229904
45843098 353762
3713164 52837
14727286 1413
45843100 5466
45843101 51643
48612 207675
5176339 139100
36459257 263435
36459280 235856
45843103 111506
34294716 139146
5700312 235886
45843104 388993
33137428 1005203
45843106 287360
31686546 323633
4254450 38791
100395 330627
45843108 714483
45843110 34875
4113161 8483
140684 195704
45843112 114870
2349594 111157
1650055 1305231
3480655 205717
32843311 62373
344577 53048
34243658 218065
213856 201582
36459339 75956
45843113 344181
32995718 63824
1970250 84824
776661 342104
31741981 60295
45843115 961052
115269 321609
897667 332062
7208333 349774
36428498 831766
1015949 339199
45843117 5393
45843118 96827
45843119 322840
252319 744938
4214447 498756
4962554 225050
83502 287247
34375110 110915
1570614 387077
9970136 104678
1663873 226496
1835602 328943
1252643 94295
39525415 116950
773017 343986
45843121 96710
158106 344565
2639228 1032757
45843123 290225
2875800 611880
14886966 173213
5029252 35775
512210 99038
261580 88039
36458650 54865
606475 105526
16445 84411
45843125 160655
45843126 354664
13451062 222733
45843128 161796
6738434 224060
31495142 299349
45843130 78274
7684340 336503
35079361 330474
45843132 759697
41244905 157292
30883573 222723
45843134 346486
41922338 44178
85897 62429
822217 242452
30779435 110315
36459078 340600
45843136 157928
128861 5849
925339 336222
87659 252908
45843138 346920
40328663 217288
45843140 236431
45843142 328585
45843143 333747
45843145 320962
45843147 626173
45843149 346667
5354379 17881
39517763 323562
130545 219826
15608482 369500
11678842 109558
45843151 1042785
15702149 1372345
14927976 251763
30779396 221026
45843153 22248
13461270 325609
590493 100561
31720352 616661
13700272 881533
2059613 271450
4371567 408278
6312732 765060
32995808 1009967
14475343 263436
31607302 323327
45843155 108226
96008 109691
9403421 910208
36458602 260541
33088508 90718
12206725 660211
8774735 112305
34755879 308663
35717 141979
36458340 35682
1580899 250169
45843156 152827
4956954 249794
33749118 308684
45843159 308643
3790985 308688
39531063 135432
34714582 196550
3269219 308695
1563035 269785
13580790 308708
1580319 308712
3255508 97378
2118926 125325
3860208 308723
5021330 832043
39498016 343396
782491 194339
587799 376225
385073 246536
48535 207621
212946 364582
139430 36218
6476146 109743
1857299 122803
819090 5597
35793911 54948
7855200 109597
6772773 329680
15701853 79956
31500919 22469
36459761 238001
40337946 87060
2931049 52838
45196492 83928
1238199 340763
36322154 121189
14446494 19586
36459057 344998
9487984 98895
30757525 83737
364792 397001
34385570 121112
3272497 49841
41922337 43100
36458992 72284
32842498 54973
45843161 16118
45843163 348874
4503765 218532
45843164 5394
2118657 36474
128857 90390
213283 207414
1724100 116951
32995733 1406
2507105 341266
4107189 104947
45843166 94891
224523 215891
5761604 252943
33086679 50033
100404 330650
15366479 224128
54301 221741
45843168 790121
891662 621179
5071632 61751
28693176 9725
9305266 319302
11143734 120696
599657 100270
1515928 251767
1867614 23007
45843170 100775
9437174 36472
15695724 15959
3536508 344217
34777286 99993
36344160 100906
31382228 324239
39487271 328731
31890588 103863
5346270 502911
32995642 395464
14345166 216411
4908433 41918
45843172 700276
1390925 392146
30757098 622838
10660070 341664
45843173 916073
30786483 607224
43837896 859512
288365 51647
36334672 50389
45843175 35462
36414477 325610
45843176 687060
34756009 1041575
45843178 342240
260254 214950
6511909 1407
32995079 364504
813315 79015
39499361 265418
11606195 327305
30766249 930098
36428850 349478
45843180 315877
15692332 147358
15701114 201483
1490358 612552
45843182 664125
4947864 640304
263095 633254
3090668 330445
45843184 322139
28374740 394254
45843185 24713
45843187 349070
689558 119640
32848708 323737
45183259 381839
609262 133512
744564 14013
5025276 32926
41267028 33128
45843189 324801
45843191 43950
30771866 15542
45843194 67229
45843196 648351
45843198 21574
36347388 103466
33186470 314744
45843199 48929
36459080 47118
45843201 248910
604471 242203
3046525 97775
33581895 729910
2492864 226967
45843203 240412
2407529 229972
31529091 96479
1650054 676001
31537255 92190
1482131 237605
45843205 106456
3881901 144890
36435177 305515
12335969 240413
45843206 342606
45843208 622839
45843210 331403
45843212 130089
14446502 190301
45843214 20727
39496911 215089
4913776 128344
141967 447082
31692631 101897
30779914 543282
41223377 249617
45843216 385926
45843218 526738
45843220 142724
41691297 186118
45843221 430834
45843223 17961
45353599 862267
4508696 442421
15317693 19419
45843225 901983
41690970 275945
39531722 218114
45843227 99522
45843229 63433
41691041 158897
651499 51648
45843231 224835
41230290 188217
41691262 284244
39505430 67339
45843233 249692
35460526 95156
45843235 249624
41691025 95423
45843237 48890
45843239 201484
2451548 365968
45843241 316482
45843243 54104
8792929 392813
45843244 53430
45843246 53496
45843248 93434
45843250 405085
45843252 417049
45843254 131166
36435038 112011
15694711 295621
30771431 104320
45843255 489053
45353338 321018
36458977 249930
45843257 310851
45843259 52395
39517749 51277
45843261 322674
45843262 144080
3548132 333748
365612 103864
900550 552813
366431 48930
5666950 41178
5120548 337267
9291358 149455
883729 388788
39509101 51520
45843264 201657
13206179 274622
35076356 552679
39528502 343397
36296941 828847
958885 190416
45843266 109559
36459411 72376
34302822 148599
41221298 93545
45843268 52725
13524455 320267
36427553 568165
45843270 352059
45843272 152776
15683114 53776
31465511 624964
4643649 341301
15694546 53976
15701377 52401
45843274 262045
791275 53244
13700987 53604
45843275 1329933
45843276 57299
15442254 392220
45843278 168952
30392098 140022
35460789 325611
45843280 137995
30766953 508128
45843281 389829
45843283 199164
30759164 316681
45189176 52044
45843284 345113
23735763 362202
41233654 152889
41691418 449296
96285 159905
36283705 698085
36459013 72379
45843286 441136
45843287 175111
14578282 1408
8753454 440443
651500 72380
45843288 345684
45843290 328873
45843292 340478
32848705 585411
45142947 332122
28611025 390739
31264630 361705
116835 72375
45843294 4144
34291997 1629
1734883 729545
31401927 1300097
45843295 84112
15676772 174210
318705 163368
13211147 231777
9151174 582480
1002332 506948
45843297 131519
31320055 739595
1210019 361168
45843298 51187
295437 369673
45843300 198240
40608338 501573
4297249 46802
31249591 461702
45843301 109955
1664212 200342
252514 633762
45843302 249824
45843304 227199
10085066 249861
31655391 222734
3560804 929854
34491225 38611
41261923 313191
45843305 83568
36458176 249565
14220745 49653
31852393 1097010
30761917 274623
39470511 273224
39504926 484438
2522920 814008
31752614 580708
32995812 72843
35460453 580700
31241472 132754
30765143 325650
31455317 157929
898146 52189
31578022 376113
14916500 455832
31640052 100132
31662247 338643
1342643 594738
36459680 145543
35068280 347381
36459439 160656
11020851 1248774
45843307 160825
699504 293978
1563199 249951
3697549 345584
45843309 170671
45843310 713788
34243524 55532
3995265 505113
45843312 101600
35460498 329459
45843313 475107
1342560 39079
36459769 340670
39482642 194695
34241227 238997
35461387 584026
30884066 579146
5025605 442193
191515 416172
31532069 446450
6710167 188490
127667 165501
587898 692816
15701887 297153
11164980 51717
2275080 344394
2348746 49103
39486589 99640
45843315 797981
43727184 339008
31629475 225522
45843317 877515
45843318 339001
45843319 332063
36426354 142066
3156652 344859
13334909 201181
36458536 157427
142502 135244
43837820 35922
41248457 146506
45843320 213365
93423 318375
45843322 1056326
39514188 346219
318670 100176
45843323 505712
45843324 118038
45843326 57066
15939736 172771
45843328 94507
302624 398190
848893 98709
45843329 51076
31534569 260369
1304755 96888
366481 621337
45843331 189085
105476 94849
45843333 344515
1293084 241665
3895788 435420
299596 21710
3258881 140189
96106 117485
96286 323778
34759190 705436
4237028 390686
30911493 312774
3068026 389771
11833007 95373
45843335 146736
45843337 51077
45843339 21102
45843340 613374
45843342 238002
39117057 200060
36459028 723155
45843343 216075
298071 332550
300367 219933
2822 35679
837139 226406
36395306 1142375
39517809 320186
213886 341484
45843344 785189
14594023 120308
25404092 102967
35076450 160826
36280335 78042
13581502 480922
15625716 298977
31333526 622595
5173233 435450
395412 48506
45843345 102296
31330367 333633
31441982 739703
36458580 486996
35434619 333610
45843347 60040
36458634 353350
45843348 769398
31273629 171548
45843350 213275
100769 128473
45843352 52285
45155150 35569
45843354 141781
40340091 257942
34244124 141789
45843356 58228
45843358 104829
117892 129480
31637125 499841
15695849 159309
45843361 543655
58047 73866
45843363 406246
29356248 464379
3488812 42551
269714 28899
41234229 17126
1319258 40898
45843365 249923
41691230 251768
45843367 174481
5317421 249473
45843368 21817
52495 218436
45843369 155956
31162023 348489
28701999 312671
10686930 341571
40604739 441525
31538362 341363
100221 330581
30393218 53189
45843370 394898
365911 621384
45843372 426818
13335421 646689
28364208 249370
5802549 249882
36459198 399384
358757 249707
9852201 859621
216997 367550
45843374 740841
45843375 658705
31739166 131887
36458870 76047
12224210 293980
45843377 455162
39467270 65894
34243279 389830
45843378 101709
287102 396697
31507591 267807
12246729 249912
36459290 50034
2838713 410386
207764 116944
4360613 577914
33581886 705121
45843379 467800
35572240 160827
41262377 499885
1617903 500046
30771810 445641
1357866 73819
36459177 406147
1914862 159720
45843381 22871
13154735 99117
45843382 86095
45843384 316966
31360613 132286
34308862 782949
2213710 205334
15614140 30022
31392295 231234
45843385 323526
5342761 724972
45843387 278712
36459773 77366
31269206 126373
13545599 72285
15607461 502287
33089526 350365
32812878 425607
2264982 249909
15702035 267484
31343443 190662
45843388 92138
2624536 109741
15438383 364584
30787090 362660
45843390 96193
1681961 366695
10938785 279463
36281671 53645
9524046 99039
36459209 139147
203116 309596
45843392 82828
94384 111557
30740343 502180
93422 318363
34476609 551245
45843394 18111
45843395 82873
36459617 91464
41251990 344720
45843397 206678
3255251 101166
45843399 173144
31493555 99634
12047664 99941
45843401 145801
36458706 365698
36459739 91462
207380 231509
36459070 23136
4002618 193650
15318053 98896
45843402 298074
45843404 154579
29349398 276592
31536771 341485
45843406 53114
45843408 94107
36458875 51996
45843410 17127
45843412 62320
28384960 265311
45843414 271597
39513800 271664
36458643 100475
31574174 99705
31403818 91465
31307311 351208
36458809 189374
31616913 99250
45843416 111681
45843417 450818
45843419 60920
3738662 53548
45843421 66524
31532657 35776
31751817 80126
45843422 217376
45843423 61752
3804493 189980
3804493 174831
3804493 124987
45843425 391819
45843427 392050
32791256 238188
34289699 19408
18164 91891
45843429 483048
45843431 99469
45843433 290827
34243854 19420
35050431 274404
14871042 52726
334299 86011
4924683 613918
34289640 5828
4396998 111742
5025440 232010
31175512 859986
11777956 204038
2194119 101651
45843434 98275
13609348 104822
5824808 453068
34289702 4412
39496239 186884
45843436 204156
985264 278811
3836312 102297
30763219 505679
7787084 108873
41286173 352650
31311429 94965
46791 78076
45843439 94380
36459633 5342
649767 73937
31280204 144724
45843441 80045
14727046 49228
45843443 101597
36268931 98039
45843444 93765
30759398 54559
45843445 36007
93666 170198
588250 205643
2265914 91906
3279736 78335
3547327 92197
3046524 278847
3502124 76048
444996 170727
31512388 43834
45353380 51181
45142379 238540
8213945 109243
36420906 278948
105265 104531
45843447 678930
9843310 278825
15247150 139046
45843449 142570
45843451 192828
1015288 150640
45843453 53245
34306609 160030
31722445 228579
36458388 159589
3272579 135509
588983 668477
207787 619437
45355654 341364
45843455 281607
36426716 65895
45843457 611938
1115446 356784
45843458 98934
41216810 102298
31582660 267196
1618919 53045
45144339 267604
45843460 300336
45843461 44159
14868194 169196
34295972 142801
45843463 225330
36459024 109197
45843465 161170
35460467 52839
33088531 98162
36458450 14676
45165061 14555
45185027 25767
5568695 13705
45172900 32311
45176073 7445
765156 51278
31206642 9289
31255120 8484
31733304 20887
8793836 32598
45843467 2053
36459673 24215
45843469 23655
39508209 7805
29594197 6967
13453461 8613
1750767 657922
45843470 229318
36458663 30814
34399214 24809
36459341 3926
36459414 7593
30785768 743917
37365070 30988
45843471 12223
34290463 194270
36459212 1002
2265877 12343
313222 25027
36459664 24915
2264881 25365
34446329 8902
15639179 60599
105369 5545
650230 38439
14748538 53044
31531542 9623
217007 11469
15324507 7951
13451280 13085
32842576 23040
45843472 42504
118492 27081
23134392 29919
10999767 10440
31409152 27186
31742506 13193
1662963 28079
31297468 10545
15918352 50508
45843473 14801
36459441 11712
28628454 10254
45843474 16017
31329316 67747
30784988 10677
34410537 316247
1238190 226585
31441640 25134
31276387 12865
13761837 10923
34289295 189500
45843475 6683
39504341 149816
1705199 12655
218394 23770
34281856 670618
45843477 9726
34306609 11830
45843478 28178
36459382 12558
45843479 25665
7639149 11038
32855209 7256
45843481 28807
36458250 23910
45843482 11209
45843484 32714
45843486 31715
31479949 24603
45843488 2508
45843490 32818
31326299 8207
39473690 86902
45843492 295254
45843493 45819
36459334 7712
28366933 62354
45843495 23365
13579689 55684
15643762 236759
9620552 62882
1164512 214742
36459584 118192
36459185 12453
45843497 51718
45843498 86786
40606206 66613
45843500 118498
1853298 109520
36458675 55923
256553 189681
36459733 651802
36459743 52773
36458732 162950
45843502 80183
13449006 219573
29595596 223608
677047 16182
36459202 277764
5874561 52565
36458416 82235
36459567 98091
5823320 328586
30882220 132378
36458933 461308
29355529 299987
45843504 6371
45843506 15333
330927 22249
36459126 316558
36458552 841098
78100 276008
39537994 633384
34400826 220615
45843507 120908
98216 119945
3263098 53049
35460491 117011
39478142 37672
45843509 104321
1843250 337956
338042 211832
299670 485071
143029 346740
29603080 485057
33147428 52286
3593915 485052
2107773 56376
45843511 100358
392389 90931
12212486 21008
252833 98442
45231 195507
45843513 48931
4320759 216076
36346368 91341
31571248 46217
39485580 98378
33680012 511955
45843514 161076
1589947 90159
703920 676040
5890960 52402
774392 121957
7013808 95193
34309964 54415
1249527 259950
45843516 96040
44067475 316068
31591806 397529
12551907 307997
45843518 216939
35714 141974
11540554 485085
31751637 146805
13751695 485086
45843520 385817
36459544 412207
648847 858785
2285276 827518
379886 295450
3208840 622554
34309969 1409
50930 215491
35872 142312
34241434 207693
31503133 174582
36458900 35777
45843522 218235
171430 144278
13474827 578027
4219045 189526
45476 196389
45843524 1245806
2213403 57140
45843526 399613
30220387 577422
45843527 403793
338681 95588
45843528 759166
43656720 929821
757510 698250
45843529 30625
30325880 152034
36460407 31450
45145068 30905
45843530 31171
41256775 181521
43746006 102720
43702028 905409
45843532 37582
45843533 35961
45843535 58042
28369414 318425
41256775 669886
45843537 95295
31353214 960097
1785907 110095
34243894 10098
5092371 365527
36458421 346092
45843539 919042
45843541 132323
13456456 37294
45843543 878565
3088981 58369
29354820 226497
32992476 101601
2992205 323373
3939907 99841
33087050 193339
257872 43689
31482444 22245
45843545 181694
4927256 841992
45843547 73418
45843548 842005
777662 1515
1600051 178964
31454906 100133
1251865 771031
1639279 842019
41211768 441526
101105 108582
916030 100515
36458174 534193
31501976 349145
1731197 275751
45843550 609149
3593293 226498
5016320 922188
361467 95249
392553 121677
6741148 218293
298057 367521
31521527 290980
1391877 102229
34386869 219934
34244550 95098
365611 204598
45843551 78186
36459584 614017
2995602 124798
4412784 353158
33004774 179103
1568973 5315
4930176 344954
31657042 345263
31307559 46681
33588604 1410
36354065 181498
15722118 98663
45843553 548737
30231799 548760
45843555 361513
40602531 745065
3685405 345650
45843557 396608
31659789 201485
45843559 396746
34465128 770671
31630975 213788
986676 339967
3275799 301077
36426222 399701
15702014 101072
31204028 395220
497383 353529
31674269 96284
34245488 507809
45843560 5795
31737127 1053388
3052175 42805
4432211 21167
32995155 321368
677105 373057
3990935 332572
34415930 399695
5857634 93662
14870596 323504
34759100 581863
34294528 104607
13547455 452491
48415 207391
45843561 598824
45843562 346293
1440311 164118
380406 363943
15899732 1010191
4929835 485199
34243588 46167
664784 261555
13547446 419413
30785855 541679
31748655 578050
31602562 253286
897639 440642
45843564 385818
30785550 216351
45843566 442887
45843567 367687
45843569 215090
45843570 331026
618483 1143615
36458762 52190
45843572 578061
34770971 624440
765339 444509
9928619 1443237
45843574 151493
45843576 1217156
45843578 507189
35100960 8485
31450869 68554
393857 6968
98634 8614
866062 8729
11370806 299764
45843580 24916
45843582 51593
79972 204475
35052448 45299
3088956 29920
977356 31611
828087 5087
40604898 14804
67960 16018
43814291 13588
45843584 322788
11138730 66614
45843585 9158
35788179 45018
102044 11210
34441655 31716
35714 25250
690338 261451
45843587 61341
45843589 30717
381882 5544
1791156 30991
5344719 31081
4745632 31172
683807 13086
676277 31362
34244128 101444
45843590 31451
117892 13706
45843592 24216
45843594 7806
28896808 24304
35574262 7952
34474767 14448
36458714 94105
45843596 5655
35435065 8208
45843598 33674
36396775 52000
5026803 132109
331093 12224
45843600 1003
45843601 12344
13598216 25366
4904658 10100
1656664 12454
45843602 60600
45843603 25484
45843605 10348
11920018 25567
31737127 187524
34437295 10546
1104060 10678
36109370 10791
15507779 10924
45843607 12656
36458321 9723
45843609 7261
45843611 76284
2324420 11331
45843613 14677
45843615 29036
735296 14556
1522365 25768
14457339 26269
45842998 23656
39525871 23549
30220545 29254
31690340 102223
9364791 26882
45843617 26476
4270452 26573
3046553 26674
45843618 26781
31531378 23426
45843620 53110
45843622 11470
45843624 52774
790417 1401
45843626 29638
36331168 26981
2106180 27082
31458614 17882
34292974 51910
15167255 2142
31721638 36588
36459033 294887
30223053 14967
34292529 137996
30306399 99523
34292992 79168
34304970 51079
34305959 104463
45843627 597428
39253791 80303
31735032 360804
45843629 37361
34307653 50519
31281695 152377
5030541 52923
5334719 1516
3980222 338860
36458606 54406
143022 218291
14056438 233106
31447352 54792
4022572 324240
609191 288413
1221637 219935
405586 98092
36458606 54826
45843631 215182
2439817 36680
33137428 218797
5357835 330818
2271690 104404
3398491 423710
1902110 148382
15316348 144989
6737191 198874
2085666 144987
1068124 150039
2155647 83634
45843633 225052
162797 336722
32810042 100776
36340559 651
36458696 180683
45843635 110841
15692894 18252
257555 36477
84441 144131
2710287 120745
790420 162832
298072 78187
14524030 35463
2084950 5748
838957 92198
30788277 208330
36458324 56307
35716 141977
14348880 50953
34245915 54269
4836442 387913
34244724 91515
36459348 22250
31733167 50846
762459 209912
14540486 54526
45843637 176863
45843638 22824
15125382 46497
5012579 86013
2925716 150755
1544552 209388
7556306 1630
34244990 56308
9689083 687554
45843640 35779
449724 22782
36459145 351808
31709735 213366
34305108 97306
34242887 37362
45843641 290916
1327038 93546
36459745 90495
98216 327597
207710 351435
619087 209342
226596 288091
48530 37722
275836 153344
962828 133317
83211 36589
3255267 67201
45843643 75957
4154998 93594
231959 37622
12555151 89007
8975940 56237
102448 231641
255891 94517
689326 132379
364735 224515
226442 228940
14056441 96438
45843644 38525
5252099 36067
658074 52566
68102 164775
242868 173966
538075 308519
99100 189310
315677 105326
14916187 44313
45843646 169267
30772343 39291
39476527 39293
11762244 39294
6698696 39297
7974016 39298
41267009 52567
31260183 214371
13456456 54866
30382380 47365
31454281 1411
30882492 43407
2963885 180835
31250782 204540
15486309 18888
41230352 5598
13456456 60116
34278630 104402
2952148 108436
45843648 234767
36458700 85001
36458759 132493
298064 119009
31740093 182040
31932284 132685
36458765 484370
34294716 107619
31599795 35921
45843650 3924
31234227 47126
36458922 16633
34295842 200308
15605577 158339
13449027 88202
30763693 276154
45843652 5159
34245778 35962
45843653 85522
529282 54014
3457765 52568
34245567 62878
36458497 110840
31392201 54560
33089615 470580
31448438 608579
39262125 36005
36458260 52666
1320400 153227
13458256 84325
30884469 117483
36459619 121059
31618404 72775
31370040 189268
31371154 189168
529273 238003
34243679 117044
31551021 76396
30759457 75379
33087183 365151
36459483 117555
14873900 54527
3457764 102963
989800 95947
33088311 5161
35497551 219479
45843655 43033
35505132 62880
36347467 49102
45843657 110130
36458582 49394
45843659 49453
45843661 96571
45843663 105860
36458403 51430
658310 51188
45843664 74792
36459599 327613
45843666 92718
45843668 48996
36458631 109099
33562822 105189
45843671 237960
45843674 331028
45843676 63609
15102127 82054
9937605 138393
33093034 86005
36458213 233431
36458398 51719
36459699 434445
34269483 177027
35718 36248
968258 43643
36459041 116952
1907545 43216
3471693 185072
8110571 219109
37390550 620537
45843678 54315
35663 141926
36458234 93664
34269476 127229
45843680 154866
33086930 289323
36459513 130283
45843683 1402
45843685 207727
45843687 129322
561879 51524
1096301 40834
45843689 110845
45843691 17967
32842537 16409
2616430 1607
28728462 146125
45843693 144350
36459535 145107
45843695 46436
39487208 135706
36458202 83931
3804493 50850
34281989 257215
686685 177264
36328297 179588
45843696 218290
30882867 41921
127649 222322
91758 80421
847975 148448
45843698 54585
379881 233492
7107506 216942
11246196 218115
2431369 102919
2196600 193101
1671548 133348
52273 217838
34041030 332712
379878 92865
116193 213157
39528353 554805
16974 17878
576511 41906
7221635 52832
45843700 218418
746563 1932
439071 178581
2319035 76693
35052851 83547
45843701 121135
3404504 220555
139323 54189
2919789 345850
174821 76810
2417590 57676
5383608 149326
45183207 37238
45149944 179708
21073 118039
36460284 226593
418540 223921
195183 18112
2366820 119440
12246809 36921
2366819 164839
66706 255374
76662 192373
3463315 86649
45843702 76850
14207992 359418
53702 23130
58435 238362
379882 120746
35047526 353764
446086 141377
45843704 179738
45843706 93320
45843708 517901
1731885 660797
2366822 316876
35434045 228656
41268656 82978
28730922 80423
2366823 71288
2359185 44232
9797476 215091
221838 237895
82267 96241
1435753 360550
975598 105278
695581 307580
227234 98041
45843710 130350
30392068 54618
318353 19011
41870 172689
4804171 332250
686261 58260
34435736 138391
32958258 338369
33579137 152252
117200 41923
224389 293393
35540260 226290
45843711 62428
261699 333654
1970638 162976
6753737 95426
2328686 139148
6032620 52570
54128 164511
14382482 196376
214385 85429
5274356 17883
388313 149406
45355164 72602
53035 189212
24348896 288536
36292114 165133
13447507 84327
214853 99583
225302 18476
335640 192376
338932 36179
32958015 449796
9346000 302126
1418970 297209
2780 35464
45843712 112617
36458353 21893
381825 312624
45843713 220544
592812 36989
33088560 212417
6939660 326800
45843715 157952
252288 580659
364785 99584
10774363 94298
225214 22251
45843717 297380
2838139 180837
34289198 554795
195629 121325
45843718 152411
214249 364998
4836414 52404
45843720 93376
39508605 53473
418537 103482
5571097 170839
86499 221226
15621888 361706
25466141 142067
45843722 361228
30762477 51522
31508575 21713
2659717 271960
1413852 92099
45843723 104746
31739553 40952
30757702 311447
36458667 56377
3397922 17968
2127636 103861
3835393 284693
116818 291989
6116573 50954
34287800 157312
15547796 366605
100399 138264
39475921 17121
1448278 50393
34286623 75546
1238977 218887
1582919 121324
5384762 150245
35050263 307149
45843725 99519
39487212 339405
141970 50035
45843726 110789
45843728 54827
45843729 68705
45193732 369672
2365919 452492
15905341 233078
561880 135340
54473 77957
13458113 65063
245606 47364
31442308 34683
45843730 171917
36459501 2050
261701 90336
45843732 134123
12706442 22252
11678654 126396
45843735 51065
39481236 156940
36458307 213367
10889535 219894
31571127 96482
45843737 217719
45843739 642640
360023 47366
36458726 134124
31624050 41910
39470855 121809
31557088 139149
31634204 48345
45843741 157454
36459766 196319
36458609 340925
36459045 121381
30500501 95247
34292031 50088
34404573 123299
45843743 69002
45843745 222476
31231532 37190
36459310 38019
31737013 17290
45843747 149960
45843748 47367
31687721 41925
31281890 86015
36459326 97972
36459329 115588
45843750 330745
36459597 98664
31593253 70134
4436319 201856
36459332 37051
45843752 142877
35609183 236895
36459521 137823
36459532 337567
36459425 132026
45843754 104465
31350475 40953
14499372 96243
45843756 38479
39466159 186204
31320521 363403
31530070 99707
30766721 22169
45843758 67340
45843760 156941
45843762 827715
35830036 120910
36459725 149714
45843763 213940
29355286 343183
34294835 163482
34302559 121586
2735240 607514
5422631 103631
45843764 217005
9929969 120860
31413021 424751
32873221 152146
35570683 193264
45843765 62851
34305664 48010
11413298 54895
360438 232959
34417835 150832
45843767 218186
11802181 6351
1002729 314876
54814 40984
45843769 124625
9383690 284569
34307422 43324
14297174 41911
783006 93168
11832359 305554
23041627 151020
11246196 46359
45843771 68199
30395086 17884
6730605 361649
45843774 191879
36459629 126148
3482429 98992
1073270 91625
193494 91018
13250732 52332
414572 108414
5091101 17879
31446864 55627
1635150 350628
2710001 103242
45843775 345527
36339104 66403
45843776 1136801
45843778 52287
14204125 53520
13451172 542367
45843780 100177
45843781 197434
580864 171614
45843783 528987
14351281 176652
379885 102231
271263 51594
5148274 75652
36459351 216474
3671612 62962
36459365 117506
54647 70251
13595835 109248
96328 95895
585885 235921
11961387 202483
297046 820593
651501 102748
15299206 196282
45843784 213280
378809 1634
31727841 94102
3528773 72832
36461221 216359
30336470 339583
299088 453904
45843785 6243
45843787 135883
81334 282560
297047 338572
1305223 545420
87635 56033
45843788 464494
7771518 230856
102674 230921
252037 40038
14371846 109599
193253 56115
405574 251737
2431365 246283
13542088 319683
37664906 246644
15700076 141257
665251 177174
2222704 393094
43769918 43409
6635628 259952
221838 319308
2185257 76676
19836 112307
32833623 62332
5707746 222336
195232 433119
1750047 118312
7481621 420073
