30982923 30982926
33257014 33257015
30981248 23836695
10273745 10273747
33469003 25554409
33277607 21163074
39621248 39180730
39628353 23845766
30982729 30982730
39941989 25554530
39620728 25577691
36508175 35023062
39943516 25554659
30989781 7885892
40741752 39180743
41348421 13343591
30946435 30946437
30944925 9755263
41353450 39180746
4143885 4280548
45863339 44647814
30951950 30951953
35669213 25554636
30974165 30974167
36418541 36418543
39623552 25554820
40741718 38874998
39956161 25876221
30218178 30218180
45863340 45863341
33475594 33475596
45863342 38839375
3939345 4143887
39959934 39180755
39950149 39180762
33468946 20299812
41347980 38871247
33256961 33256963
45863343 38841966
41351205 25554605
45863344 45863345
36489606 25554681
40759681 39180772
39628599 38835805
45863346 45863347
33475119 33475120
30951067 25554587
40632621 28029819
39625911 38835444
45863348 25553986
31820146 13997792
45863349 22468219
35650022 22468278
39632794 22468248
45863350 38835313
45863351 39180809
45863352 4762572
45863353 16508551
39628340 39628342
33462737 28038757
40725450 35037614
39958287 27902134
45863354 25554052
40228810 25554027
39951611 18509029
39947844 39180822
33469007 33469012
39628348 35024121
39625716 9725487
30222324 30222327
45464105 35035636
6786012 6786019
41348963 35027040
45863355 39180832
35517061 25554779
30246221 5808270
30868765 9725427
39631947 35336140
45863356 39180836
30938800 23894472
40732172 19317138
40630088 39180853
39625444 39180856
41351586 39180863
40747107 35023480
45863357 35022075
45863358 35018366
41348296 23929047
45863359 45863360
4143878 4280535
36496014 36496015
36494818 19135151
39940883 9847458
30227126 30227130
33473323 17704711
39942218 38334180
30723229 30723241
33256990 6365051
30988434 9727754
36494657 3192914
45463753 9727839
45464638 9727958
39615115 9727906
45863361 13318210
39631932 2488667
39629479 15831773
45863362 9727991
45863363 7640598
31072719 9728025
39949823 9728046
39620774 5297124
30982213 30982214
45863364 792449
45863365 35031217
45698566 35033701
45863366 21697839
45863367 20976582
41345460 14507027
40749156 22413896
33477293 17180352
45466289 39180876
41348274 39180880
41347312 39180885
35517239 14767935
40741062 35023635
30974147 30974149
45863368 35030925
39957474 21137117
45863369 14770139
35518090 15832043
45863370 5776280
40593408 15834849
45863371 35036212
30956269 2934471
45863372 13320466
30974140 9728107
30794463 30794477
39620841 39620844
39620484 39620487
45863373 45863374
39941986 39941988
45463395 22366715
41348273 9725653
45863375 4325424
40745968 9719125
39942932 792740
45863376 9728866
41347797 9755498
45863377 39180911
45698840 39180917
30950824 23672174
41352703 35028780
45863378 9728672
755696 1537953
41350531 3480256
36502720 35041080
3615827 3939420
39951366 9728723
39959932 9728741
39628076 9728841
30988952 13338928
41347159 14771996
30949843 9726356
30945401 13259614
30981717 5002795
45863379 9726118
33557593 33557597
39948725 9726247
30979633 30979637
33321474 9726221
45863380 9726098
45863381 4528323
45863382 13306038
39621241 2881449
45863383 9726512
39628343 9726713
1694394 2528478
5028505 4811245
40749538 9726595
45464675 39180925
36496542 35339205
30974156 30974158
30942125 30942126
41355397 39180941
39947426 4287338
30241570 30241574
41348276 9847515
10353057 10353061
39633547 39180991
30245345 8341928
45863384 39181000
42502745 24011117
45863385 24319007
39624569 39624572
39625939 39625942
45464571 45464572
39629117 39629119
45863386 45863387
35517570 35517572
33470605 33470607
42502761 9739970
45863388 22474832
43841563 34648069
30945286 30945287
33304457 33304473
35517359 34648434
39961696 19667017
45863389 34648290
39964877 34648208
30241302 29343798
45863390 34648120
45863391 34648140
45863392 34648427
45863393 34648258
39942924 34648059
45863394 33147481
40745962 34648153
39628329 13309834
39621255 34648465
39632874 34648175
45863395 34648062
45863396 34648106
42502711 34647860
45863397 34648051
41353983 22492801
45863398 34626034
36505721 20438794
45863399 22474976
30957526 30957527
40740986 34648362
33287522 33287523
45863400 34648389
10304633 10304636
45863401 15837430
30220492 30220495
45863402 24768886
39960196 39181011
30981030 30981031
41346162 39181027
45863403 39181033
41346826 39181036
30945433 30945434
45863404 35054629
45863405 35054900
39615178 35053634
39615191 39615194
39610649 39181075
45863406 39181080
45863407 30283891
36498913 36498914
36489443 36489444
30983308 30983309
39615259 39181110
45863408 37724495
45863409 39181130
30247733 9737613
42502796 9734603
45863410 35055149
45863411 9733263
45863412 9732363
45863413 2877894
40759701 20629725
45863414 9733074
45863415 9738617
45698496 38834986
39955424 34632735
39627423 9736670
39625431 38338444
40741790 39181138
45863416 30279291
45863417 39181167
45863418 39181178
45863419 39181185
34968427 34968428
39621688 6798150
39964452 38834981
10321070 10321072
45863420 39181197
39615181 39181202
45863421 39181207
41348327 39181211
40741078 39181215
45863422 5948815
41348326 16089302
39941990 39181226
45863423 44647854
40746527 39181246
45863424 45863425
45863426 45863427
12298749 12298753
45863428 45863429
40754182 40754184
7038011 7038023
40749143 40749145
45863430 45863431
36490586 36490587
39624493 39624496
30990399 30990400
35517764 35517765
45863432 9847557
45863433 21589220
45863434 9847571
45863435 45863436
39945912 39945914
41349839 39181359
45863437 8449246
36493726 3602850
45863438 45863439
45863440 45863441
36488843 34647927
39631935 9847589
45863442 34648005
45863443 23670127
36488290 9847601
45863444 45863445
45863446 45863447
39631953 39631957
40740428 40740430
40753301 34626029
39623989 39623992
45863448 34648631
40749888 39181456
45863449 39181469
36503911 36503912
45863450 39181487
45464661 39181500
33256876 33256877
30948262 30948263
35516555 35516556
36487476 36487478
36500733 36500736
40747978 40747980
45119074 39181536
45863451 45863452
45863453 39181547
36487117 9847633
40731363 40731365
30938797 30938799
45863454 16321985
45863455 35053884
35524382 24247649
39941991 39941992
35517056 20386516
39624567 39624570
45863456 45863457
33470921 33470925
39614677 19949028
30246975 30246978
39624542 39624545
45863458 45863459
40753458 9197226
33256017 33256020
39945274 39945276
33280066 33280069
39943840 17547454
36503847 36503849
39617901 17374395
35518360 2838759
30956005 30956007
41347157 41347158
41347974 41347975
35517058 35517060
45863460 45863461
31127724 31127728
38652990 38652991
39628326 39628328
30959387 30959391
13113169 13113173
35517309 35517311
39622165 39622170
45863462 44647907
45863463 45863464
45863465 45863466
40746532 40746534
30948340 30948341
33474470 16684476
30954641 30954645
39624497 39624500
39628319 39628322
30954370 4195991
40731960 40731962
30950417 30950419
41349848 39228328
40754323 40754325
39964346 39964349
9498309 9498322
45863467 45863468
36500587 36500589
45863469 45863470
41350655 41350656
40741788 8927708
39951975 39951976
39621251 39621254
40746518 40746520
33277670 33277671
40732164 40732166
39960072 39960074
43841550 19388181
39628356 39628359
35523769 35523771
40735954 40735956
30956250 30956254
36497835 36497839
40099931 40099932
39625930 39625933
30957673 30957675
30954523 30954526
30230534 30230537
30982754 30982758
39946077 39946079
45863471 45863472
45863473 44647922
45863474 45863475
40732118 40732120
30985047 30985050
45863476 45863477
39968022 39968024
39621264 39621267
39952828 39952830
39624604 39624608
30953743 30953745
39961206 39961208
45863478 45863479
40759711 40759713
45863480 17180369
15174481 15174486
45863481 45863482
45863483 20976565
31070729 31070731
45863484 45863485
41344739 41344740
40759659 19946439
39951478 39951479
39620480 39620483
15174485 15174490
40623071 20438787
10320683 10320687
30956178 30956182
36504888 36504891
39951866 39951868
39963984 39963986
36495958 36495959
39633555 39633558
35520032 35520034
33277637 33277641
41349837 41349838
40759706 40759708
30952584 30952589
39951630 19988528
43841551 43841552
36503516 36503517
40759689 40759692
30954758 30954762
33312216 33312219
30954372 30954375
30950364 20737333
10319718 10319722
41346320 41346321
45863486 44647992
40748033 40748035
40741021 40741023
36489714 20629709
30946727 20699069
28731823 28731827
45863487 45863488
30948416 3022731
39632425 39632428
10356393 10356397
39954104 23927007
39625786 6467939
39956213 39956215
39632822 39632825
40759675 40759677
30941987 30941992
39963865 16294900
39624011 39624013
41346960 41346961
39624526 39624528
39966554 39966555
40760868 40760870
35517046 35517048
40748031 21440198
39961199 39961201
3380219 3778702
41353262 41353263
40746529 40746531
36758763 36758766
39631961 39631965
39963466 39963468
36491548 21271923
41349840 41349841
30959411 8103911
30950366 9116197
40740747 40740749
35645979 35645981
39628044 39628048
45863489 16643217
30990953 30990957
39959198 39959200
36499373 8920429
39963999 39964001
35520119 35520121
36495740 36495744
39951173 16102156
33304404 33304418
33297059 33297062
30947138 21589236
33256777 33256781
39628338 9848026
39967492 39967494
30953436 18557780
41343245 41343246
30953838 30953840
30938683 30938687
31820123 31820126
10319428 10319430
41353352 41353353
40741072 40741074
33304456 33304472
36492149 36492152
39623993 39623998
39941675 39941677
36491287 36491289
36497801 36497803
39952454 39952456
12909276 12909283
45863490 9848039
40744048 40744050
39954249 39954251
36497354 36497357
30954209 30954210
39621275 39621277
39632847 39632850
10271628 10271630
41354740 41354741
39628346 20699051
40740786 40740788
35650894 35650895
10274702 10274708
45863491 20056290
39623485 39623488
40760132 40760134
2528463 3187665
39631244 39631247
39948203 39948205
36495285 36495287
39957232 9848060
40760948 20629700
45863492 45863493
39967990 39967992
9000404 9000421
36492974 36492976
39954586 39954588
41353324 41353325
40740928 40740930
30983379 30983383
45863494 45863495
30960038 30960041
45863496 45863497
35664991 19949019
35663848 35663849
39964459 39964461
35647155 35647157
41349842 41349843
10316592 10316596
30950375 30950378
35649564 35649565
30942434 30942439
45863498 45863499
40747933 40747935
33303871 33303875
39951632 39951634
39623254 39623258
39628360 39622090
36498952 36498954
36490082 36490083
39620616 39620620
39946027 39946030
36495214 16253746
39956105 39956107
39624517 39624520
21748760 21748768
36495290 36495292
41349904 41349905
45863500 45863501
36500676 36500681
36500675 36500679
36494390 36494393
30966398 24506862
39949147 39949149
35517052 35517053
36675848 36675851
33304455 18887439
31986397 20125373
36503922 36503924
39942922 39942923
39954914 39954916
40754311 40754313
45863502 45863503
36503829 36503831
40731949 40731951
39628213 39628216
39611201 30491165
39964999 39965000
36498709 36498712
45863504 45863505
39629467 39629469
39939240 19117784
39952446 39952448
40754320 40754322
39947218 39947220
36494649 36494651
36499033 36499035
39621233 39621236
39620825 17677750
40760865 40760867
40752709 40752711
40754309 18702463
36507022 36507023
39949836 39949838
39941667 39941669
30983556 30983559
39954917 39954919
36499349 36499352
45863506 45863507
36496083 36496085
39964522 39964524
41353327 41353328
40753894 17180395
39631910 39631913
36496664 9848222
33256772 33256776
39960309 39960311
30981083 30981087
40752715 40752717
39623498 39623501
36495357 21008464
39628037 39628041
33304454 33304465
40741795 40741797
39625656 39625659
36496037 36496038
39948187 39948189
36487201 36487202
40759678 40759680
30991447 30991450
39629170 19923680
34018675 34018678
36495536 36495540
30984595 30984599
39623491 20176279
30991971 30991974
39947663 39947665
39628366 39628368
35522712 35522714
39631920 39631923
36493384 36493386
39966542 39966544
35522715 35522717
36487794 36487799
39959435 39959437
39945444 39945446
40753877 40753879
39945271 39945273
39956229 39956231
45863508 45863509
36495355 36495356
39621260 39621263
39632913 39632916
39631968 2896755
39620817 39620820
36489396 36489399
35522945 35522947
39961212 39961215
41353400 41353401
40594581 40594583
39628334 39628337
4143879 4280543
39631938 21930004
30950359 30950362
39954064 39954065
40634137 40634139
36502299 36502302
40733607 40733609
36507003 36507005
34831158 34831160
40038383 19513538
36504768 36504769
41353235 41353236
35522709 35522711
30983593 30983597
40733348 39573445
36508203 36508205
36499327 36499329
36494622 36494625
28739625 28739634
40740954 16471283
11777026 11777030
36500281 36500284
39953617 39953619
39946501 39946503
40760928 20586419
39963010 9145505
36498022 36498024
41353354 41353355
40754314 40754316
41353265 41353266
33304458 33304482
39625433 11567568
38679083 38679086
40749694 40749696
39955996 39955998
28776005 28776011
41353339 9848314
39613473 39613475
3910134 4123419
40630554 40630556
45863510 45863511
36490707 36490708
39956925 39956927
28775998 28776004
39610309 19388150
33303910 33303914
36491895 36491897
39952656 39952658
40741040 40741042
36504438 36504441
33304460 33304488
10351376 10351381
33294094 33294097
33294265 733256
36508115 20340788
33352139 33352140
754912 1536317
39625436 39625440
36492895 36492896
33367011 33367015
39628587 39628590
36505389 36505394
39625686 39625688
38771608 38771611
36501396 36501399
36492903 36492905
39620624 39620627
39632791 674292
35523017 7381900
35650326 35650327
39959363 5332681
39620837 39620840
39620621 20255798
36490858 36490862
41353255 673337
39628033 39628036
40754317 40754319
45863512 45863513
39632429 20629685
39942220 39942223
35522937 16858695
39953745 39953747
39631927 39631931
39631974 39631977
36488312 36488314
39947290 39947292
36500936 36500938
39620628 20218447
35524367 35524370
30983720 17704767
30985400 30985405
30956133 30956138
35646190 35646192
45465171 5994559
39610565 18205494
39961679 39961681
8357009 8357015
39944330 39944332
41351944 41351945
35674826 19948967
43839603 43839604
41349924 41349925
36492105 36492107
35642430 35642432
36500695 36500696
36741985 36741987
30951034 9848386
39952837 39952840
39947194 39947196
45863514 45863515
10327366 10327370
39954800 39954802
36505723 36505725
35649803 35649805
41353335 41353336
35524771 35524772
39947854 39947856
39621281 39621284
45863516 45863517
36490429 21008441
35644441 35644443
35525045 35525048
40743274 40743276
39942858 39942860
31074930 342925
40753462 40753464
30951393 30951397
40736946 40736948
45863518 45863519
39941664 39941666
34752893 28776278
34834869 5627143
35646200 35646201
41353684 41353685
10330937 10330942
33303916 33303919
39949002 39949005
40759648 40759650
40595738 40595740
39631963 39631967
39961261 39961263
36496474 36496475
39611965 3097488
36506945 36506947
39945637 39945639
36492783 36492785
36496486 36496491
39615678 8714346
39624777 39624780
36489600 36489602
39961196 39281252
40758247 40758249
35526780 35526783
36496675 36496679
33321497 33321498
40755768 40755770
39962056 39962058
10325759 10325766
39945301 39945303
40747820 40747822
11490268 11490272
36493732 36493735
36498115 19988495
40759696 40759698
39943022 39943024
40752712 40752714
40745019 40745021
40754105 40754107
36488626 36488629
35731770 35731771
39951296 39951298
36504786 36504789
39623460 34117639
39956406 39956409
39946750 16678346
39959656 39959658
40036699 40036701
39952832 39952834
34938912 21456356
45863520 17374429
30984957 30984960
33475546 33475551
39624510 39624513
45863521 17374438
36508991 36508994
41354013 41354014
36490609 36490611
39625712 39625715
39628963 39628967
39951969 39951971
36494675 36494677
35646169 19056102
30950797 19948958
34744908 34744911
40749098 40749100
40759369 40759371
45863522 45863523
30959921 30959924
30986400 30986406
39624457 4092665
40733380 19890898
40731375 40731377
28641464 28641465
36502011 36502013
39612253 39612256
35519088 35519091
28733939 28733943
36499680 36499682
39959816 39959818
39951965 19538699
40725393 40725395
40747474 40747476
40741075 40741077
39615753 39615756
45863524 45863525
35669035 35669038
36494482 36494486
35669099 35669101
35647007 35647009
36493422 36493424
39948848 39948850
39624552 39624555
30953878 30953880
40745148 40745150
36498626 36498628
35649905 16463785
35648150 35648152
41351233 41351234
41346390 41346391
39620734 39620738
36507446 29100306
36490899 36490901
33356257 24626452
36499175 36499178
33304409 23821077
45863526 19177301
38214501 38214508
36498892 36498895
39620770 39620773
39620608 39620611
39620612 39620615
40759703 40759705
36503581 20470557
28588222 28588224
40740961 1564935
40754301 40754303
39621244 39621247
40759656 40759658
40726072 40726074
36494284 36494287
30983322 16142244
33293946 20125337
36340971 36340975
40741024 40741026
41344177 41344178
39943480 39943482
40122082 40122083
35520618 35520621
40747926 40747928
39633552 39633554
36495035 36495040
39943258 19890888
36502824 36502825
39617503 39283942
40620286 40620288
36488935 20876842
36501000 36501002
33303958 33303963
35660076 35660079
36490822 36490824
40732204 6261790
30982652 30982658
36494229 18373950
39946823 39946825
39948772 16299974
39953056 39953058
39955276 16900666
39959925 39959927
38788133 38788136
39629499 39629502
39943961 39943963
45863527 987607
40037029 40037031
40741792 40741794
39959246 17677793
10329511 10329518
30943312 30943317
10325429 10325444
10334914 10334924
36505755 9848648
33293861 33293864
33282911 33282915
40620902 40620905
30956085 7242864
33304462 33304495
30223093 30223104
40728447 40728449
39624535 39624538
40749687 40749689
45863528 45863529
40760130 6933131
40762232 40762234
33304459 33304485
40620535 40620538
40740803 40740805
36488258 36488260
40732149 4510108
39941328 16463786
40740744 40740746
39625767 9336210
40731486 40731488
33304461 33304491
39950855 39950858
39941389 39941391
39944755 39944757
40759623 40759625
40748550 40748552
36487793 36487797
41346747 17013918
39631958 21163009
39610984 20542134
40748162 40748164
39631949 39631952
40732545 40732547
35522157 35522160
33304406 33304426
36498899 36498902
36499720 36499724
30941464 30941468
40759691 40759693
40747388 40747390
36496071 36496073
40747375 18557805
40745692 40745694
40732191 40732193
36490905 36490907
36500799 36500801
45863530 45863531
36488033 36488035
6169743 6169765
36506407 36506408
45863532 45863533
39945034 39945037
39632926 39632930
40741715 40741717
36492701 36492703
35725622 35725623
36492075 36492077
40740981 40740983
40037485 40037487
36497166 1590072
39959529 20737283
39625672 39625675
40755293 40755295
36489556 8333424
39943813 39943815
39620904 39620907
40740956 40740958
39615757 39615760
36487471 36487475
45863534 45863535
30960268 30960271
34938582 34938583
10338551 10338556
40748157 40748159
31821893 31821895
39626748 39626751
36494167 36494169
36500180 9007502
39625689 39625692
41346583 1730854
35520292 35520294
39964123 39964125
36487556 36487559
39949613 39949615
40741720 21226996
40750803 40750805
40747445 40747447
36500463 36500465
36504481 36504483
40753898 40753900
30868767 30868771
40740971 40740973
39945983 39945985
40742191 40742193
40732143 19607798
33304407 33304430
40741069 40741071
36495340 18641176
36488036 36488038
36508305 36508307
35668884 17179109
39948639 39948641
33304477 33304501
36502859 36502861
30951625 30951629
40037940 19388119
30830270 30830276
40753290 40753292
40753305 40753307
45863536 45863537
40759653 40759655
36497766 36497768
36508437 36508439
40753483 40753485
40744045 40744047
36495279 36495280
40753883 40753885
39945013 24769140
39622094 39622097
38211212 20932488
40038133 40038134
40739551 40739553
36491290 36491292
30597457 30597466
35651400 16290378
45863538 45863539
15632321 15632324
39625765 39625769
40740796 40740798
40747379 40747381
45863540 45863541
28738237 28738240
40740925 40740927
35665989 35665991
36494209 36494211
39615903 39615906
39619691 20513627
36493199 3617524
34841840 34841842
36507201 36507203
36497526 17262278
39947492 39947494
39962930 39962932
40727959 40727961
34742195 34742198
39958810 39958812
40740019 40740021
34854248 18562525
36493714 36493717
40734452 40734454
40762223 40762225
36497832 36497834
39953609 39953611
33303996 33304042
39943380 39943382
40740789 40740791
36496146 36496148
39945765 39945767
39628248 39628251
39616365 39616368
33282888 33282891
36505322 7196727
36504409 16678016
45863542 44648825
45863543 20302592
45863544 45863545
39623494 39623497
34868341 34868346
45863546 45863547
40749916 40749918
36488111 7603402
33304260 33304310
40755652 40755654
40740945 40740947
33282463 33282468
39627914 39627917
45863548 24298554
30980305 24277266
35525751 35525754
39955571 39955573
33501522 33501524
36498307 36498308
36506579 36506581
40740754 40740756
40036928 40036930
39960593 39960595
39953977 39953979
40746472 40746474
45863549 45863550
41347107 41347108
40741027 40741029
39952281 39952283
39948621 39948623
33278290 33278292
38654090 17180508
36493140 36493142
39957011 39957013
39963234 39963236
45863551 45863552
30958052 30958055
36495288 16538749
36500672 36500674
41346306 13998220
40746539 40746541
36488067 36488068
39942575 39942577
35526677 35526682
36500996 36500999
35527667 35527671
36498910 36498912
39963120 39963122
35665730 11885371
36489135 36489137
40743990 9848939
39959660 39959662
40759730 40759732
40742842 16253788
36490830 21226980
36491970 36491972
35668771 35668773
40755242 40755244
45863553 45863554
40746491 39283931
39955758 16506811
45863555 45863556
40741080 19388111
41349379 41349380
10316565 10316571
41346131 41346132
39948642 39948645
40730544 40730546
35527215 35527217
35666795 35666798
36507208 36507210
36507634 36507636
35664230 9849005
35641167 35641169
39942285 39942287
39938489 39938491
36500774 36500776
40745205 40745207
40749874 9589817
36499462 36499464
40744203 40744205
39940833 5937342
40743063 40743065
40753810 40753812
39963022 39963024
40740974 40740976
35521879 35521881
30296615 30296618
40620966 40620969
36487511 20125292
39968270 39968272
45863557 3504195
39939866 39939868
45463838 45463839
35337695 35337702
45863558 45863559
40746511 40746513
35668910 35668912
40036108 40036110
30982219 30982226
33356093 33356098
35662030 35662032
45466221 45466222
40621889 40621891
45863560 45863561
40724099 40724101
40749105 40749107
39946499 2176121
36493353 36493356
36488364 36488366
39489568 39489571
40749114 40749116
45863562 17180553
36490273 36490277
40036497 40036499
39617559 39617562
45863563 45863564
40038541 40038543
10332702 7232553
40733058 40733060
39952032 39952034
36499783 36499785
40741037 40741039
40735134 40735136
39941364 39941366
36488437 36488439
33294472 33294477
34834492 34834494
34751946 34751950
36492193 36492195
45863565 45863566
40753858 40753860
40740735 40740737
39627429 39627432
40735684 40735686
40731605 40731607
35642789 24627104
39956045 39956047
35741594 35741597
40746461 40746463
40743855 21305256
40741048 40741050
41349448 41349449
41349957 41349958
30952806 30952809
36507695 36507699
40753524 40753526
35528275 24627290
39949045 39949047
40762343 40762345
45863567 45863568
30958256 30958259
39947705 17180567
36503293 36503296
40733345 40733347
36498243 36498246
40748010 40748012
39631840 39631842
40724112 40724114
45863569 591820
45863570 45863571
39951362 1325311
45863572 45863573
40036518 40036520
40746485 9849069
40725138 40725140
35663830 35663832
40622013 39631345
35528155 35528158
45863574 45863575
35739714 35739716
36499648 36499653
36491086 18671770
45863576 16508860
40740773 40740775
40748140 40748142
40036824 40036826
45863577 45863578
36497474 36497476
45863579 45863580
40732481 40732483
40037621 40037623
40741034 40741036
40741064 40741066
40741708 40741710
40753841 40753843
40724091 23947220
40741051 40741053
36491720 36491722
40731938 40731940
40731622 24627804
30868768 30868773
40729217 40729219
33303986 33304008
10311007 10311011
39946031 39946033
40760617 24036427
39953891 39953895
45863581 45863582
40037863 40037865
40736001 40736003
40760123 40760125
40744129 40744131
39941734 39941737
