2299659 1424009
929 11800
730426 11800
704588 228707
228739 228707
704759 228707
55596 228707
145936 460319
28218910 10168468
30762911 10168468
45837251 35335027
33159774 11661151
41583 79256
197815 127781
553835 127781
127792 127781
256225 127781
257976 127781
36655 145669
4360867 4423775
938 12739
1533209 240894
8579175 240894
1238592 719699
235314 719699
310111 844021
31773638 10162743
232586 712682
45875654 712682
1388905 712682
43625228 459626
145676 459626
40045064 127597
25003 127597
4240431 650493
31773769 2347102
131390 417995
417997 417995
187186 576951
160021 14314
2077039 14314
4994738 14314
952 14314
2078761 14314
846392 133214
150199 4725
278266 4725
5233399 4725
811635 4725
556 4725
455540 4725
253319 4725
48248 4725
15766781 4725
8862 4725
459062 4725
78795 4725
119802 4725
30164109 4725
2697501 4725
22211 4725
704588 4725
35146 4725
212152 4725
228739 4725
228984 4725
205154 4725
1263212 4725
1987967 4725
56887 4725
29873979 4725
704847 4725
595846 4725
1286586 4725
233910 4725
965243 4725
148433 4725
1655836 4725
833211 4725
36297771 4725
28199420 4725
2623693 4725
45904193 4725
45904194 4725
45904195 4725
45904196 4725
45904197 4725
45904198 4725
460550 4725
43535442 4725
185127 4725
119349 4725
1262761 4725
1348608 4725
172175 4725
185126 4725
185600 4725
2490 4725
30809888 4725
132346 4725
1643672 4725
37151725 4725
3817674 4725
154322 4725
47735 4725
29827986 4725
35401630 4725
30160658 4725
31773783 4725
382387 4725
55846 4725
43226841 4725
2902759 4725
716426 4725
9664058 4725
45904199 4725
42786 4725
412327 4725
708670 4725
41967624 4725
717147 4725
785256 4725
30123739 4725
10199406 4725
785255 4725
145394 4725
5726653 4725
178614 4725
30158933 4725
3573577 4725
941 4725
41488132 4725
4187968 4725
785254 4725
29951841 4725
1535220 4725
126793 4725
48246 4725
29889912 4725
3604456 4725
163304 4725
30746490 4725
3575165 4725
41320918 4725
887 4725
905 4725
10000373 4725
30750578 4725
25458597 4725
31433 4725
709690 4725
2335329 4725
212348 4725
45878957 4725
132192 4725
3815312 4725
5382590 4725
41300819 4725
41177784 4725
45904200 4725
33951 4725
26351 4725
56093 4725
231215 4725
176635 4725
399417 4725
8189 4725
154294 4725
946 4725
897 4725
6808 4725
704759 4725
704760 4725
7784 4725
121782 4725
1265823 4725
958 4725
48044 4725
372319 4725
1475627 4725
720618 4725
2945928 4725
7545051 4725
543504 4725
8998619 4725
849303 4725
843409 4725
41320323 4725
8559274 4725
34278544 4725
45904203 4725
2392377 4725
34291484 4725
3724366 4725
1387551 4725
23107 4725
55596 4725
172152 4725
487104 4725
180111 4725
13784885 4725
30544052 4725
41720397 4725
10640017 4725
717763 4725
1476832 4725
414905 4725
260280 4725
6855966 4725
30773945 4725
45237 4725
36280387 4725
45872809 4725
28610558 4725
31773827 4725
36358165 4725
2164811 4725
734847 4725
515524 4725
30777744 4725
2486449 4725
39800490 4725
2330842 4725
4280384 4725
2493603 4725
3705776 4725
1049934 4725
246714 4725
29918831 4725
898 4725
8118 4725
785249 4725
31773837 4725
2352 4725
3339042 4725
2350 4725
42789 4725
896 4725
991968 4725
2349 4725
2414 4725
3085826 4725
2420 4725
2353 4725
966 4725
7775 4725
968 4725
2422 4725
2418 4725
2419 4725
1535314 4725
3573520 4725
1535327 4725
2417 4725
2425 4725
67657 4725
2424 4725
2467 4725
474353 4725
7402 4725
981411 4725
3020615 4725
971 4725
50123 4725
41317918 4725
2393361 4725
13064 4725
3573508 4725
41317887 4725
9812285 4725
473291 4725
233599 4725
28279329 4725
942 4725
2370 4725
32482 77545
77088 77545
133566 77545
73320 11799
929 11799
1351317 11799
6374569 11799
7357 11799
1008905 1008898
1859098 1008898
2659481 1008898
28273209 1008898
29960100 1008898
45874597 1008898
398896 1008898
31773658 68889
1388905 68889
13966133 7369
910 7369
1070252 1933201
2386 27972
28008 27972
32936595 27972
59437 27972
311119 27972
2227950 27972
41328654 27972
61502 27972
238436 27972
2227947 27972
36875338 27972
129716 27972
31773752 27972
241830 27972
1137416 2009071
764862 1548971
764861 1548971
7395 61410
7357 59865
45904204 8996
904 8996
477822 1151444
426570 1070220
1070235 1070220
1070224 1070220
467187 1070220
426589 1070220
492529 1070220
29892252 762667
36860612 762667
762774 762667
264360 762667
2401705 3092080
36385368 36385369
74602 268751
45904205 35079403
2377 4166
2379 4166
927 4166
2386 4166
2388 4166
31773392 4166
556 4166
32936595 4166
31773643 4166
3063813 4166
1050912 4166
5653305 4166
232570 4166
256548 4166
56460 4166
29792074 4166
34755488 4166
56810 4166
1505965 4166
41311560 4166
2365778 4166
41311562 4166
10938 4166
15288258 4166
59437 4166
9974 4166
29849437 4166
29740142 4166
4122317 4166
171184 4166
588014 4166
185126 4166
527968 4166
41562 4166
25336 4166
43859 4166
12426 4166
36429730 4166
28277438 4166
8697 4166
7179707 4166
138641 4166
45904206 4166
10896 4166
992 4166
3922604 4166
129169 4166
3292656 4166
30028270 4166
1092272 4166
31773807 4166
28185631 4166
45904207 4166
2227950 4166
91262 4166
41328654 4166
954 4166
31773697 4166
12431 4166
29889912 4166
4271596 4166
232586 4166
2189312 4166
30068050 4166
15327986 4166
33162771 4166
185123 4166
27083 4166
1533896 4166
10195249 4166
33140804 4166
35085781 4166
757475 4166
130967 4166
28185860 4166
238436 4166
5382590 4166
5432 4166
1232070 4166
11611 4166
2451 4166
8189 4166
2927810 4166
4362458 4166
232595 4166
129125 4166
48044 4166
27077 4166
2227947 4166
37177 4166
3063815 4166
2189317 4166
527976 4166
34279055 4166
71520 4166
28278137 4166
28277238 4166
3063816 4166
3557959 4166
2392407 4166
80394 4166
10934 4166
527974 4166
36373642 4166
65726 4166
14712 4166
41314247 4166
3414939 4166
2365 4166
3063817 4166
4280384 4166
9943 4166
966 4166
7775 4166
913 4166
955 4166
935 4166
7381 4166
2361 4166
7402 4166
2362 4166
9262 4166
7382 4166
971 4166
921 4166
29999395 4166
56459 4166
2363 4166
31773752 4166
3061179 4166
34728766 4166
923 4166
572605 4166
963861 4166
527975 4166
15317012 4166
2345 4166
241830 4166
2366 4166
2402 4166
2403 4166
36385368 36385371
10147078 1665473
2203353 14932
6732492 14932
127140 14932
6148528 14932
13534676 14932
13534561 14932
2690647 14932
4419860 14932
13534494 14932
13527720 14932
13534359 14932
13526087 14932
13527608 14932
1136828 14932
421604 14932
13526728 14932
3226748 14932
13525911 14932
466314 14932
13534619 14932
421601 14932
1136830 14932
711697 14932
421603 14932
13534525 14932
13528187 14932
13526420 14932
13534253 14932
2154404 14932
2509178 14932
13534203 14932
144218 14932
13392150 14932
144222 14932
144216 14932
13526574 14932
144211 14932
2459788 14932
1353682 14932
144224 14932
454755 14932
13534376 14932
144223 14932
3406046 14932
8006683 14932
1136829 14932
4982024 14932
13534474 14932
1065783 14932
13526878 14932
10204339 14932
6642274 14932
6384901 14932
13534262 14932
422948 14932
43086 14932
45904210 14932
150583 14932
309659 14932
155164 14932
426570 14932
470209 14932
13528287 14932
9285047 14932
152904 14932
43993 14932
43713 14932
472805 14932
13534349 14932
13527934 14932
308074 14932
703344 14932
37097 14932
4785127 14932
1065770 14932
13527881 14932
1131793 14932
149991 14932
1980819 14932
24781 14932
136485 14932
227987 14932
1136834 14932
133421 14932
2450575 14932
840690 14932
461630 14932
1070235 14932
133565 14932
1169016 14932
227986 14932
40013 14932
40012 14932
165531 14932
37043 14932
412899 14932
206003 14932
38013 14932
152330 14932
13526485 14932
1131862 14932
145819 14932
469013 14932
6310276 14932
2450498 14932
121837 14932
42306 14932
156438 14932
155847 14932
149065 14932
2631772 14932
185944 14932
398513 14932
227985 14932
4759566 14932
185940 14932
454706 14932
181047 14932
7568365 14932
421607 14932
1461426 14932
5022282 14932
472763 14932
421990 14932
464697 14932
1137424 14932
146863 14932
431110 14932
1070254 14932
454750 14932
1070224 14932
1064564 14932
13526237 14932
423511 14932
1691894 14932
1291332 14932
472701 14932
5029101 14932
9881825 14932
15712152 14932
1047565 14932
41232722 14932
3197513 14932
5009313 14932
2025125 14932
15711267 14932
2355 14932
410554 14932
2480 14932
126020 14932
186590 14932
13525970 14932
13526175 14932
1146082 14932
1137394 14932
472803 14932
144215 14932
3140612 14932
10204369 14932
1047633 14932
13526252 14932
182029 14932
36459 14932
472762 14932
37705 14932
1353541 14932
474258 14932
4806955 14932
153955 14932
31773621 14932
958 14932
474565 14932
150531 14932
47519 14932
90532 14932
1064565 14932
2450541 14932
185947 14932
467187 14932
474599 14932
426589 14932
839372 14932
1110894 14932
1064559 14932
37284 14932
137918 14932
495760 14932
144221 14932
133427 14932
1108368 14932
571941 14932
55174 14932
137909 14932
839333 14932
37289 14932
307288 14932
149994 14932
472807 14932
492529 14932
3291176 14932
150586 14932
185241 14932
1179668 14932
156423 14932
1064563 14932
9497216 14932
35468115 14932
430888 14932
9850740 14932
1064567 14932
45904211 14932
1010473 14932
2154402 14932
182034 14932
1928156 14932
454820 14932
7685593 14932
150582 14932
470211 14932
1064560 14932
13526541 14932
454747 14932
185939 14932
1331526 14932
1010477 14932
1143295 14932
472808 14932
1010472 14932
2154400 14932
1010478 14932
10320738 14932
2154403 14932
1277681 14932
703320 14932
1010475 14932
703333 14932
1331525 14932
596016 14932
13526404 14932
1650435 14932
421986 14932
307286 14932
182026 14932
1163314 14932
467353 14932
399761 14932
3291152 14932
788207 14932
554723 14932
13534629 14932
2203352 14932
1461396 14932
163840 14932
1062214 14932
24804 14932
7366823 14932
10204405 14932
9423274 14932
182027 14932
182032 14932
13526965 14932
13526859 14932
13495315 14932
472765 14932
3056923 14932
421989 14932
2008508 14932
13534436 14932
181172 14932
458417 14932
764110 14932
6642835 14932
5012296 14932
612753 14932
144220 14932
495739 14932
10204394 14932
421984 14932
1611167 14932
1065822 14932
1064566 14932
421605 14932
1010656 14932
204530 14932
479593 14932
514793 14932
127269 14932
1070252 14932
144217 14932
494668 14932
454751 14932
465431 14932
13527682 14932
2957469 14932
13534664 14932
1652261 14932
152082 14932
474598 14932
317686 14932
308076 14932
178864 14932
3291393 14932
492525 14932
13526331 14932
90213 14932
308075 14932
494671 14932
1070222 14932
6311077 14932
182028 14932
3130333 14932
204531 14932
13534242 14932
1928028 14932
757736 14932
1010480 14932
13534448 14932
10827867 14932
511731 14932
10003298 14932
707774 14932
13526065 14932
1350952 14932
13534462 14932
421600 14932
5013501 14932
178870 14932
13526994 14932
3130331 14932
11176915 14932
2331408 14932
426588 14932
1136827 14932
492527 14932
494672 14932
13526027 14932
13527131 14932
1928029 14932
13534540 14932
10023237 14932
13534574 14932
175474 14932
840688 14932
308083 14932
127301 14932
9806802 14932
10699829 14932
495774 14932
308071 14932
412902 14932
127161 14932
693262 14932
308080 14932
494670 14932
1473120 14932
1061563 14932
13534335 14932
11541516 14932
1177812 14932
13534232 14932
182033 14932
13534504 14932
1010474 14932
1108383 14932
12998488 14932
13527078 14932
474255 14932
465116 14932
13526223 14932
13526313 14932
13526082 14932
413177 14932
308079 14932
3130332 14932
308077 14932
421988 14932
182022 14932
13526188 14932
979728 14932
13526585 14932
13526137 14932
1111984 14932
13149809 14932
2331407 14932
1136832 14932
412903 14932
13526523 14932
421602 14932
4465527 14932
4981967 14932
1075921 14932
35457223 9120
228984 9120
228728 9120
35440694 9120
905 9120
43702265 9120
43702271 9120
3353782 11801
318210 11801
73320 11801
10777118 11801
28167993 11801
4683558 11801
73311 11801
29919684 11801
929 11801
445911 11801
11805 11801
764862 11801
10211283 11801
764861 11801
2890482 11801
31773764 16977
815263 16977
45904213 16977
45904214 16977
821532 16977
193684 16977
33575995 16977
7155936 16977
821571 16977
45904216 16977
967839 16977
297903 16977
45904218 16977
41313723 16977
3424569 16977
45904219 5038959
2117386 286072
82935 286072
90330 286072
3317946 286072
2371 2257
2374 2257
2375 2257
7383 2257
612118 2257
890 2257
2379 2257
2381 2257
598749 2257
2405 2257
2383 2257
2384 2257
7820493 2257
556 2257
455540 2257
13304 2257
2841986 2257
37908 2257
3184396 2257
304771 2257
128512 2257
8862 2257
4943686 2257
1866431 2257
78261 2257
80020 2257
36343016 2257
65194 2257
126295 2257
276243 2257
276245 2257
276244 2257
110876 2257
10193153 2257
193684 2257
34755488 2257
8462 2257
15642122 2257
1931212 2257
8707 2257
15172456 2257
414734 2257
2695594 2257
453195 2257
13145065 2257
902 2257
41311560 2257
41311562 2257
513239 2257
15288258 2257
31773437 2257
35079817 2257
10230 2257
33054852 2257
33055501 2257
28158414 2257
350383 2257
1291170 2257
28276241 2257
41879 2257
33054860 2257
36297771 2257
67099 2257
39907124 2257
5637 2257
15448720 2257
205624 2257
943 2257
41321244 2257
3198594 2257
431303 2257
1248391 2257
187186 2257
43535442 2257
4187741 2257
33055484 2257
34325373 2257
28279578 2257
752717 2257
6893076 2257
2848348 2257
44190 2257
103854 2257
2490 2257
228728 2257
136441 2257
29986864 2257
29345 2257
31862741 2257
30018806 2257
168961 2257
31773620 2257
963859 2257
76149 2257
2902759 2257
28374750 2257
2407840 2257
128574 2257
2125143 2257
127810 2257
3541119 2257
2491874 2257
31773605 2257
4947455 2257
27170 2257
5726698 2257
1245893 2257
540430 2257
1533907 2257
139578 2257
603 2257
8859 2257
1015794 2257
36888 2257
4970559 2257
41488132 2257
33055266 2257
33055244 2257
35160 2257
2010193 2257
10813960 2257
41488697 2257
585522 2257
460889 2257
35114 2257
43625228 2257
3789825 2257
3626486 2257
30787650 2257
29889912 2257
528808 2257
29986939 2257
4315348 2257
163304 2257
35459814 2257
3155506 2257
4834 2257
13449370 2257
35445948 2257
31773436 2257
33058115 2257
31773701 2257
34277145 2257
1533906 2257
1533902 2257
4994738 2257
7384 2257
28225546 2257
1913210 2257
4967718 2257
1533905 2257
1533903 2257
1533908 2257
1533909 2257
1533900 2257
1533896 2257
900 2257
33058745 2257
25458597 2257
2407 2257
31773713 2257
130967 2257
31773496 2257
7136 2257
28185860 2257
3582216 2257
7385 2257
196453 2257
31773856 2257
13298 2257
14697056 2257
1050970 2257
5382590 2257
33055362 2257
4905333 2257
260228 2257
149611 2257
31881141 2257
7772 2257
4737 2257
90204 2257
26140 2257
41315226 2257
952 2257
10232 2257
2477 2257
6657 2257
453193 2257
28268065 2257
554970 2257
12420118 2257
12022326 2257
7652027 2257
12022340 2257
1005487 2257
1524802 2257
508058 2257
7887932 2257
6525775 2257
28268109 2257
28268117 2257
3357885 2257
28268127 2257
8100638 2257
10338124 2257
28268156 2257
45163687 2257
958 2257
42188985 2257
7779 2257
3155513 2257
255468 2257
3975506 2257
15700856 2257
34287953 2257
36373978 2257
36267983 2257
36374735 2257
335998 2257
57012 2257
33054838 2257
28270202 2257
28270211 2257
11940310 2257
2156816 2257
6327594 2257
28270220 2257
12027864 2257
5539434 2257
28270230 2257
12543723 2257
28270238 2257
28270248 2257
180763 2257
28270257 2257
28270266 2257
28270276 2257
28270284 2257
3889048 2257
11814661 2257
28270294 2257
180764 2257
28270301 2257
12648843 2257
13402568 2257
6743508 2257
395761 2257
28270312 2257
11964237 2257
2945043 2257
28270324 2257
11971336 2257
2553436 2257
2772256 2257
3330825 2257
28270369 2257
28270377 2257
2047907 2257
394361 2257
28270388 2257
28270398 2257
28270406 2257
28270416 2257
28270426 2257
180765 2257
28270436 2257
1812743 2257
28270444 2257
11803872 2257
28270454 2257
28270461 2257
180766 2257
12011552 2257
28270471 2257
1521090 2257
12009967 2257
681144 2257
1971765 2257
3353519 2257
1123426 2257
188583 2257
34251038 2257
34277950 2257
34261417 2257
15440805 2257
28279633 2257
34277150 2257
34269302 2257
34277148 2257
34279055 2257
28279706 2257
1050914 2257
29595106 2257
3814295 2257
33055354 2257
23107 2257
28271893 2257
15258611 2257
28271904 2257
1005488 2257
12172439 2257
28271914 2257
1757013 2257
11714657 2257
28271935 2257
28271945 2257
12022698 2257
28271975 2257
699184 2257
110988 2257
12025176 2257
5428164 2257
929848 2257
28271983 2257
11971334 2257
180760 2257
28271992 2257
8102951 2257
2494159 2257
250571 2257
466358 2257
9870564 2257
65208 2257
933456 2257
11978091 2257
29955540 2257
41313723 2257
45237 2257
4199336 2257
128581 2257
45904220 2257
782974 2257
80026 2257
179064 2257
2655238 2257
339564 2257
80024 2257
1065481 2257
128573 2257
278770 2257
499884 2257
28273455 2257
3550265 2257
1975240 2257
2821476 2257
6198070 2257
5674064 2257
2821477 2257
2121664 2257
28273512 2257
2768202 2257
8183859 2257
2365 2257
35354980 2257
28726839 2257
39795441 2257
15118952 2257
1312185 2257
5292137 2257
2198650 2257
39893687 2257
4901918 2257
2768200 2257
39904813 2257
10687512 2257
13432743 2257
10240293 2257
39907613 2257
5405588 2257
1998800 2257
1998797 2257
28578882 2257
35514044 2257
2768199 2257
2136880 2257
1918087 2257
2768196 2257
33055464 2257
2136878 2257
4396410 2257
28632419 2257
1547807 2257
4449603 2257
33055443 2257
12705677 2257
4449604 2257
28178293 2257
2010197 2257
2136885 2257
7327948 2257
1998770 2257
13391313 2257
12013319 2257
33055486 2257
2136884 2257
33055472 2257
4425387 2257
342399 2257
34325374 2257
7252512 2257
39825964 2257
33055411 2257
39809750 2257
6408526 2257
28444782 2257
39888535 2257
15088504 2257
39830796 2257
5326819 2257
4027534 2257
33055420 2257
4027536 2257
3762661 2257
10208146 2257
2428560 2257
33055327 2257
180757 2257
5911542 2257
435736 2257
6279381 2257
8153320 2257
1437756 2257
15323022 2257
28632485 2257
33055339 2257
4214043 2257
470259 2257
612043 2257
19539 2257
4145125 2257
28273906 2257
1187602 2257
433659 2257
2123737 2257
5654438 2257
616526 2257
1138525 2257
1065519 2257
6734970 2257
12025257 2257
12069120 2257
28273949 2257
15323080 2257
2428558 2257
28273961 2257
33055368 2257
12659149 2257
6893067 2257
11354192 2257
32917200 2257
33055405 2257
33055332 2257
2428559 2257
4280384 2257
12011937 2257
33055397 2257
3966685 2257
1928683 2257
1928690 2257
5919838 2257
33055478 2257
12026331 2257
33055457 2257
33055487 2257
1928681 2257
5254683 2257
28273984 2257
28273997 2257
15186035 2257
5907404 2257
12021599 2257
28274006 2257
28274015 2257
28274025 2257
12017582 2257
28274034 2257
28274043 2257
2814980 2257
2549658 2257
28274053 2257
28274065 2257
28274075 2257
28274084 2257
28274094 2257
28274103 2257
28274112 2257
6970158 2257
28274121 2257
39897779 2257
2337 2257
6515348 2257
1928689 2257
1126963 2257
3460210 2257
28274130 2257
28274137 2257
180767 2257
28274148 2257
28274157 2257
28274164 2257
7281299 2257
28274173 2257
12025245 2257
1472853 2257
28274181 2257
180768 2257
28274190 2257
3330996 2257
28274202 2257
9246077 2257
28274210 2257
14962512 2257
1138870 2257
33055303 2257
2010199 2257
2428555 2257
28578902 2257
2010195 2257
28274219 2257
28274227 2257
7630050 2257
2088182 2257
28274236 2257
28274246 2257
28274254 2257
28274263 2257
33055434 2257
28274271 2257
28274278 2257
12025258 2257
28171364 2257
28274287 2257
8916726 2257
12022307 2257
28274296 2257
28274305 2257
8717665 2257
28274313 2257
28274322 2257
12024842 2257
28274331 2257
28274341 2257
28271915 2257
28274351 2257
180769 2257
28274361 2257
2501347 2257
1152966 2257
4022973 2257
39809816 2257
8945879 2257
6335829 2257
28726832 2257
3941336 2257
80040 2257
180761 2257
1005489 2257
929850 2257
929851 2257
395760 2257
929845 2257
1609287 2257
12026383 2257
28274411 2257
1005491 2257
929847 2257
929852 2257
4457931 2257
7267369 2257
28274424 2257
14704943 2257
10320315 2257
470776 2257
146117 2257
80027 2257
884138 2257
161438 2257
28274438 2257
962898 2257
956926 2257
3051303 2257
3618834 2257
462312 2257
2306191 2257
14297849 2257
21649464 2257
452563 2257
80028 2257
7415942 2257
310450 2257
28274476 2257
80029 2257
2475581 2257
2050029 2257
66692 2257
180752 2257
13947111 2257
508665 2257
180749 2257
180751 2257
180750 2257
471700 2257
12651634 2257
139616 2257
12309823 2257
5248730 2257
80039 2257
28274546 2257
1082050 2257
11961473 2257
3273322 2257
6309734 2257
3988960 2257
28274557 2257
28274566 2257
33055311 2257
2010198 2257
1126969 2257
13404113 2257
11853603 2257
1259658 2257
33055319 2257
2408022 2257
2010196 2257
11969162 2257
2224310 2257
33540139 2257
10402366 2257
2768201 2257
33055389 2257
2768203 2257
1569442 2257
6172844 2257
12109013 2257
12024877 2257
28274585 2257
3287865 2257
33055296 2257
28274595 2257
5875309 2257
28274604 2257
12026310 2257
8909530 2257
2428557 2257
11971337 2257
2737315 2257
1119144 2257
13365564 2257
6952124 2257
4515916 2257
12022714 2257
954575 2257
146496 2257
10241837 2257
28274634 2257
28274652 2257
7696681 2257
180770 2257
28274635 2257
28274662 2257
2768198 2257
2024655 2257
5911512 2257
180771 2257
1981558 2257
4920465 2257
28274672 2257
180772 2257
10857476 2257
3409218 2257
6893072 2257
2136882 2257
161356 2257
28274684 2257
28274698 2257
929853 2257
33055374 2257
33055382 2257
33055346 2257
8716543 2257
33055225 2257
2601360 2257
4484461 2257
1928692 2257
33055239 2257
33055231 2257
7443322 2257
1928691 2257
5854375 2257
13407286 2257
33055258 2257
39897858 2257
28274708 2257
4903115 2257
7821442 2257
7729155 2257
12600636 2257
33055449 2257
12765402 2257
12011904 2257
33055251 2257
28578921 2257
28274721 2257
11931504 2257
33055426 2257
28274732 2257
10923069 2257
28274740 2257
28274750 2257
4524739 2257
28274760 2257
28274769 2257
28274779 2257
28274789 2257
28274797 2257
28274806 2257
28274815 2257
7558699 2257
13123520 2257
28274823 2257
12026420 2257
28274832 2257
11971343 2257
28274841 2257
28274849 2257
28274858 2257
28274866 2257
28274874 2257
28274884 2257
28274894 2257
28274903 2257
5846371 2257
28274913 2257
28274922 2257
28274930 2257
4027530 2257
180773 2257
28274939 2257
28274947 2257
28274955 2257
180774 2257
28274965 2257
12022747 2257
28274973 2257
1982988 2257
15306654 2257
28274983 2257
28274993 2257
28275002 2257
28275011 2257
539979 2257
28275019 2257
1311291 2257
12027826 2257
11978103 2257
28275029 2257
28275039 2257
28275049 2257
5326812 2257
28275062 2257
2721059 2257
28275071 2257
15071727 2257
1520302 2257
28275080 2257
35195 2257
67611 2257
138614 2257
138640 2257
2126556 2257
2347 2257
15272 2257
13156211 2257
23264 2257
434191 2257
966 2257
7775 2257
968 2257
229580 2257
2421 2257
125896 2257
2872135 2257
128656 2257
43374 2257
2467 2257
7402 2257
204226 2257
971 2257
31067 2257
128685 2257
2717382 2257
180755 2257
28278073 2257
5064 2257
36892 2257
963861 2257
2378 2257
9816 2257
137405 2257
23525 2257
2448 2257
4033454 2257
2369 2257
2340 2257
2400 2257
2366 2257
2367 2257
2368 2257
2402 2257
1053959 2257
2370 2257
9900238 10419
917 10419
453193 1112710
2841986 1112711
453193 1112711
67655 171759
455540 7363
205236 7363
47832 7363
178578 7363
5427 7363
115252 7363
47833 7363
2505216 7363
119303 7363
30064073 7363
29889912 7363
45904221 7363
30208933 7363
30001296 7363
85743 7363
16606 7363
74602 7363
4604323 7363
933 7363
11638812 7363
45904222 7363
29800177 7363
614146 7363
613738 7363
68118 7363
47786 205230
2349645 205230
30046661 205230
43535204 205230
4360182 205230
3604671 205230
39805835 205230
3426604 205230
5826935 5826955
614009 7372
2349645 7372
5427 7372
71821 7372
47833 7372
10003331 7372
261217 7372
10668 7372
30204319 7372
16606 7372
30100403 7372
4086419 7372
919 7372
261213 757611
1271835 757611
40290 165445
56806 233572
472851 1143610
185129 117292
41316054 28759427
197815 594252
412327 24282
2350 24282
15675585 2840939
2087371 2840939
11960441 2840939
261214 135053
29853451 135053
134979 33643
423929 33643
135076 33643
135046 33643
261214 33643
261213 33643
1539801 33643
1388948 33643
1142118 33643
731058 33643
2982878 33643
1502325 33643
1108360 33643
548944 33643
1354359 33643
2366543 33643
2779626 33643
757613 33643
1980700 33643
1502320 33643
472013 33643
2399698 33643
2366560 33643
2366561 33643
1065969 33643
2262818 33643
1271835 33643
2366545 33643
2013493 33643
757625 33643
1065970 33643
261212 33643
2262812 33643
134972 33643
134981 33643
424095 33643
2449 33643
2864549 3415259
4049636 422533
45904223 263293
2117386 300
2372 300
7383 300
2404 300
2376 300
3628550 300
2399 300
2206902 300
2387 300
928 300
2389 300
2405 300
2384 300
2385 300
2388 300
2406 300
34518 300
34677 300
35131 300
7820493 300
556 300
31773488 300
455540 300
13304 300
417109 300
15766781 300
73392 300
926 300
29879195 300
8862 300
4943686 300
31773599 300
1866431 300
974487 300
1354137 300
2373 300
267352 300
73363 300
31773769 300
850542 300
193124 300
36343016 300
1481262 300
169118 300
111601 300
40877 300
19713 300
40343 300
82935 300
65194 300
1617 300
73320 300
1532694 300
10656 300
193684 300
10777118 300
13380664 300
752719 300
10241216 300
15128791 300
15172456 300
5427 300
92487 300
30161611 300
13472858 300
94674 300
292014 300
205154 300
85420 300
4392388 300
47353 300
9123 300
86265 300
31773544 300
91338 300
13794 300
76670 300
77348 300
77349 300
951 300
45904225 300
2189318 300
35079817 300
1323229 300
274308 300
10230 300
77350 300
41330492 300
350383 300
111599 300
1922008 300
19710 300
19709 300
1057137 300
1095676 300
2499 300
13537938 300
1050910 300
4122317 300
28167993 300
45162847 300
36354218 300
111992 300
219884 300
94875 300
2542090 300
36312 300
91422 300
3784051 300
38072453 300
36297771 300
2439978 300
6407155 300
19712 300
5021429 300
46071 300
5637 300
1248468 300
3916808 300
2392410 300
10003331 300
33655262 300
943 300
45904227 300
35458180 300
752728 300
28387830 300
77346 300
7424 300
35398254 300
119349 300
30145775 300
2666971 300
30776635 300
22868 300
10901 300
2490 300
35822468 300
30737018 300
121469 300
1922011 300
56285 300
4683558 300
29873642 300
1088139 300
29345 300
31773422 300
73311 300
25336 300
150316 300
40880 300
1375 300
18178 300
29919684 300
4052 300
31862741 300
271941 300
14118 300
45904229 300
168961 300
33027263 300
35401630 300
2505216 300
261217 300
186863 300
33058834 300
10668 300
40819 300
4050 300
33093931 300
33093904 300
33093916 300
76149 300
29948082 300
2902759 300
378566 300
2189309 300
45904206 300
119260 300
131853 300
62203 300
7821142 300
6790842 300
185905 300
2260 300
36417773 300
898301 300
14310045 300
34288227 300
18175 300
274400 300
2427 300
28218910 300
2454 300
423899 300
2416 300
2346 300
28186254 300
41488132 300
4238386 300
2344 300
1913194 300
35160 300
23840 300
2227809 300
79012 300
929 300
22857 300
8640272 300
23839 300
1922009 300
35114 300
29936914 300
13966133 300
4207061 300
11004 300
25002 300
29889912 300
28186306 300
23851 300
29986939 300
2357 300
163304 300
14712977 300
4834 300
30204319 300
28730831 300
302 300
62294 300
10241157 300
4967718 300
1533903 300
25022 300
7432 300
28186513 300
25458597 300
1977872 300
937 300
13264736 300
6490 300
238436 300
618788 300
5382590 300
1100894 300
260228 300
731660 300
11661830 300
10240878 300
10241183 300
445911 300
614821 300
25248 300
31881141 300
1941098 300
26653 300
9642326 300
4737 300
90204 300
14712970 300
538371 300
10834784 300
28215858 300
35460340 300
45904230 300
36860612 300
892 300
10232 300
36975 300
2477 300
30088749 300
6657 300
35797470 300
6808 300
36327502 300
45231 300
11914 300
36336701 300
13274680 300
958 300
42188985 300
1186573 300
50614 300
3317946 300
29974101 300
679398 300
7779 300
35855139 300
16606 300
243670 300
699786 300
145816 300
1080157 300
554543 300
15700856 300
128879 300
335998 300
1126363 300
2392408 300
718128 300
37692698 300
13654234 300
28194916 300
28761975 300
45904232 300
30767213 300
34727941 300
30669328 300
11805 300
36325680 300
28372082 300
41320323 300
28271221 300
34242785 300
35401271 300
1050911 300
2189313 300
28272203 300
28275369 300
2189314 300
28275708 300
28275680 300
28208029 300
34236150 300
30762476 300
28275132 300
28185415 300
731668 300
15705840 300
15135 300
28186549 300
36108597 300
1050915 300
2189315 300
1922012 300
2927825 300
35400786 300
28194917 300
23107 300
764862 300
2410 300
9870564 300
933456 300
41313723 300
45206031 300
45237 300
30763638 300
31773827 300
955045 300
731666 300
28763025 300
296644 300
6281417 300
35354980 300
129716 300
884 300
933 300
2393 300
7392 300
2394 300
4280384 300
28727979 300
7355 300
2337 300
944 300
1827277 300
2426 300
731665 300
13947111 300
7395 300
2392 300
2450 300
45904233 300
2391 300
11829791 300
938 300
2126556 300
2464 300
2347 300
28225890 300
31773837 300
36875804 300
2351 300
261105 300
30782808 300
126028 300
185902 300
23264 300
764861 300
2415 300
2414 300
76332 300
2413 300
8184 300
2423 300
2412 300
117940 300
33875421 300
963 300
45904234 300
4830 300
7394 300
2463 300
966 300
7775 300
7380 300
968 300
138950 300
2411 300
229580 300
36405444 300
426 300
4237969 300
2467 300
16687 300
17027 300
7402 300
464479 300
4016 300
137021 300
1050908 300
919 300
971 300
2890482 300
10194604 300
2470 300
14649 300
28278073 300
13064 300
59884 300
5064 300
907 300
930 300
920 300
137405 300
2390 300
7357 300
2455 300
2341 300
618787 300
3503674 300
25003 300
2400 300
30776520 300
30709900 300
2403 300
21475 300
33054614 2259
33054406 2259
12288800 2259
1569589 2259
598749 2259
133455 2259
480977 2259
455540 2259
134576 2259
37908 2259
33054453 2259
1569709 2259
45875539 2259
3970862 2259
30140594 2259
78261 2259
78323 2259
160021 2259
146502 2259
78327 2259
4450895 2259
78322 2259
267525 2259
267691 2259
267692 2259
78324 2259
267527 2259
159286 2259
45904214 2259
78326 2259
14322 2259
65194 2259
41812 2259
78321 2259
78320 2259
276243 2259
13438696 2259
267528 2259
267529 2259
73851 2259
193684 2259
5145122 2259
41314261 2259
11850070 2259
265790 2259
507810 2259
1277650 2259
554694 2259
11870953 2259
783318 2259
783316 2259
1277648 2259
1277649 2259
554696 2259
181899 2259
554710 2259
181896 2259
2154243 2259
554677 2259
2040624 2259
181887 2259
181888 2259
181895 2259
181894 2259
783432 2259
1277501 2259
554592 2259
554763 2259
554794 2259
554609 2259
33053408 2259
11787287 2259
33053418 2259
28632526 2259
33053425 2259
12011643 2259
2129578 2259
33053433 2259
33053440 2259
28632433 2259
33053448 2259
13392765 2259
28181476 2259
28444772 2259
11103008 2259
10894635 2259
33053456 2259
6445157 2259
33053463 2259
33053470 2259
6070969 2259
12226043 2259
33053477 2259
33055549 2259
131383 2259
33054187 2259
153035 2259
160022 2259
29899 2259
459248 2259
36644 2259
2464425 2259
812344 2259
273850 2259
64044 2259
419841 2259
64051 2259
268302 2259
13209501 2259
181037 2259
1080644 2259
327795 2259
783374 2259
268135 2259
498939 2259
531131 2259
2077039 2259
418007 2259
131395 2259
36662 2259
1614532 2259
145853 2259
812348 2259
2464426 2259
1561012 2259
161559 2259
85273 2259
30017043 2259
172073 2259
160028 2259
12477598 2259
456480 2259
10646 2259
41321244 2259
3198594 2259
9723175 2259
13444273 2259
41315982 2259
15319905 2259
12474389 2259
1318246 2259
7190180 2259
932 2259
33054441 2259
29998 2259
146497 2259
39462111 2259
131387 2259
2902759 2259
31773682 2259
147974 2259
91082 2259
5270053 2259
139578 2259
33054621 2259
37290 2259
275501 2259
33054304 2259
459531 2259
13448193 2259
275077 2259
267694 2259
5134176 2259
41326442 2259
2756522 2259
64054 2259
2110541 2259
29889912 2259
131386 2259
844206 2259
34493873 2259
163304 2259
8315 2259
1058073 2259
41315302 2259
181472 2259
494969 2259
31773512 2259
4994738 2259
1081694 2259
31773706 2259
900 2259
2407 2259
36558518 2259
139963 2259
2408 2259
5382590 2259
260228 2259
11661830 2259
149611 2259
3227020 2259
31773721 2259
13399766 2259
64887 2259
12068 2259
952 2259
899 2259
138664 2259
43709 2259
181891 2259
6657 2259
174832 2259
2018284 2259
470645 2259
35009 2259
34324982 2259
45876775 2259
41315360 2259
45904236 2259
45873202 2259
131448 2259
958 2259
38181 2259
6953804 2259
131439 2259
656477 2259
131444 2259
131442 2259
131437 2259
418121 2259
131443 2259
418122 2259
131453 2259
131436 2259
64559 2259
159291 2259
172068 2259
10409890 2259
2066378 2259
34307637 2259
28227104 2259
91988 2259
181469 2259
1091186 2259
268136 2259
554576 2259
764862 2259
499898 2259
45904237 2259
477965 2259
1058076 2259
41315276 2259
151243 2259
10364866 2259
451360 2259
29886939 2259
502473 2259
769236 2259
533429 2259
37089 2259
276544 2259
276426 2259
537247 2259
276468 2259
769390 2259
684902 2259
1127980 2259
782880 2259
2191051 2259
310212 2259
78259 2259
552714 2259
2203574 2259
91087 2259
162411 2259
936017 2259
1569907 2259
783181 2259
1177164 2259
499327 2259
3395849 2259
1552156 2259
6814928 2259
2411968 2259
554676 2259
10409512 2259
418197 2259
91079 2259
844370 2259
10240120 2259
1655050 2259
1655042 2259
91090 2259
1756605 2259
33054760 2259
12830207 2259
8899586 2259
33054683 2259
2066389 2259
1655117 2259
11997494 2259
8458807 2259
7380282 2259
6565594 2259
33054737 2259
12603798 2259
10402789 2259
28170762 2259
33054745 2259
3408225 2259
181889 2259
1569761 2259
2411884 2259
1552203 2259
310542 2259
181911 2259
41315319 2259
1655039 2259
844332 2259
1277841 2259
2040625 2259
33054753 2259
554796 2259
844360 2259
33054729 2259
12520081 2259
6061680 2259
33054485 2259
4312452 2259
2870445 2259
1087063 2259
2040634 2259
6576895 2259
2066390 2259
2577371 2259
10021321 2259
13104555 2259
10402829 2259
1286357 2259
7635244 2259
3332778 2259
11819618 2259
2428359 2259
9274801 2259
11742753 2259
7635245 2259
1655115 2259
10257315 2259
11822757 2259
1168683 2259
844372 2259
29040834 2259
2376206 2259
11984664 2259
11774802 2259
551122 2259
33054499 2259
33054507 2259
1756606 2259
554793 2259
418038 2259
783291 2259
512176 2259
1318188 2259
554612 2259
2411911 2259
783319 2259
1552094 2259
1311627 2259
1552173 2259
2545976 2259
159288 2259
2884396 2259
2376205 2259
499899 2259
2404333 2259
1447114 2259
2550477 2259
2404336 2259
1544048 2259
1544049 2259
3093573 2259
5142512 2259
2404334 2259
159287 2259
33054668 2259
2404337 2259
502474 2259
502471 2259
1982369 2259
1168682 2259
2577370 2259
1168684 2259
28177612 2259
1569791 2259
11991836 2259
6051265 2259
502475 2259
3093557 2259
2404335 2259
783485 2259
3430809 2259
470278 2259
2228011 2259
13276121 2259
12005830 2259
1354430 2259
470281 2259
91099 2259
2203575 2259
1471673 2259
91098 2259
470261 2259
310486 2259
310485 2259
12129173 2259
844225 2259
2834337 2259
1191658 2259
470277 2259
5338271 2259
1552095 2259
1168680 2259
13479606 2259
1949334 2259
12290315 2259
33054530 2259
8899582 2259
2125349 2259
1354432 2259
2429019 2259
3037807 2259
33054784 2259
1515771 2259
5662425 2259
3115716 2259
2228008 2259
783469 2259
33054875 2259
1191655 2259
2203578 2259
2411953 2259
502476 2259
15311722 2259
470265 2259
3093533 2259
314942 2259
1087065 2259
3093542 2259
1110237 2259
33054166 2259
4490057 2259
3430810 2259
470279 2259
5142469 2259
12209737 2259
3216702 2259
3854162 2259
2873513 2259
2066387 2259
1756608 2259
5201618 2259
11939020 2259
11923126 2259
33054597 2259
5937701 2259
33054713 2259
1655041 2259
5632756 2259
932301 2259
1203080 2259
3395841 2259
30168245 2259
28632685 2259
4006344 2259
33055628 2259
310220 2259
33054637 2259
2834339 2259
10402858 2259
493035 2259
1756607 2259
1177166 2259
33054523 2259
33055582 2259
12174853 2259
1177168 2259
4132312 2259
1949333 2259
440093 2259
33054776 2259
12017453 2259
512178 2259
1177170 2259
33055608 2259
1919895 2259
494442 2259
310503 2259
2834336 2259
8831359 2259
1511099 2259
28184648 2259
1982342 2259
28179722 2259
2740028 2259
33054332 2259
2337445 2259
2577373 2259
33054552 2259
4583061 2259
3561633 2259
33054537 2259
5142441 2259
310374 2259
783504 2259
33054768 2259
11923826 2259
33054829 2259
7778468 2259
33054470 2259
748431 2259
7978636 2259
3039582 2259
2340401 2259
1569839 2259
2076832 2259
276698 2259
3595855 2259
6735898 2259
276694 2259
2760638 2259
12699217 2259
7464098 2259
33055595 2259
5593868 2259
12489260 2259
1999866 2259
11802807 2259
12563542 2259
13334659 2259
2050034 2259
1110236 2259
1552096 2259
1318227 2259
844335 2259
470272 2259
11743013 2259
1766563 2259
844308 2259
1569310 2259
586746 2259
1207369 2259
2050036 2259
1569320 2259
1277843 2259
14420810 2259
1552194 2259
10402820 2259
11968483 2259
11854235 2259
33054239 2259
33054224 2259
33054630 2259
28173551 2259
2873498 2259
2760647 2259
33027338 2259
2852144 2259
2189249 2259
1331721 2259
12483003 2259
533451 2259
1246185 2259
33054660 2259
28180036 2259
2428548 2259
11742998 2259
844330 2259
512180 2259
2078813 2259
30202770 2259
1569838 2259
2191053 2259
11997584 2259
13274753 2259
33055601 2259
39890318 2259
33054821 2259
1177254 2259
33055621 2259
1982355 2259
5644960 2259
33027348 2259
12013499 2259
10409471 2259
12560810 2259
1110231 2259
470280 2259
33054883 2259
2203577 2259
2873523 2259
30199260 2259
2941552 2259
2582642 2259
1246120 2259
470266 2259
5523292 2259
1989344 2259
7439267 2259
1138991 2259
470274 2259
1331995 2259
2228009 2259
1117480 2259
470268 2259
1983845 2259
11974520 2259
470275 2259
2941556 2259
2941562 2259
2010417 2259
2941559 2259
1511476 2259
2228010 2259
2340406 2259
1989345 2259
5142559 2259
2501858 2259
30202452 2259
2852140 2259
12641975 2259
3798342 2259
936065 2259
3798337 2259
1138913 2259
1569841 2259
1766562 2259
33054956 2259
12208380 2259
276206 2259
276385 2259
33054705 2259
783094 2259
8147714 2259
28174845 2259
33054515 2259
33054590 2259
10409485 2259
8915717 2259
13425698 2259
33054721 2259
783182 2259
1290127 2259
2777028 2259
30143787 2259
844333 2259
5142480 2259
1087062 2259
31108151 2259
1168679 2259
12926024 2259
1947550 2259
2050033 2259
1947547 2259
783481 2259
8370720 2259
10401260 2259
8493324 2259
3039605 2259
39879400 2259
13059465 2259
10402871 2259
10309549 2259
2103443 2259
2760637 2259
512183 2259
2125344 2259
2577383 2259
33054605 2259
1177169 2259
1569323 2259
34324986 2259
1569322 2259
2376204 2259
575319 2259
2862324 2259
33054807 2259
512181 2259
161377 2259
769469 2259
28444611 2259
91104 2259
2852142 2259
276690 2259
10409528 2259
8374705 2259
28726835 2259
2100581 2259
1552192 2259
28726839 2259
462356 2259
8295813 2259
5142428 2259
33054941 2259
33054800 2259
28451850 2259
33054793 2259
5142544 2259
12525348 2259
11987088 2259
39875960 2259
78282 2259
33027356 2259
551139 2259
1982370 2259
39810433 2259
33054281 2259
28174705 2259
1126948 2259
3475502 2259
782911 2259
33055576 2259
33054340 2259
29972193 2259
12556103 2259
586747 2259
33055275 2259
7445673 2259
2125347 2259
159289 2259
1010434 2259
1085532 2259
586755 2259
438592 2259
2353141 2259
782879 2259
1058168 2259
276697 2259
783356 2259
2429045 2259
28591398 2259
5142581 2259
1318212 2259
507729 2259
39852039 2259
783484 2259
33054247 2259
2189233 2259
13392916 2259
489435 2259
39856494 2259
28579183 2259
1552174 2259
1010433 2259
1919898 2259
11998864 2259
2411971 2259
33054231 2259
1147530 2259
33054698 2259
2125346 2259
11844288 2259
10400986 2259
783431 2259
345048 2259
3726255 2259
5157820 2259
2340404 2259
2340405 2259
2873524 2259
10402894 2259
3423273 2259
39854414 2259
5142543 2259
5142481 2259
1207371 2259
276695 2259
769481 2259
9110698 2259
1207382 2259
10412089 2259
11212878 2259
2136881 2259
33054159 2259
33054355 2259
33054363 2259
2167341 2259
2408597 2259
2250763 2259
3496162 2259
2018334 2259
12069131 2259
1085531 2259
3112604 2259
11800472 2259
28168388 2259
3798341 2259
3211178 2259
146512 2259
3543122 2259
33054151 2259
6276947 2259
12008071 2259
769482 2259
3477101 2259
783194 2259
11781500 2259
13002271 2259
3354007 2259
1352426 2259
5179884 2259
482451 2259
783191 2259
33054646 2259
33055703 2259
5534264 2259
1544051 2259
499868 2259
2905009 2259
1187641 2259
13348120 2259
760823 2259
39778526 2259
1544052 2259
760820 2259
5142626 2259
1187615 2259
5142614 2259
760827 2259
1187680 2259
276696 2259
5142551 2259
2411893 2259
29363082 2259
1552237 2259
760822 2259
5261695 2259
5142510 2259
760824 2259
12200820 2259
28174864 2259
2008626 2259
1110239 2259
33055557 2259
30066249 2259
2976367 2259
499896 2259
499982 2259
1207370 2259
2582643 2259
2140796 2259
3467767 2259
33027381 2259
45904238 2259
2004160 2259
10402838 2259
276179 2259
5142451 2259
15320148 2259
12490156 2259
119759 2259
91085 2259
1569909 2259
3423272 2259
11077150 2259
33055570 2259
5534274 2259
3099662 2259
33055564 2259
5190295 2259
9623327 2259
1766564 2259
12929977 2259
41301253 2259
11548770 2259
1552171 2259
2718006 2259
33054576 2259
91106 2259
2167340 2259
33054253 2259
1246188 2259
33054691 2259
11984562 2259
782910 2259
512184 2259
1569789 2259
3496147 2259
1246183 2259
33054868 2259
2340402 2259
33054347 2259
2739557 2259
33054584 2259
146511 2259
3496149 2259
10402849 2259
5142529 2259
760825 2259
1741983 2259
33054567 2259
1544061 2259
2125453 2259
310491 2259
13405170 2259
2010414 2259
8755902 2259
1147528 2259
12641976 2259
11984606 2259
3798338 2259
28176463 2259
13330090 2259
769478 2259
276405 2259
2125454 2259
418037 2259
1010431 2259
1569856 2259
5523270 2259
9398147 2259
5142429 2259
5142420 2259
33054370 2259
5142461 2259
1136774 2259
33054545 2259
294761 2259
2571402 2259
1766551 2259
33054259 2259
12489109 2259
2428464 2259
3259468 2259
462331 2259
1223203 2259
1339036 2259
33054288 2259
276308 2259
33054814 2259
2411894 2259
1552236 2259
783547 2259
586748 2259
33027367 2259
3397589 2259
1919900 2259
1207401 2259
12014203 2259
310227 2259
783433 2259
2066406 2259
1191667 2259
276384 2259
10409480 2259
2411882 2259
12014124 2259
41315261 2259
41315354 2259
276354 2259
39778831 2259
2824641 2259
10269562 2259
1569595 2259
1191666 2259
1246190 2259
13421934 2259
11745517 2259
32915530 2259
28632611 2259
13481265 2259
41315242 2259
41315422 2259
2167351 2259
33054478 2259
39815043 2259
3099633 2259
33054297 2259
276687 2259
13517328 2259
1126947 2259
146494 2259
33054317 2259
462301 2259
39827618 2259
3439046 2259
1126951 2259
146498 2259
11997574 2259
1126949 2259
3462715 2259
39812903 2259
8015389 2259
146507 2259
33054173 2259
2783635 2259
2852145 2259
783097 2259
33055282 2259
33055290 2259
5142440 2259
507730 2259
30201382 2259
2412036 2259
418100 2259
276700 2259
844291 2259
29818748 2259
844098 2259
1655017 2259
33054905 2259
28591624 2259
3093556 2259
4869481 2259
1110229 2259
1137055 2259
1246182 2259
276381 2259
5534254 2259
1655003 2259
5882326 2259
1919911 2259
1520643 2259
10402903 2259
739996 2259
1138990 2259
276355 2259
1766561 2259
769475 2259
783294 2259
783320 2259
2191054 2259
2125348 2259
2411883 2259
1552114 2259
586749 2259
586750 2259
586751 2259
3798339 2259
1058103 2259
276686 2259
769474 2259
1552112 2259
586753 2259
2760646 2259
769479 2259
470267 2259
12163882 2259
1569590 2259
1766549 2259
10617521 2259
1318228 2259
1246187 2259
28444819 2259
28632419 2259
28591489 2259
1126964 2259
6971316 2259
14467192 2259
276217 2259
5247996 2259
33054890 2259
5142460 2259
2976368 2259
39850230 2259
349472 2259
5142470 2259
78283 2259
5142530 2259
1512117 2259
12343448 2259
276351 2259
28182029 2259
29828487 2259
418102 2259
1552189 2259
39880373 2259
1126950 2259
11779755 2259
10409445 2259
33054266 2259
2010415 2259
3329411 2259
5142600 2259
844293 2259
28451859 2259
1290131 2259
11984553 2259
33054461 2259
2206395 2259
151851 2259
5259730 2259
5880206 2259
2167354 2259
3197970 2259
33054934 2259
1290129 2259
33054676 2259
783196 2259
3666593 2259
39868565 2259
33055689 2259
276306 2259
1352419 2259
45904241 2259
10676841 2259
33054378 2259
3854104 2259
13394049 2259
2002954 2259
12010414 2259
11992440 2259
1191643 2259
844294 2259
1207400 2259
3394719 2259
1081026 2259
8866200 2259
10241877 2259
30132181 2259
33055522 2259
33055508 2259
8618960 2259
276342 2259
39863984 2259
33027406 2259
13407799 2259
33055696 2259
28180279 2259
33055529 2259
1521068 2259
783135 2259
35514191 2259
2854456 2259
30119335 2259
28173582 2259
1352427 2259
33054912 2259
12005881 2259
39791619 2259
39845646 2259
11990100 2259
7915789 2259
3050493 2259
78269 2259
33054971 2259
33054560 2259
33055044 2259
1223204 2259
33054414 2259
12013542 2259
1352424 2259
33054993 2259
10402802 2259
39827100 2259
1223205 2259
33027414 2259
33055661 2259
783136 2259
11988560 2259
33055655 2259
33055059 2259
28591596 2259
1552175 2259
33054986 2259
33054385 2259
39882933 2259
33055635 2259
5172942 2259
1569594 2259
8681086 2259
1223200 2259
11984640 2259
13480719 2259
33055642 2259
13489955 2259
783139 2259
39831008 2259
39880548 2259
1352421 2259
783093 2259
39805126 2259
5697847 2259
1352428 2259
783140 2259
12013155 2259
33054399 2259
33054926 2259
12157106 2259
33055154 2259
1569597 2259
7036173 2259
33055682 2259
1290126 2259
1714961 2259
1352429 2259
1110233 2259
13269920 2259
30161227 2259
28182047 2259
33054181 2259
201298 2259
30746289 2259
91107 2259
12208875 2259
10409538 2259
1318229 2259
3329794 2259
28170563 2259
29927194 2259
29972352 2259
5606890 2259
39829805 2259
39821824 2259
30127416 2259
5142449 2259
30080990 2259
30009264 2259
5142528 2259
33054311 2259
28177771 2259
29761106 2259
2136879 2259
6988515 2259
39847606 2259
5142483 2259
33054273 2259
3496151 2259
29891521 2259
2776993 2259
5142513 2259
12488144 2259
29794512 2259
5142532 2259
1135643 2259
507888 2259
452111 2259
7439069 2259
1982341 2259
616111 2259
786750 2259
276650 2259
276615 2259
78328 2259
748660 2259
11166355 2259
33055614 2259
2228020 2259
78284 2259
769391 2259
12489261 2259
91088 2259
3112408 2259
2033699 2259
2577367 2259
539549 2259
399757 2259
2125343 2259
520234 2259
2010407 2259
276205 2259
131441 2259
1058101 2259
844223 2259
2040608 2259
310545 2259
520385 2259
614310 2259
192098 2259
8058639 2259
1177257 2259
844334 2259
39823746 2259
12006570 2259
2976366 2259
499979 2259
13484357 2259
33054143 2259
470282 2259
28444734 2259
2832676 2259
5143375 2259
28177279 2259
13394251 2259
29908320 2259
29925952 2259
8857490 2259
12010148 2259
2941561 2259
3039613 2259
8398170 2259
30210493 2259
470276 2259
33054493 2259
13392968 2259
33055648 2259
15412282 2259
14334573 2259
554594 2259
29981503 2259
41315404 2259
41315203 2259
13152583 2259
8863368 2259
783467 2259
33027433 2259
5797791 2259
41315284 2259
684861 2259
39855280 2259
28632635 2259
41315407 2259
36811 2259
262546 2259
46589 2259
1569307 2259
160073 2259
28726843 2259
2404332 2259
13363401 2259
159297 2259
2821494 2259
5690615 2259
276323 2259
33055588 2259
1147535 2259
91108 2259
1147523 2259
2903793 2259
28726832 2259
1147526 2259
10409455 2259
1147534 2259
2010412 2259
1201195 2259
554792 2259
462332 2259
91089 2259
1147522 2259
2018274 2259
276176 2259
5372887 2259
2852141 2259
2152677 2259
2756515 2259
783506 2259
1147536 2259
5157813 2259
1147531 2259
1655005 2259
2373652 2259
551140 2259
1232913 2259
221943 2259
2803181 2259
520612 2259
310488 2259
2206542 2259
1569809 2259
2181590 2259
783423 2259
3423271 2259
5143376 2259
783314 2259
1569324 2259
3220788 2259
783395 2259
554608 2259
1569919 2259
783398 2259
1549255 2259
29753976 2259
2018333 2259
91091 2259
1919890 2259
15641641 2259
1766560 2259
2167367 2259
418107 2259
586752 2259
33054845 2259
5708774 2259
1569360 2259
1569808 2259
1058026 2259
2428526 2259
1159024 2259
342593 2259
10362965 2259
10241865 2259
33055536 2259
1126961 2259
28174563 2259
33055515 2259
15481796 2259
15311732 2259
494479 2259
13503057 2259
7705110 2259
33054897 2259
1126966 2259
574502 2259
1318174 2259
131455 2259
6562367 2259
159293 2259
1570003 2259
276699 2259
2018343 2259
1569910 2259
2429156 2259
1569908 2259
1569840 2259
1523213 2259
1147520 2259
1552097 2259
1162088 2259
1552099 2259
1147538 2259
783482 2259
783396 2259
2786181 2259
78264 2259
276305 2259
78287 2259
78257 2259
78286 2259
77079 2259
78265 2259
2941560 2259
2203576 2259
1222216 2259
499867 2259
1223198 2259
307285 2259
276304 2259
1252173 2259
783426 2259
159295 2259
936062 2259
3112453 2259
78263 2259
3039581 2259
1655004 2259
769465 2259
1162082 2259
783091 2259
783390 2259
2850219 2259
2167360 2259
2167343 2259
1569593 2259
1569664 2259
1569660 2259
13004105 2259
8880503 2259
1290130 2259
3750798 2259
1569693 2259
7427566 2259
1569663 2259
1058046 2259
1520454 2259
91078 2259
10973730 2259
2167353 2259
1373450 2259
33054210 2259
1187678 2259
12243757 2259
3331981 2259
41315328 2259
12841249 2259
2553217 2259
33054195 2259
159307 2259
12200819 2259
276183 2259
33054202 2259
33054218 2259
1187612 2259
1187579 2259
30075562 2259
11999726 2259
10409498 2259
8909530 2259
1223201 2259
29884290 2259
12657128 2259
15056263 2259
12009908 2259
33054324 2259
12651111 2259
276407 2259
6941800 2259
28763666 2259
13065341 2259
33055673 2259
7934148 2259
15529454 2259
33054421 2259
33055667 2259
2167350 2259
482258 2259
10243868 2259
1203074 2259
30005682 2259
12312325 2259
2941583 2259
30171895 2259
131397 2259
837289 2259
33054653 2259
31773746 2259
33054391 2259
33055542 2259
783353 2259
507808 2259
276216 2259
3881589 2259
554636 2259
554635 2259
2154252 2259
1277502 2259
554630 2259
14320 2259
2824638 2259
29945709 2259
2066379 2259
7929706 2259
2066402 2259
12340690 2259
2066404 2259
2066403 2259
1949332 2259
2024554 2259
554693 2259
1277647 2259
181912 2259
2168003 2259
2126556 2259
2129576 2259
2129577 2259
8919970 2259
28184932 2259
12065 2259
12513040 2259
12166331 2259
12007848 2259
33053400 2259
33053382 2259
12187248 2259
28591386 2259
6600226 2259
33053375 2259
41315324 2259
497799 2259
33053391 2259
18008 2259
127213 2259
764861 2259
2392412 2259
39036 2259
2467 2259
204226 2259
1159706 2259
413331 2259
28726828 2259
28444717 2259
2411887 2259
31773845 2259
13397846 2259
15319893 2259
1121709 2259
475387 2259
528023 2259
149099 2259
161355 2259
1188436 295310
728603 295310
10207703 731249
243402 731249
2197987 2934364
10134865 515510
44126049 5290320
4727 4732
2087371 2262754
2087372 2262754
1388905 2262754
4050 40818
14977824 4933401
8317 2442
31773788 31773791
85743 293169
29974101 9082767
2513683 1676236
77792 22926
8579175 8579177
944 13448
1237 15985
1047590 15985
422949 15984
1652242 15984
1064595 15984
2016537 15984
1652241 15984
41860196 15984
1237 15984
1140215 15984
465117 15984
1070331 15984
1652244 15984
1070250 15984
840854 15984
14940 79354
157486 75429
765065 1549174
13300 76148
29768343 76148
29858954 76148
45904243 567071
30155822 14531
29834589 14531
29834592 14531
30058284 14531
29762443 14531
30108686 14531
30130513 14531
43859 14531
29822368 14531
963859 14531
30200769 14531
954 14531
30082801 14531
30212715 14531
185123 14531
527974 14531
963861 14531
527975 14531
1820936 7378
29816927 7378
3543449 7378
40251182 7378
31847420 7378
513239 7378
963859 7378
15675115 7378
2359 7378
14947 7378
45904245 7378
29889912 7378
2365767 7378
29860276 7378
11186 7378
4356 7378
36531 7378
39820841 7378
72164 7378
924 7378
59036 7378
45206031 7378
206267 7378
39822905 7378
45904247 10132681
4049636 594238
197815 594238
257976 594238
28761976 14886706
28761975 14886706
45837250 14906535
41301253 274795
922 11009
152288 480652
45904248 9754118
9719584 9719586
538831 1258854
154322 487407
487406 487407
472374 1142589
469427 1137466
31773392 80999
15632 80999
469498 1137562
1238592 530533
311116 845475
311956 69240
76149 271098
927 11604
36340231 10159431
2398 29004
1695708 29004
1922011 29004
311117 29004
311125 29004
311124 29004
91262 29004
3916808 4128161
197815 159370
4926940 159370
257976 159370
43512751 1314745
2356 24893
24920 24893
65726 253146
712668 1471520
153488 484302
76149 271063
35014 138729
477822 1151443
2391 28464
2470 34691
56810 185122
185127 185122
43859 185122
527974 185122
45876248 484299
153488 484299
149652 471940
30173359 9751001
4049636 59962
197815 59962
31773693 59962
257976 59962
153488 484303
119802 382367
382387 382367
172152 382367
991968 382367
2397 28915
929 11798
28167830 11798
7357 11798
2401704 432675
138692 432675
2499134 432675
1354359 2227960
2366560 2227960
6477 58218
2366 25965
7229 59596
1144673 2015615
31773562 2015615
29749404 135422
31773404 135422
200835 135422
31773693 2362723
205236 613835
4053 40941
898 8182
30161611 197893
292014 197893
45904249 197893
32482 133996
6296980 133996
30499970 133996
35014 133996
247160 133996
43235648 133996
12279835 133996
39873 133996
157081 133996
46071 197926
3916808 197926
30145775 197926
45904221 4825
614146 4825
2399 29112
7357 29112
28194916 12737
938 12737
30161611 7367
292014 7367
963 7367
920 7367
137866 430823
477821 75628
147252 75559
45904250 75559
153488 75559
147241 75559
30163948 77616
163963 77616
1081716 77616
163952 77616
35047807 2727656
761684 11007
71838 11007
922 11007
981411 1824740
2025730 2445804
43235648 2445804
36558457 2445804
1070252 1933200
132192 419164
981411 419164
31773437 31059
31773620 31059
31773605 31059
31773436 31059
2421 31059
30164857 1069067
426191 1069067
232709 712980
469427 712980
163389 513797
4085002 513797
277681 14893
15322 14893
4362473 14893
261217 757660
4086419 757660
1169016 490964
31773621 490964
31773659 1179784
31773681 1179784
495892 1179784
35131 35129
2499 35129
138950 35129
2405 29709
243410 731329
9681266 73025
2666971 73025
2400 29227
850542 1665440
944 13447
36869797 7903392
311123 845547
148835 469525
28217665 469525
45876463 469525
35004 138562
7357 59864
2349645 90924
18005 90924
8555181 90924
2779657 90924
4410491 90924
45904251 90924
80850 280916
13345031 7314703
133455 421829
13504308 128567
232709 712981
469427 712981
614146 1352151
717147 1476339
30787650 1476339
212823 135481
3622960 3305374
31773659 553027
495892 553027
2426 31514
6490 58300
62294 243623
8555181 658864
6615039 658864
314427 658864
10530 7377
2392410 7377
35042003 7377
918 7377
67098 255462
235314 405693
2409 23838
2344 23838
23840 23838
9937710 23838
23851 23838
2392408 23838
311123 845546
2087372 484306
153488 484306
469427 484306
929 11802
1064595 1928155
1652241 1928155
1064599 1928155
1070250 1928155
1070252 1928155
9816 68600
37692698 10167442
28763025 10167437
30189775 63924
8191 63924
311817 63924
67098 4170
41562 4170
30763649 4207765
613702 71067
15322 80297
7357 59863
1248468 28698
2394 28698
2406 11796
929 11796
2384 27765
608690 1345524
77520 274768
2393 28630
45904252 7379
35855139 7379
10836482 7379
153488 484300
212823 74830
3922604 74830
31773759 74830
7392 61187
10241183 9753785
7357 59867
185127 571459
185126 571459
712668 571459
28191926 243400
426047 243400
62217 243400
845477 29530
91262 29530
2403 29530
940 12968
31773701 241082
28167993 11795
929 11795
7357 11795
944 13446
433912 1080876
205235 613794
2383 27664
45837248 45837249
4913055 138563
1009494 138563
35004 138563
40943 169371
3166430 3634799
929 11797
7357 11797
2404 11794
929 11794
7357 11794
895 7770
1475627 2343714
40045064 40045067
981411 1824742
4049636 4212011
33162771 4212011
4425909 2611222
4273140 2611222
2383 27663
981411 1824738
2383 27662
31773632 10134100
26351 128700
128703 128700
720618 1480551
3573520 1480551
3573508 1480551
839880 1650938
30207985 1650938
2696320 3294410
2200968 223117
246687 736063
1079771 1941196
1232063 379523
145676 379523
527976 379523
1060724 240835
12838 3906
517967 3906
40290 3906
31773647 3906
1669762 3906
31773585 3906
3405812 3906
981411 1824739
144653 456679
4905333 4905339
137866 430822
212348 647273
893 7581
2337 23259
23264 23259
1060724 1922256
3705776 3994432
46058 16801
1060724 16801
5509018 16801
147311 16801
1276666 16801
594237 16801
3377560 422608
31773426 422608
580622 422608
2936585 422608
4926940 816537
2433037 816537
2401704 3092075
1475627 2343715
3705776 2343715
981411 1824741
7357 59866
33162479 2433075
646049 1386892
2870042 3420166
10189214 3420166
34932637 3420166
10189471 3420166
10189539 3420166
10189292 3420166
10404190 3420166
3417208 543708
1975240 543708
42780 176615
32942125 3966289
2335329 24197
7784 24197
2352 24197
2349 24197
13064 24197
45837247 46065
2401 29342
31773819 29342
2864550 3415270
3283162 3415270
134447 423341
1660739 2500341
1291170 2168383
614146 1352152
157135 495888
850542 1665439
8697 65722
65726 65722
45904253 487400
45872145 484305
31773730 484305
153488 484305
31773679 484304
45872145 484304
45877103 484304
153488 484304
31773851 10141143
31773689 10141143
414734 128568
2206902 7376
267352 7376
45904254 7376
45904255 7376
45904256 7376
45904257 7376
45904258 7376
3475635 7376
768984 7376
10003331 7376
8555181 7376
45904259 7376
45904260 7376
30007447 7376
36410500 7376
483839 7376
30235827 7376
884 6487
2450 33762
56568 9940
2276644 9940
253159 9940
913 9940
72166 86520
580622 86520
1232063 86520
32482 77725
1063944 77725
422791 77725
29806908 77725
29845254 77725
43235648 77725
36558457 77725
29835839 77725
63859 77725
34727941 9752805
1475627 2343717
1475627 2343716
3573520 2343716
884 6486
495890 1179729
495889 1179729
1060724 1922258
31773689 11661046
132192 419163
3573508 419163
45876771 484298
153488 484298
2359 25226
731660 1502868
1064513 1927982
45904261 9719596
899 8319
2982878 2147589
1271835 2147589
41315990 11660983
11185 72168
1081716 72168
77792 72168
733724 72168
12349046 9752784
11004 71622
1987967 2759738
153488 484307
11030 11044
71838 11044
929 11803
1060724 1922255
4926940 1922255
8697 65721
153488 484301
15675585 1297692
580622 1297692
4360867 1297692
4926942 4926980
4905333 4905338
235506 720156
196453 591102
41583 2263
30175968 10157328
480645 2830
133455 2830
500874 2830
31773769 2830
72166 2830
41812 2830
36655 2830
145679 2830
965 2830
39396 2830
66502 2830
77088 2830
41315982 2830
185127 2830
1063879 2830
41562 2830
30001 2830
154322 2830
1499907 2830
67655 2830
2401704 2830
43227112 2830
46058 2830
712668 2830
32993365 2830
1232063 2830
32946914 2830
453193 2830
145673 2830
145676 2830
33580427 2830
138692 2830
527976 2830
591038 2830
646049 2830
34370533 2830
871937 2830
12362099 2830
2336764 2830
1057750 2830
480645 124078
2864549 124078
2864550 124078
2412 30266
528808 1237951
2401705 3092084
1232070 615720
206086 615720
41315990 41315991
35014 138730
31773659 10141231
149915 472549
1232063 1063451
4425919 4470137
45904219 340153
30175968 689877
6006184 689877
274795 779980
8317 958
2720752 3313380
48246 8053
897 8053
2349 8053
13064 8053
938 12738
31773689 11661132
44128490 28307840
12349046 10154781
79085 277581
34172691 10160145
145664 459529
45904262 43722558
1543179 498797
947 13791
8188 13791
246795 13791
29795899 13791
2339 8997
2401 8997
2380 8997
2382 8997
455540 8997
8862 8997
90445 8997
1533883 8997
2471 8997
31773779 8997
35194 8997
1533887 8997
1533889 8997
1533888 8997
14237445 8997
29735356 8997
29345 8997
31773422 8997
9017 8997
2902759 8997
63288 8997
7803 8997
31773800 8997
29889912 8997
5382590 8997
30096189 8997
34777 8997
121576 8997
6808 8997
7784 8997
31773819 8997
958 8997
904 8997
33711353 8997
246687 8997
36269286 8997
36267993 8997
34250888 8997
34245943 8997
940 8997
260280 8997
137866 8997
45904263 8997
30207985 8997
434534 8997
129288 8997
63440 8997
2364 8997
28279329 8997
2370 8997
34416332 10140996
48246 8052
50077 8052
897 8052
45904264 8052
2349 8052
13064 8052
455540 1508
45904265 1508
30373022 1508
260655 1508
4071418 1508
847008 1508
90318 1508
11030 1508
914 1508
10061 1508
338291 1508
9642326 1508
13475979 1508
69990 1508
2755636 1508
311956 1508
1137466 469427
715210 1474371
31084482 1474371
36385368 1507623
963859 23886
25466748 10149715
235506 106595
229580 706603
495741 15986
1137402 15986
1237 15986
469354 15986
148781 15986
467187 15986
1061214 15986
421450 15986
1461397 15986
426589 15986
1061213 15986
1061215 15986
55174 15986
840852 15986
495804 15986
155804 15986
469352 15986
1137396 15986
469351 15986
703386 15986
2377 27053
30155822 27053
29834589 27053
29834592 27053
30058284 27053
29762443 27053
30108686 27053
30130513 27053
30133411 27053
29822368 27053
963859 27053
30200769 27053
30082801 27053
30212715 27053
3572667 3084568
513239 1211380
28302431 1211380
963859 1803434
45904233 9749755
138570 432345
762667 264360
34727941 9752029
45904267 43755232
5427 7366
205369 7366
29802247 7366
30214565 7366
44130638 7366
45904268 7366
2943835 7366
149521 7366
134979 33642
423929 33642
135076 33642
3061157 33642
135046 33642
261214 33642
261213 33642
1539801 33642
1388948 33642
1142118 33642
731058 33642
2982878 33642
1502325 33642
1108360 33642
548944 33642
2366543 33642
2779626 33642
1980700 33642
1502320 33642
472013 33642
2366560 33642
2366561 33642
2262818 33642
1271835 33642
3061124 33642
2366545 33642
2013493 33642
1065970 33642
261212 33642
134972 33642
9566969 33642
62124 33642
134981 33642
424095 33642
2449 33642
37707 7370
153307 7370
8555181 7370
7284609 7370
29968374 7370
13966133 7370
29986939 7370
937 7370
85743 7370
483839 7370
45904269 7370
963 7370
910 7370
199795 7370
35460386 13380021
2350 24283
45904270 9751058
45904267 43767258
31773761 7375
797491 7375
1099095 7375
285885 7375
455540 7375
134576 7375
160021 7375
111074 7375
33134817 7375
33054920 7375
41812 7375
110780 7375
193684 7375
1507819 7375
2136692 7375
31773772 7375
160022 7375
1291026 7375
1291170 7375
31773548 7375
39396 7375
67099 7375
8894 7375
2848348 7375
41315466 7375
33054923 7375
67098 7375
41287505 7375
12161842 7375
66594 7375
30001 7375
963859 7375
2902759 7375
2401704 7375
1533892 7375
2442 7375
8856 7375
28218323 7375
41330499 7375
8859 7375
8860 7375
275501 7375
954636 7375
29889912 7375
31773512 7375
4994738 7375
59428 7375
42855 7375
747604 7375
607659 7375
1050970 7375
5382590 7375
798235 7375
3622960 7375
903 7375
13268690 7375
41332342 7375
34256676 7375
31773569 7375
34795446 7375
952 7375
545416 7375
453193 7375
958 7375
255468 7375
138692 7375
473332 7375
527976 7375
39588285 7375
36875338 7375
121364 7375
4133388 7375
13435732 7375
356686 7375
1106903 7375
1191459 7375
13328372 7375
13414926 7375
10411166 7375
13364500 7375
41301253 7375
10411156 7375
4012227 7375
952749 7375
616471 7375
2191048 7375
206603 7375
616621 7375
357600 7375
1354842 7375
616699 7375
1785488 7375
286185 7375
1275820 7375
5752665 7375
2191050 7375
1785486 7375
4012658 7375
1783898 7375
206615 7375
1979063 7375
954677 7375
1785475 7375
2602068 7375
1783971 7375
954698 7375
954696 7375
206613 7375
1589242 7375
798176 7375
954661 7375
1785554 7375
954694 7375
1785498 7375
2602067 7375
1478705 7375
1785510 7375
1785502 7375
2602051 7375
2602021 7375
1354941 7375
4190164 7375
616465 7375
1354775 7375
3738567 7375
2602048 7375
206599 7375
616491 7375
616657 7375
2602052 7375
1785382 7375
1354816 7375
1785501 7375
1785477 7375
286180 7375
1354771 7375
1355003 7375
206605 7375
206606 7375
110781 7375
2602019 7375
2602170 7375
206598 7375
206607 7375
206614 7375
954693 7375
1785398 7375
4190522 7375
1354772 7375
2832698 7375
616467 7375
954648 7375
206611 7375
1354815 7375
616462 7375
206608 7375
954700 7375
357601 7375
1785490 7375
616470 7375
11431341 7375
954684 7375
1124389 7375
206616 7375
206617 7375
357602 7375
1783897 7375
1320372 7375
616503 7375
13433569 7375
1354786 7375
1785552 7375
552697 7375
954699 7375
1785511 7375
357604 7375
356687 7375
1354928 7375
357603 7375
1785499 7375
954680 7375
954678 7375
616644 7375
464083 7375
357597 7375
206610 7375
954692 7375
206604 7375
2602160 7375
1354784 7375
1354769 7375
954695 7375
1275819 7375
206612 7375
616567 7375
1354943 7375
616684 7375
206600 7375
1354796 7375
616579 7375
616658 7375
798174 7375
798177 7375
616490 7375
616698 7375
1354773 7375
1354774 7375
1355052 7375
356688 7375
48214 7375
954676 7375
616647 7375
2602049 7375
3926098 7375
616645 7375
954665 7375
952730 7375
798234 7375
616688 7375
1785459 7375
2602186 7375
616464 7375
1144673 7375
28218324 7375
2467 7375
31773562 7375
199052 7375
954697 7375
40764180 7375
30763649 7375
1350566 7375
41315468 7375
134576 7361
14096 7361
77779 7361
48132 7361
1063879 7361
2440 7361
949 7361
31773512 7361
36558518 7361
1977809 7361
12577292 7361
13268690 7361
958 7361
29956823 7361
41301253 7361
13438246 7361
464083 7361
2357 25044
2986139 1392634
650570 1392634
2336764 3037324
32804181 9117
12942493 9117
30756010 9117
39482552 9117
704588 9117
228739 9117
228984 9117
12077546 9117
2894307 9117
2690396 9117
228728 9117
3817674 9117
2354 9117
7384755 9117
30746490 9117
28435379 9117
30768712 9117
7384753 9117
905 9117
10000373 9117
30750578 9117
25458597 9117
31773496 9117
30104920 9117
154294 9117
36310508 9117
704758 9117
704759 9117
704754 9117
704760 9117
8998619 9117
849303 9117
843409 9117
55596 9117
1654250 9117
370604 9117
372676 9117
202686 9117
50123 9117
34416332 6467277
2338376 3038366
1060724 1276665
71838 11006
922 11006
556 4728
911 4728
937 4728
6218 4728
7775 4728
2037439 2800684
318210 1561
154569 1561
73392 1561
65194 1561
3582760 1561
2997 1561
8462 1561
3582761 1561
30159475 1561
28158414 1561
8469 1561
34365 1561
41321244 1561
7155936 1561
984 1561
136441 1561
73311 1561
2902759 1561
45904271 1561
2409 1561
432364 1561
128574 1561
3916083 1561
31773786 1561
62047 1561
30212402 1561
35193 1561
1015794 1561
36888 1561
2344 1561
23840 1561
9937710 1561
79012 1561
8640272 1561
23839 1561
2409260 1561
34416332 1561
23851 1561
45904272 1561
7791 1561
14431 1561
900 1561
31773713 1561
445911 1561
90204 1561
6808 1561
958 1561
73327 1561
2392408 1561
62048 1561
28271221 1561
12321077 1561
28275278 1561
956 1561
145664 1561
953 1561
765065 1561
1570109 1561
538831 1561
486281 1561
36891 1561
147383 1561
13278440 1561
145936 1561
4360867 4107309
895 6179
781 6179
29726229 6179
39993 6179
5023467 6179
37895850 6179
1933201 1070252
1933200 1070252
927 11558
36385368 36385370
10207703 4724
469300 4724
28657186 4724
13496452 4724
30050822 4724
28186687 4724
34186086 4724
556 4724
29851299 4724
29851302 4724
29995044 4724
1063944 4724
8880 4724
29915998 4724
119830 4724
136377 4724
32399 4724
133343 4724
32210 4724
29818404 4724
28191926 4724
136378 4724
4746 4724
150825 4724
3027 4724
29807042 4724
29920651 4724
45904273 4724
30163555 4724
29998253 4724
45904276 4724
29969139 4724
29920654 4724
30036590 4724
29905103 4724
29784592 4724
31773565 4724
35013 4724
56568 4724
1008905 4724
754688 4724
45904279 4724
10230 4724
2458 4724
29856441 4724
10673030 4724
2008966 4724
84316 4724
773268 4724
2486267 4724
163963 4724
939 4724
30006812 4724
31773400 4724
12862 4724
12490017 4724
43020 4724
36297771 4724
31773475 4724
30089087 4724
259925 4724
31773358 4724
29868863 4724
761800 4724
36537757 4724
12863 4724
10977027 4724
33215 4724
28202213 4724
138718 4724
422791 4724
13139498 4724
82814 4724
38311 4724
32110 4724
29365271 4724
29831376 4724
8004348 4724
4735 4724
845748 4724
43544421 4724
308236 4724
30105754 4724
164535 4724
13850921 4724
28367979 4724
30030753 4724
30035513 4724
29763579 4724
29653196 4724
2437 4724
35014 4724
28211807 4724
1169016 4724
30215912 4724
155162 4724
164446 4724
32017 4724
3251670 4724
28278323 4724
30056869 4724
29789526 4724
30192665 4724
30022087 4724
11200585 4724
1480495 4724
45904282 4724
29995936 4724
29968534 4724
31773426 4724
1051715 4724
30030204 4724
29819281 4724
30051240 4724
29880231 4724
29869271 4724
29812490 4724
29905772 4724
30193920 4724
30037703 4724
29982851 4724
29765395 4724
29971093 4724
29862986 4724
30103620 4724
30029809 4724
30022093 4724
30021025 4724
29838740 4724
30085557 4724
30042601 4724
29938515 4724
29840150 4724
29883246 4724
29897211 4724
30058453 4724
29820604 4724
134251 4724
33320 4724
2025730 4724
29689152 4724
42181 4724
30174872 4724
11617265 4724
45904285 4724
3317155 4724
157135 4724
10946260 4724
29698905 4724
147252 4724
30162895 4724
30194162 4724
32825754 4724
552602 4724
495890 4724
29824524 4724
30051277 4724
29945982 4724
34142295 4724
29743632 4724
45904287 4724
29900743 4724
31773362 4724
34178702 4724
44150394 4724
12843 4724
29976841 4724
29857512 4724
45904290 4724
30083758 4724
13579 4724
28217357 4724
31773364 4724
31773851 4724
75591 4724
2444 4724
8188 4724
8191 4724
31773795 4724
30164857 4724
3130127 4724
1859098 4724
36558457 4724
29853451 4724
29898397 4724
1327234 4724
31121343 4724
41326442 4724
29889912 4724
33655275 4724
34413005 4724
39479810 4724
163304 4724
33655280 4724
4752 4724
30743070 4724
63868 4724
246795 4724
12836 4724
45904293 4724
13796 4724
274674 4724
41311026 4724
372795 4724
149230 4724
2480 4724
148834 4724
469498 4724
29913488 4724
30039198 4724
34204837 4724
148835 4724
30167476 4724
29962803 4724
29653834 4724
34185796 4724
30152506 4724
30148329 4724
29892252 4724
43233371 4724
48019 4724
30206389 4724
30043556 4724
36860612 4724
762774 4724
8175163 4724
29688238 4724
31923742 4724
29792268 4724
30143909 4724
14439268 4724
29701335 4724
28268440 4724
30095476 4724
36411218 4724
33092343 4724
2659481 4724
29653046 4724
30066175 4724
31773404 4724
29685857 4724
28273209 4724
29746430 4724
29627372 4724
45904295 4724
45874481 4724
1351482 4724
34191470 4724
29809414 4724
35460386 4724
30144522 4724
30177402 4724
29633872 4724
29746480 4724
29662834 4724
29986434 4724
3690022 4724
29960100 4724
8868 4724
29858476 4724
29695183 4724
29816800 4724
30014478 4724
29690186 4724
30174272 4724
29870966 4724
36411293 4724
45904296 4724
29653405 4724
34156309 4724
30044689 4724
30177438 4724
2903165 4724
30723836 4724
30154164 4724
45873130 4724
30061677 4724
28656306 4724
34453338 4724
29986502 4724
29613362 4724
29661618 4724
45904299 4724
29853120 4724
33249625 4724
37042 4724
29921746 4724
45874922 4724
30216868 4724
30009646 4724
29848617 4724
36336701 4724
29888789 4724
33554155 4724
29768615 4724
45876656 4724
29628933 4724
31143309 4724
30160000 4724
45876703 4724
29961673 4724
45904300 4724
30123320 4724
29683943 4724
30028967 4724
29683657 4724
29964834 4724
29972625 4724
29689154 4724
2191196 4724
45904301 4724
34206073 4724
29630538 4724
29776098 4724
31773621 4724
45874597 4724
1926841 4724
45876815 4724
29999169 4724
30177518 4724
30775644 4724
29797833 4724
45876830 4724
45904302 4724
30048814 4724
29942206 4724
28729857 4724
4995027 4724
36411472 4724
2007568 4724
30104986 4724
45881843 4724
29898719 4724
30003316 4724
45874773 4724
29628702 4724
36383404 4724
45904303 4724
30060315 4724
45876984 4724
45876993 4724
37458 4724
29851698 4724
45877027 4724
29653109 4724
259924 4724
29977204 4724
29851706 4724
2188977 4724
37185 4724
9842 4724
153488 4724
147241 4724
148829 4724
426191 4724
13654234 4724
311817 4724
232709 4724
469427 4724
477822 4724
314610 4724
398896 4724
157554 4724
34307 4724
477821 4724
157486 4724
28218753 4724
28277705 4724
264360 4724
28387316 4724
144481 4724
243402 4724
36532 4724
308153 4724
30152987 4724
24804 4724
495892 4724
28660117 4724
2813470 4724
495889 4724
4366 4724
243410 4724
169372 4724
40943 4724
169374 4724
29653323 4724
200835 4724
169381 4724
4280384 4724
4775950 4724
30761704 4724
40001 4724
163952 4724
595653 4724
45352 4724
420439 4724
12832 4724
132817 4724
966 4724
7775 4724
29637720 4724
40948 4724
4053 4724
2467 4724
2435 4724
7402 4724
28663603 4724
143577 4724
63859 4724
29926391 4724
3775097 4724
92570 4724
37231 4724
62217 4724
2389 11437
304771 11437
926 11437
1236656 11437
419841 11437
4122317 11437
11465109 11437
61502 11437
13264736 11437
246687 11437
930 11437
34677 11005
42135989 11005
15845638 11005
2471 11005
68871 11005
1095676 11005
45904306 11005
29889912 11005
5382590 11005
34777 11005
9842 11005
1081026 11005
4280384 11005
69990 11005
2755636 11005
711051 11005
963 11005
966 11005
7402 11005
1050908 11005
922 11005
35004 11005
45336 14937
2436 14937
2358 14937
127752 14937
47470 14937
731667 14937
958 14937
10188105 14937
10404344 14937
41301253 14937
25130 14937
25142 14937
28279557 14937
4360867 4423781
29983903 6928
846392 6928
6956 6928
4904059 6928
59335 6928
2025730 6928
30207646 6928
29915294 6928
888 6928
59273 6928
31773812 6928
29935006 6928
958 6928
733724 6928
29782767 6928
890 7096
31773856 7096
302 2100
2452 2100
7357 59869
149253 13555
317693 13555
45875539 13555
3970862 13555
41812 13555
13345031 13555
2904808 13555
1922008 13555
77088 13555
12474389 13555
13578 13555
2902759 13555
13589 13555
147974 13555
13579 13555
30149025 13555
37290 13555
2011837 13555
2480 13555
945 13555
958 13555
14326966 13555
37269 13555
31773371 13555
1124403 13555
41301253 13555
77079 13555
45352 13555
39897971 13555
175391 13555
41325707 13555
587529 13555
267353 118863
2349645 118863
71821 118863
29785360 118863
45904307 118863
39876959 118863
8555181 118863
29807031 118863
29978025 118863
3484017 118863
45904308 118863
45904309 118863
45904310 118863
45904311 118863
45904312 118863
29949115 118863
45904313 118863
483839 118863
30135895 118863
30129399 13792
136377 13792
77467 13792
947 13792
8188 13792
8191 13792
246824 13792
33162771 13792
274674 13792
30163626 13792
29994024 13792
45873130 13792
45881843 13792
34307 13792
752729 13792
13795 13792
67655 171753
45904314 37855766
138647 432618
31773371 54152
691237 54152
45352 54152
420439 54152
1259304 31800
420962 31800
2446 31800
33405 31800
45873477 31800
3085092 31800
2136692 31800
31773775 31800
1259303 31800
539279 31800
2025730 31800
2429 31800
1694032 31800
4143812 31800
31826 31800
15137493 31800
29782790 31800
574721 31800
12607056 31800
253319 9118
29039057 9118
185126 9118
3604456 9118
905 9118
176635 9118
399417 9118
474353 9118
45904315 43814139
154294 22981
32899875 32291
40251182 32291
33162906 32291
45904316 32291
31111001 32291
4208479 32291
45904317 32291
45904318 32291
45904319 32291
34355643 32291
33850482 32291
136378 32291
56553 32291
56568 32291
3061732 32291
39793442 32291
469088 32291
269151 32291
3103284 32291
45904320 32291
45904321 32291
45904322 32291
33152116 32291
33157104 32291
30057589 32291
31773413 32291
30776635 32291
157358 32291
30775182 32291
45904323 32291
39881387 32291
45904324 32291
45904325 32291
35513606 32291
45904326 32291
45904327 32291
45904328 32291
35514810 32291
33127168 32291
33127189 32291
45904329 32291
45904330 32291
45904331 32291
30338629 32291
45904332 32291
6198 32291
45904333 32291
45904334 32291
57374 32291
33127146 32291
29752383 32291
39909422 32291
35514777 32291
4983094 32291
45904335 32291
30311004 32291
31773430 32291
29971997 32291
45904337 32291
45904338 32291
45904339 32291
35514784 32291
45904340 32291
33127214 32291
39909480 32291
35513610 32291
45904341 32291
45904342 32291
45904343 32291
45904344 32291
45904345 32291
45904346 32291
45904347 32291
45904348 32291
29802460 32291
45904349 32291
29966479 32291
45904350 32291
713139 32291
45904351 32291
45904352 32291
39896552 32291
45904353 32291
45904354 32291
45904355 32291
35512881 32291
45904356 32291
35514726 32291
45904357 32291
45904358 32291
45904359 32291
45904360 32291
38768710 32291
45904361 32291
45904362 32291
45904363 32291
45904364 32291
45904365 32291
45904366 32291
35512870 32291
45904367 32291
34185895 32291
33127380 32291
45904368 32291
29927921 32291
455715 32291
35513639 32291
45904369 32291
45904370 32291
45904371 32291
33162580 32291
39786117 32291
45904372 32291
45904373 32291
45904374 32291
33162592 32291
35514718 32291
45904375 32291
45904376 32291
35513649 32291
45904377 32291
45904378 32291
34977127 32291
45904379 32291
45904380 32291
45904381 32291
40156179 32291
30074124 32291
45904382 32291
45904383 32291
45904384 32291
45904385 32291
45874850 32291
45904386 32291
45904387 32291
45904388 32291
45904389 32291
45904390 32291
36354885 32291
33127139 32291
45904391 32291
45904392 32291
29779254 32291
45904393 32291
43233152 32291
45881096 32291
29879813 32291
29816643 32291
33162771 32291
30743070 32291
45904394 32291
279616 32291
146290 32291
274674 32291
4085002 32291
30168007 32291
30003040 32291
29936650 32291
45904396 32291
33127212 32291
45904397 32291
229363 32291
14956746 32291
151669 32291
3543421 32291
11502982 32291
2434 32291
31773728 32291
36336701 32291
28729857 32291
35514800 32291
40265525 32291
29749382 32291
45904398 32291
34307 32291
28729000 32291
33133970 32291
30070859 32291
35515311 32291
473239 32291
45904399 32291
45904400 32291
30737521 32291
45904401 32291
45904402 32291
133731 32291
28727979 32291
45904403 32291
45904404 32291
33127289 32291
45904405 32291
45904406 32291
3857777 32291
33127393 32291
1386742 32291
45904407 32291
45904408 32291
45904409 32291
35513853 32291
45904410 32291
469300 13893
28657186 13893
1063944 13893
30140594 13893
32983091 13893
33062934 13893
35442499 13893
34354029 13893
119830 13893
4746 13893
3027 13893
754688 13893
77686 13893
450764 13893
2008966 13893
84316 13893
773268 13893
163963 13893
12862 13893
12490017 13893
12863 13893
10977027 13893
28202213 13893
82814 13893
38311 13893
845748 13893
308236 13893
164535 13893
29653196 13893
30030204 13893
2025730 13893
29689152 13893
29690178 13893
42181 13893
29698905 13893
45904411 13893
948 13893
37290 13893
13919 13893
31773805 13893
35775817 13893
34413005 13893
41311026 13893
372795 13893
149230 13893
29653834 13893
29688238 13893
29701335 13893
29701087 13893
29642936 13893
29697504 13893
29653046 13893
29685857 13893
29625130 13893
29627372 13893
29633872 13893
29662834 13893
29695183 13893
29690186 13893
29620699 13893
29653405 13893
29651662 13893
29661618 13893
29634180 13893
37042 13893
29626203 13893
29645476 13893
29628933 13893
29683943 13893
29683657 13893
29687465 13893
29689154 13893
29625820 13893
29630538 13893
29691366 13893
29621903 13893
9308430 13893
29628702 13893
37458 13893
29625734 13893
29653109 13893
259924 13893
37283 13893
38181 13893
28387316 13893
308153 13893
31773371 13893
30152987 13893
28660117 13893
2813470 13893
29653323 13893
41301253 13893
40001 13893
163952 13893
595653 13893
752720 13893
29637720 13893
28663603 13893
63859 13893
35068512 13893
2447 33463
151648 33463
7357 59862
144218 6647
15153093 6647
43086 6647
455540 6647
45904210 6647
150583 6647
309659 6647
155164 6647
426570 6647
470209 6647
495741 6647
152904 6647
43993 6647
1137402 6647
13526827 6647
470202 6647
472805 6647
855194 6647
149991 6647
45904412 6647
1980819 6647
470203 6647
470204 6647
13530435 6647
13526047 6647
13534594 6647
136485 6647
227987 6647
1136834 6647
454745 6647
13526277 6647
13534384 6647
454743 6647
13529095 6647
6048922 6647
1070235 6647
227986 6647
412899 6647
34011118 6647
469013 6647
2450498 6647
149065 6647
398513 6647
6653 6647
227985 6647
4759566 6647
454706 6647
181047 6647
472763 6647
469354 6647
464697 6647
431110 6647
454750 6647
148781 6647
1070224 6647
1691894 6647
1291332 6647
472701 6647
5029101 6647
9881825 6647
15712152 6647
1047565 6647
41232722 6647
3197513 6647
5009313 6647
2025125 6647
15711267 6647
2355 6647
410554 6647
2480 6647
126020 6647
886 6647
1047633 6647
36459 6647
472762 6647
474258 6647
11839531 6647
958 6647
474565 6647
150531 6647
47519 6647
205815 6647
185947 6647
467187 6647
1061214 6647
421450 6647
1461397 6647
474599 6647
426589 6647
839372 6647
1110894 6647
1061213 6647
1061215 6647
37284 6647
137918 6647
495760 6647
133427 6647
1108368 6647
571941 6647
55174 6647
137909 6647
839333 6647
37289 6647
307288 6647
149994 6647
472807 6647
492529 6647
150586 6647
840852 6647
495804 6647
155804 6647
469352 6647
1137396 6647
185241 6647
470201 6647
8744395 6647
36836 6647
35468115 6647
238534 6647
150582 6647
470211 6647
454747 6647
472808 6647
3291152 6647
1062214 6647
58559 6647
24804 6647
7366823 6647
13526965 6647
13495315 6647
472765 6647
204530 6647
479593 6647
1076053 6647
469351 6647
90213 6647
703386 6647
30776520 6647
178870 6647
494672 6647
127161 6647
494670 6647
13534504 6647
13149809 6647
15289506 8584
901 8584
958 8584
14940 8584
24920 8584
65258 8584
1354138 8584
10241269 15980
1237 15980
24895 15980
5134176 15980
42188985 15980
1064599 15980
1570911 15980
1137416 15980
41320323 15980
410551 15980
24920 15980
58559 15980
10243602 15980
2407 29893
168642 14938
41812 14938
64055 14938
273850 14938
144019 14938
2181010 14938
190123 14938
2395 14938
521113 14938
4730 14938
958 14938
1158548 14938
41301253 14938
64055 14939
77077 14939
126221 14939
2181010 14939
31773361 14939
190123 14939
2343 14939
4730 14939
958 14939
41301253 14939
134576 8317
45904414 8317
4046633 8317
2442 8317
275501 8317
1922009 8317
31773512 8317
13268690 8317
45904416 8317
958 8317
41301253 8317
64062 8317
32903 8317
420877 8316
41812 8316
37967 8316
31713 8316
4359 8316
33582344 8316
2442 8316
176012 8316
42724 8316
8315 8316
2428 8316
146316 8316
958 8316
42719 8316
42694 8316
41301253 8316
42713 8316
133343 14931
41314261 14931
2430 14931
31773362 14931
4900868 14931
958 14931
41314261 14934
32017 14934
2431 14934
45872098 14934
28215858 14934
958 14934
30761886 14934
421790 14934
11693158 14935
32110 14935
149989 14935
13578 14935
30076749 14935
2432 14935
2799187 14935
33554852 14935
41325939 14935
958 14935
31773555 14935
45352 14935
77078 14935
29905103 32573
2437 32573
1051715 32573
4752 32573
30039198 32573
29766242 32573
29964834 32573
30177518 32573
45904302 32573
45873692 32573
45352 32573
24805 32573
797491 4167
285885 4167
29916468 4167
41583 4167
72165 4167
1353908 4167
41562 4167
28364196 4167
31773430 4167
37778 4167
138645 4167
127810 4167
46058 4167
2359 4167
32993365 4167
12367857 4167
31773566 4167
28218585 4167
36558447 4167
4085002 4167
31773496 4167
893 4167
958 4167
733724 4167
4754441 4167
432614 4167
764943 4167
527976 4167
33060077 4167
322503 4167
574721 4167
31773407 4167
28275258 4167
2499134 4167
2884639 4167
1386742 4167
206086 4167
25019 14933
4392388 14933
91422 14933
2189309 14933
45904417 14933
62203 14933
2357 14933
25022 14933
30088749 14933
787251 14933
958 14933
2427 14936
958 14936
9715212 7358
771003 7358
14922673 7358
48082 7358
31773643 7358
2349645 7358
56568 7358
269151 7358
472018 7358
175058 7358
31773858 7358
43956 7358
45872449 7358
36417773 7358
3922604 7358
45873211 7358
1389089 7358
29963361 7358
29889912 7358
33162771 7358
43659274 7358
4387 7358
28286526 7358
1232070 7358
37219 7358
37177 7358
212822 7358
3044597 7358
30008251 7358
149679 7358
29958050 7358
45904418 7358
206267 7358
15126717 7358
3414939 7358
471949 7358
3573001 7358
934 7358
149521 7358
30095834 7358
206086 7358
30709900 7358
455540 7364
69984 7364
851356 7364
69985 7364
2392409 7364
915 7364
492431 7364
30027274 7364
2902254 7364
936 7364
71838 7360
45904419 7360
174344 7360
846754 7371
28278156 7371
61842 7371
35095 7371
963 7371
925 7371
45873322 7371
61848 9604
9683003 9604
28267717 9604
1533209 9604
242272 9604
909 9604
963 9604
729976 9604
35049795 10329
752726 10329
963 10329
916 10329
729990 10329
61850 10329
1936418 7225
1497156 7225
7234 7225
240173 7225
727719 7225
752718 7225
1497071 7225
963 7225
243589 7225
86844 7225
891 7225
2391450 9490
3084570 9490
31773572 9490
963 9490
908 9490
31773392 9390
80852 9390
31773447 9390
761666 9390
31773708 9390
937 9390
206528 9390
963 9390
907 9390
36131541 885
15632 885
761684 885
80850 885
80852 885
79085 885
15505 885
45904422 885
41326461 885
281296 885
114 885
1502791 885
41317899 885
15322 885
80912 885
45837246 885
6477 885
15709957 885
62274 885
1062 885
281279 885
41326462 885
963 885
854504 33985
34310 33985
136392 33985
2755636 33985
2453 33985
1502482 33985
1388905 33985
426047 33985
35004 33985
29948620 33199
30036590 33199
2013477 33199
33215 33199
43544421 33199
29742642 33199
29742643 33199
29742644 33199
29742645 33199
29742646 33199
29742647 33199
2444 33199
28218753 33199
45206031 33199
1131557 32385
29915998 32385
32399 32385
29878521 32385
752725 32385
45206031 32385
30114873 32385
2435 32385
28664110 32786
33320 32786
32805023 32786
29853451 32786
45904424 32786
30130438 32786
28277705 32786
30071613 32786
37194 32786
2445 32786
45904425 32386
261214 32386
1539801 32386
1142118 32386
1108360 32386
1980700 32386
2399698 32386
1065969 32386
757625 32386
134972 32386
29916488 32386
2439 32386
3016 32386
30198783 32386
29791914 32386
39823073 32386
39885959 32386
37185 32386
1142069 32386
3044597 32386
1142108 32386
28221428 32386
3036 32386
149679 32386
45206031 32386
30017188 32386
37194 32386
471949 32386
29934679 32386
29788256 32386
30195580 32691
1539801 32691
1142118 32691
1065969 32691
134972 32691
134251 32691
1178418 32691
32695 32691
1065042 32691
30144089 32691
30173748 32691
28278101 32691
30055167 32691
30059551 32691
29837196 32691
2438 32691
2189310 16802
25336 16802
2927810 16802
45904426 16802
2360 16802
771003 32195
43381 32195
32210 32195
56568 32195
269151 32195
3103284 32195
157207 32195
11891452 32195
133774 32195
29845527 32195
2433 32195
2495078 32195
31773802 32195
274674 32195
43659274 32195
48019 32195
28218517 32195
29815868 32195
29878710 32195
29913979 32195
30050682 32195
30172438 32195
29846916 32195
45904427 32195
30094834 32195
29850533 32195
30010076 32195
29823564 32195
153488 32195
34307 32195
45206031 32195
3166430 32195
45904428 7365
2441 7365
4143812 7365
29782790 7365
32903 7365
420962 7368
14096 7368
77779 7368
2446 7368
33405 7368
41306635 7368
1065536 7368
3377560 7368
247160 7368
2401704 7368
1977808 7368
949 7368
64046 7368
30083161 7368
35798733 7368
29926999 7368
29803295 7368
30036060 7368
29976985 7368
28730831 7368
36558518 7368
14949 7368
64057 7368
950 7368
31773822 7368
41301253 7368
64052 7368
15056263 7368
77869 7368
48222 45292
77864 45292
77921 45292
275523 45292
77870 45292
4741 45292
64062 45292
64056 45292
32903 45292
77879 45292
14096 13989
77779 13989
77797 13989
1977811 13989
13375384 13989
949 13989
29886939 13989
5233399 9119
10641980 9119
30164109 9119
185127 9119
185126 9119
905 9119
56093 9119
31773840 9119
28279329 9119
752719 124017
838085 124017
3815688 124017
31773691 124017
22857 124017
296644 124017
10942457 124017
611191 124017
90330 307337
40045064 307337
1060724 1922261
92487 7359
29778743 7359
10657646 7359
29842573 7359
30081020 7359
35010786 7359
29767301 7359
29750143 7359
906 7359
7357 59868
157554 496636
9282651 9282657
34042917 5718380
