28921574 5469
28955532 42322
36549409 142065
38055050 95476
28908473 2731
28931996 374496
28908987 238233
28908910 94513
28931748 64945
28908219 99520
28921865 126905
28921149 119556
28893706 429253
28924466 240514
28787550 55339
13504276 267323
28881025 188743
28888454 270892
28870264 36178
38055142 312772
36081430 41541
28833062 260843
36550782 339675
28943905 112008
33716459 62372
33860805 93763
36551404 34680
28921182 75157
28924427 97967
28927349 67461
28894016 471927
28894025 131191
28893603 128023
28921558 320856
28909039 226588
28931965 172287
36542919 42323
38055252 361646
28898788 654165
28893970 524081
28894030 65891
28922023 230942
33715921 299760
28908237 66234
28921599 324174
28924476 96101
28921690 100050
28959463 98597
28923255 1403
28894039 330879
28959454 537634
28925344 94441
28908985 110313
31963147 310730
28908104 41577
28888497 52443
28921967 75544
28921124 312773
28891051 122644
28868323 137390
28908114 98990
28893978 142164
11890249 17122
28930577 87869
28908093 112353
28922442 252442
36550879 1621
28908442 97968
28922434 109872
28938594 95420
28796591 144659
28921372 53912
28921882 137994
28921504 53309
28889009 128627
28796345 907401
28868430 265798
28959522 416660
28888441 134384
28924481 102869
28922407 307295
28908963 272747
28807190 170776
28927421 112766
28923202 325865
28919567 109136
28925076 101773
28908469 352627
15674733 137091
28921821 253506
28866685 867739
36079959 1394
36541658 53112
28922312 104318
28919339 280588
28891175 107816
28925033 259815
28943927 330019
28923237 127306
28893717 1489902
15251140 157139
12076052 100865
28807146 98894
28927310 227444
28943913 124601
28930447 227326
28922483 190414
28889041 233355
28908977 218350
28908098 207959
28924562 862062
28921533 63684
28924394 392706
28919471 81079
28859097 939247
28796535 235251
28921271 53235
15596957 218184
28908088 207674
28922354 99466
28888436 338367
28796715 109361
28927834 92391
28930584 248043
28927427 335602
28921320 121061
28891007 413231
38056611 295527
28893687 105965
34085890 142296
21909702 2765
32561445 46551
28868365 99329
28924545 539310
28922482 478401
28868349 852853
28881197 99992
28908459 136229
28927607 266066
28908430 98089
28899877 451865
28908419 85355
38059278 468523
28868370 462428
28859162 371696
28868696 65259
28889051 333406
32143836 413949
28859234 50641
32029839 867410
28960328 36140
28888578 143678
32056277 79062
28943879 95844
28921893 218351
28908488 109953
28825697 170566
28888561 5574
28869219 121432
28868539 104605
32147572 94291
28922348 109557
33950953 99638
28868301 35770
28925045 910410
28924571 308389
32584321 53775
38056853 8726
28796324 142975
28899924 56614
28868636 1404
28922391 214916
32074348 100174
33966966 247392
28959640 207413
28877971 340921
28931785 349477
32207586 606239
28931958 16954
28866448 105228
28859084 57951
28930454 51272
28908397 49226
28796378 44231
28877994 48130
31973474 174013
28796605 313069
28924510 209913
28957780 17965
32145197 571365
28866436 54271
28924701 232110
28893644 193217
28899992 76283
28921985 115808
28959624 213723
28889031 56306
28922241 207244
13494461 16634
32056409 21168
28931771 987693
28868651 654
32041601 339406
28869205 56882
15240257 164414
28931814 99899
38057162 36136
28869214 201889
28868483 251760
28833074 100612
28921841 275721
28955537 92648
32040393 133581
28833053 199288
36097510 131310
28796364 192468
28923038 50847
32058427 39645
28796413 460478
28931804 48180
33699330 285750
28921939 153107
38055134 54483
35409109 101824
28927251 51072
36098152 52284
28849056 72776
28868339 324697
28931777 119839
32171801 87760
28896089 77324
31986795 1405
28888489 226733
28908131 536794
28796363 659890
28927523 43032
28848891 70121
28925010 256121
28921858 1623
28908666 45764
28909041 280820
32021168 57569
28925024 345071
28943856 332711
28796352 38891
32165848 70658
28922231 1314486
38057469 99838
28930502 95422
28927565 135379
28893651 309048
32003492 511952
28893753 340477
31042649 290456
28924959 126763
28924768 126762
28891150 101380
28941180 148971
28957845 470029
28921721 89888
28924710 213164
28931794 216889
32158641 660888
28927272 100560
38057447 442889
31982459 296411
28919478 325747
38054835 325279
38057674 98440
31797963 129066
28921584 50514
33799343 226083
28924845 291056
32043202 47642
38057499 143461
32142705 500374
28927505 549879
28893746 236667
28938652 344610
38057540 221631
28868688 1339
28868642 54525
32199329 21100
28869189 715442
28924952 603787
28941134 729184
33789683 67999
28881015 42219
28922420 58039
28921665 130949
28957977 72676
28921293 218112
28921576 134679
28921454 79193
28921133 100677
32147634 56927
28921634 16994
28921375 215784
28931283 60164
28921459 63515
28921283 653
28896069 117470
28922368 37454
28868553 117648
28868520 98796
28868532 124131
28921334 93764
28868670 48888
28921609 54314
28931257 180832
28893903 44907
31816052 201295
28921463 67174
36551417 153674
28931299 248621
28881161 76395
28931722 220722
28896051 79283
28921095 141402
28941284 213165
28931729 54186
36083850 17120
28896126 37053
28896085 231113
28881176 64126
28921090 105473
28908350 226888
28921805 51429
28921684 44865
36539830 17123
38055405 333822
28881100 51519
28908754 46272
28958672 91103
28921195 17050
28921330 104743
28921509 28898
28921165 154403
28921625 105418
28908600 43404
31955251 177132
28921255 40039
28921285 142914
28921571 64173
28890117 60455
28868560 466085
28931262 102870
28931274 104229
38055364 65703
28881179 95100
28881117 22826
28921513 59525
28824394 247334
28881166 96570
28908563 170726
38055121 95103
36547023 215666
28921725 47040
36092717 281986
38055374 77552
28922423 135079
38055116 178308
28881064 43405
28941659 19415
28908839 23039
28978210 1413
28908856 5466
28921524 51643
28881106 287360
38055392 34875
28881047 218065
28921814 60295
38054999 96827
36545954 104678
28921748 290225
28908805 54865
28941294 78274
28868630 44178
28881171 62429
32583956 340600
28960299 276394
28960315 17881
28866694 22248
28922291 100561
28796578 271450
32078434 340923
31986803 408278
38057494 765060
28833084 1009967
28922145 263436
33651004 108226
32157678 109691
12076055 910208
38057887 260541
28908592 112305
28927232 308663
28869246 35682
28859126 249794
28896038 135432
28807140 196550
28868458 49225
28891069 269785
28927580 308708
38057933 308712
28943863 97378
28922453 125325
32168590 308723
36092993 164078
28957939 194339
38057879 246536
36100795 207621
31988588 364582
28922285 36218
32131373 109743
28921614 5597
38058210 54948
38057981 329680
32088783 79956
33799344 22469
38058286 87060
28893271 52838
32157684 83928
38058425 340763
28921733 121189
28927557 19586
32160509 344998
31989721 98895
36097387 397001
32178944 121112
32209957 201583
36551393 43100
28908775 72284
31989536 16118
32079358 348874
32114010 36479
38055137 36474
28921065 50033
38060634 120696
33802250 100270
28941144 251767
32054994 392580
32002838 23007
32101361 36475
32089030 36476
28922369 100775
32088758 36472
28957899 15959
32163431 344217
28957858 99993
28978201 144456
38058431 100906
32122141 328731
32036434 103863
32091847 502911
15189387 512855
32115221 395464
28908639 126730
32092195 392146
15184592 622838
31992889 677538
38058927 341664
28834680 99398
28894313 5160
32041437 51647
38058812 50389
32004860 35462
32083778 325610
38058977 687060
28908690 1407
33951089 315877
28908554 84855
32002840 147358
38059223 201483
15187996 612552
28899884 664125
35353577 633254
37826881 322139
32078487 394254
38059737 35289
28896120 94643
38059188 24713
32591903 349070
15189479 119640
15192406 323737
15183946 381839
15189562 133512
31780085 14013
15221447 32926
38059258 324801
33951450 43950
28921077 142276
38059237 15542
32193125 67229
33777204 648351
30678032 51075
28959483 6514
15205074 328872
31994225 163239
28921753 314744
32166808 91379
38060013 287828
32592824 47118
33799351 97775
38060024 729910
33777468 226967
28922377 350157
28921773 240412
38060128 229972
32595030 676001
32181626 305250
32593848 138693
28859201 51999
28908732 237605
38060006 190196
33951090 101887
38060095 249895
41667109 106456
32593666 144890
38060193 305515
38060201 505652
28896107 240413
38055416 342606
38060234 391104
38060238 622839
33777466 331403
32132644 321766
38060020 20727
32036816 215089
28908817 128344
38060261 512930
38060213 447082
38060327 543282
33703291 385926
38060230 142724
28895824 186118
38060114 430834
28880988 17961
32595638 862267
31813919 19419
32177423 901983
38060323 275945
38060379 218114
38060258 754170
28896047 51648
15184595 95156
38060325 249624
8847186 95423
33705463 48890
28896073 199191
38060352 201484
32595600 365968
38054696 392813
38054698 53496
38054702 93434
33801363 56781
38054806 417049
38054817 104320
35409945 95192
38054700 489053
32595751 249930
28921337 52395
28921604 51277
32169891 322674
35410337 144080
33777205 333748
38060267 103864
38054707 552813
38054844 48930
38060264 41178
38054839 337267
38054846 149455
28908370 51520
38054815 274622
32595418 343397
28924695 828847
45346741 109559
28908653 72376
38054704 148599
38054841 52725
28922428 72377
28921379 57299
28895975 72378
38054949 72379
28866369 72380
28881138 72375
28908377 84112
38055154 51187
36545943 369673
28908641 109955
28896133 249565
32587086 72843
36544584 52189
38055140 1248774
38055131 55532
28868609 238997
28941287 51717
28921109 225522
28922411 157427
28795529 135244
28964467 57066
28974656 189085
28921310 21710
28921679 146736
28868706 35679
28896009 396895
28921709 48506
28896065 60040
28922000 128473
28921729 104829
28921744 129480
28958668 28899
28896043 218436
28896020 330581
33957168 249707
28922398 71955
28881081 116944
28908385 73819
28881051 132286
28955504 72285
28881073 92138
28921298 109741
28908688 139147
15251137 91464
12485220 91462
28893736 51996
28908768 91465
28922092 66524
36540717 19408
34128917 5828
36081074 4412
28921644 78076
28921367 94380
28908329 54559
28893990 43834
28908725 192828
28921972 281607
28931269 44159
28922403 98162
28866878 20887
28908346 657922
28922134 194270
28908720 5545
28866387 38439
28921519 43717
36551397 42504
28908737 50508
28921788 226585
28960307 149816
28922227 201264
28908598 139708
33800909 236759
28922103 55923
28931306 16182
28921660 15333
28922151 22249
34128795 37672
28921145 56376
28921315 46217
28896129 54415
28931726 146805
28896098 1409
33799152 144278
36547596 140106
28896110 152034
28896141 37582
38055109 35961
28896148 10098
28908622 37294
28895949 22245
28921717 100133
38055408 101602
28908727 95098
28895944 46681
28908195 201485
28908607 102299
28908852 42805
28908648 21167
33690159 104607
28896028 46167
28908777 12037
38055100 52190
28943842 68554
36539826 204475
28921324 322788
28868602 261451
28921188 101444
28868693 42613
28908657 94105
28908828 187513
28908583 187524
28922113 76284
28908700 102223
28895962 1401
28908683 51078
28922171 17882
28922025 51994
28908677 51910
36551413 80515
28931971 2142
28895958 36588
28943898 294887
28922138 14967
28881029 137996
28881083 99523
32587148 79168
28908781 51079
38055106 104463
28908771 597428
28908372 80303
36545624 360804
28895979 37361
28921714 50519
28824391 36679
28868594 168670
38055025 152377
28908570 52923
28921084 1516
38055114 144988
28908842 338860
28921580 54406
28908343 218291
28941291 233106
28922217 54792
28931974 219628
28908559 181422
28896018 19587
28896081 324240
28896035 288413
28893883 219935
38055102 98092
33801959 54826
28927456 215182
28921742 36680
28895955 218797
28908702 330818
28896113 149474
34087297 104404
28921737 423710
28925329 148382
28908636 144989
28930518 198874
28908355 54660
28896093 144987
28908631 150039
28908831 234127
28908834 224633
28908664 83634
28921801 445147
28921652 225052
28908646 336722
28922222 100776
28922175 651676
28931294 651
28921302 180683
33718238 110841
28795402 18252
28941262 36477
28908716 144131
28922078 120745
28896146 162832
28930507 35463
28868701 18045
28925672 56307
28921477 141977
33946069 50953
34052334 104224
28921648 54269
28908848 211889
28908215 94516
33777121 387913
28893611 91515
28908171 22250
28921486 50846
22253436 186701
28866335 209912
28957808 99330
33692543 54526
28921266 176863
28921765 22824
28922109 46497
28896006 86013
28922099 150755
28881019 209388
28908668 160657
36551386 1630
28957874 56308
28893599 16635
28824404 687554
28908239 35779
28784407 22782
28868624 351808
28908686 213366
28908836 97306
38055074 37362
28908783 240646
31966126 290916
28881192 219936
28921529 218185
28908552 93546
28881036 90495
28868573 98720
28908751 327597
28921567 351435
28866378 209342
28907595 288091
28921630 37722
28866329 153344
28921886 133317
28921962 36589
28944064 67201
28925685 75957
28921824 93594
28921185 37622
28957965 89007
28908464 56237
36542737 231641
28908674 94517
28908615 132379
28931287 224515
28957817 228940
28978214 96438
33801659 38525
28908793 36067
28893759 52566
38047167 164775
28921869 55177
678319 173966
28922122 308519
28900055 189310
28958005 105326
28944059 1631
28866725 44313
28908334 169267
28893907 39291
36087127 39293
36545196 39294
28922084 39295
28893694 39296
36090911 39297
28896014 39298
28958678 103377
28922097 52567
28941254 214371
28896116 54866
28908337 142862
31981334 47365
36087290 187665
28922124 1411
36550886 163884
28921398 43407
28908711 180835
28895951 204540
28896103 180836
28908659 18888
28881006 5598
28895990 60116
28922141 104402
28893987 108436
28927467 234767
33801326 85001
28908824 132493
28908627 119009
28908773 182040
28921771 132685
28908739 53190
38055150 484370
38055259 107619
28908868 35921
38055104 199398
28895960 3924
28895926 47126
28868590 16633
28896062 200308
28896057 158339
28922117 88202
28909204 276154
28921597 5159
28797582 80893
28867470 35962
33802246 58289
28908198 238003
38055042 54527
28895971 102963
36551401 95947
28921140 5161
28908166 219479
28931948 43033
28931272 62880
28908862 49102
28921522 110130
28908567 49394
38055119 49453
36555869 403728
28908766 96571
28908758 105860
28908577 51188
28895995 74792
33692541 305811
36551409 280773
28925327 48996
28797213 190353
11933309 109099
28958670 105189
36090738 237960
28922073 331028
28930492 63609
38055129 82054
38055093 138393
28921790 86005
38055112 73593
28921798 225053
33692557 214574
38055144 233431
28921361 373264
28908181 51719
28921546 434445
28921700 43804
28925680 177027
28797122 36248
28959675 43643
28921247 116952
28921474 51431
28921070 43216
28796290 219109
28922651 620537
28921809 54315
28868658 40899
36076622 141926
28960320 93664
28796306 127229
28908643 154866
28941661 289323
38055040 211750
28908946 130283
28908212 1402
38055021 207727
28891118 129322
28896136 51524
28921704 40834
28807154 95154
28921176 391910
28955516 110845
28921137 336586
28797291 17967
28908745 153672
28921279 96823
28921403 150268
28922415 107608
36081032 16409
28908650 1607
36545948 51069
28893627 146125
28908968 144350
28868599 76285
28908244 145107
28943853 46436
28921775 147167
28921669 135706
36545194 83931
33692550 154625
28921191 50850
28931310 257215
28888429 328780
28908629 241643
28941281 177127
28921305 177264
28921793 179588
28931280 2856
28921757 218290
38055095 18042
33800495 95375
28921276 41921
38054856 222322
28908706 80421
28921767 148448
28921760 99642
28921769 54585
33788315 233492
33801334 216942
28958674 218115
28941664 102919
28931312 193101
28921289 133348
28922655 217838
28908865 202406
28859091 332712
28908154 92865
33689923 213157
28895946 554805
33707304 17878
28824416 41906
28797353 52832
28952008 218418
28930523 104679
28908307 1932
34099539 178581
28895937 76693
28922010 83547
36086102 121135
38055146 220555
28881068 54189
28796329 345850
36545952 76810
28908449 551986
28921656 57676
28866295 149326
28796316 123905
28931302 179708
28866327 118039
28931734 400123
28893616 226593
28921073 223921
28797224 18112
36085735 119440
28921639 36921
28866268 164839
28900046 255374
12076053 192373
28943850 86649
28922155 76850
28797587 359418
13410269 23130
28908455 238362
28868421 120746
13417083 353764
38055072 141377
28958015 179738
4914350 93320
28938613 517901
28868315 58192
31950612 52840
28908955 660797
28922014 316876
28859112 228656
28922498 82978
28921588 80423
28868495 71288
28866740 44232
28797169 215091
28785175 237895
28893984 96241
28866735 360550
13511986 105278
28888425 307580
28868308 98041
28859212 130350
28921618 54618
28921353 19011
28807150 172689
28922464 332250
28796561 58260
28859150 138391
28922605 338369
28868333 152252
28931755 41923
28868353 293393
28922716 226290
21951093 62428
28921515 36767
28908125 333654
28866704 162976
28880993 95426
28894004 139148
28893633 52570
28941258 164511
36553177 196376
28893637 85429
14988740 17883
38057534 149406
28908860 72602
28922192 189212
28792604 288536
28978205 280821
28955511 165133
28922160 84327
28797114 99583
28796626 901052
28908186 38064
28921098 18476
28797179 192376
38055385 37923
38059692 449796
28866413 297209
28908248 112617
28795407 21893
28921113 46169
31979089 312624
28908380 220544
28881000 36989
28881031 212417
28908191 326800
28866744 157952
28958011 580659
28797194 99584
28922006 101384
28925325 94298
28898772 22251
28921237 173571
28921444 297380
28921550 43218
28921438 180837
28921424 554795
28921432 121325
28957883 152411
28893659 364998
28921344 63648
28922610 52404
28921498 93376
28866299 53473
28943871 103482
32138991 170839
28955521 221226
28893995 361706
28866402 142067
36545683 361228
28921346 51522
28927462 21713
28955525 5468
28890076 271960
28893666 92099
28921128 104746
28908610 40952
28908150 98759
28866305 117096
28893682 311447
28924457 56377
38055210 338371
28943875 45765
28908360 148093
28921852 43408
28824446 103861
28908821 40040
33830344 284693
32060879 506914
28921104 291989
28870300 50954
28904119 157312
28883471 366605
38055239 138264
28881057 17121
28796760 109095
28922209 50393
28908735 75546
28957813 218887
28898803 121324
28908203 150245
28894008 269786
28866714 307149
28943883 99519
33777148 339405
28959143 50035
28787587 110789
28943887 101893
28921537 54827
38055157 68705
28866309 109556
28866319 369672
28952012 452492
28957826 233078
28736644 5794
28921383 77957
28922601 65063
28921387 97847
33800912 34683
28922069 171917
28921210 363402
28921392 40042
28943889 2050
32182476 90336
28894013 94446
28893701 157102
33830765 134123
28957917 22252
28921159 126396
36546639 34779
28797147 227537
28908221 51065
28943895 156940
36086735 213367
28866730 334562
28921171 219894
28868605 96482
28868684 217719
28921411 642640
28908479 47366
36074553 134124
28797118 41910
34102508 121809
36086092 139149
28931743 157454
28898759 196319
28913565 340925
28922019 50520
28893712 95247
36090896 50088
28868527 123299
28957834 69002
28910255 222476
28961169 38019
28866345 17290
28893764 149960
28921225 140187
36085937 47367
4951885 41925
28881090 43952
28893725 86015
28921992 97972
28797199 115588
36087090 361305
28795401 127421
28943918 218119
28957998 330745
28921876 98664
28943923 333207
28921674 70134
28908227 201816
28824412 201856
28943932 92649
38056069 37051
28922031 236895
33710659 137823
28921199 337567
28921695 40953
28796749 57570
28908176 38479
28945023 186204
28908232 363403
28894034 112085
28908898 99707
28797570 99901
28921203 213509
33707637 22169
28957803 67340
28894095 827715
28957840 120910
28899834 99403
28921408 149714
28925222 213940
28893731 163482
28921554 121586
28907599 103631
32053338 94447
28893708 217005
28931763 362393
28815020 120860
28943903 151190
33692538 152146
28893976 193264
38055225 62851
36551389 48010
38054936 54895
28921997 232959
33694042 191090
28795562 150832
32185764 218186
31994565 6351
28866784 314876
28893671 40984
28921942 124625
28868545 43324
28849069 41911
28958676 93168
28896024 305554
32131911 151020
33692545 90055
38055278 46359
28908845 68199
38055009 17884
28908572 361649
33689431 191879
28944825 126148
36538969 41515
28908208 104232
28908596 98992
28921542 91625
28922045 101653
28921258 91018
28931266 52332
36077712 309694
28868582 108414
36544580 17879
28908315 55627
28921340 350628
36545620 103242
28866689 142654
38055192 1136801
28898783 52287
28922188 53520
28921977 542367
28978222 100177
28919374 197434
28868447 171614
28870292 528987
28827478 74327
28921817 176652
28925678 102231
28893621 51594
28889025 75652
28869441 216474
28922529 124602
28881079 43894
28797106 62962
28919331 117506
32143990 70251
28908709 342244
28921230 95895
28833047 235921
28922534 202483
28866822 51523
28922543 820593
28921592 102748
28866749 196282
28888551 94102
36545626 216359
28890980 339583
28894045 74931
32562605 453904
28869448 130413
38055127 6243
28938607 135883
28807155 50137
22228628 338572
28921121 545420
28899898 56033
32103315 464494
28898776 230856
28922164 230921
28921261 40038
38055160 109599
28921491 56115
28921500 251737
38055124 246283
28869445 319683
28921762 246644
38055352 141257
28922553 177174
28922643 99780
28923244 393094
14915674 43409
28921836 259952
28866710 319308
28866770 76676
28925339 112307
28866718 62332
36545612 222336
28908973 433119
28922661 118312
28797162 284144
28867501 420073
