23031 124834
322711 872216
14887028 14887030
1678178 2514563
4930282 4930296
1042678 1905618
122350 400848
407006 1039443
825639 825639
406754 1037821
208471 624887
406762 406798
124680 406415
275786 781767
208715 627593
208648 626101
208648 626103
22374193 22374209
124672 406154
214598 652916
214599 652940
1861840 2661515
45102232 45102235
208125 623055
1567578 2068748
1193214 2068748
275779 781390
210097 636132
352876 942959
208254 623817
208253 623781
637397 1374510
45842797 45842795
22466521 22466539
37818092 37818098
40238576 40238578
1184542 2057428
158337 498448
221466 682463
158337 498449
45102286 45102288
817466 1623292
22437623 22437653
993544 1839365
699355 1456245
1184542 2057427
403361 1017469
23972169 22370284
22370267 22370284
40643315 40643318
40638776 40638778
24251144 24251163
1012942 1863915
23792525 1863915
507184 1200130
22391904 22391921
209289 632161
45102246 45102247
275782 781698
208062 620614
357871 955339
22407177 22407184
211402 643000
208663 626701
208648 626107
208648 626104
208648 626106
208648 626105
209116 629579
23792941 629579
380482 989019
22407875 22407891
24652833 24652843
407552 1041218
10856294 10856268
35056165 35056163
211292 640689
45102570 45102571
699355 1456244
22376818 22376823
408441 1044200
124679 406393
211273 640162
23968260 23968273
45842816 45842814
217160 661467
1184542 2057425
210283 637578
45102232 45102236
350471 936542
24327566 936542
1373712 2251544
37818203 37818208
211405 643104
407593 1041369
40644275 40644278
211274 640176
208515 625172
211403 643038
25378986 25378995
214598 652914
214599 652934
22392449 22392454
39286 161339
22377906 22377912
406760 1037904
406760 1037901
406760 1037903
352773 942293
352773 942295
352773 942294
375900 979052
24308935 24308949
25060958 25060970
208280 623995
45842840 45842841
24072750 24072761
208647 626065
583634 1302207
210321 637827
208805 628257
39286 161340
39286 161342
352775 942370
352775 942371
275780 781657
275780 781658
122357 401049
507516 1200885
319919 864269
319919 864270
319919 864267
319919 864268
1011742 1862119
22499850 22499872
25056420 25056431
326356 884709
24076866 24076870
402939 1016972
16763843 16763881
23919967 23919980
40238604 40238608
951042 1781913
931996 1756404
1678220 2514855
22407296 22407314
209170 629792
45102229 45102230
37818804 37818805
208254 623808
24652281 24652292
403777 1028436
22407899 22407916
22378213 22378220
40238610 40238614
210164 636838
208059 620488
208059 620491
208059 620492
208059 620495
25138927 25138939
23773399 23773416
23773399 23773413
25133510 25133522
25133510 25133529
208059 620489
25133510 25133521
25133510 25133527
25133510 25133524
25133510 25133525
208059 620493
208059 620490
208059 620494
25133510 25133526
23773399 23773414
25133510 25133528
25133510 25133523
25191170 25191181
208059 620487
45842819 45842821
45842819 45842820
22427898 22427901
208154 623445
25225434 25225439
221487 683259
699271 1456106
217165 661616
217165 661617
22376396 22376408
1028350 1889326
507308 1200320
208124 623033
45102194 45102196
25171952 25171963
24091537 24091553
993308 1838803
296884 820107
24125341 820107
350475 936644
2076690 1201030
507555 1201030
221478 682989
504369 1195291
24843959 24843966
211283 640453
208663 626699
993541 1839264
4461152 4497103
24035051 4498728
4463068 4498728
214591 652703
208124 623035
45102194 45102197
350466 936451
1196446 2070851
24170685 24170698
221470 682628
22392458 22392463
1184542 2057430
24077273 24077283
1196446 2070852
24076939 24076946
24098239 24098252
214601 653011
10856297 10856269
1184542 2057433
1184542 2057431
1184542 2057432
406760 1037902
24061859 24061874
22343969 22343987
507092 1199817
993499 1839189
993499 1839195
993499 1839194
122355 401004
993499 1839192
993499 1839193
993499 1839191
24287967 24287983
4463068 4498729
45842840 45842838
22376396 22376409
208663 626703
208663 626706
208663 626705
208663 626704
45842819 45842817
39286 161338
45842788 45842786
45842845 45842843
24153694 24153706
40641095 40641097
507395 1200702
23968260 23968274
41699740 41699744
507625 1201067
319919 864271
22374115 22374132
22371244 22371253
22392516 22392534
22392542 22392534
24039917 24039931
23957189 22407368
22407346 22407368
221462 682417
208715 627595
45102208 45102211
209429 632307
24308935 24308948
14887347 14887380
1756398 2577240
208281 624028
24040364 24040378
40638781 40638783
40640607 40640610
15144404 15144441
400601 1012066
22391929 22391937
23795191 23795205
10856312 10856386
10856312 10856387
10856300 10856270
211405 643103
24826650 24826662
217165 661619
217165 661618
208126 623067
402959 1017016
22466521 22466536
208122 622982
1567573 2427212
799109 1590100
275783 781713
221477 682957
214598 652915
22392449 22392453
5725 49195
217317 663326
1012834 1863619
407767 1042215
1904345 2684395
45842800 45842798
41699896 41699898
22428642 22428648
10856303 10856271
22478049 1038183
406771 1038183
352770 942174
45102307 45102308
321300 869469
40238545 40238548
22375827 22375845
217166 661655
208124 623032
45102194 45102193
214594 652810
211274 640175
275779 781382
24888608 24888615
407443 1041087
24644164 24644172
2577215 3216605
209453 632454
319933 864707
24222992 2268949
1395031 2268949
319918 864223
680839 1433942
22432523 22432530
22364885 22364895
214592 652732
1373713 2251554
275790 781844
214599 652937
214599 652932
22366192 22366214
22340711 22340728
24252733 24252750
37817998 37818004
403778 1028456
1395512 2269668
406759 1037875
406769 1038119
25144468 25144479
221476 682899
24039917 24039930
40238570 40238572
22367699 22367715
221467 682512
583641 1302389
23778732 23778740
1383621 2258352
45842791 45842789
380483 989032
22367612 22367624
24864889 24864896
10856305 10856272
22407556 640587
211288 640587
993540 1839248
1567578 2427411
23792525 23792537
352780 942524
1567578 2427403
40644182 40644185
45102299 45102300
1373712 2251542
1359154 2233707
110593 355742
214599 652939
25138927 25138938
319936 864785
350486 936697
22432523 22432529
24039302 24039313
37818092 37818100
23964062 23964071
22432523 22432528
22374020 936507
350469 936507
124681 406450
1373843 2251636
699356 1456269
275791 781868
40639945 40639948
211406 643121
321300 869468
37817998 37818005
406760 1037906
406760 1037908
406760 1037907
406760 1037905
37818092 37818101
993615 1839783
45842800 45842802
352772 942247
40639302 40639304
208154 623449
25199534 25199542
210220 637207
23798377 23798384
352780 942527
352780 942526
352780 942528
352780 942525
352877 942987
40238624 40238630
24077012 24077015
407057 1039707
208124 623034
45102194 45102198
1000582 1849780
799105 1590071
403775 1028396
45102182 45102183
24303616 2241964
1365262 2241964
40640393 40640395
40640937 40640940
22360254 22360261
403778 1028452
18832315 18832359
124677 406325
1955519 2727063
22369486 22369505
24326717 24326733
275779 781384
275779 781395
275779 781388
5725 49194
1374803 2252657
1373678 2251488
23797884 23797897
23791956 622512
208107 622512
326354 884639
1196450 2070911
221476 682898
275795 781970
1567777 781970
45842826 45842827
23797020 627592
208715 627592
22392516 22392535
208062 620617
208154 623447
208154 623446
208062 620618
208062 620616
208154 623448
406887 1038653
208059 620486
221484 683216
402981 1017143
24091537 24091555
24091537 24091556
24091537 24091554
1862397 2662143
24188930 24188946
37817256 37817258
210284 637610
23986606 23986619
1383621 2258353
45102208 45102207
275792 781903
275785 781753
24297933 24297944
45102160 45102161
24039160 24039167
124689 406697
124676 406297
22392262 22392269
24436923 24436933
507181 1200103
24157151 24157159
208062 620615
208154 623444
1362811 2238909
1360954 2237096
23798350 23798358
583642 1302421
357870 955308
210494 638398
296875 819865
211423 643727
208125 623053
208064 620759
37817998 37818003
1369052 2245256
22377591 22377603
37818092 37818099
45102136 45102138
37818092 37818097
637403 1374583
23798163 23798182
22378612 22378625
1773522 2588794
45842834 45842832
221477 682962
221477 682961
221487 683260
275786 781779
22323990 22323996
208666 626796
45102246 45102248
211402 643003
211402 643004
211402 643005
211402 643001
217162 661522
211277 640228
1369052 1456048
699268 1456048
40640311 40640314
275787 781799
583642 1302425
583642 1302428
583642 1302426
583642 1302429
583642 1302424
583642 1302423
583642 1302427
1359156 2233720
25171952 25171962
357870 955309
1196446 2070853
275791 781870
211287 640558
1373678 2251487
24057234 24057247
955495 1786513
40635572 40635575
40643184 40643186
24436923 24436934
407441 1041071
24826650 24826661
210285 637637
22357138 22357161
275786 781780
23797799 23797807
40638730 40638732
124678 406361
208649 626138
1678093 2514534
211277 640229
211275 640200
37818804 37818806
24866440 23797825
23797811 23797825
23968260 23968276
1012319 1862861
1012319 1862860
583642 1302422
296873 819816
23968260 23968280
23968260 23968275
23968260 23968279
23968260 23968277
23968260 23968278
25227199 25227204
5726 49214
14770736 14770759
208064 620757
208125 623051
1000582 1849779
22407899 22407915
24170685 24170697
295576 817324
22407245 637724
210289 637724
275779 781391
22466521 22466540
275779 781393
24101037 24101049
352784 942635
160494 505830
507517 1200912
402939 1016975
22378057 22378061
402939 1016973
402939 1016974
352783 942611
122357 401050
4346500 4413699
1359154 2233706
25210187 25210192
23798362 23798369
211276 640215
217927 666235
1184542 2057429
23031 124839
25393602 25393605
24844980 24844989
208126 623068
24325745 24325754
22407177 22407185
352875 942944
352875 942945
217162 661521
24313957 24313971
1365079 2241601
22375593 22375614
221479 683039
352771 942211
507313 1200475
40641555 40641557
217166 661657
407058 1039731
24223082 1039731
214599 652938
214597 652901
37818198 37818200
119982 382976
210340 638038
24076886 24076890
275790 781846
1567573 2427211
275790 781845
25393564 25393570
24076874 24076876
507551 1200972
214605 653080
22378991 22379014
45102133 45102134
23978035 23978042
217180 662024
40638718 40638723
24076903 24076907
408441 1044201
40639025 40639027
211558 645724
10856307 10856273
1012905 1863723
24164633 1863723
407768 1042246
208645 625990
208645 626000
208645 625993
208645 625996
208645 625997
208645 625995
208645 625994
208645 625998
208645 625999
350473 936598
45102273 45102274
40638718 40638722
699356 1456267
407115 1039765
45102203 45102205
24486772 24486781
1383624 2258435
25068014 25068028
211404 643076
22408154 22408169
214597 652900
22493143 22493148
24170685 24170700
208252 623755
22374300 22374318
22357138 22357160
22478049 22478065
1184542 2057426
24788212 1197768
505900 1197768
403780 1028485
1622925 2470353
24550675 24550682
45102315 45102316
1195825 2070358
1374086 2251807
22493143 22493147
699356 1456268
406761 1037930
211271 640119
1373712 2251543
1373714 2251569
23031 124835
1567578 2427407
22370267 22370285
23972169 23972184
406721 1037697
507308 1200322
507308 1200323
507308 1200319
2974682 3494761
1436414 2305823
24222573 2305823
208045 620025
124672 406172
208715 627596
160265 503033
350470 936522
296871 819753
45842807 45842809
24652281 24652294
993544 1839366
993544 1839368
993544 1839369
993544 1839367
24652281 24652293
45842794 45842792
22377327 22377336
22347148 22347163
507184 1200131
23797857 23797871
406726 1037779
1567578 2427405
1567578 2427408
1567578 2427410
1567578 2427406
1567578 2427409
24040347 24040358
23773399 620484
208059 620484
24077082 24077087
406996 1039194
23978067 23978071
507551 1200973
208280 623996
321300 869473
208118 622913
209118 622913
220775 680941
24170685 24170701
24170685 24170699
1567573 2427209
45842831 45842829
25394611 25394618
208649 626143
208649 626145
208649 626141
208649 626139
208649 626142
208649 626144
208649 626140
40643064 40643067
221470 682626
1364051 2240472
208064 620758
208125 623052
37817998 37818001
24091537 24091552
24035051 4498727
4463068 4498727
202477 608081
217166 661656
275779 781394
406761 1037929
22466521 22466537
22466521 22466538
23819839 23819847
1373713 2251553
24039302 24039314
24039302 24039315
25081966 25081979
41699751 41699753
23798338 23798333
23798320 23798333
407657 1041492
23792941 23792956
209451 632376
22478049 22478066
22407962 22407980
124686 406639
22371244 22371252
533690 1247394
22428642 22428647
23797904 23797911
24816696 24816706
217160 661468
45102128 45102129
208122 622981
45102624 45102626
41699794 41699796
214599 652933
22499951 22499970
22353908 22353922
22375362 22375379
25081984 25081992
350475 936641
211273 640163
40641202 40641205
209290 632179
22367612 22367623
24549393 24549402
45352129 45352130
403778 1028453
22378558 22378562
403778 1028455
406848 1038533
40643739 1038534
406848 1038534
1567573 2427215
1567573 2427213
1567573 2427214
208282 624046
2577215 3216606
211402 643002
24057925 24057936
18360979 18361053
24077040 24077044
22364002 22364008
208045 620024
403776 1028420
45102269 45102271
214595 652861
24738853 24738862
357879 955528
45102296 45102297
24076921 24076929
350475 936647
350475 936648
350475 936645
350475 936646
22490582 22490586
22378895 22378904
868949 1683164
868949 1683165
208122 622984
275792 781906
352875 942946
45102208 45102212
217166 661659
217166 661662
25060376 25060391
217166 661660
217166 661661
217166 661658
37818203 37818207
407571 1041356
24076921 24076928
45842837 45842835
208062 620619
124676 406296
22469846 22469869
23793898 23793913
275788 781822
2662997 3278246
24076830 24076833
1435937 2305580
23795983 23796000
24803068 24803078
22424878 22424906
1567578 2427404
40643739 40643741
23795983 23796002
24170685 24170696
22378283 22378304
296879 820013
24077040 24077043
208045 620029
208045 620028
208045 620026
209857 633979
45102226 45102224
407570 1041344
22374339 22374347
505929 1197855
24057450 1197855
22378163 22378180
22378187 22378180
407862 1042606
275779 781396
507308 1200321
40638718 40638725
1013403 1864445
880436 1696250
13315608 13315631
350472 936571
22353908 22353921
352867 942731
22499921 22499943
208122 622983
45102624 45102627
352774 942337
25171952 25171961
1567572 2427168
208248 623646
403779 1028471
124687 406668
221462 682416
24076895 24076899
10856310 10856274
23796935 23796952
221462 682414
122348 400718
25060135 25060145
1376721 2254791
208283 624063
45102318 45102319
208254 623820
208254 623819
296874 819846
993539 1839218
24222269 1839218
22392167 22392172
24188930 24188947
507395 1200700
45102586 45102587
122344 400591
402982 1017177
40640056 40640058
352785 942660
217164 661582
993499 1839196
993499 1839190
211266 640032
208122 622980
208064 620761
208064 620760
208064 620763
23793475 23793487
296868 819712
296868 819713
296868 819714
296868 819716
296868 819717
296868 819718
296868 819715
5726 49215
221486 683243
352872 942892
275792 781905
37815523 37815526
214599 652935
22369312 22369323
170458 526159
24057830 24057841
25137542 25137551
18832315 18832358
210090 635975
1013594 1864658
160465 504758
1374804 2252687
39275 161051
208125 623054
208064 620762
321300 869470
23946712 23946725
321300 869472
321300 869471
407528 1041183
275786 781777
23795983 23796001
23798146 2239627
1363510 2239627
208248 623645
24652833 24652842
1196442 2070775
4124004 4266277
210284 637609
1567572 2427169
45842807 45842805
22406127 22406133
45842807 45842808
22407574 22407590
160458 504564
25364044 25364053
24591985 24591991
583632 1302155
407663 1041652
22374032 22374045
1193515 2069524
211406 643123
275784 781725
10856312 10856275
407663 1041653
22374032 22374046
45102203 45102202
10856315 10856276
39265 160559
211276 640214
1011740 1862074
25199374 25199386
275779 781392
25199374 25199388
993820 1840101
24188930 24188945
208251 623726
209857 633978
210090 635974
211403 643039
40638718 40638724
11596595 11596643
40238570 40238573
39275 161052
407768 1042247
1011979 1862391
25098299 25098308
352773 942292
45102208 45102210
275779 781389
40637110 40637113
214596 652883
208258 623940
408441 1044202
39280 161251
208045 620023
504405 1195818
275788 781823
350477 936689
214600 652974
799131 1590352
24077070 24077077
583633 1302186
43214874 43214877
1383622 2258392
221480 683095
23797884 23797898
296871 819754
221479 683037
221486 683232
23901451 683232
3849811 3481125
2952740 3481125
22372201 22372217
24033173 24033190
2075814 2831868
23797962 23797967
1359156 2233738
24032856 24032873
208045 620027
41699747 41699749
208250 623701
39280 161252
39280 161253
699270 1456077
124680 406432
951044 1781928
39286 161341
18839593 18839833
1196806 2073244
1068620 1931674
217179 662006
22371770 662006
23793702 23793716
993542 1839291
407929 1042776
22375362 22375378
208070 621068
275792 781904
319919 864266
403361 1017468
22407574 22407589
208663 626702
202477 608079
13299088 13299145
41699740 41699743
326353 884611
1383621 2258354
350843 937327
158334 498433
25199374 25199387
1036344 1900711
45102345 45102343
41699828 41699829
1907169 1696534
880446 1696534
24167686 24167700
22407433 22407444
124690 406713
407210 1040291
25137542 25137552
25137542 25137553
208645 625992
407443 1041088
796238 1587452
817466 1623294
214599 652936
951041 1781886
25386132 25386142
22375827 22375846
221477 682960
22377774 22377783
296872 819783
24981728 24981736
211268 640057
24156851 24156864
45102291 45102292
880436 1696251
221475 682868
23797938 23797952
221468 682546
1861840 2661516
211268 640056
504378 1195527
45842826 45842824
406762 1037949
406762 1037948
406762 1037945
406762 1037944
406762 1037947
406762 1037946
406762 1037950
406762 1037940
45842800 45842801
406762 1037942
208701 627101
208701 627103
24072782 17078613
17078585 17078613
37817560 37817562
22324013 22324028
24077012 24077016
817466 1623293
352869 942826
993543 1839330
23773399 23773415
24489736 24489743
208645 625988
208645 625991
22408088 18847135
18847098 18847135
275786 781781
322704 872031
1678180 2514577
208715 627588
22377591 22377602
25152504 25152514
13374846 13374873
504394 1195603
404788 1033095
208115 622822
321714 870398
504397 1195765
507315 1200550
208096 622113
210040 635342
533676 1246910
533676 1246909
403367 1017606
275791 781869
208471 624885
319909 863944
122349 400768
407015 1039679
208718 627672
170462 526226
322704 872057
1377087 2254904
275779 781381
5724 49161
160462 504667
407667 1041826
208897 628921
124684 406563
507122 1199952
208101 622307
993546 1839391
22464898 22464919
209855 633902
507119 1199873
319926 864487
407012 1039630
208707 627303
637398 1374544
210289 637725
208650 626195
407004 1039379
24251144 24251162
208044 619982
209178 629952
24222809 24222824
407246 1040469
1567571 2427139
208644 625953
208705 627247
942111 1773264
796223 1586955
1028352 1889370
208110 622610
375903 979124
407665 1041728
209453 632453
661861 1403139
295561 817240
208838 628619
160271 503356
506194 1198086
1373678 2251479
1373678 2251480
209289 632160
994171 1840440
504394 1195600
4918782 4918834
208658 626469
210025 634995
210323 637998
403786 1028617
322711 872231
24166478 24166489
10682825 10682839
208526 625415
504395 1195646
217924 666168
124675 406263
22324154 22324169
407012 1039626
158333 498407
158333 498401
319916 864123
407552 1041217
403786 1028614
407674 1042002
407661 1041595
407661 1041596
208063 620686
208656 626387
208662 626654
208069 620996
352778 942484
216016 655386
216016 655387
22441843 22441860
1902629 2683374
208471 624884
208062 620613
1375232 2253918
1373678 2251476
39264 160521
160346 504168
1359555 2234367
1373678 2251474
506176 1197990
326356 884708
211279 640284
211416 643550
406722 1037728
504376 1195480
804679 1605008
22369486 22369504
22377048 22377065
23031 124836
208709 627402
1395030 2268923
880437 1696282
210118 636578
208056 620390
352878 943011
208066 620863
408127 1043699
22414268 22414285
22378533 22378551
22449277 22449298
208516 625204
211281 640386
208106 622477
536462 1254137
39275 161047
208106 622478
22391781 22391796
504503 1195924
2076008 2832015
506609 1198867
407859 1042556
5722 49088
13310101 13310124
208280 623994
796212 1586632
796212 1586634
208525 625385
403787 1028648
403787 1028649
403787 1028650
209544 632783
208709 627404
208658 626466
208652 626227
352775 942369
880435 1696220
208709 627405
699271 1456107
533675 1246843
5737 49673
402931 1016756
402935 1016864
160265 503031
208697 626962
122346 400637
403786 1028612
110584 355440
122349 400771
507310 1200379
326030 880661
326030 880663
217169 661781
796226 1587055
208095 622078
208109 622571
661864 1403239
326030 880660
350835 937101
208255 623873
504292 1195204
39262 160432
210734 639009
326358 884776
39270 160796
211404 643075
160487 505616
583631 1302117
583628 1302027
976012 1818971
406926 1038753
407669 1041861
39271 160854
321714 870397
22407296 22407313
804683 1605058
18866599 18866606
208077 621354
1374086 2251805
1375080 2253554
39271 160852
39271 160851
796233 1587250
1184542 2057423
39277 161143
407666 1041774
406764 1038004
407666 1041773
407666 1041776
407666 1041777
407005 1039407
407005 1039411
407005 1039412
406999 1039240
352770 942173
208079 621451
796210 1586580
209858 634019
407926 1042754
209174 629893
22419355 22419375
208809 628436
1868368 2667548
796236 1587367
350475 936640
407008 1039509
5723 49122
5732 49475
208346 624274
406996 1039162
406996 1039161
406996 1039192
160466 504784
296878 819967
322711 872233
208287 624168
208113 622729
208288 624218
407340 1040935
404524 1031537
211414 643459
1955520 2727078
158333 498400
23795983 23795999
661861 1403138
661861 1403137
210026 635042
942110 1773227
4463068 4498726
404186 1030779
22466662 22466685
2075814 2831866
208712 627501
505901 1197795
536119 1253473
86638 295792
1365255 2241812
211400 642938
942107 1773178
214602 653057
406764 1038003
23035 125090
403786 1028611
208053 620282
504231 1194612
796225 1587015
208867 628873
1345426 2220220
211414 643460
406764 1038007
23032 124930
1678180 2514592
1373678 2251484
402940 1017001
402940 1017003
210410 638180
404556 1031837
322705 872119
208668 626887
208668 626886
1360958 2237195
322710 872198
536463 1254156
796239 1587483
322713 872294
319934 864740
1011718 1861992
502897 1192858
208635 625701
208097 622149
208697 626959
208697 626963
506772 1199305
507092 1199816
357875 955412
502899 1192931
22435678 22435703
5728 49329
5728 49328
208068 620921
407925 1042724
796237 1587421
160456 504465
1360954 2237093
406764 1038010
1374849 2253324
880434 1696190
210281 637508
402931 1016758
1868388 2667603
296879 820011
208079 621455
160346 504166
160263 502945
322704 872056
208697 626958
504395 1195645
208102 622341
1375085 2253696
208255 623872
208667 626825
209429 632306
208708 627338
24670220 24670234
583642 1302418
208706 627277
1366052 2242667
25152504 25152516
24040364 24040377
319930 864606
22446504 22446518
993825 1840129
350837 937163
4124000 4266244
2075702 2831479
1889504 2676385
22425216 22425234
208080 621493
221477 682958
507625 1201066
208713 627542
22364532 22364551
160474 505050
160474 505048
160474 505049
160474 505053
160474 505054
160495 505869
507313 1200474
406764 1037999
406764 1037996
406764 1038005
110586 355511
22352088 22352106
24486398 24486407
350838 937197
506746 1199216
406764 1038011
322704 872055
407666 1041779
407482 1041122
160310 503758
507342 1200594
4124003 4266257
25392406 25392416
402932 1016791
504220 1194231
210020 634879
275794 781952
209858 634020
583629 1302055
211415 643500
319917 864180
406764 1038006
211409 643190
208715 627594
295566 817316
295565 817304
532922 1245295
39273 160984
160271 503357
407007 1039476
208697 626956
23034 125025
111205 357904
209856 633950
158333 498410
122349 400769
208654 626300
208654 626301
158333 498406
407007 1039479
208907 629167
208658 626464
1567576 2427318
406769 1038118
1373678 2251475
1345432 2220413
210023 634941
208082 621571
504234 1194709
4918785 4918902
326028 880626
211280 640326
217926 666196
24576584 24576600
1360954 2237095
352868 942764
326359 884819
407926 1042753
993540 1839247
296880 820048
22413015 22413043
1567575 2427282
1567576 2427316
1567576 2427319
23795983 23795996
1011718 1861993
336257 919937
217167 661701
5710 48810
160266 503065
536461 1254113
160271 503358
210503 638501
208642 625843
1375086 2253729
208107 622511
1375230 2253847
211278 640249
880447 1696565
160476 505179
407009 1039533
1344854 2219675
321297 869412
504207 1193931
406996 1039180
208642 625831
275779 781383
296879 820010
208655 626351
160310 503757
160312 503825
160265 503028
319931 864638
352786 942699
402940 1016999
22355131 22355152
211279 640283
5721 49017
211412 643293
22374695 22374701
22435342 22435361
160346 504167
2830052 3393762
295563 817257
208065 620835
208644 625952
22421405 22421427
208663 626698
796226 1587056
22435678 22435702
214594 652809
214606 653110
22376047 22376065
955495 1786512
160346 504164
530975 1241726
407012 1039625
1362811 2238908
24222445 24222461
506609 1198868
208653 626269
1360179 2234871
1678181 2514641
5729 49373
208643 625906
1201073 2076723
208350 624417
22392598 22392617
210285 637638
208715 627589
208250 623700
319922 864356
22497781 22497797
39285 161323
208936 629293
400602 1012099
403786 1028616
124684 406561
1678181 2514636
504372 1195375
1028350 1889325
208127 623085
1197044 2073807
22331010 22331030
406996 1039182
211421 643683
403367 1017605
209180 630057
5730 49413
407670 1041921
796220 1586849
407004 1039380
209623 633309
880438 1696311
208811 628510
211281 640387
1375090 2253820
942110 1773228
504234 1194708
976013 1819013
400541 1011695
503433 1193402
296882 820080
208058 620448
208704 627221
23032 124927
319925 864454
217927 666233
406764 1038008
1197184 2074040
39263 160453
22462829 22462847
407860 1042589
322711 872236
661862 1403167
160456 504463
210100 636228
319927 864520
322711 872235
322711 872234
2682027 3284569
5730 49414
39273 160987
39273 160990
406759 1037873
406996 1039185
208086 621745
208712 627502
208100 622244
504395 1195643
217163 661550
1678181 2514631
22359639 22359655
407674 1042000
404790 1033156
504232 1194648
160346 504162
1028347 1889264
407665 1041729
39264 160520
208255 623874
352871 942865
536124 1253620
503052 1193156
407595 1041406
352775 942368
208515 625171
583638 1302300
1375082 2253614
160271 503359
407482 1041123
503434 1193436
13383114 13383139
407012 1039624
211286 640521
1373678 2251478
208355 624554
2075608 2831298
160478 505258
1363808 2240251
160265 503030
210220 637201
210287 637669
319913 864067
796210 1586581
1383622 2258391
208642 625844
160468 504819
408479 1044627
208096 622114
124674 406232
5710 48812
5710 48815
5710 48814
1622925 2470352
942107 1773177
39273 160988
506176 1197989
160471 504934
217176 661976
1000580 1849767
210094 636043
39273 160983
211272 640144
407339 1040894
507519 1200946
122354 400968
504240 1194969
160266 503089
504240 1194968
507307 1200277
407246 1040470
583626 1301962
796230 1587190
407012 1039628
160479 505312
23034 125023
208098 622183
507553 1201009
208249 623673
210321 637825
22424878 22424905
119982 382970
2075603 2831222
1375081 2253584
22638 122892
583627 1301999
202478 608118
1360954 2237094
208806 628301
406996 1039173
507308 1200317
796220 1586850
210026 635041
110593 355741
1197642 2074971
1197642 2074972
1197642 2074970
208659 626515
1197642 2074969
407012 1039621
23034 125022
583630 1302087
403786 1028613
507311 1200413
208907 629168
210504 638570
208659 626517
504503 1195926
210740 639203
502899 1192932
506775 1199367
406763 1037976
406763 1037974
22468726 22468734
14991784 14991814
1036536 1901015
1678181 2514643
86634 295697
407057 1039706
1360179 2234872
583632 1302154
209181 630108
1567569 2427108
23034 125019
23034 125020
407003 1039353
976012 1818969
507314 1200501
209171 629816
505928 1197824
504238 1194888
39268 160681
1360956 2237163
208709 627403
322710 872199
406996 1039174
211409 643189
209885 634390
796212 1586633
407340 1040936
208521 625328
350842 937301
39271 160853
350842 937300
976012 1818970
208255 623871
39268 160680
1678180 2514591
211270 640088
208127 623084
210501 638455
208702 627153
1360659 2236512
208664 626735
322711 872232
322711 872230
208054 620327
868947 1683135
209857 633977
22375621 22375633
22416080 22416092
23035 125089
406762 1037943
5710 48807
209624 633344
407860 1042590
507396 1200757
208641 625786
352778 942485
217161 661494
221481 683133
210220 637203
208810 628470
352778 942481
402940 1017002
221472 682730
211282 640419
208640 625754
119982 382974
209864 634217
211408 643153
503051 1193123
9742589 9742619
1567576 2427317
208660 626560
796227 1587092
23795983 23795997
22364750 22364766
403786 1028615
202478 608119
202478 608117
880450 1696650
993985 1840272
211282 640420
530975 1241727
583639 1302355
536123 1253582
210220 637200
209117 629610
2335467 3036410
41765 171993
880445 1696508
5715 48912
23795983 23795998
16763843 16763880
2974682 3494760
208908 629193
211281 640385
110585 355477
208661 626612
202584 608547
1345429 2220341
506942 1199498
1678181 2514628
208697 626960
504395 1195647
22341014 22341029
122353 400935
406996 1039165
506942 1199499
402938 1016940
402931 1016757
160484 505473
504393 1195553
3929260 4136315
39267 160636
583642 1302420
208718 627674
1359156 2233737
22499921 22499942
942107 1773179
1373678 2251483
208901 628995
506942 1199500
208715 627590
208105 622448
506569 1198633
208717 627639
1678224 2514949
796213 1586661
424462 1066716
403367 1017604
13284997 13285017
22469846 22469868
208471 624886
275781 781681
25221167 25221176
402940 1017000
400541 1011694
22324928 22324946
1382226 2257401
352777 942439
402932 1016792
504378 1195526
296868 819711
5727 49248
160308 503723
1373678 2251482
319927 864519
406996 1039176
208078 621403
170458 526154
25152504 25152515
25152504 25152517
22439943 22439960
406929 1038834
506972 1199698
404187 1030838
211412 643292
661863 1403207
39275 161049
39275 161050
208839 628670
122349 400767
208702 627154
404557 1031870
350838 937196
796236 1587368
352878 943012
110587 355554
119982 382973
407012 1039622
404556 1031835
1364437 2240983
24640509 24640526
583627 1302000
404186 1030778
208702 627152
1028351 1889344
1365263 2241986
1011740 1862073
22324044 22324053
208249 623674
406996 1039181
403787 1028647
13357132 13357160
637397 1374509
796214 1586690
208060 620524
22638 122893
406764 1037997
1345427 2220270
352871 942864
3394439 3788980
208635 625700
993576 1839682
39276 161096
39273 160989
1678224 2514950
1036540 1901076
22353263 22353280
208080 621494
208603 625592
402935 1016865
4900656 4900733
1435897 2305361
214596 652882
295558 817176
39268 160682
158333 498411
5737 49672
5737 49674
404556 1031838
23797976 23797983
23034 125027
209858 634018
407001 1039296
1193515 2069523
208665 626765
352873 942928
350475 936639
1011978 1862379
24072712 24072730
407566 1041282
507151 1200059
1196441 2070748
1376616 2254748
209170 629791
406996 1039177
210282 637545
119982 382972
407567 1041324
1012240 1862657
158333 498408
350468 936482
22406258 22406272
504395 1195642
202478 608116
24072712 24072729
124684 406559
24569842 24569851
583636 1302236
321296 869380
24670220 24670233
208717 627640
221555 683474
955493 1786488
407246 1040468
124684 406562
208646 626037
2075814 2831867
111205 357905
160491 505764
160312 503824
1678182 2514670
214593 652770
208703 627193
208644 625954
124680 406431
208697 626957
1345429 2220342
160491 505765
208658 626465
404789 1033125
637398 1374543
39266 160596
408044 1043580
160461 504634
5721 49018
407007 1039478
211416 643549
22329936 22329958
5710 48811
22420510 22420531
214607 653137
407664 1041681
796205 1586456
1375080 2253556
160475 505132
1435937 2305579
1360659 2236513
408479 1044625
3893105 4113027
5728 49335
796205 1586452
583642 1302419
407005 1039409
1678181 2514634
504394 1195605
5728 49331
319927 864521
504503 1195925
406764 1038002
506772 1199306
319924 864427
406996 1039175
406996 1039154
208655 626352
86631 295643
406764 1037995
23034 125024
352778 942482
407670 1041925
160346 504169
1184722 2057846
208111 622642
208475 625013
1360179 2234873
407669 1041862
530896 1241666
530896 1241668
1678183 2514700
406996 1039170
158333 498409
210220 637202
208718 627673
796205 1586451
407002 1039325
407666 1041775
1184722 2057847
504394 1195595
124684 406560
160484 505475
122349 400770
39273 160985
221474 682822
407566 1041277
208186 623535
1678181 2514632
350475 936642
504395 1195644
22378079 22378099
1678178 2514564
22435678 22435701
211409 643188
402932 1016793
507519 1200945
406996 1039150
407012 1039623
160461 504631
408479 1044626
404556 1031834
406996 1039164
158333 498402
796205 1586457
5721 49016
403776 1028419
160265 503029
1678181 2514630
208257 623912
406996 1039187
160271 503355
375903 979126
23032 124928
158333 498412
530896 1241665
22364154 22364171
404187 1030837
536461 1254112
407666 1041780
507307 1200278
407005 1039408
5728 49332
406763 1037975
407340 1040937
407670 1041922
406996 1039168
5728 49334
536119 1253474
350475 936638
504394 1195606
407669 1041858
375903 979125
507151 1200058
1889504 2676384
322710 872197
39269 160758
406996 1039156
504394 1195598
504372 1195374
1030719 1893359
160474 505056
404187 1030835
1373678 2251481
407664 1041680
375903 979121
1360262 2235191
400601 1012065
208350 624416
124684 406557
796226 1587057
160474 505055
406996 1039179
39273 160986
1678181 2514642
406764 1038009
1201073 2076724
406996 1039188
5728 49330
403367 1017607
1678181 2514638
160474 505052
1373678 2251477
407002 1039327
221474 682823
404187 1030836
504207 1193932
504395 1195648
530896 1241667
202584 608548
406996 1039153
24076852 24076860
22420510 22420533
504376 1195481
160266 503090
530896 1241663
208897 628922
40238552 40238555
40238407 40238409
406996 1039169
407005 1039410
536123 1253583
406996 1039178
2075612 2831384
407670 1041924
406996 1039160
208717 627641
406759 1037874
40238460 40238462
208697 626961
40238537 40238541
275786 781778
119982 382971
40238512 40238515
208079 621454
40238443 40238448
208287 624169
375903 979123
22329936 22329959
406996 1039186
23032 124929
40238433 40238436
2075612 2831383
40238512 40238514
796236 1587369
506609 1198869
209951 634472
1184722 2057848
45102391 45102393
23780536 23780556
5710 48813
407669 1041859
24076852 24076859
39264 160522
407667 1041828
40238421 40238424
1000593 1849786
407666 1041778
40238433 40238435
160271 503360
43214874 43214876
22375593 22375613
45102592 45102593
210740 639205
160346 504163
40238407 40238412
40238469 40238471
406996 1039191
40238438 40238440
406763 1037977
504394 1195596
407012 1039629
1184722 2057850
407566 1041283
375903 979122
955492 1786452
407669 1041863
208647 626067
39273 160982
407566 1041280
336264 920055
507519 1200947
407012 1039627
406996 1039163
208148 623433
530896 1241664
1030719 1893358
407670 1041927
1678181 2514635
1678181 2514629
39275 161048
45102232 45102234
40238443 40238449
40238552 40238554
407670 1041926
796205 1586454
406996 1039149
40238479 40238482
536118 1253444
40238425 40238427
40238503 40238506
40238443 40238446
352778 942483
40238456 40238459
407669 1041860
530995 1241844
319934 864741
208096 622117
209544 632784
406996 1039166
22420510 22420532
326030 880664
208717 627642
208658 626468
407670 1041928
40238407 40238410
40238545 40238547
407666 1041781
4463266 4498939
25144468 25144477
45102387 45102389
40238520 40238522
406996 1039155
160474 505051
1184722 2057849
208079 621453
406996 1039171
210220 637204
5728 49336
404187 1030834
208351 624456
1678181 2514639
406996 1039158
350475 936643
406764 1038000
208104 622417
160461 504629
319924 864426
1678181 2514627
45102531 45102532
407664 1041682
406996 1039152
407002 1039326
407008 1039508
1197641 2074942
404556 1031836
796205 1586453
326358 884777
406996 1039167
124684 406558
208475 625014
1678197 2514833
406928 1038808
45102380 45102382
406996 1039157
211282 640421
45102136 45102137
208096 622115
40238456 40238458
40238385 40238387
40238503 40238507
407670 1041923
208186 623536
504372 1195376
160461 504630
40238421 40238423
407251 1040612
160271 503361
319926 864488
40238443 40238453
326030 880662
406996 1039183
40238443 40238451
40238537 40238539
407566 1041279
407007 1039477
40238382 40238384
1678181 2514637
530896 1241669
160301 503532
406764 1038001
25210187 25210191
530995 1241845
504394 1195597
1906868 2685587
406996 1039190
40238430 40238432
504394 1195608
1184722 2057845
40238517 40238519
796226 1587058
1678197 2514834
209171 629815
40238443 40238445
406996 1039159
160266 503091
1000593 1849788
39286 161337
407566 1041281
23034 125021
208702 627155
160468 504817
406764 1037998
407667 1041827
208658 626467
40238443 40238450
1678181 2514640
504394 1195607
352778 942486
406996 1039184
407005 1039413
211410 643222
160468 504818
210740 639204
158333 498405
158333 498403
1375080 2253555
208809 628437
208096 622116
506609 1198870
1184722 2057844
507311 1200412
406996 1039151
40238378 40238380
202478 608115
160461 504633
504394 1195604
40238503 40238505
25144468 25144478
40238443 40238452
208257 623911
25081966 25081978
9678732 9678749
1000593 1849787
158333 498404
40238393 40238395
208659 626516
796205 1586455
211280 640327
2075702 2831480
504394 1195599
160484 505474
208350 624418
208079 621452
40238378 40238381
5728 49333
208127 623086
209951 634473
40238398 40238400
40238537 40238540
160474 505057
504376 1195479
5710 48809
202584 608549
406996 1039189
160461 504632
40238415 40238417
40238533 40238535
202478 608114
40238469 40238472
407566 1041278
406996 1039172
1678181 2514633
661862 1403166
504394 1195601
504394 1195602
40238407 40238411
40238479 40238481
536123 1253584
23034 125026
160456 504464
407674 1042001
23798127 23798142
322711 872237
208715 627591
24670220 24670232
407340 1040938
40238443 40238447
24156673 24156678
9678732 9678735
160346 504165
5710 48808
23797876 23797881
2698139 1921601
9741215 9741224
322710 872026
322704 872026
