28169716 622402
28169719 864469
2493898 1010970
29752642 1865769
28180578 539721
28180570 2368108
28180577 2207592
28180572 1988135
1651112 2015089
3165780 2492805
3634340 1325404
3950785 2368828
2493899 591742
2493896 1144589
29745243 637905
4342122 1625108
4236326 2140617
4084100 818542
3846958 1483564
3476217 1570549
2944883 2116262
2208652 2138205
2944882 541772
1336859 2140638
29745254 2885303
29978768 3044965
30031942 2268910
30010019 3044996
30010020 2024838
200311 600263
2169530 1141859
2908964 810928
3448047 2347585
3448046 2659198
3821961 1546638
3821962 3140960
1336858 2208647
30160232 2785624
600261 1141801
28461628 1468462
3372420 1460212
4202472 2418501
4202474 1271830
4033418 382218
4202473 851743
4202471 1468480
30136070 1402150
30087346 2346252
30135948 1402203
29858867 760739
30146858 550870
4202469 2341457
3775131 1468486
29748783 25006505
29745547 647148
30033359 212258
4033423 646661
29926965 1388262
3775148 2262357
4033434 1930185
3775142 50158
3372426 647189
3775140 1387692
3775141 1387710
3775143 2494203
3775144 2770395
3775147 3750485
4033454 3039294
4033455 2692146
4202496 3039291
4202495 3467543
4202494 3467522
4202470 2496370
4394307 1558568
4394305 2956815
29745545 24137857
29745806 24668959
4202507 4317899
3775145 4033452
15346407 2001247
29745551 1816365
29745557 312057
3775169 2133077
3775174 2053354
3775175 1050707
3775172 1050688
3372436 979870
3775173 2660447
3775171 705591
4317880 2626549
29745546 2334502
4202508 838145
4394306 1045295
2035217 1045300
4448147 1889383
2035209 2799079
2035190 1912716
4487923 652895
29943396 772237
4543174 1461489
4518891 2685908
4561854 2119578
2799036 1348456
2035188 2799037
2035189 1840095
2035191 1348508
1163519 2035192
2035218 1916302
4317895 1916216
2799061 99837
2035230 709869
1163525 51715
1163522 442056
1163521 56116
485958 78378
1163524 261961
1163520 299346
2035200 223005
2035216 48843
29804138 321536
3775193 237959
29990934 228038
3372404 13331
29910369 226732
4033494 362319
3616799 430757
2799123 575854
3372455 164008
2035202 101648
2035201 49759
29745534 572763
3372443 171918
29804137 1685883
29997068 332710
29783804 99708
29943402 672812
28513852 778419
29943403 416236
3940043 359703
28461419 2212769
28461418 1596098
28688002 190850
4495461 102669
29781879 660578
30123004 831128
28461420 280183
29973934 612317
29945470 637878
29945471 178190
30039189 256852
28477121 161576
28477127 1208810
29973935 328729
30064525 375906
2799083 267195
2799084 204325
3372403 715344
28691958 534084
2799115 278510
10243680 144985
10243678 715357
28477122 1249028
30162805 669537
28477126 715389
29997062 335257
3850350 233845
30102062 260697
4085750 233717
30102063 233636
30037043 268860
29912771 29032
29781880 362322
29974324 1829219
4237319 590920
10413673 522652
30184267 710951
2953466 233871
3481692 1374069
3481695 501784
3481693 692950
2221376 1975300
2953465 754823
29997063 1029895
29745697 364447
3481701 551500
3850371 710410
3850344 918825
4085744 515800
4237324 445271
4524246 68114
4547118 710511
4085757 1646211
4191161 858863
2183365 887823
2921183 901116
2921129 615071
2953464 1764172
3481685 524401
29819949 948226
3460634 175184
29857404 1142849
29857403 99839
30091104 478259
30056161 1074815
30035142 1126603
29857402 1214510
29857405 273740
30105839 1068371
2921147 1042144
2921131 46756
3481694 1683798
3481696 645362
2183358 1256893
2183359 507054
29882386 544411
29882384 1267061
30207682 327194
29882385 943927
29882390 106889
29879654 99172
15321189 293445
29879659 1683118
2183360 356916
2183361 1058666
15287552 105188
29855911 1088004
2183364 376363
1307526 418738
24395133 1629035
15287540 58041
15287531 105357
15287525 397135
29841633 899281
15287536 945704
15287546 682348
3919194 529537
3588374 529534
10348504 898170
809793 871197
291424 449791
10348508 331534
10348513 1072752
4129561 192080
10348518 864439
29937585 257811
29937586 640536
29878752 3091469
4270174 222475
30096370 91908
4423951 1344066
4361059 846635
6313716 846699
6313690 321705
10391309 868343
2921166 432009
2921171 572468
29888775 1152840
2183363 659896
2744351 1462181
819496 142977
515449 665646
164121 515408
164113 515386
2183362 1310812
296760 328916
164126 515441
515417 1214294
515418 850195
164123 515421
164120 515402
164124 515427
164127 515451
164111 515379
164125 338718
296758 819485
164119 515396
40005 164130
164110 515367
164109 515353
164128 365311
85048 291419
29807109 1922092
29765591 2868530
3383872 809541
28227080 1298077
3558801 800841
29765590 607168
29765592 2513395
3900177 1235663
29932335 196390
809792 361178
14888619 831659
28227026 1602317
29835557 1426094
2056985 456113
29807110 1309068
3780939 1989170
2816227 902097
28227033 1482439
29825527 2760544
28227043 105019
28227059 1392506
15287501 198128
15287505 769272
30001047 769177
29807115 2459759
15287516 1774815
15287510 684392
29879635 1006374
29879633 180397
15287520 594638
24395136 2484749
29879634 180314
29879636 425132
29879641 551937
30156119 1816088
29764671 642039
29754120 1237086
29754124 419087
29754129 372347
29835556 372171
28477102 930100
30163447 273871
30001039 850205
30001040 566782
1184000 1328789
29835550 1665992
29835551 696242
28227025 349559
2816226 844048
30103937 587231
30148304 1144574
30204712 685384
29874899 1354260
30020252 1144496
29869395 877215
199394 473306
30020253 353629
29874900 867640
598034 1333766
29869396 415562
30160897 324564
30112920 2492067
29764670 2880635
29754119 299287
29869402 1741414
29869407 941125
28227049 2791912
1333765 285564
29874905 3039757
3140861 1520269
1611973 84667
3140860 829118
2461709 2138860
29886425 1417512
4116558 3800646
29886426 1162261
30193744 2488457
2942762 2270781
2205339 367304
28227037 1162486
28227027 1176167
3475084 1531290
30039827 677087
3846342 2473244
4236166 716956
29920021 1800826
28227038 2643689
30195963 527850
4236168 97461
4236165 1268489
30127033 441544
3558784 848384
28442561 667850
28442562 910590
4236167 1740974
4083796 916561
4236164 823901
4236163 670016
30146863 914736
30068222 1644433
29753204 305750
4236162 325376
29753205 983924
29753209 515426
291423 544217
30205894 388332
30056005 51363
29855104 675243
3381742 95598
4342008 647255
30202635 396212
4410441 1536319
2813860 954813
30056006 816423
2090230 95063
3064947 510683
4459150 1303780
15300245 2950030
1214273 1256459
515352 90187
1214274 838368
3622321 3078887
3149745 1060260
1626292 246472
3064889 298577
29980811 979439
3149721 1274663
29829257 663175
2474038 2660722
1626277 790528
2474037 956606
2474075 1582504
29774756 408564
515439 1180873
515416 1214284
819524 926823
819523 861554
296764 819522
296761 819502
1626279 672765
819509 811862
1626278 376228
2474058 651853
1626593 646933
1626575 822956
1626578 110846
1626577 823125
819620 823131
296773 493223
296762 819508
296774 819627
29745539 4398780
29745538 1658477
819619 385929
246679 543180
2370913 2142518
1507304 886496
1507315 1214593
735968 1507318
1507317 2352652
735969 1265302
735970 1507334
1507325 1220545
2474056 1995670
2474057 629360
1507302 1507503
735966 1507293
1507298 646867
2370956 1476946
3064922 1005143
15300242 718606
1507301 394431
3064882 954221
2370914 3064883
1507297 332627
1507294 514115
2370915 208502
1507296 1955169
4355031 1613607
4261133 2553090
4116560 320970
4116561 99909
3900152 342252
3900161 1122923
4116559 491321
3558781 2044054
3558782 660427
3064939 3091488
3558780 1390304
3558742 678471
3900146 334042
3847662 2082284
3900145 221844
3064905 864623
3064906 1500413
3064904 1414281
3064915 883874
2370955 170731
2370957 1152890
3064914 708837
4355030 1475269
4355032 1256524
24396771 1544942
24396774 1619378
3540069 756521
2946823 891351
3477498 227133
11129854 574343
29990916 1111791
29990917 1145496
11129864 1230693
1462980 122008
2332994 571620
29750552 571696
29750551 585352
11129872 185700
28461636 574404
28461637 2656898
28461635 185722
809811 1111779
11129879 105911
3034989 601027
28460936 339011
28460949 1613351
3586281 452517
28166055 1199442
28166060 1237264
29761599 2112953
28166068 1077247
28166065 1268429
30082671 545336
29836696 1148083
3816513 320476
3558669 16183
28460934 860916
28460935 600868
3440463 1983156
28460943 506315
3816514 545669
228653 285252
29990477 1162823
29990471 1972136
29990470 113205
30153454 206361
30153455 423711
3034978 189229
30107268 1582330
10975100 747794
15315239 285948
2332986 475238
1462979 256797
704532 748068
10975094 1478035
10975101 1316877
1692821 1121479
29761613 1385653
11599316 659158
2332980 298844
10916937 708611
1462978 1491393
704533 541437
2414703 1130719
28166039 719200
28166041 683614
28166048 358696
30200534 387544
30143762 1130997
29761598 87075
3102371 1233681
30007755 222354
15470138 676479
28513887 300340
28460858 531329
28513889 580959
15508996 1124756
15509000 1307659
30190192 1992898
2902569 1615365
2162089 2177265
29761600 836515
29980795 531420
201347 602128
46594 201349
3231483 684967
30106253 286206
3443607 344075
15509005 2686982
28460854 1478645
29776424 495926
15509010 786668
3819069 734891
5156 46596
9791392 2359260
9791409 1643636
9791396 1710332
9791403 1612163
30031782 1675250
46592 201340
29761606 2142951
4261122 192367
4116526 543813
3558699 176657
3900118 2378930
602122 1265987
3558698 1265869
1339166 2210908
4058590 652793
3558668 571965
3064837 571981
3064830 1625163
3064832 895537
3064833 1786467
3064834 1287001
2370822 2577690
3064825 2577715
3900113 3430441
3558677 3410835
3064835 220818
3064831 1266422
30167468 923356
2210907 1452829
2946766 1339888
3064829 927997
3064975 1722532
2370923 1112464
2370922 1165598
1507295 673153
1507303 2370964
1507300 2115455
2370921 1612949
3064985 2163693
1507267 2037260
1507299 890870
735964 1507269
2371019 1006199
3064827 2059940
2371018 749177
1507351 363676
2371017 1348610
3064973 831182
3064974 3558816
1507359 1705616
1140558 961441
735975 357301
1507280 1929961
1507349 1176553
1507350 1736930
2371010 899240
3149838 692464
2474272 385176
2371011 459785
2371001 602537
1626573 1566989
1626576 2474286
2474273 1066936
2370899 1711854
1507282 980032
735965 1507284
3705110 1794094
3558850 1607041
24398435 345077
2371036 743190
3065019 3558867
2371026 1518411
3064994 2429746
29891708 1721728
3558866 1309396
29750074 2517719
29927769 3082243
4116582 2136637
3900225 3373848
3149837 3182735
4261174 343737
3477472 1954290
4338394 2750226
4230421 1644080
3558838 3661638
3558849 1810617
3558846 3341037
3558848 1644089
3064991 3340980
3064993 1772008
3064992 1946588
3558837 2341719
3558809 2866330
3460588 2379779
29584745 2751460
14502582 898599
14502574 3552140
4116575 1580265
2921105 2755457
28513803 2386838
201338 602120
29990146 408582
29796906 2038586
28182583 2801831
3834032 1639725
3460589 437312
29794080 2801743
4116576 1166554
15318241 1669857
4075882 994748
14408360 1335261
14408362 2206922
14502563 2399328
14502555 2707381
14502562 614822
15509023 3775998
14502561 3378976
14502569 3132903
2343067 790530
811943 1346721
29857034 618289
14719849 1379629
29822417 659791
8536364 835324
30064255 782662
11520902 3308573
14719852 2205623
30161216 347025
28460856 1643960
14719858 2654724
11520907 679011
811925 762107
28460863 670949
15509016 3031053
1474747 2343069
85651 293048
293031 92829
811939 1613966
1949316 1022625
14502568 2150725
1086997 291197
811940 1579486
811942 1613984
3994132 873406
4116573 4004530
3900200 4116577
4116574 3293785
85646 293017
16625 85774
85644 292999
85648 293030
16610 85653
293034 811959
3705096 3374471
3263649 3438295
3263652 776337
15304676 2740115
3558851 1005598
3263647 3705091
2640885 736468
3263651 848847
3263645 2114714
3705080 388989
3263650 3634212
3705081 289232
3622343 2268008
3943767 2553447
839769 1650732
24398432 1417887
29967842 3617172
1650730 791031
2493397 3165284
29967841 1673877
11209754 1658808
24398439 940406
11209786 2871084
3633994 2810727
3622328 1477242
3165283 3439973
3149766 482919
3263677 3705132
30203117 1518449
3705134 3379390
3994156 2081213
3943751 481629
3950592 885588
11209797 1477286
4150237 1277012
4284204 1004659
29907170 1422037
29745604 897060
29745566 2810827
4355038 2051023
4281795 679170
29745600 3975268
4146317 3131729
4179969 1162222
29745616 6953549
296755 819468
819467 1626262
29745163 299507
29745627 4663115
3622341 1498235
3149768 3261656
3149767 291897
3622333 1899056
2640884 960994
29959751 1724082
3263680 3705163
3263681 320185
2474116 3149769
3622342 1694164
989091 1834835
1834829 2640888
199754 598830
16641 85857
1323 16660
16622 85718
293140 812305
85731 293142
16643 85867
16623 85733
977694 874808
1821279 698581
2535867 2368578
2082598 2623590
2836990 2368589
3397688 2358747
16621 85704
14881352 2333899
1821277 2343790
8536408 1662668
10198689 437129
293014 811928
16639 85831
85819 293546
16638 85822
85818 293534
1611941 109466
2408301 2125159
1548178 1778231
2408303 2696113
2408308 3097085
8536363 1147326
8536385 3369541
8536370 1273524
8536384 360358
8536371 331613
8536350 1211257
8536358 945556
29863510 614489
8536390 669498
28442531 2175379
293533 812712
28513959 860252
28461600 1739870
28461601 401397
28461594 2784211
28461595 1725806
11127067 2725540
3831833 2048461
30044991 3115700
3456119 853141
3831832 1254969
4074401 1690307
28687945 2784218
30034443 3445185
29936140 6736964
2461686 2904693
2408305 2813247
3097078 639356
15321182 2602279
11127073 2730514
4229475 1557309
2554829 3080112
29910018 3328900
30167385 1180398
15301340 16420
30173751 2684382
15301347 145000
15301348 2793195
29873533 2471774
3201494 1090260
10198671 3772747
14881358 2755849
29762670 1856434
29762671 922515
29762677 3467421
4487399 871728
4518285 2793139
4518284 3760556
4447343 1179790
3249228 1651300
29769478 3760568
15301338 807205
15301341 3923970
2620754 3249231
3249229 1179740
1547929 946533
2408138 205617
2408139 2391467
6273287 1309889
2408141 846416
3184400 135728
4392991 1688890
39224844 2555770
1614023 664709
811966 1614024
3263669 3412190
496776 1181134
3705122 3761106
1834833 1822238
2640896 2836676
600658 1337152
29847540 1718499
1184011 2057051
1834832 2640899
3263679 3506950
2640897 819829
4599608 2153052
573420 1288853
29889076 301555
29847539 1569152
1288851 910438
2906651 1612789
3588361 3919174
14540490 52670
3919137 1421910
3705133 624395
4303559 3087255
3263678 435634
2816306 3383948
2057049 988434
3705142 3011045
28176969 3217449
2906650 2123380
2166377 2906649
30016806 1697385
3705144 837420
3994183 824713
30184472 1648320
4179976 2780053
10198697 2112620
30034448 1301239
10198709 4483579
3820681 741586
3446495 2527206
11212061 1635655
3919138 2299651
3919135 3262057
30211079 2570375
10198700 8539765
30163246 2321811
3820680 4061794
4218808 1706413
4061791 858400
30057297 4710688
29792453 3118623
35399472 367709
4468329 559594
4529531 879835
4502775 1000150
4529533 3483448
4529532 561493
4502787 835128
4567928 1576664
4218810 561186
4328599 1349330
4529542 562285
4550588 560842
4550569 2208227
4550563 1349347
4567915 200144
4567929 200178
4582713 324708
4594844 376281
29745626 5447449
29745526 869313
29745622 5536296
296757 819479
296759 819492
30122623 7360305
29745617 5736247
4303554 1321523
4384876 4441735
4468341 2667332
4550593 4025589
30058152 4188898
2419931 855938
3105822 670103
3588345 481834
3588344 3743398
3105839 3177205
3588343 1393905
4129528 2030165
3919164 3816195
271346 774839
30124085 1393914
4129529 2792593
4270094 1582276
4423822 360733
4360945 1429737
4423824 1429846
3919144 1719632
3588333 3258623
3588332 326816
3919134 694444
3919136 900021
4423823 1522398
4423821 1406689
4468331 3772596
76270 271349
271345 774833
30159033 3811116
271338 774811
271343 774824
271336 774793
76288 271491
774792 1559750
30088684 1415569
30212322 925302
4550582 3181561
4502781 2116230
4529536 94935
30182034 1519908
4550581 3310079
30160368 2633581
30094819 517824
4567919 861079
4423853 839683
29882715 879240
4468367 2415339
4502793 1430306
4594839 141600
29882716 570432
4529549 913117
4582702 4273396
33058716 1811503
29745612 451083
4605897 2586393
4441734 2586411
29745608 3329771
296756 819475
271455 775089
28442736 2115161
28442737 911731
3314260 1471235
3105844 859252
28443704 954503
30130626 1125871
2419966 289068
775091 120920
29868936 948424
1560010 2331160
28513836 437513
28513839 122764
3736718 1785355
4011279 1785366
4189587 1488313
28167064 2138508
29848114 1785377
2419967 932327
4423841 603643
15303252 653123
4360952 1243156
4270115 1420831
4423848 805514
4360954 1811947
4360951 2392304
4423847 3353878
4370270 2478460
4281808 388664
4281807 2284971
4146333 2000168
3943782 2218432
3622357 1282397
4146332 3637331
4281806 316305
4370269 875011
4431563 1222363
4370268 332830
4431564 3353885
4281800 3081154
15303254 2510733
29969897 863682
3943781 1568948
4475026 4508396
4360953 3169391
4129539 2290146
3149780 1850785
29745576 660095
29745571 50529
29745575 1995822
30072148 1124160
29826094 2765575
30212757 2008917
30145895 3348628
30209091 2765703
29961028 1124175
2474260 3057986
30028168 653451
29745582 1124199
29745591 3735999
30028169 224759
1626513 575002
4955693 2694773
819574 663672
819568 1626456
819578 358438
819585 385581
819571 1626475
29745570 332562
819586 1626560
4270138 893620
4360966 4213076
4270130 2469028
4129542 2886964
4129546 3365206
4270150 1614596
30184475 2792712
4129545 3432184
4270144 812366
1626505 2474249
30205545 102990
819577 1346211
819580 435403
29795543 1735584
29919446 2795852
30172423 2464462
30184557 2593643
28169442 5901990
819564 441699
819565 898465
3919168 1535026
4129541 3364247
4129535 3671181
296771 819606
819604 1626567
4129543 3754451
29965855 1238979
4129540 3714230
3588355 393126
4129538 2480941
3105851 3588356
4129537 3194780
87074 296754
296775 819635
296770 819599
296777 819640
296767 819539
16881 87079
296766 819531
29745176 2289830
30127749 2654803
15616399 2615941
15301083 7871895
15301095 1907289
15301085 2942745
3542910 674136
3890518 2499823
11178891 789737
296772 819614
30044608 635442
30092294 9467506
29760574 4761591
11178896 1112386
29926453 332663
4258461 179494
4111271 4258464
30032192 471632
1626519 2474266
11178914 315
11178904 1414382
30018190 635309
819570 1626469
819579 1626520
15616400 1269773
15616407 8096402
15616412 1719509
811950 915302
293033 811951
28687922 1020861
811949 1612082
29908150 179831
2474214 178990
1626467 2474215
3142902 3618392
1614002 179711
2463852 997518
1626468 2474222
29745686 1587645
296763 819516
29745530 3201609
29745175 1217006
1626304 235129
4310217 511572
3413609 612660
29745643 648921
28374763 3585596
28374754 480713
29908034 4926842
29908032 7914573
29908035 6310286
29908033 3606522
15314175 463650
15314169 1125611
15314167 555331
1614000 40056
29745642 5088658
3834036 4075886
819581 1626531
15303776 1524123
3039773 3543267
3890618 481385
3775201 3583146
29754778 3573767
29754779 1849599
3890617 1977572
3890619 1098200
29961056 142033
3543266 3890622
10198639 2187196
4111354 4258478
4111355 1755673
4258481 3245835
29890115 10414596
29814368 1034557
29847284 382282
29815761 6386840
28177707 3645412
3890620 885374
1612111 1947066
1612113 348695
1626433 2474199
6231659 1647735
29836047 4726455
28177701 3709643
6231700 1713133
30101845 2448242
29921555 4020144
29745790 8794705
29768208 5306581
819563 1626432
819559 1626409
29962672 1315822
6231687 5585731
4487421 4518313
30145703 137456
30075743 6293512
30066478 2271718
30145704 4490124
29919515 316688
4487422 4518321
4518318 3660919
30191001 1393569
10198648 4655219
30059204 861514
29916984 4950929
10198679 10198682
29936464 1589178
30145708 2446394
4518319 2496537
10198650 1191806
2461794 2961659
29745701 1226071
819572 1626481
1626463 386631
819567 1626451
819556 907954
819584 680980
819561 1626418
11252975 1738320
29748659 878904
819560 1626414
1626447 2474205
819557 1626395
296769 819588
29739615 11659510
1626402 2474175
2474174 3149794
30062803 416327
29745482 5671833
1626425 672749
7790584 191365
29745922 1489125
29745151 2992840
29749252 5587820
29745750 168517
24345281 2743513
29745092 4117784
1626424 2474189
1626401 1222889
30050497 10724571
819569 1626465
819575 1626496
11252978 6415451
819582 51537
30168167 7242431
819566 1626448
819576 1626501
30212541 999505
819583 965379
29745519 5604496
29745942 5987351
29745481 1344859
29745091 1977384
30050500 4328429
2474169 1780572
2474188 3149811
29745749 19088607
29749251 2300356
29745150 5695725
29745921 912897
29745516 866772
29745511 5556851
819562 1626427
819558 326536
