25431162 25431165
31091438 31091442
34828910 34828912
45990864 45990865
33781973 33781976
40114096 40114098
10863004 10863020
34815674 34815675
6828948 6828957
34813433 34813435
45254985 45254987
14535164 14535226
10892920 10892925
9313536 9313554
31098280 31098281
40114026 40114027
45249947 45249949
25437271 25437274
31093668 31093670
329757 895223
34815677 34815679
45141 190741
14759210 14759215
34828855 34828857
34838713 34838715
15454809 15454823
34813785 34813787
2512984 3180079
9273108 9273123
39608570 39608573
3194043 3651414
33711586 33711588
34838723 34838725
34838726 34838728
45265442 45265444
15432624 15432633
9657349 9657360
40114166 40114168
34848098 34848099
31171845 31171847
34838750 34838753
14399864 14399868
31171845 31171848
15526478 15526484
33669069 33669070
14645673 14645689
31093196 31093199
45249644 45249646
34834748 34834751
45275990 45275992
25450990 25450993
34838795 34838797
45282883 45282885
34815431 34815434
32006284 32006288
15487227 15487234
34815682 34815684
34838839 34838843
34827420 34827423
31171919 31171921
14759104 14759110
31171856 31171858
45262595 45262597
45273683 45273685
45266867 45266869
32619704 32619709
34838868 34838870
14646353 14646361
40192152 40192154
40180994 40180995
6719764 6719781
12832375 12832382
34813779 34813782
14669886 14669890
12182991 12183011
14759526 14759532
14759524 14759529
25423713 25423716
34834832 34834834
25441217 25441219
25441462 25441466
34828228 34828230
34814635 34814639
32626143 32626146
34834836 34834838
21927908 21927912
10823746 10823759
14758969 14758982
34838910 34838912
25422434 25422438
39227640 39227641
40113622 40113624
12755120 12755134
10030268 10030291
33651210 33651211
14680860 14680905
28887981 28887984
15394550 15394553
34838923 34838925
7649075 7649087
15488500 15488508
31097514 31097516
34838932 34838934
45257175 45257177
45990866 45990867
25425068 25425073
14481890 14481900
39636266 39636267
45262070 45262072
34829725 34829727
31093782 31093784
45264404 45264406
45265613 45265615
28903872 28903877
14758860 14758867
21728127 21728129
13076126 13076130
9216590 9216597
34834866 34834868
34838968 34838970
34813788 34813790
4983824 4983912
34838971 34838973
34828067 34828069
45273901 45273903
31171813 31171815
34827963 34827965
4156066 4288494
3180040 3643759
34828826 34828828
14476527 14476532
45261129 45261131
34828649 34828651
34828458 34828460
7774986 7774998
31171750 31171752
34834882 34834884
274081 779027
40113776 40113778
34839007 34839008
9070852 9070868
9204497 9204510
34831432 34831436
7348124 7348139
33095178 33095182
45249220 45249222
34828511 34828513
14489478 14489488
32560141 32560147
34827966 34827968
4766254 4766978
34839031 34839033
45270196 45270198
34828082 34828084
25443200 25443206
15503427 15503436
12753531 12753545
5798894 5798933
34815624 34815627
34817965 34817969
40113365 40113367
28822111 28822124
45990868 45990869
14488862 14488870
34824748 34824750
31171734 31171735
25442802 25442806
45270230 45270232
40114182 40114184
34815703 34815706
34813770 34813772
12754843 12754855
34813803 34813805
14436379 14436384
31171740 31171741
34835498 34835504
34815707 34815709
14537500 14537514
8786137 8786158
3812150 4055780
10854274 10854288
415423 1055031
34829069 34829071
40113368 40113370
14482080 14482091
31088398 31088400
34813807 34813809
7488999 7489020
45272016 45272018
21961578 21961581
12744237 12744254
34826501 34826502
45990870 45990871
34828262 34828264
9266970 9266991
31103137 31103139
45242481 45242483
25441535 25441538
28738473 28738475
34822186 34822188
12050976 12050986
33802627 33802628
41498932 41498933
45298532 45298534
25450370 25450373
3956388 4153579
40113969 40113971
25442812 25442815
34815714 34815716
45284942 45284944
45242713 45242715
10730762 10730770
31171715 31171717
34818639 34818642
33280512 33280513
34828736 34828738
45265296 45265298
31171853 31171855
45269365 45269367
34827380 34827382
6377872 6377909
4634946 4642905
45248757 45248759
21652274 21652278
45990872 45990873
11179698 11179708
25446899 25446903
21712989 21712992
14758973 14758992
25463170 25463172
9910083 9910100
34815717 34815719
45273668 45273670
9845564 9845578
45266597 45266599
33013943 33013944
31171765 31171766
34815258 34815261
45245332 45245334
34828033 34828035
28985329 28985333
40114104 40114106
14540259 14540264
12130973 12130981
15641380 15641386
45269255 45269257
34815414 34815415
9178364 9178379
8917640 8917653
14760723 14760727
34827972 34827974
11968542 11968546
7063867 7063893
15489098 15489103
45990874 45990875
34828237 34828239
13125222 13125235
34839298 34839300
45245260 45245262
34828868 34828870
45246173 45246175
34839301 34839303
33506117 33506119
14758421 14758425
10830897 10830907
25455849 25455856
15546880 15546885
45261966 45261968
329697 893582
13202932 13202936
34815720 34815722
34839321 34839322
21855893 21855897
45242728 45242730
34839353 34839356
12060939 12060947
45271220 45271222
34835170 34835172
32622433 32622436
11395293 11395300
6828942 6828950
7041118 7041133
45272387 45272389
39580867 39580871
11584640 11584666
9220399 9220411
34105220 34105223
34042902 34042903
9834479 9834489
12030815 12030827
34839405 34839407
34817401 34817402
45990876 45990877
45990878 45990879
34839421 34839422
39273768 39273771
7080890 7080920
39636715 39636716
34850941 34850943
14670386 14670395
45268694 45268696
34822192 34822194
10838574 10838583
21907774 21907779
45990880 45990881
1335881 2207799
14756127 14756134
34839441 34839443
10806932 10806947
15657871 15657875
31089858 31089859
11240006 11240039
32750832 32750836
45261201 45261203
7384692 7384704
25425108 25425114
34827975 34827977
45260060 45260062
40147543 40147544
10350384 10350419
25459038 25459041
45241831 45241833
40113437 40113440
31097620 31097623
34815729 34815732
31171745 31171747
34839624 34839626
8136041 8136083
5350297 5350322
318620 857168
14497742 14497752
40114196 40114198
15546690 15546699
45298902 45298904
25441522 25441526
40113432 40113434
861370 1675488
28967152 28967156
14718541 14718557
11696330 11696338
7055384 7055397
12066779 12066793
10719040 10719049
34825342 34825343
14552428 14552434
45249976 45249978
14680839 14680897
45273793 45273795
34839732 34839734
34839732 34839735
14490447 14490455
34815745 34815747
4657077 4663460
10730724 10730747
14685301 14685311
39636320 39636322
9809739 9809747
25432566 25432569
13211607 13211613
21886769 21886777
34815449 34815451
14645682 14645694
34839893 34839895
14482409 14482416
34815762 34815764
32110426 32110435
34815452 34815454
34828502 34828504
6289545 6289566
12795407 12795411
34815765 34815767
33255738 33255740
7134087 7134111
45269407 45269409
9785907 9785923
40192137 40192138
34813094 34813096
39637589 39637591
14482018 14482025
4627649 4636348
45990882 45990883
32623222 32623226
34824433 34824434
33399165 33399167
34809527 34809529
8948460 8948476
45242168 45242170
40113927 40113929
34839972 34839974
2612230 3242481
21917750 21917753
34818528 34818530
45280200 45280202
12756232 12756242
14758817 14758823
13048831 13048847
31094123 31094125
45259253 45259255
31171728 31171730
34813522 34813523
15546632 15546639
34815775 34815777
6476799 6476834
34815780 34815782
34840021 34840023
6695896 6695916
14496978 14496982
32616867 32616870
34828354 34828356
34840030 34840032
45990884 45990885
34828386 34828388
34840037 34840039
45249098 45249100
40113459 40113461
34835334 34835335
34819200 34819202
12711536 12711542
14579478 14579489
1731121 2564933
8136045 8136085
25416795 25416798
45273965 45273967
21930277 21930282
15650817 15650824
6719748 6719770
14370159 14370168
39464272 39464274
32989870 32989871
8920902 8920917
11384823 11384829
1275089 2151990
45270172 45270174
34837040 34837042
34840108 34840110
34840111 34840112
34815793 34815794
40113414 40113418
7802538 7802563
11795222 11795232
34840120 34840122
12130956 12130960
31097678 31097681
45270694 45270696
15640983 15640988
14677693 14677699
39636400 39636401
40114207 40114209
13125237 13125245
12054834 12054837
336909 923059
15657517 15657524
9920275 9920292
15650855 15650862
100428 330690
10891179 10891185
4301923 4383818
34835455 34835457
40113584 40113586
34813436 34813439
15656278 15656282
39226155 39226158
14330739 14330745
14757323 14757328
15584037 15584045
34817386 34817388
34815799 34815801
34840220 34840222
11359227 11359236
2291820 3010771
45990886 45990887
3242289 3689030
34840244 34840246
34840240 34840242
8781010 8781026
10730726 10730759
320763 868419
40114214 40114216
40113462 40113464
25418617 25418620
45990888 45990889
45990890 45990891
10680556 10680575
3398092 3791319
40113762 40113765
33713065 33713072
34818995 34818997
15529085 15529095
11916230 11916240
15642506 15642515
34840287 34840288
15572932 15572937
34829662 34829664
9053881 9053888
7934460 7934475
8618203 8618212
31090071 31090073
45271730 45271732
21801169 21801175
15639402 15639407
45990893 45990894
10821716 10821745
40114546 1343333
14639618 14639627
34828895 34828897
15656270 15656276
34829696 34829698
28740169 28740173
34840317 34840319
14716808 14716815
34854021 34854022
14659559 14659563
34828901 34828903
1853535 2655082
45990895 45990896
4156065 4288491
45244926 28999655
9013527 9013557
15262122 15262133
25419401 25419404
34840358 34840360
9881532 9881539
45279864 45279866
14607328 14607340
25456482 25456490
45248309 45248311
34817451 34817452
40113419 40113420
45242667 45242670
34948968 34948970
323154 874721
15476534 15476545
31103149 31103151
34840397 34840399
45269360 45269362
34815471 34815473
25407043 25407052
34840410 34840412
45244893 45244895
15660312 15660317
15423704 15423709
34840419 34840421
23570154 23570157
45464513 45464514
25444260 25444265
40113333 40113335
34815803 34815804
34828505 34828507
33701901 33701904
34815478 34815480
9987917 9987929
5992659 5992650
14719892 14719898
45249231 45249233
28890265 28890271
31094985 31094988
28740358 28740360
1720687 2556395
40113465 40113467
34815808 34815810
7063862 7063882
5688243 5688256
32622412 32622416
45254805 45254807
45254906 45254908
32616975 32616979
12111155 12111166
34817309 34817310
34828490 34828492
36115463 34828492
34840505 34840507
15465216 15465224
34830446 34830447
45293249 45293251
10351109 10351123
34840516 34840518
3643733 3956395
28732774 28732777
33013865 33013867
40113468 33270653
34828846 34828848
31171826 31171828
45260474 45260476
25439478 25439481
32613826 32613830
12084351 12084359
34818806 30964643
41684260 41684263
9232579 9232584
34815818 34815819
45269076 45269078
45270161 45270163
31090597 31090598
11359217 11359229
34829630 34829632
45274074 45274076
9004133 9004147
25427769 25427772
1004730 1855613
11478382 11478415
34835741 34835743
34815821 34815823
6839661 6839680
34828595 34828597
34827984 34827986
8550245 8550258
33345364 33345368
34835497 34835500
34815826 34815828
40113939 40113940
39422289 39422292
21849438 21849443
34815330 34815332
45250423 45250425
34824368 34824369
40114532 40114534
39636298 39636302
320731 867355
34815829 34815830
45261818 45261820
34815831 34815833
25437141 25437144
15529092 15529099
34840661 34840663
28419214 28419219
14498585 14498594
40160676 40160678
34818717 34818719
9482395 9482411
34835766 34835768
32970060 32970071
14759497 14759503
45243491 45243493
34827992 34827994
45294201 45294203
31096796 31096799
15651040 15651046
45248781 45248783
32120639 32120643
45256710 45256712
45258030 45258032
15429761 15429770
34828308 34828310
34840711 34840713
322324 871399
25432637 25432640
11914966 11914976
34815836 34815838
12048574 12048585
34840729 34840731
34815839 34815841
33013496 33013498
34840736 34840738
32001284 32001295
34828455 34828457
31097797 31097801
12086983 12086995
25441130 25441136
40114244 40114246
8117927 8117941
34815868 34815870
34841158 34841160
34841161 34841163
8614765 8614780
32618426 32618432
34840754 34840756
21775623 21775630
21771478 21771481
8355495 8355504
32616858 32616861
15394557 15394562
4634548 4642541
45990897 45990898
34840765 34840767
40114228 40114230
34840768 34840770
14760089 14760098
14919556 14919605
15650858 15650867
2390104 3082855
3180023 3643750
45990899 45990900
33711158 33711162
40113609 40113610
34817370 34817371
40178340 40178342
40113469 40113471
14598520 14598531
45270846 45270848
12828190 12828223
32620643 32620645
12798304 12798313
34837426 34837427
34840817 34840820
32640012 32640017
9609586 9609605
28965731 28965750
7093309 7093332
14722184 14722194
15396678 15396685
14727267 14727271
12870345 12870354
12348750 12348758
15561645 15561651
34829751 34829753
34815845 34815847
6681935 6682003
45990901 45990902
4156067 4288496
30334334 30334336
32637809 32637811
34020185 34020193
31098440 31098444
34815848 34815850
34840866 34840868
45260649 45260651
31086301 31086303
14627500 14627508
9542915 9542927
31171720 31171721
31097786 31097788
21675047 21675050
31815588 31815627
111357 361977
12889835 12889843
31171705 31171707
3948476 4149126
34817941 34817943
34828036 34828038
45252431 45252433
45990903 45990904
34815858 34815860
31097442 31097447
34840972 34840974
45263003 45263005
31097793 31097795
14935915 14935923
34828243 34828245
34828589 34828591
34838858 34838860
34815862 34815864
14680836 14680873
45269988 45269990
31098437 31098442
45249720 45249722
34841045 34841047
34841048 34841050
34817083 34817085
912511 1723035
28740369 28740372
34828529 34828531
34841180 34841182
1325816 2197338
8663636 8663654
34841203 34841205
32615042 32615045
45990905 45990906
9046661 9046671
21745943 21745953
34828554 34828556
34828906 34828908
14609285 14609292
31084772 31084774
8906405 8906422
45990907 45990908
34828271 34828273
111348 361491
34815881 34815883
34828088 34828090
850390 1665208
9813408 9813423
15545288 15545296
45250171 45250173
9100881 9100890
8917633 8917650
15526904 15526914
40113617 40113619
34828070 34828072
13126807 13126824
34815038 34815040
11595673 11595682
21829546 21829549
45265534 45265536
45266421 45266423
31087491 31087493
34829442 34829444
45270036 45270038
9402509 9402529
34828493 34828495
15548143 15548148
4311929 4390409
28965913 28965921
39473301 39473304
34826328 34826330
21767792 21767799
31815600 31815642
3123035 3600244
9381835 9381844
31766785 31766788
34828240 34828242
6991958 6991970
31088219 31088221
34827981 34827983
28312705 28312707
14414642 14414649
32069012 32069025
10285565 10285571
40114256 40114258
28740388 28740390
25444166 25444169
45258075 45258077
34815493 34815495
34815890 34815892
10030264 10030280
34815893 34815895
7892627 7892647
34815899 34815901
45302656 45302658
34815902 34815904
34841418 34841420
31171837 31171839
15582100 15582106
34817454 34817456
45253271 45253273
45273743 45273745
34815905 34815906
31087443 31087445
34829085 34829087
15657452 15657458
34828011 34828013
25454399 25454405
34841477 34841479
45255512 45255514
40113741 40113742
592151 1325824
45256695 45256697
15650180 15650184
32628015 32628017
32625408 32625415
15507141 15507148
45261317 33294008
34828274 34828276
14528813 14528820
15566763 15566767
34841504 34841506
34812482 34812485
32637813 32637816
34818594 34818596
10824482 10824515
34828039 34828041
32624558 3153468
12120458 12120469
5792271 5792303
34836873 34836875
8781038 8781039
45990909 45990910
1853159 2654938
8021038 8021051
34828435 34828437
10924897 10924909
9903624 9903632
34815914 34815916
34818783 34818786
41673659 41673662
15641822 15641826
11779515 11779525
35537935 35537937
9853837 9853853
40113962 40113964
31094986 31094993
6996985 6997005
15641560 15641564
34815917 34815919
45266747 45266749
34815920 34815922
45244617 45244619
21816291 21816294
34841621 34841623
31097441 31097445
21840076 21840079
15638793 15638799
34841627 34841629
7629011 7629022
28861021 28861026
34841659 34841661
34841662 34841664
34815923 34815925
40114259 40114261
45262499 45262501
38737378 38737380
5331711 5331733
12865289 12865306
40114493 40114498
34829088 34829090
45258471 45258473
45259180 45259182
15561652 15561656
34811850 34811852
40113409 40113411
40163122 40163123
7133488 7133505
40114132 40114134
28828668 28828671
45273379 45273381
9589191 9589210
30334343 30334345
32986535 32986537
31097821 31097823
45273994 45273996
15493364 15493376
32209596 32209602
45273560 45273562
34828002 34828004
34828178 34828180
14759762 14759766
34827948 34827950
14751828 14751832
28280849 28280852
34836661 34836664
7133833 7133858
45270881 45270883
32199392 32199395
34828047 34828049
34828452 34828454
45990911 45990912
8021061 8021074
25442298 25442304
40178348 40178350
8840537 8840558
34815926 34815928
7008842 7008861
12780279 12780285
34841775 34841777
40114265 40114267
45267637 45267639
40178372 40178374
34841790 34841792
45273573 45273575
34815930 34815932
40185577 40185579
31171902 31171904
39117352 39117355
34815934 34815937
12129499 12129508
34828212 34828214
45274020 45274022
25446850 25446854
995525 1843221
45263514 45263516
34841828 34841830
9256921 9256939
34827514 34827516
34831765 34831767
11240009 11240062
31171819 31171821
14616423 14616430
31098749 31098751
45256801 45256803
3192659 3650560
10286992 10286995
25459800 25459805
15581231 15581237
45254730 45254732
34815942 34815944
32638053 32638057
45271778 45271780
3168607 3635725
25444262 25444268
45990913 45990914
45902524 45902526
40098269 40098271
31171699 31171701
25437300 25437303
12404675 12404687
40114272 40114274
45990915 45990916
39636331 39636334
25407129 25407132
14205609 14205612
31171906 31171910
34836737 34836740
12048031 12048035
45297421 45297423
9913439 9913455
34828871 34828873
45261400 45261402
14682749 14682759
34828097 34828099
15650189 15650195
34841905 34841907
34828345 34828347
31171859 31171862
4642903 4650582
21791692 21791698
15519673 15519679
45246196 45246198
34815953 34815955
28740087 28740090
45255944 45255946
45266812 45266814
14535198 14535264
40113600 40113602
15523522 15523532
34815957 34815959
14759192 14759196
40198767 40198770
31171797 31171799
11652944 11652961
25425493 25425499
4657069 4663421
40178380 40178382
13138414 13138423
12889831 12889839
4954833 4954890
25431600 25431603
34020183 34020188
40180996 40180998
34842020 34842023
15567364 15567368
11240007 11240047
34842061 34842063
34815966 34815968
12773540 12773552
11299697 11299708
38802679 38802683
8726629 8726653
25442306 25442310
28740407 28740410
45270732 45270734
45272291 45272293
25448131 25448135
34827714 34827716
33341095 33341096
12750100 12750104
3643731 3956382
14719890 14719895
39636237 39636239
14289860 14289866
6660564 6660617
45295601 45295603
33782007 33782011
3192649 3650485
25407105 25407107
3688965 3983904
40113475 40113477
5701987 5702025
3528358 3881182
31171737 31171739
34842149 34842152
45269273 45269275
34107741 34107747
34828301 34828303
15524572 15524582
31096542 31096546
34831833 34831835
34815983 34815985
34853407 34853409
25444128 25444132
28739389 28739393
21811064 21811069
34815987 34815989
14758986 14758995
8403507 8403516
34815990 34815992
14582472 14582482
34828874 34828876
34828317 34828319
34842278 34842280
25453199 25453207
45269766 45269768
32987420 32987421
10684413 10684424
34828432 34828434
45269368 45269370
34822573 34822575
31171849 31171851
11489959 11489967
30334351 30334353
33712549 33712555
10982275 10982306
9446919 9446931
45990917 45990918
34828377 34828379
32121588 32121589
39606068 39606071
15652835 15652839
21905406 21905414
31098019 31098026
15585722 15585729
4954791 4954864
14726175 14726179
32069001 32069018
34829063 34829065
15637900 15637904
34842376 34842379
34828314 34828316
35381754 35381756
14313380 14313387
332761 907294
14723249 14723258
15660153 15660162
34005922 34005925
45263068 45263070
34816008 34816011
11443018 11443024
45990919 45990920
40113444 40113446
34816013 34816015
34816016 34816018
14648611 14648620
12106828 12106842
21943281 21943285
34853436 34853438
34828305 34828307
14718382 14718389
34828320 34828322
15454828 15454837
13092407 13092418
6409416 6409438
45256638 45256640
14616753 14616758
11603796 11603802
14585168 14585174
34816024 34816026
40113657 40113658
39535765 39535768
14759096 14759102
7134116 7134158
34817458 34817460
45265981 45265983
21681889 21681894
8190375 8190388
34817936 34817937
34842608 34842610
34828311 34828313
6409452 6409464
11231047 11231064
40114296 40114298
40113479 40113481
34842648 34842650
329707 894010
28740425 28740427
11441001 11441010
31095202 31095210
1659669 2499801
28495743 28495749
33428710 33428713
12063638 12063643
25425070 25425076
39952946 39952948
11971932 11971962
31095202 31095211
1733985 2568043
7051016 7051041
12129496 12129505
45277207 45277209
34828050 34828052
14719834 14719845
15549857 15549863
40114614 40114616
871378 1687303
21833008 21833015
45264796 45264798
10793012 10793028
34838209 34838212
14718390 14718399
45254721 45254723
34815044 34815046
34839487 34839489
33809093 33809099
25446913 25446917
25422154 25422157
11489793 11489807
14759226 14759233
15650803 15650807
40113482 40113484
15619270 15619277
14717523 14717527
13020374 13020380
34842808 34842810
34831907 34831910
21761081 21761085
1405774 2279259
34842836 34842838
34828348 34828350
40114305 40114307
33711391 33711395
34828371 34828373
39928435 7705841
10851711 10851720
40113485 40113487
34842929 34842931
34816065 34816066
39925411 39925415
11240008 11240057
6375417 6375442
9614069 9614087
39480019 39480022
40161003 40161005
15408987 15408995
45275110 45275112
40181115 40181117
34843190 34843192
25426819 25426823
34828467 34828469
34837786 34837789
15639440 15639444
10788632 10788640
31815586 31815623
34828585 34828588
34843241 34843243
14536522 14536530
32117723 32117736
15641293 15641296
34034157 34034162
34843212 34843214
32622254 32622256
34828025 34828027
35353687 35353691
34828222 34828224
45271927 45271929
34828514 34828516
34843226 34843228
34828374 34828376
1002841 1853188
8719202 8719222
15186506 15186513
34843272 34843274
34816093 34816095
8136031 8136063
34843280 34843282
25443822 25443825
12862833 12862842
8030548 8030555
12138448 12138462
6994096 6994152
32630988 32630993
34828383 34828385
19523 110872
32618296 32618298
45242512 45242514
45990921 45990922
34830140 34830142
34816097 34816100
34843312 34843314
15657553 15657558
14758802 14758810
12754827 12754836
13187585 13187596
28960131 28960158
34843325 34843327
15512367 15512375
34843333 34843336
45276985 45276987
353716 944396
15641757 15641764
34811869 34811871
34816115 34816117
31086546 31086548
25425517 25425521
6681988 6682080
28734598 28734602
15646199 15646202
45241508 45241510
39481821 39481824
34843380 34843382
45302368 45302370
34843389 34843391
40113753 40113754
32970147 32970149
14670373 14670391
34816120 34816122
8103410 8103422
14535138 14535154
45990923 45990924
45258309 45258311
39636486 39636488
34822405 34822407
31171841 31171843
34828058 34828060
31171690 31171693
25447175 25447179
40113290 40113292
15642504 15642510
34828351 34828353
8740123 8740154
15641387 15641391
9823768 9823785
8089929 8089941
45990925 45990926
34843470 34843472
33095007 33095009
32623570 32623574
40113447 40113449
14491076 14491090
15422281 15422286
45990927 45990928
14645671 14645681
15652840 15652844
34828441 34828443
14565520 14565524
7196402 7196413
39483018 39483023
45990929 45990930
34832105 34832106
34828487 34828489
39927331 39927335
11771543 11771552
15641772 15641781
34112347 34112351
14717192 14717197
40114319 40114321
34843526 34843528
28827079 28827085
3812152 4055812
15641553 15641559
40114507 40114509
34816140 34816142
32615406 32615409
21798576 21798579
21696691 21696696
40113490 40113492
3986407 4172557
14723500 14723509
34832109 34832111
34828889 34828891
28740168 28740171
34838566 34838568
34828250 34828252
21960070 21960073
45251831 45251833
2991154 3506670
45244068 45244070
40114324 40114326
6409421 6409447
34815334 34815336
6660560 6660582
15639369 15639377
14603581 14603585
40113389 40113391
13092346 13092350
45243539 45243541
34828357 34828359
25423459 25423463
34843811 34843813
45244979 45244981
45245153 45245155
31097884 31097886
34855529 34855531
14570465 14570470
34816206 34816208
30839105 30839108
21929307 21929311
34817346 34817348
34843823 34843825
45990931 45990932
45270757 45270759
15463241 15463246
40192158 40192160
6409399 6409414
34816210 34816212
34846143 34846145
25441517 25441520
34828073 34828075
34816213 34816215
39591264 39591266
34828480 34828482
45990933 45990934
11492328 11492343
15587096 15587100
15423866 15423874
45273880 45273882
11489963 11489970
34824815 34824817
34816165 34816167
11584890 11584896
25442199 25442202
34814679 34814683
14759708 14759715
30336032 30336034
34828499 34828501
15639390 15639396
32633172 32633175
45271826 45271828
45269446 45269448
40161880 40161882
34816181 34816183
40113494 40113496
15657619 15657626
8103082 8103106
28829879 28829885
10353377 10353380
34829731 34829733
31087499 31087501
40113344 40113346
34828016 34828018
25456241 25456245
8637476 8637490
11358271 11358288
45259161 45259163
31097880 31097882
34843743 34843745
40116585 40116586
40113497 40113499
31171863 31171865
34843731 34843733
15668402 15668405
9821367 9821387
15640147 15640152
34816193 34816195
40279951 40279952
34828496 34828498
25441224 25441229
34828395 34828397
34816198 34816200
40113853 40113855
40141834 40141836
45246966 45246968
11251943 11251961
7996767 7996772
3707935 3995941
45251395 45251397
14482840 14482844
31097951 31097953
40113871 40113873
12128573 12128581
10829149 10829161
28950868 28950894
14758804 14758814
11095843 11095851
45262432 45262434
34840968 34840969
4361147 4424058
28976605 28976614
33405526 33405528
34851713 34851715
34843799 34843801
30361078 30361080
34818648 34818649
11612043 11612053
34809644 34809646
39925150 39925153
34816217 34816219
11842320 11842335
34107740 34107745
14759249 14759253
34843895 34843897
9159639 9159646
45990935 45990936
40181297 40181299
31099473 31099479
8643452 8643474
4156423 4288826
12050654 12050661
32050372 32050373
40113336 40113338
12934381 12934399
15661145 15661149
12828194 12828228
34842707 34842709
34843925 34843927
39936526 39936528
45266744 45266746
33100079 33100082
3650481 3960353
15526465 15526476
45269876 45269878
3650482 3960359
28523381 28523383
8118084 8118094
45256939 45256941
40113501 40113503
28738353 28738355
28419213 28419217
34828919 34828921
45249157 45249159
37901860 37901863
6435419 6435447
34816232 34816234
34828076 34828078
40113413 40113416
9785911 9785933
45249072 45249074
31087449 31087451
40082427 40082428
31097917 31097919
34815549 34815551
34844038 34844040
21727880 21727882
45990937 45990938
39925166 39925170
12050657 12050666
21659965 21659974
34844027 34844029
14759576 14759582
34008031 34008033
45990939 45990940
14600347 14600354
45247686 45247688
45252113 45252115
3650269 3960234
11437858 11437869
45271169 45271171
39602391 39602394
45270219 45270221
8082013 8082022
34844104 34844105
33781959 33781960
45273608 45273610
11420937 11420950
34828849 34828851
6709684 6709696
327267 887531
32637004 32637007
45258756 1103868
45249085 45249087
6985133 6985153
12126189 12126197
9482334 9482350
28738458 28738462
34828557 34828559
14617736 14617752
9766854 9766872
9021674 9021684
15578087 15578090
25440978 25440981
31061986 31061989
32136065 32136070
15458659 15458671
32620436 32620443
32626922 32626925
335456 916923
18583 95738
28870360 28870376
8548853 8548876
34828449 34828451
34828277 34828279
40114331 40114333
14718380 14718387
32623993 32623998
15643506 15643510
45250020 45250022
39636294 39636296
40113504 40113506
40113630 40113632
12059034 12059042
361070 960253
1851078 2653162
34060034 34060036
45265537 45265539
15442205 15442214
45990941 45990942
45275284 45275287
12755016 12755020
45243003 45243005
34020200 34020202
10822137 10822151
25416742 25416746
34828008 34828010
33996166 33996168
9297903 9297907
34816276 34816278
15454825 15454833
14047838 14047841
28678865 28678866
34851142 34851144
34827957 34827959
34816264 34816266
7660761 7660781
40113508 40113510
34817463 34817465
31087504 31087506
25456247 25456253
54365 222535
14759107 14759113
28829447 28829451
40192130 40192132
15630004 15630009
34844612 34844613
8089932 8089956
34818227 34818229
32880839 32880842
34827969 34827971
34828898 34828900
8205703 8205715
14498413 14498417
25455580 25455585
11472116 11472123
34854532 34854535
34837124 34837127
34844643 34844644
34851167 34851169
25433731 25433733
12684193 12684208
31097975 31097977
45263361 45263363
34828085 34828087
13138739 13138746
34844658 34844660
41501687 41501688
15561657 15561661
34816272 34816275
11482191 11482202
34828055 34828057
39636204 39636207
14722529 14722543
33713497 33713498
34816292 34816294
13125228 13125240
45902703 45902705
38772114 38772116
9767949 9767963
40114344 40114346
34817359 34817361
34848936 34848938
45250571 45250573
8097024 8097044
25438999 25439003
34816279 34816281
34842307 34842309
34851236 34851239
40113659 40113661
45241761 45241763
32626347 32626352
329758 895249
34828913 34828915
34851760 34851762
31097995 31097997
34827987 33331583
34833008 34833010
45289321 45289323
34816332 34816334
40192145 40192146
34845189 34845192
34976161 34976163
34817469 34817471
40113763 40113767
45270245 45270247
8421955 8421975
45270970 45270972
1537813 2396722
302782 829177
10730722 10730743
40113513 40113515
34884317 34884319
40113516 40113518
8713691 8713711
15390371 15390378
31098007 31098009
34854624 34854626
31088640 31088642
21860659 21860662
34836926 34836928
34845953 34845955
40131493 40131494
45257027 45257029
45269326 45269328
12828188 12828214
25446905 25446912
11441534 11441540
12332899 12332905
34845508 34845510
15641378 15641384
40229254 40229256
14497405 14497409
31099472 31099476
32971610 32971612
34828523 34828525
12780261 12780271
14585170 14585178
12062235 12062252
34024366 34024368
28890220 28890227
31088154 31088156
15582103 15582109
31098018 31098023
11034447 11034459
34828438 34828440
21654276 21654279
14392646 14392652
40114492 40114496
21684549 21684551
5793327 5793361
45269585 45269587
34826121 34826123
31088356 31088358
45990943 45990944
10828333 10828344
45269983 45269985
40113519 40113521
28739062 28739064
21642129 21642133
10854206 10854222
32620509 32620512
11327408 11327421
45248385 11058403
34845892 34845894
234612 717806
9149413 9149435
28829227 28829231
45990945 45990946
25441854 25441859
34828725 34828727
28305851 28305854
40113421 40113423
12780272 12780278
4947017 4947077
34818473 34818475
6386577 6386590
34845707 34845711
25441493 25441496
40113522 40113524
8208050 8208063
28784501 28784506
34845728 34845730
40114021 40114022
15583997 15584003
45256594 45256596
45275311 45275313
34845759 34845761
6828947 6828954
9178380 9178392
11039710 11039717
45260350 45260352
34828106 3738373
21794513 21794516
34816400 34816403
45269399 45269401
34816404 34816406
33789291 33789296
8781029 8781035
14717378 14717385
3332731 3750464
34816412 34816414
34816416 34816418
45285553 45285555
45249855 45249857
40159523 40159525
32619901 32619905
4954839 4954892
45990947 45990948
21621634 21621640
34851534 34851536
15629512 15629518
34846066 34846068
45300981 45300983
34816432 34816434
45293869 45293871
34846077 34846079
34845972 34845974
9495949 9495965
39930052 39930056
11584643 11584682
14680837 14680886
32966118 32966120
11240033 11240065
10982268 10982297
9571493 9571510
14758824 14758831
40113638 40113640
34829728 34829730
25446852 25446857
34813613 34813615
9088129 9088137
4993906 4993968
40113527 40113529
10990118 10990135
25442804 25442810
45247665 45247667
15580396 15580401
34846018 34846019
14216888 14216895
15630197 15630202
34828508 34828510
45258226 45258228
11824306 11824317
25416911 25416915
45261825 45261827
25438135 25438138
21886781 21886788
34816427 34816429
11018016 11018033
11117917 11117931
33390434 33390436
45245819 45245821
45283672 45283674
8255480 8255499
319146 861604
34854691 34854693
5010650 5010655
31103424 31103426
25432645 25432648
45273484 45273487
14527449 14527459
12054835 12054848
34822355 34822357
32580816 32580824
34819553 34819555
31171905 31171908
40114385 40114387
40161885 40161887
34846170 34846171
10811067 10811078
12123769 12123785
14669551 14669558
34846179 34846181
45272306 45272308
39344410 39344414
45249132 45249134
5237335 5237352
14609792 14609798
25451068 25451073
45269879 45269881
34827978 34827980
34828218 34828220
11359278 11359295
21865825 21865828
34816444 34816446
45261764 45261766
11184849 11184859
45268327 45268329
34854715 34854717
21824384 21824389
15143032 15143042
1682222 2517321
34846265 34846267
9062755 9062768
34846308 34846310
9978342 9978356
11049006 11049035
34829738 34829740
13097121 13097136
15606575 15606580
34854723 34854725
15462179 15462188
8200984 8200991
34816098 34816102
45273308 45273310
34816455 34816458
3735126 4010628
34846293 34846295
11478379 11478407
11478377 11478387
34818188 34818190
45273960 45273962
15619362 15619369
45263466 45263468
45990949 45990950
32620510 32620514
34846770 34846772
45285075 45285077
34846773 34846775
34854727 34854729
34816460 34816462
45273599 45273601
9910071 9910094
34851877 34851879
13017854 13017860
34846318 34846320
39636352 39636354
45273412 45273414
34828470 34828472
34846341 34846343
34826586 34826590
32640204 32640207
34841559 34841561
14759509 14759514
31171783 31171785
45242745 45242747
10361437 10361449
25441498 25441501
34846353 34846355
45244949 45244951
45272802 45272804
34826770 34826772
45274555 45274557
40113278 40113280
34816464 34816466
15379304 15379312
25453350 25453355
11293115 11293131
39496800 39496805
319060 859343
2459976 3139363
9467894 9467907
34838440 34838442
34828061 34828063
15543351 15543357
34828360 34828362
9324188 9324205
10824480 10824491
34827954 34827956
39497305 39497309
45260029 45260031
15546177 15546183
2595031 3230336
33999801 33999803
15617292 15617296
11240005 11240027
34832699 34832701
34816472 34816474
21814653 21814657
31815591 31815636
34846500 34846502
392243 1002800
12050237 12050246
14670370 14670383
32627584 32627586
32619710 32619713
45277019 45277021
31815587 31815625
34828115 34828117
34811902 34811904
34854756 34854758
45269441 45269443
45264600 45264603
34838570 34838572
45241709 45241711
34828340 34828342
14680840 14680900
45241693 45241695
10320843 10320857
4959631 4959656
15460872 15460877
918540 1725752
34838040 34838042
45275267 45275269
34846557 34846561
8781030 8781037
10744776 10744785
34816485 34816487
34837128 34837130
14617272 14617281
45273941 45273943
34020184 34020190
34828022 34828024
7930620 7930628
11381307 11381314
12970290 12970296
15524917 15524923
15463195 15463201
45256717 45256719
45269747 45269749
45990951 45990952
12750105 12750111
33801171 33801175
34816500 34816502
40113532 40113534
45270090 45270092
11395289 11395296
13202905 13202916
31027155 31027157
15660795 15660802
11422041 11422052
40114352 40114354
9474766 9474789
21754614 21754617
14498623 14498630
15656265 15656269
25429681 25429687
45261387 45261389
34817466 34817468
7051021 7051054
34846777 34846779
28431519 28431521
34846780 34846782
34816522 34816524
34828094 34828096
7080020 7080042
32629382 32629385
34846804 34846806
34815216 34815218
45286039 45286041
8130387 8130411
6660563 6660596
34828544 34828547
34846809 34846811
28736254 28736258
34826801 34826803
12150779 12150784
15524924 15524928
25444140 25444143
11422046 11422073
34816529 34816531
34816532 34816534
40113628 40113629
7691982 7692005
34110736 34110740
45271938 45271940
25438856 25438859
9308870 9308888
12716359 12716373
34826353 34826355
45244847 45244849
5894702 5894732
25442324 25442327
2697206 3295062
32634749 32634752
34847036 34847039
21832744 21832749
45268821 45268823
15531217 15531222
32622514 32622516
39604187 39604190
31171871 31171873
34816551 34816553
34816555 34816557
120571 395055
34847095 34847097
34852154 34852156
34832768 34832771
40113538 40113540
34828865 34828867
34835331 34835333
45262624 45262626
34847121 34847123
14641558 14641562
34847126 34847128
45243149 45243151
32615888 32615893
34816561 34816563
14437068 14437074
45296248 45296250
34822248 34822250
40114400 40114402
9308858 9308869
32052640 32052645
33716104 33716105
28740516 28740518
31815601 31815645
25424527 25424530
34949622 34949624
34848124 34848126
45244626 45244628
14716799 14716805
45250861 45250863
40113788 40113790
45302611 45302613
15548776 15548783
14648608 14648615
25429587 25429591
40113541 40113543
4642889 4650551
15582579 15582584
4129999 4270333
34020209 34020211
34839569 34839571
9761035 9761051
30383443 30383446
39636221 39636223
34854913 34854915
9937517 9937558
32633529 32633535
25450334 25450338
4663414 4669279
28740612 28740614
45255126 45255128
21830527 21830531
25419645 25419648
33793527 33793533
34816625 34816627
32641353 32641355
34847505 34847507
34816601 34816603
31095208 31095213
34847525 34847527
45269915 45269917
34815432 34815436
12086975 12086980
10987233 10987240
45242163 45242165
45990953 45990954
57209 234663
34816604 34816606
34847535 34847537
25418233 25418237
34847542 34847544
15540715 15540722
4106217 4255177
34847547 34847549
14758430 14758434
11657519 11657527
222445 687147
34829178 34829180
7749224 7749242
21886761 21886768
868009 1682219
33013933 33013935
32623305 32623309
34828298 34828300
14759203 14759209
31084599 31084601
36757491 36757493
25454695 25454699
9797094 9797104
34825345 34825347
34847204 34847206
45261996 45261998
11449771 11449779
32626353 32626357
31171709 31171711
34854875 34854877
32069009 32069024
12780529 12780538
39487970 39487973
7906587 7906608
25416819 25416823
3589596 3919832
1843216 2648286
12120123 12120129
9488184 9488204
14648610 14648618
12086977 12086985
3960357 4156069
11259141 11259148
34847590 34847592
8807879 8807890
34829099 34829101
34847607 34847609
11482197 11482205
34809570 34809572
868016 1682225
34828368 34828370
34827564 34827566
1797293 2612134
32623065 32623071
45290678 45290680
34828477 34828479
14583341 14583347
34828044 34828046
21687289 21687295
15458613 15458624
34828295 34828297
15641736 15641744
34826104 34826106
320737 867581
34847289 34847291
1421264 2296573
32621926 32621930
40113452 40113454
34852233 34852235
4928683 4928738
33330053 33330054
14476843 14476854
25451104 25451111
8539412 8539426
31100243 31100247
34828234 34828236
34837947 34837949
40114407 40114409
34852240 34852242
34816574 34816576
25444134 25444138
14515982 14515986
14268444 14268451
34817536 34817538
25452028 25452032
25450383 25450392
31100252 31100255
34818130 34818132
5701999 5702068
40185545 11001063
31171874 31171876
34816580 34816582
11359525 11359536
28829189 28829196
41722125 41722127
34847350 34847352
4663413 4669277
45269871 45269873
25441524 25441529
32972477 32972478
34847361 34847363
14645302 14645307
45241706 45241708
25450388 25450394
10744783 10744787
45245867 45245869
34839583 34839585
34816584 34816586
15641802 15641806
34828859 34828861
40178366 40178368
34827108 34827110
34816587 34816589
10811885 10811897
8740114 8740150
32621124 32621128
15660034 15660040
12145400 12145420
14541164 14541172
15656226 15656230
9216654 9216672
11738983 11738989
34827960 34827962
32625091 32625094
34829082 34829084
31097461 31097465
34855726 34855728
34847440 34847442
30230142 30230148
34828389 34828391
11830790 11830799
12731349 11425769
30617037 30617041
14612996 14613001
34829075 34829077
34847458 34847460
25443897 25443900
34847470 34847472
14759217 14759224
32971624 32971626
40114416 40114418
14557040 14557047
34816596 34816598
45247895 45247897
45260069 45260071
25441226 25441232
34817774 34817776
34847670 34847671
34841209 34841211
34828541 34828543
874733 1691551
45258660 45258662
34816633 34816635
2919229 3458543
14722196 14722202
9804303 9804308
45250035 45250037
36098874 36098878
33345482 33345484
34809290 34809292
32616463 32616468
45245876 45245878
34847751 34847753
45990955 45990956
39500252 39500255
34828464 34828466
14759904 14759908
34024370 34024371
9144065 9144086
45990957 45990958
21886774 21886780
34816654 34816656
11179693 11179702
14495880 14495884
6507499 6507518
34847803 34847805
45990959 45990960
40113341 40113343
4663407 4669275
32635237 32635241
45273720 45273722
31171891 31171895
40161504 40161506
15571599 15571611
39636297 39636300
9162298 9162317
34847810 34847812
9162312 9162321
15399246 15399253
6705015 6705041
25449147 25449150
9642656 9642681
40277786 40277788
8713506 8713522
944740 1775934
3636903 3951908
32620437 32620446
45260660 45260662
21841492 21841499
15379944 15379952
15379961 15379964
39926224 39926225
34828231 34828233
34828877 34828879
34826978 34826980
31815602 31815647
8781002 8781023
34847843 34847845
2351830 3049163
10709473 10709502
34816659 34816661
34847861 34847863
34847864 34847866
39501693 39501696
34847873 34847875
31086512 31086514
40178385 40178388
34847887 34847889
34816668 34816670
45253324 45253326
31100525 31100528
28945504 28945509
41673673 41673676
32620636 32620639
34848051 34848054
45249340 45249342
32637998 32638002
11446662 11446670
28740233 28740236
40113877 40113878
34848056 34848058
12092337 12092342
34848059 34848061
15450945 15450952
31098203 31098207
13038838 13038856
12107597 12107604
45277103 45277105
33095177 33095181
34848076 34848078
9872969 9872984
34818413 34818415
34848079 34848081
8136076 8136091
14605630 14605635
12332876 12332890
31100253 31100257
40213252 40213254
7090908 7090957
25450340 25450343
32625406 32625412
34855011 34855013
34828019 34828021
32622380 32622386
45250620 45250622
45269099 45269101
45251200 45251202
30595717 30595719
14722185 14722198
34829823 34829825
34816691 34816693
45282835 45282837
34848147 34848149
8781011 8781028
15661360 15661367
15409711 15409718
34816682 34816684
45270525 45270527
25451106 25451114
15638824 15638828
34829741 34829743
25442239 25442243
11791397 11791411
34832877 34832879
3919822 4130001
45271908 45271910
9796679 9796700
45249875 45249877
34827360 34827362
28738213 28738218
9268734 9268746
8389440 8389475
9808300 9808320
34848172 34848174
14522538 14522547
5237313 5237342
40113885 40113887
45302173 45302175
33014862 33014864
32629576 32629580
34832889 34832891
9581202 9581230
31815589 31815629
34848190 34848192
6382654 6382674
28829841 28829846
14537497 14537504
34828754 34828756
34848210 34848212
14758563 14758569
11489968 11489972
28861024 28861028
11359222 11359234
14722200 14722205
34848215 34848217
45271769 45271771
31103289 31103291
33793528 33793535
28740626 28740630
3192640 3650365
11115699 11115711
40114438 40114440
34848220 34848222
34848223 34848225
34816700 34816702
34828064 34828066
33711153 33711160
34827688 34827690
45274695 45274697
34848235 34848237
33938980 33938981
32110425 32110433
32971640 32971644
40113895 40113896
10892757 10892765
41500106 41500107
34822579 34822581
36100512 36100517
1536892 2395754
45266614 45266616
34848390 34848392
21824638 21824642
25453197 25453203
34848272 34848274
871505 1687421
4055801 4215379
40114442 40114444
40113396 40113398
32640928 32640933
39506660 39506664
15628272 15628276
11524879 11524896
8136036 8136073
25446910 25446915
34001235 34001237
34848312 34848314
34828582 34828584
32068999 32069016
28734599 28734604
37695072 37695074
45990961 45990962
34816713 34816716
34848332 34848334
31171787 31171788
34822777 34822779
14528229 14528235
11351680 11351688
40158885 40158887
34828604 34828606
21796505 21796510
32622452 32622454
39507269 39507273
45242636 45242638
34829647 34829649
45273433 45273435
32613567 32613572
34816721 34816723
28739391 28739398
40161169 40161170
34826585 34826588
14717194 14717199
15641770 15641775
34816726 34816728
9796971 9796987
39507379 39507381
45268458 45268460
31100808 31100810
15625528 15625532
45248072 45248074
6686539 6686554
34848357 34848359
34815230 34815231
34828225 34828227
320749 868036
14544884 14544890
34809652 34809654
34848361 34848363
40170328 40170330
45270894 45270896
4995701 4995749
32618694 32618697
31098202 31098205
45263498 45263500
45266916 45266918
12373063 12373075
14758869 14758879
11240034 11240067
31171881 31171883
329874 897536
697746 1453748
31171702 31171704
7384702 7384706
34816732 34816734
34816735 34816737
34848412 34848414
45266893 45266895
25425351 25425355
34956929 34956931
10730725 10730753
10849840 10849868
5010649 5010651
34848426 34848428
39927713 39927717
6766241 6766257
14722582 14722586
14759033 14759040
45264465 45264467
21886765 21886771
31100866 31100868
34816738 34816740
34828426 34828428
31171829 31171835
11015605 11015618
12750055 12750062
45272640 45272642
31171884 31171886
34855056 34855058
868022 1682227
33273638 33273640
3812151 4055794
31098013 31098015
34816741 34816743
45260355 45260357
6719761 6719779
34828598 34828600
25429683 25429691
10730750 10730765
9085606 9085619
34825876 34825878
15669154 15669160
10955234 10955244
11919994 11920007
34848463 34848465
40113406 40113408
34828886 34828888
40113347 40113349
21857704 21857707
31072805 31072807
11555348 11555356
45258424 45258426
28740543 28740545
45990963 45990964
4976617 4976666
25452314 25452317
14759274 14759281
34828880 34828882
34848482 34848484
40192140 40192142
34813742 34813744
15193276 15193290
14722182 14722189
34848500 34848503
12048834 12048840
34821242 34821245
15650685 15650689
33680259 33680266
34814742 34814744
34848514 34848516
15641765 15641769
45270787 45270789
9808294 9808311
34855060 34855062
34818561 34818563
45269471 45269473
45258433 45258435
34832952 34832955
34832958 34832961
4317044 4393942
15452112 15452118
10730720 10730733
15532515 15532527
34828517 34828519
34848562 34848564
32106332 32106337
8740112 8740134
40113548 40113550
34848584 34848586
45275101 45275103
10659807 10659812
21692205 21692208
10982266 10982284
8200974 8200989
33099886 33099890
34828079 34828081
34818769 34818771
34852743 34852745
15488516 15488522
34826473 34826475
34833363 34833366
34828560 34828562
14531728 14531744
25434205 25434208
11584885 11584893
34828607 34828609
8781015 8781033
31098233 31098235
40113551 40113553
40113554 40113556
34829412 34829417
8643456 8643483
45266874 45266876
34851033 34851035
34827951 34827953
34848639 34848641
34848642 34848644
30641547 30641552
33100128 33100129
45271831 45271833
21638657 21638667
34809720 34809722
34832985 34832987
8200966 8200981
1397365 2271890
34828005 34828007
34848685 34848687
34816756 34816758
32087295 32087300
39503380 39503383
34832991 34832993
45275022 45275024
9804289 9804305
45990965 45990966
25456261 25456264
34815598 34815600
28827083 28827087
3643729 3956358
45264099 45264101
34828592 34828594
9638948 9638968
32637551 32637555
34848720 34848722
868015 1682221
34852802 34852804
34848772 34848774
31171916 31171918
25441455 25441460
12892463 12892476
25444269 25444272
34848878 34848880
15657606 15657616
34816777 34816779
45283241 45283243
28890212 28890218
11248588 11248598
34819088 34819091
11437958 11437965
13125230 13125243
12865322 12865331
28305852 28305856
25451070 25451076
31171887 31171889
11403861 11403872
13125238 13125247
25441503 25441508
5237307 5237333
34848948 34848950
15480684 15480693
45258766 45258768
34852845 34852847
34816783 34816785
34848962 34848964
12098874 12098887
34816787 34816789
40227863 40227865
34848965 34848967
12054839 12054853
302817 830334
28305837 28305840
34849041 34849043
25442279 25442283
34839635 34839637
45251328 45251330
21620326 21620329
15646210 15646214
34848991 34848993
25433817 25433820
31098312 31098315
3960355 4156059
45990967 45990968
32622437 15669424
39636216 39636218
40191989 40191991
34829268 34829270
45247784 45247786
14618573 14618585
45249753 45249755
31156146 31156150
9467980 9468003
28740567 28740569
45264488 45264490
4657076 4663449
25455510 25455514
45250000 45250002
45257242 45257244
2919274 1210963
21886766 21886773
31171890 31171893
15395556 15395562
34828364 34828367
32971653 32971654
31087539 31087541
40114047 40114049
31171770 31171771
34828446 34828448
7133508 7133525
15428153 15428161
40180999 40181001
21873681 21873689
40113562 40113564
14571070 14571075
34839491 34839493
34849324 34849326
34816814 34816816
34855151 34855153
25446901 25446909
32976142 32976144
34816817 34816819
34816821 34816823
3180039 3643756
34837050 34837052
11239992 11240003
2535043 3191676
28739068 28739070
45245574 45245576
34849380 34849382
34829735 34829737
45242207 45242209
31040755 31040760
25425519 25425525
34849402 34849404
40178389 40178391
34828461 34828463
34815106 34815109
2512983 3180055
31171761 31171763
12097030 12097037
33099998 33100001
33013632 33013634
34828028 34828030
34829072 34829074
21717092 21717098
28739390 28739396
25425526 25425530
40198763 40198765
40198763 40198766
7907928 7907960
6831974 6831986
34849454 34849456
32627500 32627506
14632596 14632601
14759277 14759290
34828534 34828536
7434106 7434126
120496 392281
40192162 40192164
34828100 34828103
45243649 45243651
40216876 40216878
45245106 45245108
34849486 34849488
34849493 34849495
34816833 11477532
15526872 15526881
25441548 25441551
45990969 45990970
2410746 3098687
4657062 4663382
12086981 12086991
40114235 40114237
34855173 34855175
11088196 11088215
14571072 14571083
34828392 34828394
31171772 31171773
14758557 14758561
34817979 34817981
34849553 34849555
31171722 31171724
40113283 40113285
34027487 34027489
34829079 34829081
15561642 15561649
33801702 33801706
34853148 34853150
30237792 30237797
34818587 34818589
40281755 40281757
40114517 40114519
4288492 4374105
45270252 45270254
31087542 31087544
34849585 34849587
28867602 28867607
34849591 34849593
31171748 31171749
3956367 4153577
32632722 32632726
15639381 15639386
32633631 32633633
34816853 34816855
15539160 15539168
857140 1672071
34849635 34849637
34822417 34822421
9285945 9285957
40114520 40114522
45291480 45291482
32069002 32069020
3689930 3984313
34809300 34809302
45990971 45990972
12780490 12780505
28739065 28739067
34849649 34849651
14935919 14935931
34849655 34849657
40161557 40161559
25441449 25441453
45245348 45245350
45269321 45269323
12780603 12780621
4463709 4499272
31969867 31969871
34849673 34849676
34849712 34849714
14682223 14682232
9563763 9563773
12053558 12053565
45270187 45270189
6710487 6710513
14690849 14690867
45990973 45990974
34814636 34814641
15586278 15586284
32971655 32971657
2351788 3048675
31098436 31098439
41493015 41493016
45260197 45260199
40113287 40113289
12053495 12053514
34828091 34828093
25453357 25453360
45990975 45990976
25444194 25444199
32987100 32987101
45245656 45245658
45297376 45297378
34849770 34849772
15556884 15556893
34849781 34849783
14758936 14758943
34837005 34837007
15589911 15589916
25445924 25445928
34849805 34849807
40114880 3020503
25450380 25450386
34816874 34816876
34816877 34816879
34849819 34849821
40114541 40114543
45269404 45269406
40113568 40113570
337217 924128
45990977 45990978
32623827 32623831
34828526 34828528
21929869 21929878
34828380 34828382
14638283 14638286
34849868 34849870
3643786 3956512
34816886 34816888
95468 322314
14758945 14758952
13091347 13091350
45295035 45295037
12917785 12917794
45275009 45275011
12996879 12996889
25441444 25441447
34849920 34849922
45271718 10719272
4615756 4625163
34822713 34822716
34828852 34828854
45259653 45259655
34849952 34849954
10307894 10307907
34849963 34849965
9804279 9804300
25441469 25441472
33799745 33799749
34850202 34850206
41673576 41673578
45255030 45255032
34838068 11294970
31815590 31815634
45990979 45990980
14559038 14559042
14598522 14598536
10987237 10987243
15546635 15546641
28740475 28740477
31171780 31171782
15451460 15451464
33280070 33280071
32169438 32169440
32642982 32642985
34850082 34850084
14680838 14680892
45298537 45298539
31171684 31171686
45310037 45310039
34828429 34828431
45244942 45244944
10023379 10023393
32201669 32201673
25442312 25442316
12745393 236846
21898787 21898792
25444216 25444219
34828862 34828864
34829066 34829068
45264010 32156278
34816918 34816920
34828483 34828486
34828112 34828114
32642649 32642652
34828916 34828918
32618698 32618700
14759537 14759543
34850157 34850159
34850160 34850162
34828892 34828894
34816922 34816924
40173511 40173512
13091337 13091346
34850164 34850166
45280031 45280033
34850170 34850172
6430777 6430796
34809917 34809919
21960369 21960377
33097061 33097063
34850173 34850175
45269782 45269784
33281430 33281431
33097056 33097060
32639286 32639290
15641793 15641799
45303231 45303233
45277651 45277653
25451102 25451108
14935934 14935942
45266931 45266933
33099454 33099457
45273647 45273649
40113424 40113426
14680835 14680857
12754326 12754335
34828520 34828522
12089227 12089252
34828473 34828475
7898224 7898234
7844808 7844827
34827830 34827832
45245995 45245997
34850218 34850220
11971019 11971031
45270492 45270494
34827989 34827991
34850225 34850227
31172037 31172039
10829921 10829933
14759602 14759609
45246408 45246410
5688237 5688245
3180021 3643744
32630079 32630082
31087547 31087550
34817964 34817967
34828549 34828551
10818807 10818824
34850238 34850240
34816933 34816935
45990981 45990982
34850242 34850244
34828538 34828540
39636312 39636314
15529081 15529090
25441530 25441533
9508478 9508480
12877182 12877187
318533 856706
12614739 12614744
45271874 45271876
14874174 14874181
40113393 40113395
39603625 39603628
45271033 45271035
34850274 34850276
32055769 32055780
12094819 12094835
40113956 40113957
40114469 40114471
34816940 34816942
14426231 14426238
34850288 34850290
31098648 31098650
34827768 34827771
25425523 25425528
34850294 34850296
12106220 12106233
31171927 31171929
34850304 34850306
31171790 31171793
15561635 15561641
40113572 40113574
861369 1675429
31171757 31171759
11422043 11422066
3960356 4156063
40113401 40113403
34850313 34850315
45270588 45270590
10718012 10718027
45251350 45251352
40219785 40219786
15528902 15528909
45270591 45270593
40113575 40113576
34828601 34828603
14496050 14496060
2654925 3273120
25421954 25421958
25456750 25456754
2993159 3508688
34025474 34025476
2502823 3171679
14691373 14691377
34828807 34828809
12134502 12134507
34833178 34833180
876116 1693298
34838443 34838445
45260908 45260910
14493793 14493798
34816954 34816956
40113386 40113388
21808186 21808189
10356369 10356380
31087557 31087559
45248380 45248382
45270558 45270560
32986279 32986281
45119716 45119718
45298340 45298342
15641785 15641789
4954786 4954843
15548136 15548142
12137222 12137235
9364848 9364862
21873700 21873704
1682228 2517328
21770517 21770525
45260001 45260003
15657591 15657598
34853624 34853626
31171731 31171733
25455217 25455223
31171767 31171769
25444639 25444642
34811937 34811939
9240567 9240575
4959644 4959669
45270501 45270503
7906586 7906604
34850470 34850472
34846364 34846367
4650580 4657430
45249418 45249420
34850496 34850498
14487582 14487590
34850514 34850516
25412339 25412341
9364850 9364877
34816972 34816974
45259616 45259618
32625409 32625416
9785896 9785909
21628645 21628648
13125456 13125475
45246758 45246760
45273578 45273580
15641068 15641074
34816985 34816987
34850540 34850542
4663418 4669281
25442232 25442237
14495863 14495871
39539858 39539861
25443164 25443167
15607356 15607364
34816990 34816992
34818174 34818176
34047173 34047174
33701209 33701213
40113898 40113900
302796 829668
14688800 14688810
40113633 40113635
34828101 34828105
10892760 10892769
14662964 14662969
40209757 40209759
40178376 40178378
34816979 34816981
33835729 33835732
45270569 45270571
15640642 15640649
15657774 15657781
45254800 45254802
12048557 12048567
39636339 39636341
2732974 3323212
15539684 15539690
34850582 34850585
32620515 32620518
45990983 45990984
9379444 9379459
5943256 5943269
45248237 45248239
6435414 6435434
34815612 34815614
34850722 34850726
31941955 31941959
33353225 33353226
14643778 14643782
45254182 45254184
9820611 9820621
34816995 34816997
14518590 14518597
11791402 11791414
45264493 45264495
12755082 12755093
40114480 40114482
34829754 34829756
31086470 31086472
12116029 12116037
45258324 45258326
14718959 14718967
21885803 21885807
45270329 45270331
40113579 40113580
32632815 32632819
34817003 34817004
33711152 33711156
45990985 45990986
34816258 34816260
34842021 34842025
34853913 34853916
34828883 34828885
45269906 45269908
12750112 12750116
9784182 9784193
34827999 34828001
6719774 6719803
14758961 14758967
15640640 15640646
45251026 45251028
