3304872 3729890
3304874 3729910
14990815 14990829
3304876 3729925
3304840 3729852
4600104 4610662
3304873 3729899
29343708 29343711
4207604 4321076
2907099 3446827
45990987 45990988
3427125 3808719
2962157 3487382
4594531 4605504
4582220 4594521
2231250 2961949
4605525 4615871
4501466 4528011
1209193 2085386
4594504 4605479
4610752 4620856
207373 618473
4122062 4264504
4528015 4549897
4582221 4594529
1357362 2231236
29345041 29345046
4549903 4567305
4582240 4594557
4605510 4615838
3427275 3808862
4567325 4582237
29350516 29350519
29354845 29354849
1357380 2231291
29345820 29345824
4053669 4214279
45990989 45990990
29345457 29345459
4484908 4516427
4387862 4443725
4516429 4541155
4484903 4516414
1357399 2231327
4484904 4516417
1357365 1357376
618477 1357376
4484906 4516422
4484907 4516424
4387861 4443722
15106268 15106289
15106275 15106306
15106242 15106251
14635796 14635828
14635795 14635824
34382103 34382107
29343368 29343371
3571660 3908183
4134777 4273541
8999923 8999940
15072295 15072306
36311820 36311821
1835618 2641728
3426523 3808260
795780 1585761
3126184 3603331
45990991 45990992
32824637 32824638
1585792 2444216
35808563 35808565
14948048 14948062
2641737 3264400
15127465 15127470
4836810 4836883
29364538 29364540
15072280 15072294
15072298 15072310
3928371 4135428
15125423 15125426
15125416 15125422
45990995 45990996
4135438 4274336
1835619 2641735
2641738 3264406
4274320 4364830
45990997 45990998
15102280 15102290
15055988 15055997
45990999 45991000
38013027 38013028
15099580 15099588
29342930 29342943
15058066 15058120
15058102 15058167
15057947 15057954
15057986 15058004
14948054 14948075
15058071 15058131
15058023 15058060
15057980 15057994
15058133 15058178
15058065 15058117
15058110 15058172
15058151 15058194
29349925 29349926
32846097 32846099
32845042 32845044
1584121 2442446
1584122 2442454
4321263 4396464
4362134 4424782
618495 1357433
618496 1357442
48395 207366
43652050 43652051
35339645 35339646
29360959 29360963
32658578 32658579
34238479 34238480
3264413 3705579
2839656 3399783
4274305 4364806
3928364 4135410
4135386 4274288
3928366 4135420
4426812 4471042
1980184 2753651
3759781 4026204
4427071 4471283
4427099 4471311
29353996 29353998
32820131 32820132
29360943 29360945
29354582 29354584
15164410 15164419
1011614 1861834
34134080 34134084
15164412 15164435
4135400 4274301
43637522 43637523
15151344 15151349
29345682 29345683
2085756 2839550
618490 1357419
2710147 3304900
29353013 29353016
2839634 3399741
29363171 29363173
2839630 3399733
2839649 3399762
4364663 4426938
15144576 15144584
3603425 3928459
3126247 3603414
3928404 4135466
29361984 29361987
2444261 3126233
3126262 3603435
32826346 32826348
2444271 3126278
1585798 2444237
4577478 4590773
29365054 29365056
4427049 4471251
4043692 4208235
15117011 15117016
29357582 29357589
3808211 4053713
29348151 29348156
4214310 4325485
1545202 2405627
4396277 4449435
3915040 4127202
15108844 15108850
2878074 3426656
29355195 29355201
29356769 29356772
4675057 4680056
4679810 4684359
4679796 4684334
4674765 4679809
29344097 29344099
4449651 4489056
36532455 36532457
14427933 14427940
32800594 32800596
33173550 33173554
29356638 29356644
29361580 29361581
36444073 36444075
4451543 4490525
512877 1209117
4273536 4363734
4273544 4363743
2742127 3334780
3334776 3751782
15057420 15057428
29362186 29362189
4692790 4696835
29357348 29357354
4505215 4531740
4315402 4392964
4688721 4692723
4699379 4702731
1584117 2442431
976403 1819343
4082737 4235588
4625710 4634767
4647499 4654823
3759983 4026355
3678477 3975887
4496232 4524873
4199192 4315978
4042997 4207655
3332183 3750046
4674217 4679337
4368676 4430704
29357271 29357273
29357471 29357476
32775888 32775889
4699404 4702751
36534013 36534016
36445796 36445798
4315850 4393246
32790127 32790129
4766946 4767503
4691709 4695780
32816536 32816538
32790078 32790080
14970274 14970282
4274133 4364515
4454827 4492905
34236078 34236079
29365064 29365066
32826756 32826757
34134195 34134196
36531127 36531128
36534996 36534997
36525667 36525668
34233866 34233867
7819006 7819033
7818932 7818959
7818946 7818971
7818890 7818915
7818886 7818904
7818861 7818867
34304233 34304234
4214294 4325467
15124808 15124819
29346341 29346342
4341728 4410198
618428 1357337
32814375 32814377
29346752 29346753
3962670 4157525
4434873 4478124
29349222 29349223
4053736 4214369
29345607 29345611
4683342 4687906
34303771 34303773
29363127 29363128
3928323 4135308
4274190 4364634
4364599 4426868
4364640 4426907
3928322 4135303
45991002 45991003
45991004 45991005
29364621 29364622
32824890 32824891
3427201 3808782
29341483 29341485
4003045 4185099
45991006 45991007
45991006 45991008
45991006 45991009
34237994 34237996
34238001 34237996
34237998 34238000
34238004 34238000
45991010 45991011
4426170 4470361
4235697 4341683
29356765 29356766
3953458 4152237
2962296 3487539
32851105 32851107
3088879 3576173
45991012 45991013
45991014 45991015
32792920 32792921
32786883 32786885
36513895 36513896
4185123 4306739
15108352 15108357
34251350 34251352
29347384 29347385
3487352 3853273
29347371 29347376
29354855 29354858
29354880 29354881
4427369 4471579
45991016 45991017
29364289 29364290
32793027 32793028
44122777 44122779
45991018 45991019
30531148 30531152
29364581 29364582
45991020 45991021
45991022 45991023
29349687 29349690
618479 1357394
14937287 14937339
14959916 14959924
2962040 3487219
32829248 32829250
4293234 4377280
1357520 2231620
15099646 15099652
29348843 29348844
29348823 29348825
29348827 29348830
29348832 29348835
29348837 29348839
32800565 32800567
29356736 29356739
29341443 29341447
32822920 32822922
29356489 29356490
2962143 3487364
45991024 45991025
3759042 4025542
29342237 29342239
29341181 29341183
4470394 4504636
2961826 3486880
2692717 3291934
3928909 4136073
4426169 4470357
3125568 3602554
29344087 29344093
29358240 29358241
43740175 43740176
4576008 4589471
2839617 3399716
29343970 29343977
32806956 32806957
4515755 4540662
45991026 45991027
2710142 3304893
3808156 4053613
4411264 4459743
14956364 14956369
1538290 2397351
45991028 45991029
45991030 45991031
45991032 45991033
29355313 29355314
14937234 14937270
4157062 4289312
32870462 32870464
36510048 36510049
45991034 45991035
45991036 45991037
2710133 3304865
36444149 36444152
35817211 35817214
29363117 29363118
30522847 30522848
2291689 3010673
29352948 29352950
29357254 29357255
4053971 4214487
2839631 3399736
34235537 34235538
32819211 32819213
34235525 34235526
45991038 45991039
14937280 14937315
14937281 14937320
43766909 43766910
45991040 45991041
32829236 32829238
4042994 4207653
2873918 3423469
29361736 29361743
4470377 4504610
45991042 45991043
45991044 45991045
4087034 4238060
2962171 3487437
34412291 34412293
4321598 4396719
45991046 45991047
4621977 4631071
45991048 45991049
45991050 45991051
2710130 3304850
2962128 3487341
14635871 14635892
2961835 3486937
32800505 32800508
3486930 3852829
29360718 29360720
29354835 29354836
29357558 29357559
34134068 34134069
4649093 4656117
32854532 32854534
32858711 32858712
36533955 36533958
32855060 32855061
45991052 45991053
618423 1357325
1252648 1357325
15102920 15102930
3487076 3853010
618480 1357396
32799638 32799639
4657451 4663754
4362140 4424789
45991054 45991055
32796292 32796294
4495616 4524399
30531150 30531155
45991056 45991057
36514001 36514002
29341946 29341947
4308411 4387860
29348447 29348448
29356586 29356587
3926232 4133482
4016918 4192536
4350756 4416512
29344982 29344986
32793057 32793059
3792802 4043734
45991059 45991060
45991059 45991061
3344477 3759991
4003057 4185121
3289223 3720639
15179332 15179335
3143949 3618960
36519433 36519435
36515940 36515942
29357988 29357989
45991062 45991063
4086983 4238028
3729863 4007927
34252988 34252989
2231271 2962002
14937165 14937181
32825928 32825930
29355331 29355333
32851085 32851086
4621938 4631045
32829261 32829263
32829233 32829235
36514512 36514514
3927122 4134405
4426167 4470349
29364663 29364664
794275 1584136
29348754 29348756
45991064 45991065
45991066 45991067
29357997 29357999
32787743 32787744
32786887 32786889
4836701 4836751
4561596 4577169
4593197 4604412
4271478 4362262
43787723 43787724
29356541 29356544
29349626 29349627
45991068 45991069
32775967 32775969
29342772 29342774
29347177 29347201
3486949 3852865
29356670 29356671
15113774 15113781
32837945 32837947
29342715 29342716
29344385 29344386
29363036 29363039
3487059 3852950
4544524 4562929
29344036 29344037
32800548 32800550
32829251 32829253
2839690 3399838
4086879 4237915
45991070 45991071
29355416 29355417
45991072 45991073
3852857 4087033
1044954 1907288
43581601 43581602
29348338 29348340
4411262 4459740
32793010 32793011
618552 1357546
1357353 2231228
45991074 45991075
4484905 4516420
32829254 32829256
29349802 29349803
45991076 45991077
2231630 2962276
29358815 29358818
4239271 4344065
29341457 29341460
3927807 4134770
29357416 29357417
3446811 3820861
34134126 34134127
15088376 15088382
1044953 1907282
29348857 29348860
2962268 3487510
618475 1357351
29355874 29355875
4426171 4470364
2444223 3126197
2439179 3121261
3927814 4134795
29345002 29345005
45991078 45991079
3652806 3962046
45991081 45991082
2291695 3010697
45991083 45991084
29355731 29355734
29357753 29357754
30515885 30515890
34222310 34222312
29343967 29343969
3344507 3760034
10687804 10687810
32851101 32851104
2961840 3486952
32818020 32818023
2130844 2878069
29353938 29353942
4511233 4537309
14959711 14959715
29358706 29358709
4577195 4590451
29347077 29347078
1357465 2231475
32793052 32793053
36520361 36520362
4208269 4321589
35799859 35799861
14959936 14959947
4684572 4688852
4684573 4688855
29344015 29344017
32851717 32851718
4135736 4274682
2506478 3174550
4285067 4372357
36510004 36510005
4087430 4238367
2231362 2962082
45991085 45991086
4562246 4577736
29364619 29364620
3399702 3792754
4185100 4306715
4646879 4654254
29361657 29361659
45991087 45991088
29353087 29353089
45991089 45991090
29344018 29344019
2839645 3399757
4341674 4410138
15037759 15037765
29355516 29355521
29358077 29358078
4560166 4575992
2710146 3304898
36536046 36536048
2397345 3088871
32851092 32851095
34238571 34238572
32851721 32851723
10687797 10687802
29344070 29344072
4526286 4548601
31065638 31065643
3852823 4086969
4294815 4378107
45991091 45991092
45991093 45991094
4235698 4341686
45991096 45991097
29364534 29364535
45991098 45991099
29348845 29348850
2839654 3399775
4363728 4426209
4306742 4386765
36511990 36511991
34134150 34134154
4386737 4442924
45991100 45991101
4386757 4442964
32851096 32851098
29357833 29357835
14635800 14635837
45991102 45991103
39649246 39649247
1292505 2170098
45991104 45991105
2938838 3472295
8113625 8113637
45991106 45991107
45991108 45991109
29346648 29346649
32800555 32800557
45991110 45991111
45991112 45991113
45991114 45991115
29357847 29357849
39670425 39670426
45991116 45991117
41461215 41461216
36529690 36529691
45991118 45991119
29348687 29348689
4007933 4187923
14937279 14937312
43812085 43812087
32829243 32829244
32854518 32854521
29356549 29356557
29344357 29344358
14635742 14635754
45991121 45991122
45991123 45991124
2962327 3487588
45991125 45991126
45991125 45991127
34307302 34307304
3808836 4054107
3487058 3852947
29347427 29347432
32792559 32792560
14937282 14937324
15180628 15180637
34134144 34134145
34235539 34235540
29362933 29362936
4278946 4368667
29360845 29360846
29347074 29347075
4470382 4504620
2692723 3291945
29353757 29353763
32829257 32829259
4836702 4836752
41301751 41301753
45991128 45991129
4511234 4537314
14937283 14937325
4598167 4608953
14635904 14635920
32829245 32829246
2962309 3487563
32834420 32834422
29356786 29356788
14937116 14937127
4426191 4470401
4426191 4470402
2231631 2962278
3927808 4134772
29355635 29355637
14961678 14961682
34134033 34134034
45991130 45991131
45991132 45991133
4541144 4560161
45991134 45991135
4087430 4238368
45991136 45991137
4135779 4274741
3487388 3853298
32793013 32793014
29355923 29355925
45991138 45991139
3487417 3853336
32805034 32805036
4589203 4600590
4591095 4602512
45991140 45991141
4321579 4396707
2085868 2839681
29350441 29350443
10750523 10750527
36518493 36518494
4208287 4321620
45991142 45991143
32825943 32825945
45991144 45991145
33060905 33060911
4578707 4591905
4591917 4603122
30507595 30507598
29341889 29341891
2291692 3010688
4470380 4504616
15142165 15142176
2130843 2878063
45991148 45991149
29363032 29363034
32793023 32793024
45991150 45991151
1980070 2753109
32793025 32793026
2961944 3487153
2909891 3449580
2909882 3449514
14950603 14950612
4426231 4470451
45991152 45991153
45991152 45991154
4495015 4523947
4134776 4273539
45991155 45991156
45991157 45991158
31065807 31065811
15154036 15154039
32792970 32792971
45991159 45991160
4086898 4237955
14937285 14937332
32806367 32806368
45991161 45991162
29347164 29347167
10070869 10070873
2753813 3344519
28583363 28583364
3852855 4087027
43791007 43791008
12671874 12671897
12671853 12671867
12671833 12671841
12671937 12671950
32780834 32780835
45991163 45991164
14937284 14937329
4003044 4185096
3304875 3729918
45991165 45991166
4231628 4338961
32792561 32792562
3792862 4043812
29356546 29356554
4565222 4580546
45991167 45991168
29344957 29344967
29348121 29348126
1979983 2753033
15114025 15114033
36516300 36516301
2710155 3304910
3487406 3853325
15150731 15150737
4214400 4325530
15144602 15144606
3426631 3808402
14894057 14894068
4449498 4488878
4590982 4602422
34309502 34309503
34308451 34308455
15142166 15142183
15071960 15071969
4343162 4411270
45991169 45991170
32793034 32793035
29346244 29346247
4591094 4602511
3423471 3806543
36381971 36381972
4569423 4583900
29357820 29357821
30522186 30522188
2170000 2910328
32792723 32792724
15010321 15010330
45991171 45991172
29341897 29341903
45991173 45991174
29349270 29349271
4639969 4647978
4505239 4531763
4531758 4552401
4602378 4612692
4404322 4454921
4569626 4584096
4622545 4631588
4488819 4519491
32872399 32872400
4427050 4471257
4667715 4673447
45991175 45991176
4404323 4454927
4274168 4364596
4531938 4552560
4622546 4631592
4562203 4577663
4454930 4493017
45991177 45991178
4655230 4661722
45991179 45991180
45991181 45991182
29350828 29350830
4505389 4531943
4602341 4612650
45991183 45991184
45991185 45991186
4584091 4596057
4426852 4471070
4364517 4426747
4545707 4563931
4274220 4364677
4531919 4552542
45991187 45991188
4364694 4426975
29347128 29347131
29349166 29349167
4471253 4505383
4426875 4471091
4426860 4471080
45991189 45991190
4274164 4364580
4522352 4545702
1585791 2444210
4602371 4612679
4471062 4505212
4488822 4519496
29353153 29353156
4454936 4493025
4505362 4531904
4616851 4626239
29345412 29345413
45991191 45991192
4583838 4595835
2291687 3010666
2291688 3010669
29345474 29345475
2910096 3450218
4274145 4364550
4274143 4364533
34219380 34219382
4592255 4603438
4579123 4592275
4603470 4613677
4603430 4613634
4579122 4592270
29347850 29347855
4590923 4602340
29360986 29360987
4135425 4274324
4274322 4274324
4606921 4617045
29353164 29353168
4207670 4321152
29343654 29343655
1357526 2231663
34238242 34238246
4649289 4656295
4700515 4703649
4684336 4688616
4008738 4188312
45991193 45991194
45991195 45991196
4087113 4238110
45991197 45991198
29354740 29354746
15034119 15034129
2962325 3487586
14978855 14978861
29350884 29350891
3126240 3603399
32832663 32832664
35818423 35818426
32787457 32787458
3126269 3603448
29343221 29343223
2444259 3126228
2444260 3126230
4389675 4445112
36516940 36516941
4135475 4274352
29362303 29362305
2444262 3126237
29345676 29345679
1497793 2362409
34234188 34234191
45991199 45991200
45991202 45991203
2444256 3126225
29346545 29346546
2444235 3126213
45991204 45991205
4389676 4445113
32787444 32787447
31558115 31558118
29345654 29345657
45991206 45991207
15010414 15010421
4769871 4770507
4768031 4768556
4768055 4768582
4505805 4532297
36523830 36523832
45991209 45991210
36515453 36515455
4445130 4485738
4485725 4516954
4404354 4454983
15119576 15119582
15021465 15021475
15021510 15021520
15021571 15021587
15021525 15021543
15021529 15021548
45991211 45991212
44099555 44099556
2444285 3126289
15092446 15092452
14947970 14947987
15091499 15091504
29355614 29355617
3652802 3962037
4590240 4601646
4198553 4315335
3970608 4162941
15150520 15150523
3678475 3975881
4639749 4647763
32778122 32778128
29354040 29354042
29350739 29350742
36537230 36537232
4087266 4238213
32851112 32851114
29341892 29341894
34235952 34235954
29361764 29361767
36447162 36447164
3759968 4026333
3344443 3759917
3343572 3759026
3343566 3758993
1980084 2753142
29348710 29348713
4025477 4198565
35821947 35821949
3344579 3760124
3343573 3759039
4199089 4315875
3344449 3759953
2648620 3268867
3343547 3758957
3344448 3759942
4166111 4294797
36515460 36515462
3344549 3760075
2907976 3447414
2907977 3447424
4562896 4578350
45991213 45991214
39666601 39666602
29363010 29363013
34307314 34307316
32854639 32854641
14895095 14895099
34251931 34251932
32851088 32851089
29350117 29350120
36537247 36537248
45991219 45991220
45991221 45991222
32786690 32786692
1292518 2170260
1292533 2170352
1292499 2170034
1292539 2170402
1292535 2170363
1292549 2170456
1292540 2170408
4021455 4196231
2909992 3449849
1292500 2170047
32824650 32824651
29361679 29361681
39670179 39670180
29364933 29364935
15065559 15065561
45991223 45991224
4642234 4650103
45991225 45991226
15072266 15072269
4451579 4490572
29343790 29343794
15171094 15171096
3792415 4043388
29356893 29356895
2130566 2877829
4520650 4544457
3808193 4053666
3426422 3808185
4053670 4214289
4313431 4391474
4451613 4490603
3808212 4053719
4325513 4399356
32826844 32826848
4043389 4207985
2200640 2938861
43463668 43463669
29352033 29352038
32815344 32815345
4505364 4531908
4214243 4325412
576584 1292555
4364750 4427036
2169866 2909640
4579170 4592315
1292520 2170276
4577187 4590442
3372047 3774889
2753759 3344439
2753831 3344565
1292514 2170222
1292515 2170236
1292512 2170191
2170213 2911172
1292513 2170209
2169948 2910006
2909995 3449861
3449855 3449861
2169858 2909604
2169829 2909475
2169870 2909663
29350975 29350977
4468984 4503260
4696784 4700525
4606684 4616833
4396469 4449672
29365058 29365060
4543700 4562337
29355839 29355845
45991227 45991228
45991229 45991230
3603548 3928670
34307322 34307323
29355566 29355568
29345180 29345191
45991231 45991232
4087430 4238369
32825944 32825947
29354846 29354853
45991213 45991215
45991213 45991216
45991213 45991217
45991213 45991218
29354141 29354142
3126247 3603415
44123321 44123323
2231268 2961994
4575074 4588708
4547219 4565251
4633254 4641311
29350574 29350578
29344275 29344276
45991233 45991234
32799820 32799822
45991236 45991237
35823162 35823164
34314086 34314087
32814404 32814409
4630063 4638473
4594567 4605552
4466683 4501484
4466682 4501481
4540001 4559361
3918165 4128993
4495656 4524439
29346240 29346241
29349414 29349415
4131574 4271442
4943165 4943214
854209 1668745
29357261 29357263
2169828 2909465
45991238 45991239
4426986 4471171
4643283 4650909
4650927 4657750
4616969 4626378
4643295 4650922
4626368 4635286
4616970 4626382
4657731 4664003
4669730 4675340
29345506 29345509
4274142 4364529
4669720 4675326
4042953 4207617
4603445 4613644
4623368 4632389
4613641 4623364
4592258 4603443
35336905 35336906
4531918 4552538
45991240 45991241
45991242 45991243
32783728 32783730
32783731 32783732
4569634 4584105
45991244 45991245
4274225 4364686
4650926 4657744
4635280 4643281
45991246 45991247
29350842 29350843
4626372 4635291
4471176 4505303
4066156 4223015
4602356 4612670
35335203 35335205
4470960 4505090
2910682 3451850
2170025 2910461
2169985 2910229
1292538 2170395
1292527 2170316
1292521 2170283
1292530 2170335
1292541 2170416
1292529 2170327
1292544 2170439
2169809 2909387
2170146 2910975
2909382 3448625
2909379 3448612
2909381 3448621
2909646 3449096
2910970 3452389
2169798 2909322
1292517 2170251
2170246 2911230
1292536 2170374
2170367 2911517
1292537 2170386
2170329 2911463
2170265 2911309
2911306 3453169
2170376 2911538
1292543 2170430
2170426 2911613
2170077 2910709
1292524 2170298
2169949 2910013
1292508 2170132
1292532 2170346
1292522 2170289
2170063 2910606
1292526 2170308
2170062 2910602
2170091 2910774
1292507 2170124
2170117 2910889
2170116 2910882
2909949 3449676
1292503 2170066
2169861 2909616
1292519 2170271
1292523 2170292
2169864 2909630
1292501 2170057
1292548 2170452
2169801 2909345
2169816 2909431
1292534 2170358
2169825 2909448
2169862 2909620
2169827 2909456
1292528 2170319
1292496 2169823
2911652 3453599
4070557 4226751
2910462 3451484
1292504 2170086
1292525 2170305
2169877 2909696
2169859 2909608
2169845 2909537
2169945 2909956
2170126 2910930
4470970 4505100
4522468 4545809
4470980 4505121
45991248 45991249
34430075 34430076
29357975 29357976
4616855 4626248
4552238 4569335
4505104 4531603
4562195 4577658
45991250 45991251
29344830 29344833
29350929 29350930
3426421 3808176
32854758 32854759
4166173 4294858
34222737 34222738
2170263 2911301
4042951 4207603
33589019 33589020
2170039 2910520
4552507 4569591
4639978 4647989
29344259 29344261
2170074 2910695
2169982 2910214
4569511 4583979
2169851 2909564
4127206 4268641
2909994 3449854
4426871 4471088
4364752 4427045
2169863 2909624
1292509 2170139
4471073 4505225
2169847 2909546
30513368 30513371
4663990 4669723
4657723 4663988
4650906 4657722
29356878 29356879
14964540 14964544
3603368 3928398
34238495 34238496
34238482 34238483
4454799 4492874
4552531 4569609
4596030 4606899
4584068 4596032
29349585 29349589
29348743 29348745
32811442 32811444
29358692 29358695
34238255 34238257
32800500 32800504
4484912 4516440
3126183 3603326
32854512 32854515
29359168 29359170
32835197 32835199
4321097 4396321
2879010 3427448
32804371 32804373
2231659 2962359
34285118 34285119
29358125 29358130
34289494 34289496
29347534 29347539
3953456 4152224
4692883 4696946
45991252 45991253
29349893 29349895
29354563 29354566
44123332 2753039
1979986 2753039
15170817 15170825
29344901 29344907
45991254 45991255
29354805 29354806
45991256 45991257
1357392 2231323
15072278 15072290
29340903 29340904
29354815 29354816
29355276 29355277
34134209 34134214
45991258 45991259
45991260 45991261
15138480 15138491
29355475 29355479
29355475 29355480
34287562 34287563
34287566 34287567
45991262 45991263
14949745 14949750
4650748 4657599
15116779 15116782
29363304 29363309
4657205 4663553
34261476 34261477
45991264 45991265
29358236 29358237
45991266 45991267
3487390 3853303
29348493 29348495
14923659 14923662
15072276 15072287
15072255 15072258
29364598 29364599
34252984 34252985
45991268 45991269
34219353 34219354
4222981 4332684
4449639 4489030
4663989 4669719
2169979 2910202
4595844 4606713
1292542 2170421
4602350 4612663
4364564 4426822
2169873 2909681
15170815 15170820
4135379 4274269
45991270 45991271
4595965 4606833
4595834 4606694
4626267 4635202
4606690 4616853
4505429 4531982
45991272 45991273
4364565 4426828
4583824 4595820
4364530 4426765
4552245 4569344
4377841 4436803
1585783 2444170
2169951 2910022
2169954 2910051
4650924 4657739
4321083 4396289
4321062 4396268
30513364 30513370
4492872 4522339
30513363 30513366
2169860 2909612
2170011 2910372
2169857 2909596
2909543 3448866
2170090 2910768
1292545 2170442
2170115 2910877
2170118 2910894
2910032 3449973
4648500 4655689
4531795 4552426
1292546 2170447
4274347 4364851
2170285 2911367
2170040 2910523
2170072 2910685
2170290 2911378
4595836 4606701
4626251 4635194
2169969 2910163
2169967 2910154
2169803 2909356
2169806 2909367
4596018 4606887
2170078 2910714
2170119 2910901
4364591 4426859
4471164 4505295
2169875 2909688
4364670 4426948
4274208 4364668
45991275 45991276
2169868 2909652
2169865 2909636
2169802 2909351
4426895 4471108
4643194 4650839
29350893 29350896
34222540 34222541
29341440 29341442
4207901 4321272
4584007 4595980
4577685 4590950
29342254 29342258
15173453 15173460
15022982 15022988
4207628 4321104
30505935 30505938
30526646 30526648
4492894 4522350
4404237 4454809
4454822 4492899
4364645 4426918
4492875 4522341
4135311 4274189
4332679 4404235
4135310 4274181
3928324 4135318
3603325 3928335
4545696 4563919
4404248 4454825
4648493 4655682
45991277 45991278
3928325 4135320
4426919 4471128
4454818 4492897
4492898 4522351
4522349 4545697
3928326 4135325
4545711 4563940
4332680 4404240
4404256 4454836
4404247 4454821
4332685 4404250
4274185 4364621
4364618 4426886
4135323 4274204
4222982 4332690
30525445 30525448
4404233 4454803
4505086 4531594
4492912 4522361
4274137 4364521
4135289 4274140
4563917 4579145
4471123 4505255
4364650 4426923
4332691 4404258
4274138 4364525
4454806 4492878
4454834 4492913
4522360 4545713
4364649 4426921
4332686 4404254
4274196 4364654
29345477 29345478
4427077 4471293
3928365 4135413
4471278 4505400
4199029 4315825
4135385 4274281
29345480 29345481
29352909 29352910
29357329 29357332
4274314 4364819
4531703 4552365
4505173 4531684
4505174 4531691
4531616 4552261
4505424 4531974
4531617 4552263
4531701 4552353
29345586 29345587
4531702 4552357
29347932 29347933
4505175 4531696
29348401 29348402
29345401 29345403
29345404 29345405
3915041 4127212
4422980 4467851
4467848 4502445
4359864 4423016
4268646 4359865
4207620 4321095
4127208 4268648
4423013 4467883
4268638 4359858
4359855 4422982
4505423 4531971
4426793 4471027
4364558 4426810
4603469 4613674
4623363 4632385
45991279 45991280
4135391 4274294
3928355 4135394
3126185 3603344
4274149 4364569
3928347 4135382
3603334 3928354
4135290 4274154
4274293 4364787
3928350 4135390
4274268 4364771
3603335 3928356
4655237 4661730
4647983 4655239
4647958 4655221
4631573 4639957
4274255 4364759
4396329 4449490
4622551 4631604
4364753 4427047
29347904 29347911
4531624 4552272
4364840 4427120
29347908 29347906
29347897 29347906
4274342 4364843
4471333 4505421
29347894 29347896
29347888 29347896
29347901 29347896
4135445 4274343
4427117 4471334
4488865 4519551
32872402 32872403
4404300 4454892
4522411 4545763
4332719 4404299
4635276 4643277
4616963 4626363
4626361 4635275
4657717 4663981
4626386 4635300
4626369 4635289
4595968 4606844
4616973 4626389
4616974 4626393
4626390 4635304
30506875 30506876
4606836 4616968
4606835 4616962
4635297 4643292
2169942 2909897
4488858 4519539
15000298 15000305
4396278 4449442
4488830 4519507
3450068 3825183
3825184 4066699
2910054 3450063
2169975 2910187
3450061 3825169
2910058 3450080
2910053 3450060
2910061 3450088
2910057 3450077
4485776 4516997
32848031 32848036
15003324 15003329
15174993 15174997
30530578 30530581
3450062 3825171
4364700 4426985
4505289 4531820
4274239 4364707
4531892 4552520
4449418 4488815
4396279 4449447
4332718 4404296
4404295 4454884
4590931 4602363
4552281 4569375
45991281 45991282
30512136 30512140
4727019 4728971
1292531 2170341
1292506 2170109
2169966 2910151
4616844 4626225
1292511 2170164
4643181 4650819
2169944 2909946
2170264 2911304
2170059 2910572
30527284 30527290
2169953 2910034
2169811 2909398
4274205 4364661
4606687 4616850
4616845 4626229
4584049 4596019
4602359 4612675
4700824 4703972
30526659 30526662
2170379 2911548
4626220 4635180
30526665 30526671
30526703 30526707
4595848 4606723
30526704 30526710
4632423 4640686
4639960 4647964
4505256 4531776
29351173 29351179
4590932 4602368
4602352 4612666
4427030 4471228
29343171 29343174
4595977 4606852
30527287 30527292
30512145 30512148
4531816 4552442
3928344 4135344
4622524 4631577
4426976 4471158
4583968 4595941
4426922 4471129
4635199 4643199
4650827 4657683
4635195 4643191
4643190 4650829
4616959 4626358
2170010 2910371
4616830 4626200
4569369 4583852
4595849 4606727
4531630 4552289
2169955 2910060
2170009 2910370
30516577 30516580
3603333 3928343
3603350 3928385
4426767 4470985
4552390 4569480
3928388 4135456
4427123 4471340
4626215 4635175
3603352 3928391
4364848 4427126
3928386 4135451
3126188 3603355
4505117 4531627
4531980 4552602
4612644 4622531
4626342 4635265
4626216 4635177
4616841 4626219
4626217 4635178
35634588 35634590
4626230 4635181
4584085 4596046
29348944 29348947
2170268 2911330
2170003 2910340
2170008 2910367
2170071 2910680
45991283 45991284
2169952 2910029
2170267 2911327
4616846 4626234
29345510 29345513
4663994 4669728
4650910 4657725
4657737 4664009
4635288 4643286
4669736 4675347
4657727 4663993
4635302 4643299
4470976 4505109
45991285 45991286
4454869 4492966
4522388 4545741
4583823 4595818
29350743 29350744
4664013 4669743
29356630 29356633
4631612 4639984
35336902 35336903
4445159 4485768
4612660 4622559
39697014 39697015
29350305 29350306
4583839 4595838
29347337 29347340
3928346 4135378
2593066 3228431
2962158 3487387
1980256 2753788
4505261 4531780
45991287 45991288
45991290 45991291
4531851 4552470
4389718 4445150
4569376 4583859
4606730 4616883
4595854 4606732
71752 263364
4214413 4325539
29347355 29347359
29349236 29349237
4584024 4595998
1585801 2444248
4274147 4364562
4531862 4552489
4552564 4569633
4505390 4531947
4471262 4505394
4427055 4471265
4332717 4404294
32783799 32783800
4157069 4289325
3652803 3962040
4445158 4485765
32848049 32848051
4611645 4621550
29342152 29342154
32848047 32848048
4552282 4569379
29345494 29345496
4310990 4389717
4445142 4485753
4389757 4445175
29351190 29351192
4311006 4389739
4611633 4621540
4589672 4601031
4516974 4541636
4485777 4516999
34304587 34304589
34304674 34304678
4560475 4576229
4583857 4595857
4274146 4364556
2170052 2910565
4606853 4616981
4635311 4643305
45991292 45991293
4606856 4616984
36536946 36536947
4454784 4492850
2169998 2910315
2169994 2910285
4657681 4663947
29345514 29345516
2910279 3450778
2909886 3449531
2909883 3449519
2909847 3449382
2909888 3449544
2909885 3449525
4643333 4650970
29347667 29347677
36536889 36536890
29347702 29347717
36537091 36537093
4606907 4617025
4606908 4617026
45991294 45991295
45991296 45991297
45991298 45991299
45991300 45991301
45991302 45991303
45991304 45991305
45991306 45991307
45991308 45991309
45991310 45991311
45991312 45991313
45991314 45991315
45991316 45991317
45991318 45991319
45991320 45991321
45991322 45991323
45991324 45991325
45991326 45991327
45991328 45991329
45991330 45991331
45991332 45991333
45991334 45991335
45991336 45991337
45991338 45991339
45991340 45991341
45991342 45991343
45991344 45991345
45991346 45991347
45991348 45991349
29354050 29354051
4522325 4545669
4135453 4274348
4603496 4613699
4274186 4364625
45991350 45991351
32834055 32834056
45991352 45991353
4626242 4635183
45991354 45991355
45991356 45991357
45991358 45991359
4616958 4626353
4404251 4454826
45991360 45991361
4705955 4709162
3449470 3823918
45991362 45991363
4492983 4522399
4664012 4669740
45991364 45991365
45991366 45991367
45991368 45991369
29357274 29357276
4669738 4675351
45991370 45991371
45991372 45991373
45991374 45991375
29349232 29349235
4404236 4454805
4364622 4426887
2169981 2910211
4552427 4569506
45991376 45991377
4569385 4583868
41202150 41202151
45991378 45991379
34238484 34238488
34234193 34234196
2170002 2910335
4545670 4563900
3823914 4064629
4325418 4399238
4454870 4492972
4454866 4492953
4606754 4616906
4583909 4595897
4569398 4583876
32800895 32800898
4469140 4503460
4616891 4626277
4569402 4583881
4612705 4622588
29347922 29347924
4321084 4396292
4404301 4454899
45991380 45991381
29362121 29362122
4577687 4590953
4577686 4590952
4449640 4489036
45991382 45991383
36537286 36537288
45991384 45991385
2169963 2910133
4453988 4492289
2878491 3426951
45991386 45991387
15084060 15084063
29343923 29343927
4389690 4445123
4445133 4485742
4389743 4445157
15058203 15058229
15058179 15058214
36528061 36528062
32853618 32853619
32858709 32858710
45991389 45991390
45991391 45991392
29358405 29358406
45991393 45991394
32858716 32858717
45991395 45991396
45991397 45991398
45991399 45991400
45991401 45991402
45991403 45991404
45991406 45991407
34303793 34303794
29349131 29349132
45991408 45991409
2231614 2962274
3852837 4086990
29345682 29345684
29354219 29354220
45991410 45991411
533599 1246592
29345423 29345424
45991412 45991413
45991414 45991415
45991416 45991417
2169878 2909699
2169879 2909706
2169848 2909549
2169796 2909316
1044952 1907277
3399698 3792740
3792798 4043724
4321578 4396703
3611761 3934850
2839621 3399720
2291690 3010678
4157059 4289307
2291691 3010682
3399699 3792744
3399700 3792747
3399693 3792726
2169871 2909670
45991418 45991419
2169872 2909676
2169890 2909756
2169800 2909340
2444158 3126107
43811309 43811310
36537216 36537217
4577946 4591102
30531151 30531157
2444156 3126096
2444155 3126089
3126084 3603145
2444153 3126076
2444157 3126100
2444154 3126082
3126101 3603188
2444160 3126119
2444151 3126072
29361725 29361727
45991420 45991421
30514288 30514291
3452965 3829805
3126085 3603152
4592294 4603485
4522354 4545705
4545699 4563922
4364558 4426811
4426855 4471076
4492902 4522356
4404252 4454833
4454829 4492907
4396280 4449450
15138271 15138272
45991422 45991423
45991424 45991425
45991428 45991429
29347873 29347876
45991430 45991431
45991434 45991435
43382308 43382309
29347847 29347849
35636268 35636272
4611623 4621536
4445116 4485723
4485724 4516952
4445109 4485721
4389670 4445106
4310989 4389711
34234183 34234185
4601023 4611626
4389748 4445168
4389747 4445167
15140520 15140523
4516949 4541614
2170173 2911061
2169852 2909571
4445136 4485749
4485760 4516986
29345419 29345420
4516966 4541629
4516955 4541617
4541631 4560469
2169887 2909743
2169869 2909658
2170145 2910968
4485732 4516962
2170215 2911181
45991436 45991437
2170229 2911199
2169853 2909576
2169849 2909554
2169881 2909714
2169855 2909584
2169807 2909372
2169856 2909590
34306627 34306630
2169885 2909732
29345582 29345584
2169884 2909728
2169883 2909723
2169850 2909557
2169846 2909542
2169889 2909753
2169888 2909748
2169886 2909738
2169876 2909692
2169891 2909760
2169882 2909719
2909299 3448428
2169874 2909685
2170182 2911095
2170168 2911043
2170169 2911047
2909550 3448881
2877835 3426443
2909347 3448512
2444159 3126114
2909298 3448424
34291055 34291060
15146958 15146968
2909324 3448462
29344978 29344981
35818423 35818427
29344218 29344222
2170012 2910374
4325438 4399277
15146962 15146977
2909558 3448898
2169973 2910181
30524019 30524024
30524032 30524039
4562842 4578291
4451558 4490536
4451559 4490544
2961826 3486881
32792850 32792855
4224138 4333677
4063277 4219790
1292510 2170154
30513084 30513091
34245771 34245775
35822419 35822421
35822422 35822424
14962004 14962011
4053699 4214314
2910111 3450254
3808210 4053704
2169964 2910138
29341225 29341235
2169987 2910237
2169959 2910089
2170076 2910704
3449504 3823996
3450250 3825590
2169936 2909828
45991438 45991439
2170171 2911053
2170172 2911057
2169972 2910176
2169961 2910105
2169971 2910172
2170170 2911049
4489006 4519646
2169950 2910017
2910107 3450235
3450237 3825550
2910108 3450242
2169986 2910233
2169941 2909875
2169957 2910074
2910069 3450125
34222810 34222811
4519524 4543595
4422979 4467847
4579164 4592306
2169958 2910080
2909867 3449458
2909866 3449455
32650671 32650672
2169962 2910122
2169960 2910100
2169960 2910101
3825494 4067141
2909984 3449809
45991440 45991441
2909986 3449820
2909990 3449834
2909980 3449789
2909981 3449795
2910123 3450288
2911054 3452697
2170174 2911065
2910125 3450297
2910126 3450300
2169854 2909580
2169867 2909645
2909993 3449852
2910037 3449988
2909868 3449463
2910110 3450247
2910076 3450136
2909989 3449829
2909975 3449740
2910091 3450187
14635845 14635860
34236422 34236423
15024485 15024502
2910036 3449985
2910038 3449992
2910039 3449996
2909991 3449838
2909985 3449814
2909987 3449824
2909973 3449736
2910092 3450192
2909988 3449827
2910093 3450197
2910188 3450489
3449993 3824981
2909982 3449800
45991442 45991443
3450293 3825698
2910048 3450043
3825130 4066621
3825124 4066616
2910047 3450041
2170179 2911082
3824567 4065788
3824568 4065792
3449802 3824576
3824579 4065823
3824566 4065783
3449805 3824584
3449803 3824583
3824580 4065828
3824578 4065819
4065777 4222419
4222416 4331946
2909978 3449779
45991444 45991445
3449760 3824419
3449761 3824424
3824412 4065381
3449840 3824686
34218578 34218579
2909976 3449755
3449746 3824381
3449763 3824430
32848970 32848972
3449762 3824427
3449766 3824444
3449741 3824360
3449745 3824376
3824411 4065375
3449744 3824371
3824410 4065371
3449743 3824367
2909979 3449786
3449772 3824489
3449748 3824390
3449747 3824385
3449782 3824506
4396307 4449473
3824682 4065954
4453937 4492237
3449780 3824501
3449742 3824365
3449781 3824504
2170143 2910957
32813182 32813183
32814495 32814496
45991446 45991447
45991448 45991449
45991450 45991451
36536957 36536958
2170073 2910690
45991452 45991453
36536439 36536440
2910082 3450162
45991455 45991456
32800561 32800564
29345007 29345013
32809156 32809157
32809149 32809150
32809154 32809155
32809151 32809153
4541157 4560176
3450132 3825333
14635788 14635810
29344282 29344284
32856396 32856397
14947113 14947117
4446366 4486619
32843777 32843781
32826783 32826785
4073221 4228570
32843772 32843776
2909428 3448726
2169993 2910275
2170004 2910346
2169996 2910302
2170007 2910363
2170006 2910359
4042978 4207644
29343718 29343720
29343721 29343723
1980260 2753806
2753150 3343598
3399854 3792830
3176314 3640867
29350087 29350090
36444865 36444867
2169940 2909863
2909848 3449387
45991457 45991458
4404333 4454951
2169946 2909964
2169997 2910307
2909880 3449503
2169999 2910323
2169938 2909855
2170001 2910330
2909849 3449390
2909870 3449475
2910296 3450821
2909884 3449523
3449454 3823868
2909869 3449468
4449503 4488894
29344480 29344483
4449502 4488889
2910067 3450113
45991459 45991460
3450103 3825269
3450107 3825284
3450102 3825264
2910068 3450121
34218525 34218526
2910066 3450099
2910116 3450278
2169992 2910267
3449539 3824091
2910115 3450275
3449460 3823875
2910263 3450711
2909881 3449508
32844420 32844426
15058100 15058161
29350409 29350411
4622885 4631879
2909878 3449500
3449494 3823964
45991461 45991462
4531792 4552425
4289582 4375084
3449495 3823969
2910308 3450861
2910309 3450866
3449875 3824775
2909998 3449879
45991463 45991464
45991465 45991466
2910271 3450743
2910079 3450158
3450133 3825339
2910070 3450131
3450236 3825548
2909887 3449537
3449578 3824174
2909959 3449698
3449694 3824245
2910020 3449936
3449932 3824895
2169995 2910292
2169990 2910250
2170005 2910352
2169988 2910240
2910055 3450066
2170075 2910700
2910056 3450073
3450069 3825187
2910019 3449928
2169956 2910065
4595812 4606667
2169974 2910185
4569328 4583817
4552229 4569330
4531592 4552233
4426752 4470959
4703655 4706594
4703656 4706598
45991467 45991468
34277659 34277660
2169991 2910262
2910255 3450682
2910257 3450690
3450687 3826128
3825586 4067237
30526754 30526757
4564270 4579415
2169980 2910208
4595839 4606705
43736787 43736788
43736790 43736788
43736792 43736788
2170018 2910440
36444079 4706583
4703651 4706583
1209722 2085882
4584086 4596052
2910114 3450272
2910118 3450285
2169983 2910220
2910113 3450264
2169978 2910197
2169989 2910243
2909825 3449368
2170081 2910745
2910253 3450675
3449841 3824691
3824451 4065499
3449768 3824458
4135359 4274265
3449765 3824440
3824431 4065424
4364542 4426797
4021217 4196030
3603776 3928897
2910000 3449886
45991469 45991470
45991471 45991472
45991473 45991474
45991475 45991476
45991477 45991478
45991479 45991480
45991481 45991482
45991483 45991484
45991485 45991486
39507896 39507899
3449764 3824436
3449767 3824450
34282643 34282644
4552907 4569827
29360428 29360430
29342725 29342726
29354276 29354278
4495621 4524405
29342069 29342071
29341924 29341928
45991487 45991488
4600598 4611127
4471219 4505348
2444164 3126140
45991489 45991490
4519498 4543568
4135364 4274266
3928321 4135298
2444165 3126145
3126090 3603166
4389744 4445165
2169810 2909394
2169812 2909404
35335253 35335255
4516990 4541652
4552270 4569367
3126135 3603248
2444163 3126132
35817167 35817170
29341423 29341427
32806965 32806966
45991491 45991492
32838124 32838125
34261521 34261528
4135356 4274254
4583836 4595832
4569363 4583837
30491276 30491289
35821950 35821952
4595830 4606683
4427022 4471206
2170230 2911204
2170178 2911079
2170177 2911074
3720635 4003050
29341224 29341233
29341226 29341237
29341245 29341250
4484391 4515852
4004158 4185781
4484394 4515855
64632 249148
4711766 4714264
4705910 4709137
2170176 2911070
4135290 4274155
4712515 4715057
30517341 30517346
35817127 35817131
30529584 30529588
30519201 30519205
35817134 35817137
35817140 35817144
35817147 35817151
35817154 35817157
14938692 14938696
35817160 35817164
35817173 35817177
4588714 4600129
207369 618440
207384 618547
207371 618454
618529 1357498
512897 1209206
29349444 29349447
29356838 29356841
29354313 29354316
29355589 29355591
15164411 15164428
29354577 29354580
29354036 29354038
14891721 14891725
15128216 15128222
2710148 3304903
1555500 2415528
4610754 4620857
2415551 3102871
3399694 3792733
34251945 34251946
45991493 45991494
3487447 3853356
45991496 45991497
4237892 4343163
45991498 45991499
30509403 30509405
2231198 2961812
32778148 32778150
45991500 45991501
4043807 4208314
29354381 29354383
4086876 4237912
4484899 4516403
36529695 36529696
45991502 45991503
29362748 29362749
29362549 29362551
4601673 4612178
32799648 32799650
45991505 45991506
29354449 29354450
14636058 14636066
2878709 3427140
34238247 34238249
41307083 41307085
36509793 36509794
45991507 45991508
4577720 4590964
3487818 3853687
3446812 3820863
2907090 3446783
3487816 3853679
45991509 45991510
2710132 3304859
2839646 3399759
45991511 45991512
45991513 45991514
45991515 45991516
45991517 45991518
45991519 45991520
45991519 45991521
45991522 45991523
2839647 3399761
44125842 44125844
45991524 45991525
2710149 3304905
2710140 3304891
2839652 3399769
2839641 3399748
2839632 3399738
44122144 44122146
45991526 45991527
45991528 45991529
45991530 45991531
45991532 45991533
45991534 45991535
45991536 45991537
2839636 3399743
45991538 45991539
45991540 45991541
2839637 3399745
45991542 45991543
45991544 45991545
45991546 45991547
2839639 3399747
2839655 3399778
45991548 45991549
45991550 45991551
45991552 45991553
45991554 45991555
45991556 45991557
45991558 45991559
2839633 3399739
29358315 29358319
15111548 15111554
4559910 4575720
4524735 4547553
4043391 4207991
32792937 32792938
2962335 3487606
29350963 29350966
15055961 15055971
14635797 14635831
29344336 29344337
14635953 14635959
36525706 14635959
29354810 29354811
3808788 4054009
4321595 4396716
3611762 3934854
4140952 4278956
3399703 3792758
4289328 4374878
4430705 4474328
30514574 4474328
15111556 15111564
30513803 30513807
15084657 15084662
15114399 15114404
34134182 34134185
32829192 32829194
14896277 14896286
34252986 34252987
3729868 4007931
4610682 4620790
4600133 4610704
45991560 45991561
1585800 2444246
29359031 29359035
29341939 29341941
4135331 4274218
4042952 4207615
4365247 4427509
15072270 15072275
29364432 29364433
3487061 3852957
3487057 3852942
4578396 4591595
3820877 4061995
4641496 4649308
4641495 4649305
4054016 4214510
4656309 4662698
2878787 3427220
4054026 4214528
3808803 4054041
4578397 4591599
3466239 3839842
3808800 4054015
3852963 4087134
3808822 4054088
4187793 4308347
32818022 32818024
4515705 4540604
34303721 34303722
32792948 32792949
29361037 29361039
32792932 32792933
14937205 14937217
15124807 15124813
15086748 15086752
29354134 29354135
44122194 44122196
29342811 29342812
3289224 3720644
29342233 29342236
2131461 2878700
32829240 32829242
4487540 4518387
4484920 4516457
29355173 29355174
29355175 29355176
4537318 4557335
4214511 4325620
4087168 4238167
4214512 4325627
4087169 4238171
32793231 32793234
39659864 39659865
29362771 29362773
4532017 4552630
45991562 45991563
1615800 2465593
2231224 2961887
2465596 3144264
4703662 4706605
30505712 30505717
14979820 14979825
13492836 13492851
1615799 2465590
29355499 29355502
32834101 32834102
45991564 45991565
29354060 29354061
1246584 2125721
29345179 29345185
29355272 29355274
15172873 15172875
29341943 29341945
29342150 29342151
2710156 3304911
34302687 34302688
3953454 4152216
29355300 29355302
45991566 45991567
2131462 2878703
29355379 29355380
45991568 45991569
45991570 45991571
29348503 29348504
4484900 4516406
4484901 4516409
618551 1357544
1357542 2231695
45991572 45991573
29355393 29355396
207372 618462
3953453 4152208
3953451 4152199
3953455 4152221
45991574 45991575
45991576 45991577
29358941 29358943
2839650 3399764
2131463 2878717
32842688 32842689
45991578 45991579
45991580 45991581
2839627 3399727
4363725 4426200
15110873 15110880
45991582 45991583
29355538 29355539
3927125 4134410
3102891 3586650
3487405 3853323
29355549 29355551
4610755 4620862
29361610 29361613
3487389 3853301
45991584 45991585
3487394 3853304
34308348 34308349
29341971 29341973
29353307 29353308
45991586 45991587
1357521 2231626
3487186 3853148
29349520 29349523
29355561 29355562
29355570 29355571
4484902 4516412
36530128 36530129
618393 1357247
4076129 4230549
3102816 3586590
4360779 4423719
3586609 3918299
2921943 3461380
3586620 3918323
4360788 4423733
2921934 3461350
15107771 15107775
3102806 3586567
4129041 4269700
2415542 3102830
29343056 29343059
35788473 29343059
4588711 4600087
15144586 15144598
284821 795798
30513524 30513527
4620810 4630035
