28724511 28724516
13387884 13387893
28724815 28724819
4961615 4961624
28707731 28707736
28715257 28715264
28721393 28721397
28712996 28713001
28706850 28706855
28723627 28723633
28721327 28721333
28719201 28719208
28722976 28722980
28724973 28724976
28710458 28710464
28724611 28724617
28718136 28718144
10049456 10049468
28712701 28712706
28723102 28723106
187122 576809
28712985 28712991
15674608 15674614
28715344 28715351
28718446 28718451
28722237 28722243
28711106 28711111
28724006 28724012
28721178 28721183
28719825 28719829
28723578 28723587
28713061 28713066
28713882 28713893
28712985 28712992
28708649 28708654
28712390 28712395
28724973 28724977
28719179 28719185
15074242 15074250
28711280 28711283
28723110 28723115
28716120 28716125
10049456 10049469
28721327 28721334
28717265 28717271
28717108 28717113
10049456 10049470
28713078 28713084
28715915 28715920
28714141 28714147
28724611 28724618
13387884 13387894
28724973 28724978
28710237 28710242
28718121 28718127
28721434 28721440
28716342 28716346
28721408 28713887
28713881 28713887
28715302 28715305
28717108 28717114
28721337 28721342
28718446 28718452
28718121 28718128
28714133 28714138
28718226 28718230
28718136 28718145
28723189 28723194
28717108 28717115
28723858 28723867
28724621 28724626
28715921 28715926
28721393 28721398
28715257 28715265
28712263 28712274
28723110 28723116
187137 576837
28721434 28721441
28719906 28718086
28718080 28718086
187152 576857
28723858 28723868
28724708 28724715
28714141 28714148
28723858 28723869
28721408 28721414
28710042 28710048
28718148 28718154
28718321 28718326
28714930 28714934
28717908 28717913
187152 576858
28722237 28722244
15051050 15051059
28721434 28721442
28718178 28718184
28724759 28724763
28719179 28719186
28709659 28709664
28723858 28723870
28713078 28713085
28724006 28724013
187152 576859
28724759 28724764
28723936 28723941
28717226 28717231
28709844 28709850
28723858 28723871
28724759 28724765
28718032 28718037
28713757 28713767
28723189 28723195
28709428 28709434
28721447 28721453
28718262 28718265
28712341 28712345
28723858 28723872
28719916 28719921
28724006 28724014
28713330 28713335
28723757 28723764
28724006 28724015
28721434 28721443
28707731 28707737
28722237 28722245
28722798 28722802
28706044 28706049
28710004 28710011
28718262 28718266
28718226 28718231
28707282 28707287
28723757 28723765
28724621 28724627
28719524 28719530
28716360 28716365
15074242 15074251
28716665 28716672
28718148 28718155
28714590 28714596
28718262 28718267
28724621 28724628
28714671 28714678
28721408 28721415
28710198 28710203
28720755 28720759
28721447 28721454
28724572 28724577
28723936 28723942
28719886 28719889
28723858 28723873
28718148 28718156
187152 576860
28720658 28720663
28720664 28720663
28723045 28723049
28721473 28721477
28725906 28725909
10060827 10060835
28706394 10060835
28719989 28719993
28722956 28722962
28726231 28726234
28725865 28725868
28711350 28711356
28711501 28711505
28718419 28718422
28711305 28711309
28714690 28714696
28714151 28714157
28722237 28722246
28725939 28725943
28712968 28712974
28717989 28717995
28721625 28721628
28723891 28723896
28711993 28711997
28724511 28724517
28713157 28713163
28726308 28726312
28720967 28720973
28720974 28720973
28718262 28718268
28724769 28724772
28718504 28718507
28711250 28711253
28723045 28723050
28725750 28725755
28722151 28722157
28725182 28725185
28714293 28714297
28718607 28718613
28709041 28709050
28718514 28718518
28725750 28725756
28724511 28724518
28726231 28726235
28711350 28711357
28723715 28723719
28726341 28726345
28725829 28725832
28714293 28714298
28718368 28718372
28718321 28718327
28718536 28718540
28724006 28724016
28714220 28714223
28713091 28713095
28724137 28724142
28724143 28724142
28718378 28718382
28722956 28722963
28717960 28717966
28726308 28726313
28711305 28711310
28712572 28712580
28714182 28714188
28711227 28711232
28718313 28718318
28714442 28714447
28713881 28713888
28710244 28710250
12157568 12157579
28711250 28711254
28718321 28718328
28721655 28721657
28711416 28711419
28724815 28724820
28714690 28714697
28712562 28712565
28718637 28718640
28711198 28711202
28711261 28711268
28726341 28726346
28718226 28718232
28724815 28724821
28724572 28724578
28721473 28721478
28723088 28723093
28723757 28723766
28724734 28724738
28724058 28724062
28721842 28721846
28722131 28722135
28712802 28712807
28714151 28714158
28724511 28724519
28711290 28711295
28718526 28718530
28723858 28723874
28725336 28725339
28722992 28722997
28718292 28718302
28722090 28722096
28722260 28722264
28713317 28713323
28711513 28711517
28721804 28721809
28718689 28718692
28718435 28718439
28721691 28721695
28721680 28721683
28710973 28710978
28722956 28722964
28720001 28720007
28723757 28723767
28722237 28722247
10049456 10049471
28722047 28722050
28715078 28715083
28711501 28711506
28710004 28710012
28718292 28718303
28721619 28721622
28713157 28713164
28718617 28718620
28713192 28713195
28719906 28719912
28724734 28724739
28718080 28718087
28718572 28718575
28718637 28718641
28714293 28714299
28722260 28722265
28722956 28722965
28722171 28722175
28718689 28718693
28718526 28718531
28713157 28713165
28721752 28721757
28723578 28723588
28721447 28721455
28725939 28725944
28711554 28711557
28718637 28718642
28722992 28722998
28718526 28718532
4959595 4959607
28718342 28718345
28718617 28718621
28711187 28711192
28723757 28723768
28711427 28711432
28721680 28721684
28718514 28718519
28706574 28706583
28722992 28722999
28714442 28714448
28725750 28725757
28723858 28723875
15065306 15065315
28722237 28722248
28720001 28720008
28721828 28721833
28713317 28713324
28718368 28718373
28723858 28723876
28721752 28721758
28719953 28719959
28725939 28725945
28706237 28706242
28719953 28719960
28719953 28719961
28718689 28718694
28714182 28714189
28722171 28722176
28711427 28711433
28722260 28722266
28718446 28718453
28723372 28723377
28725841 28725844
28713091 28713096
28724845 28724849
28715696 28715701
28714233 28714241
15065306 15065316
28722090 28722097
28721859 28721862
15175577 15175586
28722956 28722966
28723936 28723943
28713061 28713067
28714442 28714449
28722090 28722098
28721828 28721834
28725336 28725340
28711427 28711434
187152 576861
28722278 28722281
28718572 28718576
4959595 4959608
28713016 28713022
28712940 28712945
28721680 28721685
28706574 28706584
28711250 28711255
28721434 28721444
28723045 28723051
28711554 28711558
28721493 28721497
28719293 28719296
28706237 28706243
28725967 28725970
28718446 28718454
28706574 28706585
28719615 28719620
28720001 28720009
28723372 28723378
28725782 28725785
28723149 28723155
28706237 28706244
28722956 28722967
28721785 28721790
28719906 28719913
28718668 28718672
28725750 28725758
28723088 28723094
28725782 28725786
28711554 28711559
28718102 28718106
28712968 28712975
28714251 28714254
28717094 28717099
28723410 28723415
28723757 28723769
28714442 28714450
28725782 28725787
28707954 28707961
28723614 28723619
15175577 15175587
28718536 28718541
28713100 28713103
28721447 28721456
28723858 28723877
28714671 28714679
28718572 28718577
28725967 28725971
28722131 28722136
28726004 28726007
28723045 28723052
28713357 28713360
28719337 28719340
4959595 4959609
28723858 28723878
28723397 28723401
28711513 28711518
28725951 28725955
28709570 28709576
28722992 28723000
28711330 28711334
28718653 28718656
28722090 28722099
28714791 28714799
28721702 28721706
28725967 28725972
28719155 28719158
28721702 28721707
28715127 28715131
28711427 28711435
28722151 28722158
28719231 28719237
28714270 28714273
15175577 15175588
28717989 28717996
28723088 28723095
28718475 28718480
28718358 28718361
28725782 28725788
28723497 28723504
28718321 28718329
28718572 28718578
28722237 28722249
28721337 28721343
28715992 28715999
28719337 28719341
28721752 28721759
28711480 28711484
28718446 28718455
28721717 28721720
28712996 28713002
28720001 28720010
28725829 28725833
28711427 28711436
28713237 28713243
28722956 28722968
28718435 28718440
28713357 28713361
28726354 28726358
28718321 28718330
28722131 28722137
28718572 28718579
28719231 28719238
28722328 28722331
28725894 28725898
28722171 28722177
28714761 28714768
28706574 28706586
28721493 28721498
28713273 28713277
15065306 15065317
28723715 28723720
28724572 28724579
28713016 28713023
28718102 28718107
28713357 28713362
28721804 28721810
28725925 28725928
28721869 28721872
28713237 28713244
187152 576862
28722237 28722250
15673291 15673298
28725987 28725990
28725939 28725946
28720025 28720029
28725394 28725397
28722278 28722282
28713369 28713374
28725951 28725956
28718435 28718441
28718572 28718580
28718504 28718508
28723715 28723721
28725925 28725929
28713181 28713186
28711198 28711203
28713273 28713278
28725841 28725845
28716127 28716132
10049456 10049472
28721752 28721760
28725894 28725899
28721869 28721873
28722131 28722138
28709997 28710003
28715302 28715306
4961615 4961625
28718572 28718581
15058523 15058531
28723497 28723505
28725841 28725846
28724759 28724766
28724815 28724822
28713237 28713245
28725894 28725900
28711463 28711466
28721680 28721686
28713273 28713279
187152 576863
28718446 28718456
28721842 28721847
28722151 28722159
28721821 28721825
28713273 28713280
28718358 28718362
187122 576810
28721859 28721863
28721828 28721835
28723088 28723096
28706394 28706405
28718378 28718383
28713273 28713281
28723410 28723416
28707731 28707738
28712968 28712976
28721752 28721761
28722151 28722160
28718689 28718695
28723858 28723879
28725906 28725910
28723578 28723589
28717975 28717980
28724572 28724580
28721869 28721874
28721473 28721479
28721717 28721721
28721785 28721791
28718653 28718657
28711463 28711467
28712431 28712436
28725865 28725869
28711239 28711243
28725882 28725885
28718419 28718423
28725961 28725964
28719216 28719222
28718178 28718185
28721859 28721864
28710879 28710884
28714233 28714242
28718536 28718542
28723045 28723053
28721655 28721658
28713016 28713024
28706394 28706406
28714671 28714680
28726341 28726347
28723110 28723117
28711513 28711519
28718358 28718363
28718504 28718509
28723497 28723506
28725829 28725834
28723088 28723097
28725894 28725901
28713061 28713068
28711440 28711445
28721859 28721865
28724759 28724767
28721842 28721848
28718653 28718658
28721493 28721499
28709540 28709546
28725851 28725855
28725882 28725886
28721804 28721811
28725925 28725930
28723088 28723098
28718292 28718304
28711157 28711161
28711513 28711520
28711463 28711468
28714293 28714300
28725951 28725957
28714270 28714274
28713091 28713097
28725806 28725809
28721869 28721875
28718475 28718481
28723497 28723507
28721691 28721696
28726354 28726359
28722992 28723001
28713330 28713336
28717304 28717310
28714761 28714769
28724973 28724979
28722237 28722251
28713157 28713166
28718032 28718038
187152 576864
28721859 28721866
28718627 28718630
28718689 28718696
28725882 28725887
28715344 28715352
28723088 28723099
28710879 28710885
28725782 28725789
28721785 28721792
28725750 28725759
28714233 28714243
28714280 28714286
28725987 28725991
28713330 28713337
28721859 28721867
28718262 28718269
28711440 28711446
28718536 28718543
28723497 28723508
28725939 28725947
28714270 28714275
28718536 28718544
28711463 28711469
28718378 28718384
28712063 28712069
28706574 28706587
28721804 28721812
28713317 28713325
28725851 28725856
28720678 28720680
28711239 28711244
28722328 28722332
28723045 28723054
28725806 28725810
28711400 28711403
28711305 28711311
28718593 28718596
28721879 28721883
28714671 28714681
187152 576865
28706394 28706407
28724697 28724700
28721625 28721629
4961615 4961626
28711513 28711521
28711198 28711204
28723149 28723156
28713357 28713363
28725961 28725965
28725829 28725835
28718378 28718385
28711280 28711284
28711440 28711447
28722359 28722362
28710458 28710465
28718646 28718649
28714233 28714244
28725882 28725888
28725336 28725341
28718378 28718386
28721785 28721793
28723497 28723509
28718556 28718562
28721804 28721813
28721473 28721480
28724973 28724980
28718475 28718482
28718668 28718673
28721619 28721623
28725750 28725760
28723532 28723536
28723891 28723897
28725979 28725982
28718446 28718457
28713061 28713069
28721674 28721677
28711198 28711205
28725829 28725836
28718378 28718387
28706038 28706043
28723410 28723417
28718080 28718088
28713131 28713134
28711513 28711522
28713307 28713310
28710879 28710886
28723397 28723402
28721804 28721814
10049456 10049473
28721752 28721762
28713288 28713292
28721493 28721500
28709861 28709866
28713171 28713174
28711330 28711335
28714168 28714172
28724973 28724981
28718262 28718270
28711554 28711560
28722151 28722161
28721804 28721815
28711157 28711162
28721842 28721849
28718102 28718108
28718627 28718631
28721785 28721794
28723497 28723510
28722359 28722363
28718680 28718683
28723891 28723898
15673291 15673299
187152 576866
28717997 28718005
28711452 28711455
28719216 28719223
28725994 28725999
28718548 28718551
28721842 28721850
28725851 28725857
28721785 28721795
28725399 28725403
28723102 28723107
28725806 28725811
28706394 28706408
28720025 28720030
28717455 28717460
15065306 15065318
28715602 28715607
28725917 28725921
28725016 28725022
28720019 28720022
28721879 28721884
28725882 28725889
28713171 28713175
28721869 28721876
28717125 28717130
28725851 28725858
28726308 28726314
28713369 28713375
28721752 28721763
28718627 28718632
28711280 28711285
28718646 28718650
28711513 28711523
28713078 28713086
28722992 28723002
28711554 28711561
28711480 28711485
28725994 28726000
28722171 28722178
28721752 28721764
28722359 28722364
28718419 28718424
28718556 28718563
28713131 28713135
28719231 28719239
28714168 28714173
28718689 28718697
28718593 28718597
28722328 28722333
28725979 28725983
28711280 28711286
28718646 28718651
28714280 28714287
28719216 28719224
28714251 28714255
28711187 28711193
28721785 28721796
28711330 28711336
28711157 28711163
28714280 28714288
28711554 28711562
28719155 28719159
28711416 28711420
28711239 28711245
28721804 28721816
28721752 28721765
28718593 28718598
28712773 28712779
28711330 28711337
28711187 28711194
28719155 28719160
28726341 28726348
28725979 28725984
28725906 28725911
28714182 28714190
28714220 28714224
28711198 28711206
28718526 28718533
28711480 28711486
28715816 28715821
28713249 28713253
28711261 28711269
28714079 28714086
28723372 28723379
28723410 28723418
28725994 28726001
28718556 28718564
28722798 28722803
28714182 28714191
28713330 28713338
28714168 28714174
28714233 28714245
28715078 28715084
28714251 28714256
28724697 28724701
28725841 28725847
28722151 28722162
28718342 28718346
28711427 28711437
28718653 28718659
28718653 28718660
28713288 28713293
28719216 28719225
28706263 28706266
28711400 28711404
28711371 28711377
28706263 28706267
28714280 28714289
28715509 28715516
28711536 28711545
28713131 28713136
28725800 28725803
28724973 28724982
28718668 28718674
28706263 28706268
28725750 28725761
28706263 28706269
28718617 28718622
28718419 28718425
28719293 28719297
28722047 28722051
28726341 28726349
28718653 28718661
28706263 28706270
28725917 28725922
28724697 28724702
28713288 28713294
28714168 28714175
28724006 28724017
28714133 28714139
28720001 28720011
28724708 28724716
28724549 28724556
28721752 28721766
28721493 28721501
28714168 28714176
28714280 28714290
28721473 28721481
28711535 28711539
28723636 28723640
28725979 28725985
28713288 28713295
28711227 28711233
28722151 28722163
28723045 28723055
28714059 28714064
28725851 28725859
28721463 28721467
28721625 28721630
28713171 28713176
28719293 28719298
28718313 28718319
28711536 28711546
28724759 28724768
28713033 28713038
28714260 28714263
28718342 28718347
28710879 28710887
28713347 28713351
187137 576838
28723410 28723419
28711239 28711246
28725851 28725860
28723372 28723380
28718627 28718633
28718680 28718684
28714260 28714264
28711536 28711547
28721473 28721482
28723497 28723511
28714293 28714301
28711106 28711112
28718342 28718348
28718368 28718374
28723088 28723100
28718680 28718685
28713347 28713352
28712709 28712713
28711227 28711234
28725865 28725870
28721680 28721687
28725794 28725797
28719293 28719299
28718313 28718320
28710879 28710888
28720019 28720023
187152 576867
28714151 28714159
15674594 15674591
15674584 15674591
28718593 28718599
28725874 28725878
28723665 28723671
28713249 28713254
28720025 28720031
28713288 28713296
28719155 28719161
28711480 28711487
28711157 28711164
28713273 28713282
28711535 28711540
28714260 28714265
28710879 28710889
28723715 28723722
28713192 28713196
28721879 28721885
28721668 28721671
28711463 28711470
28713989 28713994
28711227 28711235
28713181 28713187
28718458 28718463
28713317 28713326
28713330 28713339
28713249 28713255
28721702 28721708
28712105 28712110
28718164 28718169
28725750 28725762
28721729 28721732
28711280 28711287
28725979 28725986
28713347 28713353
28725951 28725958
28721668 28721672
187136 576826
28711452 28711456
28725772 28725775
28711371 28711378
28714133 28714140
28721655 28721659
28720025 28720032
28711463 28711471
28713249 28713256
28722151 28722164
28713181 28713188
28717239 28717245
28713347 28713354
28711536 28711548
28725865 28725871
28723578 28723590
28715151 28715154
28722047 28722052
15674584 15674592
28722992 28723003
28718572 28718582
28711492 28711495
28721729 28721733
28723757 28723770
28714233 28714246
28710879 28710890
28720001 28720012
28725772 28725776
28722237 28722252
28711452 28711457
28711463 28711472
28713868 28713875
28711535 28711541
28711371 28711379
4959595 4959610
28720019 28720024
28713261 28713266
28722320 28722324
28721729 28721734
28723372 28723381
28722328 28722334
28718378 28718388
28718136 28718146
28709851 28709859
28718556 28718565
28725874 28725879
28725328 28725331
28713347 28713355
28723410 28723420
28720025 28720033
28725782 28725790
28717960 28717967
28714168 28714177
28711536 28711549
28713061 28713070
28711513 28711524
28721869 28721877
28718419 28718426
28722328 28722335
28722237 28722253
28714233 28714247
28721869 28721878
28724769 28724773
28711305 28711312
28711371 28711380
28721473 28721483
28718668 28718675
28725865 28725872
28711350 28711358
28711239 28711247
28719981 28719985
28725772 28725777
28715078 28715085
28713157 28713167
28711261 28711270
28711330 28711338
28718148 28718157
4959595 4959611
28725967 28725973
28720025 28720034
28718458 28718464
28718536 28718545
28713249 28713257
28711492 28711496
28721774 28721779
28717367 28717371
28719447 28717371
28722237 28722254
28721668 28721673
28711261 28711271
28720025 28720035
28719852 28719857
28721408 28721416
28718458 28718465
28713963 28713971
28723578 28723591
28724769 28724774
28721853 28721856
28712263 28712275
28711350 28711359
28718164 28718170
28711554 28711563
28711385 28711390
28713307 28713311
28714431 28714435
28718262 28718271
28713963 28713972
28714233 28714248
28713100 28713104
28711554 28711564
28725882 28725890
28706252 28706257
28722151 28722165
28721691 28721697
28721879 28721886
28722798 28722804
28717503 28717508
28714270 28714276
28711492 28711497
28706252 28706258
28711480 28711488
28714260 28714266
28713091 28713098
28706252 28706259
28713963 28713973
28711250 28711256
28713237 28713246
28725894 28725902
28706252 28706260
28706252 28706261
28721752 28721767
28725342 28725344
28713131 28713137
28719852 28719858
28722131 28722139
28713330 28713340
28721691 28721698
28724769 28724775
28707551 28707556
4959595 4959612
28711239 28711248
28720001 28720013
28723614 28723620
28725394 28725398
28723397 28723403
28721408 28721417
28723149 28723157
28719916 28719922
28719859 28719864
28721680 28721688
28726244 28726248
28714442 28714451
28713261 28713267
28717997 28718006
28714996 28715001
28711106 28711113
28713307 28713312
28711385 28711391
28719509 28719514
28723397 28723404
28711305 28711313
28711330 28711339
28718627 28718634
28710973 28710979
28706574 28706588
28713307 28713313
28711350 28711360
28725925 28725931
28723410 28723421
28713369 28713376
28711305 28711314
28726308 28726315
28713078 28713087
28718148 28718158
28713357 28713364
28718646 28718652
28714431 28714436
28721729 28721735
28718292 28718305
28721879 28721887
28722278 28722283
28719886 28719890
28714431 28714437
28711993 28711998
28718419 28718427
28725906 28725912
28711350 28711361
28718607 28718614
28718653 28718662
28713357 28713365
28715579 28715582
28726308 28726316
28715078 28715086
28718514 28718520
28714431 28714438
28718680 28718686
28721879 28721888
28725906 28725913
28721655 28721660
28720025 28720036
28711106 28711114
28718526 28718534
28726244 28726249
28710680 28710685
28718226 28718233
28721717 28721722
28718548 28718552
28718514 28718521
28715078 28715087
28721842 28721851
28719231 28719240
28725917 28725923
28725750 28725763
28713330 28713341
28714182 28714192
28711993 28711999
28718526 28718535
28713061 28713071
28718668 28718676
28713369 28713377
28722992 28723004
28723715 28723723
28721434 28721445
28722237 28722255
28721337 28721344
28713317 28713327
28718514 28718522
28706574 28706589
28711513 28711525
28724675 28724681
28721828 28721836
28725782 28725791
28716421 28716424
28711501 28711507
28723578 28723592
28721408 28721418
28718226 28718234
28711452 28711458
28722956 28722969
28718627 28718635
28721327 28721335
28721774 28721780
28718435 28718442
28721853 28721857
28723149 28723158
28723910 28708622
28708601 28708622
28711993 28712000
28713369 28713378
28714220 28714225
28716029 28716035
28721717 28721723
28711385 28711392
28722976 28722981
28713033 28713039
28718514 28718523
28724675 28724682
28718617 28718623
28713091 28713099
28723497 28723512
28711250 28711257
28711290 28711296
28721473 28721484
28709570 28709577
28718489 28718494
28721717 28721724
28711440 28711448
28725782 28725792
28719179 28719187
28711047 28711052
28726244 28726250
28723372 28723382
28718458 28718466
28721729 28721736
28721463 28721468
28721447 28721457
28712597 28712602
28724708 28724717
28711416 28711421
28722171 28722179
28725925 28725932
28711261 28711272
28714233 28714249
28721853 28721858
28715803 28715806
28724675 28724683
28723397 28723405
28709041 28709051
28725851 28725861
28711167 28711172
28721774 28721781
28721463 28721469
28711187 28711195
28712767 28712772
28718342 28718349
28718607 28718615
28711385 28711393
28711440 28711449
28711501 28711508
28718617 28718624
28718186 28718192
28713100 28713105
28722956 28722970
28718435 28718443
28725951 28725959
28724675 28724684
28711250 28711258
28721702 28721709
28711198 28711207
28722237 28722256
28724845 28724850
28723397 28723406
28718572 28718583
28725782 28725793
28713330 28713342
28721729 28721737
28713956 28713962
28721785 28721797
28713249 28713258
28714270 28714277
4961615 4961627
28726231 28726236
28714431 28714439
28711501 28711509
28713273 28713283
28724845 28724851
28726354 28726360
28714280 28714291
28714220 28714226
28718572 28718584
28718080 28718089
28711167 28711173
28724708 28724718
28714442 28714452
28725951 28725960
28713317 28713328
28722992 28723005
28714690 28714698
28722359 28722365
28711167 28711174
28713307 28713314
28722956 28722971
28723134 28723140
28726341 28726350
28714270 28714278
28711290 28711297
28713288 28713297
28722320 28722325
28718368 28718375
28720710 28720714
28725939 28725948
28711385 28711394
28714220 28714227
28721408 28721419
28721337 28721345
28718164 28718171
28710448 28710454
28718435 28718444
28722171 28722180
28718489 28718495
28713317 28713329
28722976 28722982
28718378 28718389
28714293 28714302
28718572 28718585
28712996 28713003
28714220 28714228
28724697 28724703
15065306 15065319
28721752 28721768
28723715 28723724
28711167 28711175
28713192 28713197
28711385 28711395
10060827 10060836
28723372 28723383
28712953 28712958
28725800 28725804
28713100 28713106
28717908 28717914
28712322 28712328
28723715 28723725
28725713 28725717
28716665 28716673
28706771 28706774
28722171 28722181
28718680 28718687
28721828 28721837
28718458 28718467
28724973 28724983
28725967 28725974
28725794 28725798
28718458 28718468
28716710 28716715
28711385 28711396
28722151 28722166
28711993 28712001
28718186 28718193
28714220 28714229
28714293 28714303
28722328 28722336
28725829 28725837
28717975 28717981
28711250 28711259
28721729 28721738
28718536 28718546
28722976 28722983
28713016 28713025
28724708 28724719
28722992 28723006
28713330 28713343
28721702 28721710
28713237 28713247
28726244 28726251
28725967 28725975
28718593 28718600
28724549 28724557
28726341 28726351
28713061 28713072
28715702 28715708
28723102 28723108
15065306 15065320
28711452 28711459
28718358 28718364
28711198 28711208
28711427 28711438
28716874 28716882
28714293 28714304
28721473 28721485
28722992 28723007
28712210 28712215
28726004 28726008
28725841 28725848
28721674 28721678
28713100 28713107
28723659 28723664
28725750 28725764
28713261 28713268
28706394 28706409
28725882 28725891
28721879 28721889
15065306 15065321
14964507 14964514
28724564 28724569
28718475 28718483
28723088 28723101
28718435 28718445
28724708 28724720
28718680 28718688
28718504 28718510
28712968 28712977
28718148 28718159
28721729 28721739
28722151 28722167
28721828 28721838
28723410 28723422
28711047 28711053
28711501 28711510
28721493 28721502
28725894 28725903
28725750 28725765
28723397 28723407
28713261 28713269
28721752 28721769
28725882 28725892
28716665 28716674
28714690 28714699
28714293 28714305
28725342 28725345
28710198 28710204
15099318 15099324
28713237 28713248
28718504 28718511
28721717 28721725
28711290 28711298
28718653 28718663
28726004 28726009
28713100 28713108
28719201 28719209
28722359 28722366
28711492 28711498
28719337 28719342
28711280 28711288
28718489 28718496
28721785 28721798
28725967 28725976
28726341 28726352
28714270 28714279
28723397 28723408
10060827 10060837
28711416 28711422
28713273 28713284
28723665 28723672
28724564 28724570
28711554 28711565
28721702 28721711
28711440 28711450
28718102 28718109
28706394 28706410
28725841 28725849
28718653 28718664
28724611 28724619
28713131 28713138
28725925 28725933
28711554 28711566
28726004 28726010
28725906 28725914
28711371 28711381
28721821 28711381
28722090 28722100
28713288 28713298
28723102 28723109
28710716 28710721
28711280 28711289
28723372 28723384
28721752 28721770
28718504 28718512
28725894 28725904
28711239 28711249
28718593 28718601
28725806 28725812
28718164 28718172
28723284 28723289
28714182 28714193
28721717 28721726
28725750 28725766
28721702 28721712
28722320 28722326
28719201 28719210
28721859 28721868
10060827 10060838
28713273 28713285
28725925 28725934
28722090 28722101
28722320 28722327
28718548 28718553
28711385 28711397
28711167 28711176
28719231 28719241
28706574 28706590
28709207 28709212
28721674 28721679
28711198 28711209
28718342 28718350
28713249 28713259
28713357 28713366
28714233 28714250
28714442 28714453
28713330 28713344
28711463 28711473
28725961 28725966
28721493 28721503
28718593 28718602
28714182 28714194
28713131 28713139
28722359 28722367
28711416 28711423
28723045 28723056
28711385 28711398
28721729 28721740
28714168 28714178
28713357 28713367
28722328 28722337
28719155 28719162
28718368 28718376
28718342 28718351
28718489 28718497
28724734 28724740
28719981 28719986
28721842 28721852
28725987 28725992
28719989 28719994
28725906 28725915
28722278 28722284
28718536 28718547
28713273 28713286
28725994 28726002
28711167 28711177
28714431 28714440
28721785 28721799
28711227 28711236
28711385 28711399
28711554 28711567
28722151 28722168
28718548 28718554
28711416 28711424
28721804 28721817
28722171 28722182
28718475 28718484
28719155 28719163
28714079 28714087
28725994 28726003
28718556 28718566
28719989 28719995
28725829 28725838
28721804 28721818
28721493 28721504
28721752 28721771
28724697 28724704
28719293 28719300
28725851 28725862
28721729 28721741
28725967 28725977
28725829 28725839
28722278 28722285
28725894 28725905
28718342 28718352
28711227 28711237
28722359 28722368
28718358 28718365
28718489 28718498
28724697 28724705
28713447 28713452
28719155 28719164
28721493 28721505
28713330 28713345
28714168 28714179
28711463 28711474
28713288 28713299
28721702 28721713
28721752 28721772
28721729 28721742
28711187 28711196
28722956 28722972
28725800 28725805
28719293 28719301
28718342 28718353
28724697 28724706
28714260 28714267
28721879 28721890
28714168 28714180
28722151 28722169
28714220 28714230
28718489 28718499
28711463 28711475
28721625 28721631
28719293 28719302
28721729 28721743
28713249 28713260
28726341 28726353
28725772 28725778
28718342 28718354
28718617 28718625
28718668 28718677
28711400 28711405
28718504 28718513
28714251 28714257
28711480 28711489
28718653 28718665
28719981 28719987
28711227 28711238
28718556 28718567
28721493 28721506
28718627 28718636
28718378 28718390
28719216 28719226
28711536 28711550
28713192 28713198
28711993 28712002
28711554 28711568
28725851 28725863
28725794 28725799
28721804 28721819
28714260 28714268
28718668 28718678
28725906 28725916
28713181 28713189
28725874 28725880
28711452 28711460
28714431 28714441
28718556 28718568
28723410 28723423
28719216 28719227
28711187 28711197
28713357 28713368
28722359 28722369
28713288 28713300
28714260 28714269
28718378 28718391
28721879 28721891
28711371 28711382
28725772 28725779
28721729 28721744
28722359 28722370
28718419 28718428
28711513 28711526
28721463 28721470
28713447 28713453
28711452 28711461
28718342 28718355
28723410 28723424
28713447 28713454
28713171 28713177
28721619 28721624
28726308 28726317
28713131 28713140
28713181 28713190
28711536 28711551
28718475 28718485
28722151 28722170
28711480 28711490
28726231 28726237
28718378 28718392
28711492 28711499
28721493 28721507
28721828 28721839
28724697 28724707
28720710 28720715
28719337 28719343
28718358 28718366
28711480 28711491
28711452 28711462
28714251 28714258
28718475 28718486
28719216 28719228
28725987 28725993
28721680 28721689
28723410 28723425
28713181 28713191
28725874 28725881
28711536 28711552
28722328 28722338
28721828 28721840
28714220 28714231
28721463 28721471
28711492 28711500
28711501 28711511
28722328 28722339
28711554 28711569
28718368 28718377
28725939 28725949
28725328 28725332
28725967 28725978
28713171 28713178
28718637 28718643
28718556 28718569
28718475 28718487
28725865 28725873
28711371 28711383
28718668 28718679
28714168 28714181
28713171 28713179
28721702 28721714
28725939 28725950
28725925 28725935
28714251 28714259
28721680 28721690
28721717 28721727
28725772 28725780
28721774 28721782
28718292 28718306
28711554 28711570
28721804 28721820
28722131 28722140
28718637 28718644
28718489 28718500
28713192 28713199
28721752 28721773
28711536 28711553
28722992 28723008
28725882 28725893
28711157 28711165
28718607 28718616
28711290 28711299
28711993 28712003
28723715 28723726
28718637 28718645
28719337 28719344
28723715 28723727
28721691 28721699
28721655 28721661
28721821 28721826
28711400 28711406
28711371 28711384
28719337 28719345
28721717 28721728
28711350 28711362
28718556 28718570
28719231 28719242
28713288 28713301
28721702 28721715
28711993 28712004
28725829 28725840
28721655 28721662
28724769 28724776
28711290 28711300
28715078 28715088
28721828 28721841
28718489 28718501
28713369 28713379
28711350 28711363
28711416 28711425
28721774 28721783
28711157 28711166
28713330 28713346
28711513 28711527
28723497 28723513
28713171 28713180
28725772 28725781
28721774 28721784
28711513 28711528
28718556 28718571
28711305 28711315
28718689 28718698
28718358 28718367
28725384 28725387
28718489 28718502
28718617 28718626
28711501 28711512
28724769 28724777
28715078 28715089
28721463 28721472
