14339495 14339498
10602226 10602240
6809848 6809863
685244 1439817
1445208 2314556
31898166 31898167
13293453 13293462
5582553 5582602
13882741 13882744
4412970 4460859
46036826 46036827
13971946 13971949
34133970 34133971
4778031 4778574
213131 649620
13971951 13971954
12953177 12953190
46036828 46036829
10454045 10454051
14111411 14111414
28871596 28871613
31898156 31898157
5598167 5598200
46036830 7292490
691009 1445993
33683863 33683865
225306 697707
35098821 35098823
35098821 35098824
10463066 10463072
14016800 14016803
604149 1341142
31898552 31898553
10482800 10482812
14106098 14106101
2321308 3025807
7384277 7384361
50481 214064
33947106 10483186
10483177 10483186
10483180 10483186
5860860 5860941
13971959 13971962
10517185 10517190
603670 1340802
649273 1390817
10482802 10482815
10575682 10575690
33946255 33946256
14008820 14008822
4261745 4355559
33729345 33729346
31899811 31899812
34131843 34131844
10490383 10490391
226470 701002
35098821 35098825
3239561 3687449
31872300 31872301
31872349 31872350
4628113 4636751
13882855 13882858
1400234 2274687
4202934 4318131
2321504 3025990
356541 952694
1406867 2281659
2323944 3028281
46036831 46036832
1438098 2307498
31899806 31899807
996484 1844808
2213016 2947827
30594567 30594568
5598123 5598178
10489123 10489129
13881553 13881556
5820760 5820787
12149049 12149057
34034475 34034476
46036834 46036835
699827 1457265
10481046 10481057
54256 221639
33873046 33873047
34133984 34133985
214952 653702
31898158 31898159
2557193 3203050
13403041 13403045
5100033 5100055
10476161 10476170
31872253 31872254
14018852 14018856
32754773 32754774
2321504 3025991
46036839 46036840
10510193 10510200
7250425 7250488
3014409 3525919
685244 1439818
31872284 31872285
46036842 46036843
10508748 10508753
10510186 10510196
57984 237317
1790417 2608129
13981079 598184
14111372 588298
33687717 33687718
13885896 13885899
2285292 3007187
31898523 31898524
687320 42416
13893533 13893536
686679 1440886
13331239 13331244
13993896 13993899
10494177 10494183
10604060 10604066
226251 700654
1454166 2323921
10462633 10462647
33857309 33857310
10444828 10444844
14136189 10444844
13972195 13972198
1734846 2568872
31872322 31872323
50486 214169
46036844 46036845
1543344 2403659
31897585 31897586
13953018 13953021
6423353 6423373
604157 1341213
46036847 46036848
31873431 31873432
31873599 31873600
14087366 14087369
10489657 10489672
31872244 31872245
1930315 2706739
13908277 13908280
13971987 13971992
31872244 31872246
10456255 10456259
33946257 33946258
13935908 13935911
33821754 33821755
31872239 31872240
698742 1455092
24388204 24388207
10463081 10463096
33687709 33687710
15248092 15248101
10517238 10517253
33872427 33872428
46036853 46036854
9198915 9198918
31852514 31852515
237285 723327
10593804 10593810
225022 697341
3656947 3963161
10443082 10443092
4417900 4464445
213134 649656
1398295 2272826
223350 689529
10509178 10509185
34062555 34062556
622 5558
25469382 25469384
604151 1341163
10517267 10517278
10462689 10462696
1001067 1850106
13934641 13934644
14108631 14108634
699831 1457291
699827 1457266
904375 1715962
10549704 10549709
1419978 2295235
14085962 14085965
697585 1453532
46036856 46036857
4857044 4857073
31834993 31834994
31835019 31835020
46036858 46036859
46036858 46036860
46036858 46036861
46036858 46036862
12039460 12039472
11112810 11112813
10598394 10598401
13882851 13882854
10594870 10594880
13971994 13971997
13934953 13934956
10448230 10448236
46036866 46036867
10438764 10438767
694410 1449515
623 5580
996484 1844809
222689 688631
625 5626
31872241 31872242
10440850 10440856
32108473 32108484
33720683 33720684
13953262 13953266
213042 649016
5695274 5695420
3016499 3527130
333737 910481
33857157 33857158
4241775 4345677
10516575 10516579
3119579 3598579
46036868 46036869
3234518 3683564
46036871 46036872
41874 172745
10443082 10443093
10493362 10493369
4094397 4241837
10599459 10599472
4856938 4857025
5031975 5032024
5587310 5587353
34067187 34067189
10457077 10457092
33720854 33720855
699839 1457326
994956 1841459
13953076 13953079
10652206 10652217
10459821 10459828
46036875 46036876
904355 1715719
13377484 3018588
2308169 3018588
224913 697234
8645754 8645793
5613159 5613228
13945319 13945321
13882855 13882859
31872218 31872219
2947287 3477856
6482001 6482031
2502124 3171135
2502654 3171604
10459847 10459854
10489292 10489301
2440712 3122606
13972003 13972006
1406866 2281652
14113516 14113522
10489646 10489664
13966574 13966577
4944739 4944816
603288 1340526
10438764 10438768
604160 1341241
30595956 30595957
1446786 2315502
5676668 5676682
5676650 5676664
1067790 1930862
10560584 10560590
223350 689530
7290930 7290954
10487451 10487461
13972262 13972265
31898164 31898165
10535215 10535221
2550715 3198822
34020039 34020040
34014152 34014153
46036883 46036884
31845100 31845101
46036887 46036888
46036889 46036890
3527119 3880480
1761863 2581267
10655713 10655719
5598182 5598215
31899178 31899179
32753388 32753390
14079580 14079584
13894074 13894077
3239562 3687458
3119579 3598580
13344028 13344038
4547964 4565891
10552656 10552663
3536355 3886165
2557187 3203040
46036891 46036892
1705880 2536823
46036895 46036896
34065154 34065155
15300044 15300049
2211881 2947407
34054466 34054467
213134 649657
690068 1444953
3594941 3923226
33720292 33720293
1448012 2316173
31873456 31873457
31869822 31869824
691371 1446235
31873466 31873467
13972009 13972012
2607461 3239503
4944695 4944798
46036898 46036899
10456495 10456510
632 5854
237285 723328
5536538 5536606
10488010 10488018
13972029 13972032
33873043 33873044
46036895 46036897
31872399 31872400
10457210 10457217
33872620 33872621
1550111 2410216
14036350 14036354
10448786 10448792
13972096 13972099
46036847 46036849
904090 1715036
997628 1847172
698154 1454513
1445880 2314929
370187 970220
31872306 31872307
1103130 1974485
4241829 4345698
31852726 31852727
3239562 3687459
13953366 13953369
33685162 33685166
956301 1787835
2212626 2947764
46036900 46036901
13972096 13972100
687521 1442548
31872233 31872234
31872284 31872286
10480809 10480821
31899452 31899453
31897592 31897593
34133984 34133986
683391 1436295
1790417 2608130
31969489 31969497
10502292 10502300
222686 688587
4856936 4857006
4389334 4444582
4352670 4417904
226253 700729
46036903 46036904
50468 213741
31897575 15521227
5100033 5100056
5100033 5100057
31968651 31968659
10441692 10441696
2009737 2776520
2503647 3172273
34131843 34131845
5928529 5928587
5928530 5928597
31872361 31872362
12243410 12243414
57984 237318
33946537 33946538
30553236 30553238
46036905 46036906
46036911 46036912
33857303 33857304
46036875 46036877
10640838 10640846
46036917 46036918
370187 970221
113500 370319
113500 370320
113500 370318
113500 370321
370187 970222
7231571 7231602
5536538 5536607
10488361 10488368
14110454 14110457
33872825 33872826
14111372 14111375
46036883 46036885
34071801 34071802
2316626 3024144
113500 370322
684660 1437553
33720285 33720286
649273 1390818
4944792 4944826
31872351 31872352
30556400 30556401
13979582 13979585
14108631 14108635
13972101 13972104
31873427 31873428
4389323 4444578
225946 699511
226256 700768
13972159 13972162
4444571 4485542
34067187 34067190
5600110 5600212
1662737 2502544
13972105 13972108
31845087 31845088
34011270 34011271
46036919 46036920
3239562 3687460
4389336 4444586
4310554 4389324
10495630 10495637
31835005 31835006
31889372 31889373
31897573 31897574
5613159 5613229
1731169 2565011
46036921 46036922
32108473 32108485
7250424 7250476
789665 1576496
6395945 6396016
13972143 13972147
13972121 13972124
14115026 14115029
46036839 46036841
31852728 31852729
31875724 31875725
57986 237436
13436058 13436088
46036924 46036925
31899433 31899434
13969388 13969393
910455 1720823
30595944 30595945
31835002 31835003
33869097 33869098
5427154 5427188
4113438 4259328
3548234 3893777
4113430 4259322
4579983 4592998
4579982 4592987
43228564 43228565
13941025 13941028
10483296 10483302
10602855 10602863
670201 1414177
13987465 13987469
11336164 11336183
33872855 33872856
13972126 13972129
46036847 46036850
10598684 10598688
31845100 31845102
1438098 2307499
31845100 31845103
31845100 31845104
31872228 31872229
31872328 31872329
14070798 14070801
8152957 8152972
13972134 13972137
687320 1441953
13966236 13966240
789665 1576497
789665 1576498
31899423 31899424
6177017 6177145
224106 694934
12228363 12228368
10482190 10482197
225022 697342
30548291 30548292
10516547 10516568
13953117 13953120
4991954 4992061
4944820 4944863
30595918 30595920
13972138 13972141
226251 700655
7267710 7267718
10620936 7267718
4113430 4259323
33857273 33857274
2450185 3130005
31845100 31845105
46036926 46036927
686680 1440963
31872282 31872283
10495639 10495645
46036932 46036933
604158 1341222
31834985 31834986
31834989 31834990
13953056 13953059
13953056 13953060
5613174 5613236
31834993 31834995
5613159 5613230
14175510 14175513
31834998 31834999
5613172 5613231
13945319 13945322
13953052 13953055
14085962 14085966
34034475 34034477
3239562 3687461
31872345 31872346
51811 217296
46036926 46036928
1731169 2565012
1731169 2565013
1731169 2565014
1731169 2565010
226701 701225
1731169 2565015
31863013 31863014
10517267 10517279
441643 1090221
441643 1090222
31867877 31867881
10439280 10439286
10439280 10439285
5860838 5860930
604159 1341233
41874 172746
10492052 10492058
34072037 34072038
34067335 34067336
13983440 13983443
31872279 31872280
698484 1454990
13953366 13953370
904365 1715880
13945713 13945717
7956336 7956344
34034354 34034355
4944858 4944883
54162 221542
13985913 13985916
1550116 2410242
904363 1715852
10534829 10534835
10442297 10442300
13912960 13912963
13963938 13963943
441643 1090223
441643 1090224
441643 1090225
441643 1090226
441643 1090227
441643 1090228
441643 1090229
441643 1090230
441643 1090231
441643 1090232
441643 1090233
441643 1090234
441643 1090235
677055 1419995
33872825 33872827
649273 1390819
33857303 33857305
10632691 10632699
441643 1090236
14050122 14050126
14130666 14130669
687529 1442645
13894074 13894078
10495722 10495729
687647 1442678
698154 1454514
14136001 14136005
5830287 5830303
13953045 13953049
31867877 31867882
13992553 13992556
10486328 10486344
14081404 14081407
10483995 10484059
218760 672029
13998223 13998226
46036934 46036935
691372 1446256
9086252 9086257
624 5606
8908778 8908797
10507748 10507754
31856384 31856385
13932258 13932262
13932628 13932631
13932628 13932632
13932628 13932633
46036937 46036938
46036937 46036939
46036937 46036940
46036937 46036941
46036937 46036942
46036937 46036943
13934953 13934957
13934953 13934958
13934953 13934959
13934953 13934960
13934953 13934961
13934953 13934962
13934953 13934963
34062680 34062681
34062680 34062682
34062680 34062683
6416714 6416762
33832716 33832717
13971951 13971955
1447237 2315616
4522674 4545899
2987135 3502977
33720836 33720837
13972143 13972148
13972143 13972149
13972143 13972150
13953366 13953371
13953366 13953372
13953366 13953373
31899447 31899448
5860837 5860917
904365 1715881
46036945 46036946
31872265 31872266
31872318 31872319
10483166 10483174
31898158 31898160
5860837 5860918
33873032 33873033
10483264 10483272
13887720 13887723
698423 1454947
110248 354480
10594500 10594511
50522 214206
687529 1442646
46036947 46036948
604161 1341248
10510198 10510204
13972151 13972154
2639499 3263039
5613172 5613232
6654627 6654647
46036844 46036846
14057717 14057720
14057717 14057721
14057717 14057722
14057717 14057723
14057717 14057724
14057717 14057725
14057717 14057726
14057717 14057727
30553236 30553239
31872218 31872220
34133982 34133983
28727116 28727118
30594262 30594263
30594262 30594264
30594262 30594265
30594262 30594266
31845089 31845090
31845089 31845091
31857118 31857119
10611239 10611246
31899161 31899162
34064385 34064386
46036905 46036907
46036905 46036908
30593517 30593519
30593517 30593520
10534829 10534836
222686 688588
222686 688589
222686 688590
222686 688591
46036949 46036950
13953366 13953374
6416717 6416767
34014415 34014416
31897596 31897597
31857118 31857120
2287094 3008091
5325526 5325551
31845089 31845092
10534829 10534837
649273 1390820
25469390 25469392
10502394 10502413
7748847 7748869
223350 689531
223350 689532
223350 689533
31898490 31898491
10463066 10463073
31857118 31857121
34131843 34131846
10495741 10495746
5523555 5523558
5523482 5523519
1790417 2608131
3990780 4175650
31872253 31872255
14036350 14036355
46036949 46036951
13953315 13953318
46036954 46036955
31875724 31875726
3510079 3864337
14200042 14200045
31872284 31872287
31872284 31872288
14085962 14085967
22105842 22105877
14010538 14010541
31872244 31872247
14177698 14177700
10489601 10489623
46036956 46036957
13875281 13875284
1391157 2264579
213128 649549
10442297 10442301
10442297 10442302
33857155 33857156
10442297 10442303
1391157 2264580
213128 649550
213128 649551
34062849 34062850
213134 649658
213134 649659
213134 649660
13887720 13887724
31872272 31872273
33720832 33720833
31899793 31899794
13953028 13953031
218760 672030
218760 672031
218760 672032
218760 672033
218760 672034
33782950 33782951
31872361 31872363
1458836 2329605
223841 694312
31898552 31898554
34067176 34067177
13887720 13887725
33782950 33782952
1970127 2741871
2305729 3016506
13893835 13893838
13918229 13918233
46036958 46036959
691370 1446214
686679 1440887
994956 1841460
54157 221453
221439 682355
10604023 10604038
683394 1436324
683392 1436309
683387 1436242
10604021 10604028
10604021 10604029
1436338 2305737
690640 1445815
46036960 46036961
10457214 10457222
32108473 32108486
13994968 13994971
31875724 31875727
41874 172747
41874 172748
41874 172749
41874 172750
41874 172751
41874 172752
14003590 14003593
14007393 14007398
127914 413979
226256 700769
1458529 2329267
1458529 2329268
1458529 2329269
1458529 2329270
226257 700794
226257 700795
226257 700796
226257 700797
226257 700798
226257 700799
226257 700800
226257 700801
226257 700802
226255 700752
226254 700744
226253 700730
226253 700731
700669 1458540
700669 1458541
700669 1458542
226256 700770
226256 700771
226256 700772
226256 700773
226251 700656
226251 700657
226251 700658
226251 700659
31899181 31899182
31899181 31899183
34067176 34067178
46036962 46036963
14079439 14079442
34067176 34067179
31899793 31899795
31834993 31834996
10456495 10456511
5860837 5860919
605444 1342192
34064385 34064387
15321121 15321125
13971987 13971993
13932758 13932761
10510183 10510191
10560584 10560591
10560584 10560592
31875674 31875675
31875674 31875676
31875674 31875677
10560584 10560593
5695273 5695364
13912960 13912964
14002806 14002809
604149 1341143
2285354 3007208
33946126 33946127
46036965 46036966
14012231 14012234
31898158 31898161
1855468 2656970
31889365 31889366
1716433 2552033
604150 1341155
1731169 2565016
1067854 1930872
13946680 13946684
904089 1715020
904089 1715021
904090 1715037
1715091 2545060
904091 1715049
904092 1715061
904092 1715062
904098 1715094
904098 1715095
1715013 2545050
8645752 8645787
8645754 8645794
8645754 8645795
2607787 3239630
31872340 31872341
4944876 4944906
2215149 2949173
10487799 10487806
14015047 14015050
33857152 33857153
32205096 32205108
4944807 4944847
31872371 31872372
31872371 31872373
31872371 31872374
13972155 13972158
10484471 10484478
10463066 10463074
1069608 1932633
33832718 33832719
13336929 13336944
33783046 33783047
31873466 31873468
46036875 46036878
46036875 46036879
33996497 33996498
14079580 14079585
14079580 14079586
46036970 46036971
1795005 2610733
10438816 10438830
7688422 7688479
14015051 14015054
33857245 33857247
10531555 10531561
10531555 10531562
33687717 33687719
1447237 2315617
14339495 14339499
687521 1442549
589920 1322592
31873425 31873426
35064494 35064496
14109131 14109134
1664012 2504021
5613172 5613233
13965437 13965440
13965437 13965441
13953067 13953070
13963938 13963944
13963938 13963945
46036921 46036923
31899423 31899425
33821939 33821940
14012465 14012468
13972159 13972163
31872369 31872370
687529 1442647
687529 1442648
687529 1442649
687521 1442550
687521 1442551
10488010 10488019
31898137 31898138
30553032 30553033
33720862 33720863
2217748 2950787
14013341 14013344
35064494 35064497
14010140 14010143
33872825 33872828
33872825 33872829
225306 697708
46036972 46036973
13943317 13943320
789665 1576499
31899181 31899184
10502683 10502687
6019620 6019665
225307 697723
10495795 10495803
34071818 34071819
10531555 10531563
7146481 7146519
10534879 10534887
226257 700803
10501912 10501921
33720331 33720332
10441776 10441778
904362 1715835
33821513 33821514
1930315 2706740
441643 1090237
46036974 46036975
31897945 31897946
225306 697709
10487451 10487462
697884 1454295
217278 663293
7771644 7771708
10441776 10441779
34071806 34071808
13972169 13972172
46036900 46036902
13932628 13932634
10593804 10593811
31863015 31863016
3860707 4091558
1185986 2059850
5523555 5523559
5523518 5523530
33832948 33832949
5523482 5523520
5523482 5523521
5523482 5523522
31845100 31845106
10517581 10517595
10484049 10484188
7598752 7598791
31880333 31880334
1067854 1930873
14109131 14109135
57986 237437
57986 237438
57986 237439
57986 237440
57986 237441
57986 237442
57986 237443
57986 237444
222686 688592
222686 688593
222686 688594
222686 688595
222689 688632
222689 688633
222689 688634
222689 688635
10506354 10506360
30553236 30553240
4944900 4944925
31872328 31872330
10483994 10484045
8645753 8645790
10481874 10481885
2211739 2947322
14025959 14025962
699535 1457033
10462607 10462627
46036974 46036976
10534829 10534838
10502534 10502541
7146468 7146514
6063781 6063796
127878 413805
159406 500795
31845096 31845097
10535650 10535665
31835005 31835007
1418238 2293597
14016800 14016804
31872215 31872216
10462623 10462630
14016173 14016176
31899809 31899810
1930315 2706741
1342079 2215137
603817 1340865
10439219 10439222
10443258 10443265
14050122 14050127
46036978 46036979
34067176 34067180
15358006 15358010
33720823 33720824
2305332 3016272
14185049 14185052
1320985 2191792
14009728 14009731
30249604 30249607
10481256 4788689
8566252 947095
13906860 13906863
10457214 2636259
33720862 33720864
10457210 10457218
10457210 10457219
10457210 10457220
4522674 4545900
10465952 3907592
34071831 34071832
31898475 31898476
994956 1841461
1188647 2062987
956461 1787979
222686 688596
218760 672035
13984841 13984845
604164 1341277
213128 649552
34131843 34131847
3172251 3637989
3637966 3952502
2503633 3172206
3172221 3637916
5860838 5860931
4463912 4499485
4463912 4499486
2636325 3260022
46036980 46036981
944793 1776052
13979582 13979586
15339926 15339928
10510063 10510068
10523074 10523082
31873453 31873454
604165 1341285
31872230 31872231
2622580 3250562
14031401 14031405
14109131 14109136
19352 110259
19352 110260
5603108 5603161
5603108 5603162
5603108 5603163
5603108 5603164
5603108 5603165
5603108 5603166
5603108 5603167
5603108 5603168
1067790 1930863
51410 216471
13972176 13972179
14031773 14031776
3512086 3865939
12149049 12149058
35098220 35098222
1067784 1930836
5404130 5404172
790101 1577829
1748391 2573031
1748390 2573021
5404130 5404173
46036965 46036967
46036965 46036968
28735065 28735067
1700627 2531724
31907750 31907752
936960 1767187
10443258 10443266
10443258 10443267
10443258 10443268
10443258 10443269
1705880 2536824
1705880 2536825
1705880 2536826
1705880 2536827
1705880 2536828
1705880 2536829
1705880 2536830
1705880 2536831
46036871 46036873
31897952 31897953
31897952 31897954
13887720 13887726
13887720 13887727
31872361 31872364
13972183 13972186
10655470 10655479
10575445 10575449
11112810 11112814
1416965 2290496
1416965 2290497
1543344 2403660
225210 697605
15300044 15300050
15300044 15300051
10517267 10517280
10517267 10517281
10517267 10517282
10517267 10517283
10517267 10517284
13945713 13945718
33720846 33720847
13945713 13945719
2502021 3170883
3860707 4091559
2987135 3502978
31872218 31872221
3536136 3886037
34072052 34072053
223350 689534
5816456 5816491
30594262 30594267
46036868 46036870
33821789 33821790
1842258 2647747
10463066 10463075
685244 1439819
604166 1341294
3478950 3848390
3024226 3532997
358749 957374
358749 957375
30594279 30594280
14017911 14017914
30594188 30594189
10443082 10443094
10443082 10443095
34054466 34054468
34054466 34054469
685244 1439820
685244 1439821
685244 1439822
685244 1439823
685244 1439824
46036982 46036983
10480488 10480496
10480501 10480510
13403041 13403046
10440233 10440237
10440233 10440238
10440233 10440239
213042 649017
213042 649018
213042 649019
31869629 31869631
14126174 14126177
692347 1447581
13963938 13963946
1418238 2293598
13972187 13972190
1790417 2608132
46036911 46036913
46036911 46036914
46036911 46036915
46036911 15319345
687320 1441954
4991954 4992062
4991954 4992063
4991954 4992064
4991954 4992065
4991954 4992066
4991954 4992067
1731169 2565017
10439868 10439875
7250424 7250477
602881 1339883
888426 1703223
2321504 3025992
698484 1454991
30594273 30594274
30594273 30594275
13972195 13972199
13972126 13972130
13972126 13972131
33857157 33857159
31969489 31969498
31969489 31969499
1795005 2610734
10642498 10642507
14062817 14062823
2327984 3030643
4270360 4361264
31899793 31899796
33857303 33857306
4411088 4459559
1702180 2533361
1754998 2576752
10042857 10042903
10473781 10473787
14061117 14061120
1446783 2315493
10517238 10517254
10517238 10517255
10517238 10517256
13276560 13276568
13276560 13276569
13276560 13276570
46036847 46036851
33720543 33720544
14039699 14039701
5804637 5804643
5860838 5860932
5860836 5860906
5860836 5860907
32753388 32753391
10481245 10481252
31875724 31875728
1790417 2608133
13363440 13363445
31852732 31852733
3510167 3864560
3510230 3864789
2550660 3198764
2550660 3198765
605443 1342180
31845319 31845321
10550892 10550902
28883256 28883267
28883256 28883268
807513 1609050
807513 1609051
1449269 2318768
1449269 2318769
1449269 2318770
1449269 2318771
994956 1841462
994956 1841463
994956 1841464
994956 1841465
13435839 13435842
13435839 13435843
1444874 2314129
15339926 15339929
13910660 13910664
10599457 10599465
3586317 3917917
46036984 46036985
3029943 3536133
3029946 3536155
13430570 13430575
13414769 13414779
442955 1091985
7081934 7081938
7081922 7081935
34071794 34071795
3239562 3687462
3239562 3687463
13972203 13972206
28989746 28989754
5523518 5523531
14057717 14057728
33857454 33857455
33857454 33857456
33857454 33857457
33857454 33857458
33857454 33857459
51406 216398
773358 1557670
10481874 10481886
1406780 2281620
4618818 4628122
10446098 10446117
10624916 10624925
7033769 7033815
10529750 10529756
2995327 3510853
36111768 36111769
2213016 2947828
14057717 14057729
31856263 31856264
15339926 15339930
10640838 10640847
213134 649661
6266618 6266642
904365 1715882
227563 702467
10440233 10440240
25469382 25469385
31872361 31872365
31872351 31872353
2557193 3203051
10457367 10457373
10439421 10439431
10439421 10439432
3119579 3598581
3119579 3598582
10509277 10509283
3536355 3886166
224606 696576
224606 696577
10439421 10439433
10517267 10517285
226254 700745
10481245 10481253
10517267 10517286
10632691 10632700
3536355 3886167
4229293 4337679
3539053 3888251
10462822 10462833
85988 294163
14019948 14019952
10441586 10441595
442955 1091986
442955 1091987
31872279 31872281
4856936 4857007
1400234 2274688
10509317 10509327
14050122 14050128
10640838 10640848
33872875 33872876
159406 500796
31869822 31869825
13913136 13913139
13898826 13898829
31875674 31875678
4261745 4355560
31899971 31899972
2211883 2947423
15438274 15438277
30594322 30594324
4261745 4355561
33655811 33655812
996484 1844810
1438098 2307500
1438098 2307501
13981079 13981083
1416265 2289074
10480488 10480497
1438098 2307502
10439868 10439876
214942 653689
50824 214936
50825 214961
13953045 13953050
46036986 46036987
13979582 13979587
13981079 13981084
441643 1090238
13979582 13979588
1456852 2326932
1001399 1851001
13945319 13945323
10481202 10481216
30556400 30556402
5194659 5194751
46036989 46036990
13953018 13953022
13902082 13902085
13953024 13953027
13331239 13331245
13331239 13331246
13331239 13331247
34062849 34062851
10442297 10442304
10640838 10640849
1793118 2609728
1793118 2609729
5587310 5587354
3656947 3963162
5587310 5587355
31872351 31872354
1776902 2593665
57986 237445
34067176 34067181
605524 1342386
10494002 10494012
34093638 34093639
15339926 15339931
31872399 31872401
687320 1441955
603813 1340852
10482819 10482831
10482798 10482806
33720839 33720840
31845098 31845099
34071907 34071908
13979239 13979243
31899793 31899797
31899793 31899798
13906860 13906864
13906860 13906865
13906860 13906866
14108641 14108644
14018852 14018857
2217750 2950806
10470640 10470664
2680398 3283150
4932637 4932674
14108631 14108636
46036991 46036992
31898143 31898144
1790417 2608134
10492407 10492424
31835005 31835008
31835005 31835009
13972210 13972213
12149049 12149059
1776902 2593666
10441586 10441596
10441586 10441597
10632691 10632701
956718 1788290
441643 1090239
85988 294164
224913 697235
224913 697236
10458674 10458680
4365931 4427950
441643 1090240
10453125 10453137
30582336 30582338
789665 1576500
46036875 46036880
35064494 35064498
35064494 35064499
35064494 35064500
34067187 34067191
33947420 33947421
14016800 14016805
14016800 14016806
14016800 14016807
2009737 2776521
10587989 10587994
10457075 10457083
10457105 10457108
3548235 3893781
441643 1090241
604209 1341477
31898130 31898131
31898127 31898128
5629488 5629550
690262 1445123
13957259 13957262
31899823 31899824
31899826 31899827
31899823 31899825
31899826 31899825
13889549 13889552
46036993 46036994
46036995 46036996
15313582 15313587
33873043 33873045
5928530 5928598
905719 1717583
4856936 4857008
905719 1717584
13505096 13505098
13953117 13953121
22025367 22025369
31847749 31847751
266256 765788
31839985 31839986
604151 1341164
13953331 13953334
10533687 10533701
604163 1341268
13972222 13972225
10455870 10455876
35413299 35413300
10470883 10470891
31873464 31873465
43225366 43225367
1188116 2062493
13263037 2410234
1550113 2410234
2410209 3098274
2315613 3023774
1550112 2410224
33950722 33950723
13992965 13992968
13992965 13992969
10448565 10448584
33720854 33720856
33720854 33720857
33720854 33720858
888417 1703178
10439868 10439877
159406 500797
33821756 33821757
5578460 5578521
4790193 4790656
2450185 3130006
1188162 2062547
13899336 13899339
46036997 13899339
31899445 31899446
13491224 13491237
10440233 10440241
31834998 31835000
10439219 10439223
10454260 10454280
6723686 6723739
605718 1343046
13887720 13887728
13953076 13953080
13972231 13972234
14101173 14101176
31899433 31899435
31872371 31872375
1457380 2327988
904717 1716113
1445571 2314704
1400975 2275201
33994861 33994862
33994861 33994863
54603 224054
31845410 31845411
605717 1343010
1663874 2503956
2503954 3172379
10496879 10496895
14195545 14195548
28989746 28989755
956300 1787831
658538 1400574
5928530 5928599
14018852 14018858
8152957 8152973
213131 649621
31845089 31845093
10484076 10484223
441643 1090242
10507361 10507371
28735065 28735068
14177698 14177701
33720826 33720827
7606779 7606837
31897927 31897928
10502884 202552
46992 202552
1761147 2580709
5603108 5603169
31867877 31867883
31867877 31867884
31867877 31867885
31867877 31867886
10560584 10560594
226470 701003
1188165 2062557
31899433 31899436
31899433 31899437
31899433 31899438
2503954 3172380
3172378 3638048
1579636 2438331
34070979 34070981
904355 1715720
904355 1715721
904375 1715963
904371 1715927
904358 1715772
904362 1715836
904358 1715773
31898552 13944639
1416217 2289036
30582336 30582339
10480807 10480814
5703043 5703083
5703043 5703086
34071794 34071796
31899459 31899460
904355 1715722
31898506 31898507
34011259 34011260
2308160 2308164
1439628 2308164
2308160 2308165
1439628 2308165
10550379 10550386
3018580 3528204
3528200 3528204
3881119 3528204
4106191 3528204
3881129 2308173
1439632 2308173
13377484 3018589
2308169 3018589
13661651 13661660
31863018 31863019
904362 1715837
10441109 10441120
13953117 13953122
13953117 13953123
30582336 30582340
34011263 34011265
10456495 10456512
10441109 10441121
10441109 10441122
10456495 10456513
691370 1446215
691370 1446216
3284131 3717603
6019621 6019673
14130666 14130670
10568495 10568501
31873461 31873462
13953063 13953066
691371 1446236
790101 1577830
790101 1577831
85987 294142
34131843 34131848
698484 1454992
698484 1454993
224913 697237
14109126 14109129
14109126 14109130
31899811 31899813
46036998 46036999
14029243 14029246
13880084 13880087
7546797 7546867
1855468 2656971
32753388 32753392
687809 1442835
10463081 10463097
10463081 10463098
10463081 10463099
10445089 10445098
30596123 30596124
13971951 13971956
10463081 10463100
5860838 5860933
697585 1453533
225210 697606
46036847 46036852
1793118 2609730
225022 697343
225022 697344
4229293 4337680
4229293 4337681
34071801 34071803
213128 649553
5613172 5613234
684660 1437554
684660 1437555
1449269 2318772
5404130 5404174
32751773 32751774
50481 214065
55135 227685
55135 227686
55135 227687
55135 227688
13400497 13400505
31897585 31897587
31897585 31897588
31899423 31899426
31899423 31899427
31899423 31899428
31899423 31899429
605719 1343065
31899423 31899430
1620356 2468953
10537336 10537343
10537336 10537344
10537336 10537345
649273 1390821
649273 1390822
649273 1390823
649273 1390824
649273 1390825
13994968 13994972
46037002 46037003
10640838 10640850
10640838 10640851
10640838 10640852
10640838 10640853
10598704 10598710
4411088 4459560
1406867 2281660
10438764 10438769
10438764 10438770
10438764 10438771
46037004 46037005
31873597 31873598
687035 1441718
46037006 46037007
697884 1454296
697884 1454297
31875674 31875679
1067854 1930874
1067854 1930875
1067854 1930876
33655777 33655778
33720571 33720572
33655811 33655813
28839967 28839984
28839967 28839985
30556400 30556403
1067784 1930837
1067790 1930864
2323944 3028282
2323944 3028283
1700627 2531725
1700627 2531726
33655772 33655773
33720285 33720287
28735065 28735069
13966420 13966423
936960 1767188
226701 701226
226701 701227
226701 701228
226701 701229
226701 701230
226701 701231
226701 701232
226702 701250
226702 701251
10535650 10535666
10535650 10535667
10535650 10535668
807897 1609823
3586321 3917919
14108631 14108637
46037010 46037011
34071833 34071834
31899816 31899817
31899816 31899818
31899816 31899819
1438656 2307895
1438656 2307896
1406867 2281661
5676624 5676655
5676681 5676692
687320 1441956
687320 1441957
687320 1441958
687320 1441959
30595922 30595923
30595924 30595925
10447698 10447706
25444741 25444743
10463951 10463961
33720846 33720848
2636217 3259944
2636217 3259945
3027980 3535050
356541 952695
356541 952696
10517267 10517287
85987 294143
10517267 10517288
697884 1454298
85986 294128
46036905 46036909
31875724 31875729
13400497 13400506
4191782 4310517
46037012 46037013
46037012 46037014
46037012 46037015
46037012 46037016
14050122 14050129
650964 1393515
46037017 46037018
46037017 46037019
13966420 13966424
46036831 46036833
13972244 13972247
13293453 13293463
13972248 13972251
33812612 33812613
13945713 13945720
33996497 33996499
46037021 46037022
1718572 2554272
603406 1340617
31872218 31872222
10440233 10440242
13972126 13972132
15339926 15339932
222977 689063
13972252 13972256
13971280 13971283
2550715 3198823
14108631 14108638
13893835 13893839
30595924 30595926
14047498 14047501
2492332 3164660
13963938 13963947
31898490 31898492
35098821 35098826
14079439 14079443
10534829 10534839
46037023 46037024
7764080 7764092
10489454 10489461
605716 1342942
31897945 31897947
10445841 10445849
46036858 46036863
10534829 10534840
50825 214962
7195307 7195341
370187 970223
10466622 10466633
5526678 5526727
14048774 14048777
3478952 3848420
10475011 10475020
33821758 33821759
14057717 14057730
30593517 30593521
54604 224064
31872358 31872359
10480488 10480498
159406 500798
3239562 3687464
222689 688636
13945713 13945721
10446098 10446118
34067335 34067337
10440233 10440243
10507979 10507985
904365 1715883
33720846 33720849
7895244 7895245
697884 1454299
2639499 3263040
33872825 33872830
1067854 1930877
54645 224267
13400497 13400507
10560584 10560595
85987 294144
33655811 33655814
10442297 10442305
31872218 31872223
31872218 31872224
30553236 30553241
1700627 2531727
46036998 46037000
85988 294165
31857118 31857122
10441109 10441123
5603108 5603170
46036905 46036910
1450859 2321313
31867877 31867887
5536538 5536608
31872218 31872225
1449269 2318773
33655772 33655774
33655777 33655779
33655811 33655815
30594273 30594276
1700627 2531728
10463066 10463076
30556400 30556404
10463066 10463077
30556400 30556405
30556400 30556406
33655777 33655780
31875674 31875680
807513 1609052
687035 1441719
1700627 2531729
30553236 30553242
226256 700774
441643 1090243
10442297 10442306
30593517 6923245
3864516 4094095
13893835 13893840
13893835 13893841
30553236 30553243
30596123 30596125
10593151 10593157
10456495 10456514
33857309 33857311
33857309 33857312
31899816 31899820
10560584 10560596
213134 649662
31835005 31835010
218766 672090
31900166 31900168
31899823 13953249
13953246 13953249
31899826 13953249
1731169 2565018
14055170 14055173
8373969 8373994
1664489 2504563
34133984 34133987
13972257 13972260
3548235 3893782
4944908 4944934
8297187 8297321
31872284 31872289
31872318 31872320
34133984 34133988
31834985 31834987
14041287 14041290
10641260 10641266
226256 700775
14052542 14052545
31872251 31872252
226251 700660
226256 700776
649273 1390826
33872392 33872393
441643 1090244
32753388 32753393
10442297 6809147
5860837 5860920
15300044 15300052
6723686 6723740
31899452 31899454
10559098 10559104
28735065 28735070
34020039 34020041
13439892 13439920
213128 649554
3119579 3598583
10472228 10472237
445254 1096259
213710 650123
34054466 34054470
213131 649622
3239562 3687465
224913 697238
222686 688597
2211882 2947416
222686 688598
113500 370323
4991954 4992068
1764446 2581997
222978 689085
7933642 7933653
3239562 3687466
1731169 2565019
14051011 14051014
10632691 10632702
3881129 2308174
1439632 2308174
24424897 24424899
217511 663443
10442297 10442307
905719 1717585
2211883 2947424
7348349 7348396
13893533 13893537
31834989 31834991
31835019 31835021
441643 1090245
14500655 14500684
1580413 2439237
1580416 2439289
10488553 10488561
31899452 31899455
10612666 10612672
649273 1390827
322781 873624
46036875 46036881
57986 237446
226255 700753
13972138 13972142
1543344 2403661
2502021 3170884
25469378 25469380
34062378 34062379
10441109 10441124
33720854 33720859
35064494 35064501
32754667 32754669
46037025 46037026
31875724 31875730
7079169 7079190
46037028 46037029
31852510 31852511
13336929 13336945
5928530 5928600
222686 688599
603409 1340657
46037030 46037031
33996497 33996500
2557193 3203052
5523518 5523532
14113516 14113523
34054466 34054471
226256 700777
10597226 10597235
31835005 31835011
699832 1457298
997628 1847173
113500 370324
697884 1454300
14079439 14079444
904092 1715063
46037032 46037033
31897952 31897955
46037035 46037036
225946 699512
6723686 6723741
54156 221434
10560584 10560597
655959 1398496
33720285 33720288
14039581 14039584
34072029 34072030
10593904 10593910
85988 294166
10446098 10446119
13972269 13972273
10489752 10489760
33872855 33872857
31873433 31873434
13906860 13906867
1731027 2564834
3510846 3865035
13972293 13972296
6603293 6603346
687519 1442511
13972297 13972300
10531830 10531861
10517267 10517289
6135528 6135542
7033769 7033816
30594262 30594268
33655811 33655816
31897952 31897956
31875724 31875731
3284131 3717604
10439868 10439878
3239562 3687467
904092 1715064
31835005 31835012
31899452 31899456
222686 688600
2305680 3016437
10457854 10457861
10575489 10575504
5523555 5523560
31857118 31857123
33720285 33720289
10481202 10481217
1790417 2608135
3212880 3667752
14490927 14490932
5691361 5691435
10528930 10528942
225306 697710
225307 697724
31872233 31872235
55135 227689
31872318 31872321
698484 1454994
31872347 31872348
159406 500799
13336929 13336946
46037037 46037038
30556400 30556407
2639499 3263041
10640725 10640734
5578458 5578513
4579982 4592988
34062382 34062383
1793118 2609731
3865026 4094403
10490759 10490768
3701240 3990825
46036858 46036864
219760 676973
604168 1341321
30715227 30715229
31835002 31835004
10485304 10485325
34062680 34062684
13963938 13963948
691371 1446237
31898520 31898521
14047494 14047497
2217748 2950788
34053478 34053479
7013334 7013359
15596778 15596783
3239562 3687468
10517267 10517290
1400975 2275202
10495949 10495955
33857303 33857307
5570660 5570722
10478378 10478393
1720803 2556714
159406 500800
3213927 3668303
904362 1715838
4856938 4857026
113500 370325
6723686 6723742
10640838 10640854
54713 226068
3478953 3848434
31897594 31897595
46036949 46036952
14095952 14095957
30595944 30595946
10489756 10489763
14070097 14070100
13510149 13510176
46037039 46037040
31852736 31852737
923343 1732453
10534829 10534841
11112810 11112815
46037043 46037044
46037046 46037047
10517267 10517291
22105842 22105878
54157 221454
31897596 31897598
31875674 31875681
46037049 46037050
34131843 34131849
57986 237447
55135 227690
684660 1437556
31898531 31898532
10458050 10458064
14076617 14076620
34072029 34072031
13972301 13972304
10655657 10655663
2320149 3025349
14113516 14113524
31872304 31872305
31834993 31834997
1716585 2552117
10498820 10498826
3239562 3687469
13972305 13972308
30594262 30594269
34067176 34067182
10482802 10482816
5816456 5816492
690269 1445171
31899172 31899173
31872328 31872331
10604032 10604045
10469745 10469752
14072299 14072302
4944886 4944911
14017911 14017915
1342794 2217567
1438656 2307897
46037051 46037052
46037053 46037054
2217743 2950728
10476541 10476549
36111768 36111770
10505538 10505548
222689 688637
28798135 28798156
46037056 46037057
31908005 31908006
33720729 33720730
808857 1611217
31873459 31873460
687320 1441960
46037058 46037059
6682394 6682437
3213928 3668329
10460659 10460665
10489573 10489608
15325977 15325980
223350 689535
2215764 2949496
35412589 35412590
10439280 10439287
14094579 14094582
604156 1341204
14094574 14094577
34072049 34072050
2636325 3260023
54157 221455
31834985 31834988
14175510 14175514
31834998 31835001
13972309 13972312
31899459 31899461
10600525 10600536
31867877 31867888
218760 672036
33832957 33832958
700669 1458543
10531819 10531838
13906860 13906868
1705880 2536832
3654347 3962855
50481 214066
34064389 34064390
213042 649020
4516181 4541057
13986899 13986903
10439421 10439434
692346 1447570
605720 1343088
3478951 3848401
33832722 33832723
31863010 31863012
10465228 10465243
14133819 14133822
10456933 10456939
31899412 31899413
31872300 31872302
10501791 10501799
10471403 10471418
10485289 10485310
33857157 33857160
13972126 13972133
13971951 13971957
3234518 3683565
1342794 2217568
14083254 14083257
13953117 13953124
14057717 14057731
28735065 28735071
33783036 33783037
33783038 33783037
10495742 10495749
46037060 46037061
31899816 31899821
31899457 31899458
28989746 28989756
14082609 14082612
31863018 31863020
4991954 4992069
31899412 31899414
13972313 13972316
10459847 10459855
226257 700804
10438764 10438772
3213929 3668343
13953056 13953061
33729569 33729570
33946540 33946541
46037062 46037063
31872253 31872256
2321107 3025743
3213983 3668369
31899161 31899163
41874 172753
31873478 31873479
13442067 13442076
1418238 2293599
14087366 14087370
31872322 31872324
6177026 6177155
10586316 10586323
14086651 14086654
30249163 30249164
31872328 31872332
31873444 31873445
31872328 31872333
10655535 10655540
10534251 10534257
8949211 8949253
13972328 13972331
2217750 2950807
351735 940282
8662202 8662232
14058012 14058015
13109613 13109623
700669 1458544
31845089 31845094
31898546 31898547
14087346 14087349
31898536 31898537
14068964 14068968
4484616 4516182
10517267 10517292
1620356 2468954
10474990 10474999
25469382 25469386
31898533 31898534
28871596 28871614
6445075 6445087
2947287 3477857
8292478 8292526
10456213 10456229
46037064 46037065
34062386 34062387
3213925 3668268
57984 237319
31872371 31872376
31899971 31899973
30594262 30594270
10462413 10462420
13979103 13979106
31899804 31899805
2556701 3202533
13276560 13276571
904355 1715723
19352 110261
14087397 14087400
14094125 14094129
10503018 10503024
1406780 2281621
31899450 31899451
33832720 33832721
690263 1445137
31845089 31845095
33873037 33873038
10444787 10444813
34062380 34062381
14094130 14094133
31852730 31852731
10572705 10572709
10442297 10442308
3228360 3678416
13963938 13963949
46037066 46037067
31968651 31968660
10600546 10600555
25469382 25469387
1449269 2318774
605721 1343110
13879613 13879616
24381658 24381663
218760 672037
34054466 34054472
695439 1450390
159406 500801
685244 1439825
46037069 46037070
13336929 13336947
4932637 4932675
33872762 33872764
7334398 7334493
34064385 34064388
31899802 31899803
10653845 10653852
13918229 13918234
13971909 13971913
1400975 2275203
13337689 13337696
10483913 10483919
15300044 15300053
34070135 34070136
8656367 8656397
32191502 32191511
10454251 10454268
10485286 10485294
31898540 31898541
996484 1844811
2217745 2950743
30593517 30593522
9106046 9106067
4229293 4337682
2607459 3239496
31899412 31899415
4162522 4292684
31898516 31898517
25469382 25469388
31899423 31899431
31899423 31899432
10550892 10550903
13981148 13981151
1340640 2212621
604170 1341345
10484343 10484402
9015307 9015364
1451938 2322232
10531817 10531827
10487799 10487807
5860837 5860921
35098821 35098827
46036858 46036865
14108631 14108639
33872825 33872831
31897929 31897930
30564085 30564087
13906860 13906869
10526352 10526359
34071792 34071793
14112207 14112210
31899443 31899444
10517238 10517257
33655772 33655775
698423 1454948
10486681 10486687
13972009 13972013
31872233 31872236
10609732 10609740
10450413 10450421
31898130 31898132
46037071 46037072
46037073 46037074
222689 688638
994956 1841466
14071918 14071921
13971922 13971925
1339917 2211709
14133819 14133823
10563153 10563159
10464366 10464374
31873446 31873447
31907750 31907753
34072077 34072078
34071821 34071822
34071810 34071811
10506354 10506361
31898526 31898527
46037075 46037076
30553283 30553284
31880331 31880332
14111368 14111371
1855468 2656972
10446686 10446692
2211881 2947408
13987465 13987470
13971926 13971929
31898481 31898482
10441195 10441201
1001399 1851002
10604871 10604877
46036871 46036874
33729575 33729576
10462942 10462951
14108811 14108814
33872389 33872390
34131843 34131850
9986713 9986734
3525941 3879552
4345425 4412931
690261 1445105
4015176 4191785
33720285 33720290
10600572 10600583
333737 910482
370187 970224
31872253 31872257
13981079 13981085
13499795 13499832
4579982 4592989
50824 214937
213042 649021
4991954 4992070
10460164 10460172
10440233 10440244
2305729 3016507
31873480 31873481
31863018 31863021
46037077 46037078
33832645 33832646
13918598 13918601
8976419 8976467
5860837 5860922
5860838 5860934
8283995 8284011
10641620 10641626
10641565 10641573
10485353 10485365
697585 1453534
1705880 2536833
31872237 31872238
31898550 31898551
14130666 14130671
10489063 10489068
9871321 9871335
31897561 31897562
14085962 14085968
31872267 14085968
46037079 46037080
5523518 5523533
687320 1441961
33857157 33857161
31897965 31897966
13966420 13966425
10484932 10484938
4579983 4592999
13893835 13893842
46036965 46036969
14111411 14111415
46037081 46037082
31899161 31899164
14106098 14106102
31897958 31897960
10463007 10463014
13972262 13972266
5578460 5578522
33872825 33872832
10640838 10640855
31898518 31898519
32752464 32752465
33873024 33873025
13971969 13971972
54712 226055
31845410 31845412
31838112 31838113
892327 1705175
3202523 3660635
13969384 13969392
14069444 14069449
219760 676974
5860837 5860923
3018585 3528217
10531820 10531850
31872351 31872355
33996108 33996109
31863018 31863022
33720571 33720573
31898500 31898501
2502021 3170885
3676627 3974313
605715 1342916
13887720 13887729
13953067 13953071
30556400 30556408
10611173 10611176
10602504 10602525
34072070 34072071
33996497 33996501
1418238 2293600
3840492 4080013
10439421 10439435
687521 1442552
2627124 3254010
10570322 10570328
5100033 5100058
10439219 10439224
4412969 4460854
13972262 13972267
2557193 3203053
10439868 10439879
13293453 13293464
4856938 4857027
1458529 2329271
46037083 46037084
5587310 5587356
46037085 46037086
225837 699343
4229293 4337683
5640904 5640939
9015308 9015379
31899447 31899449
31872284 31872290
2691581 3290906
10564111 10564118
57984 237320
46037087 46037088
31899828 31899829
10466474 10466500
31897969 31897971
10467248 10467257
10613764 10613771
222158 685809
31898477 31898478
38041193 38041195
10600600 10600609
14050122 14050130
3196642 3653111
12149049 12149060
3213984 3668380
33857157 33857162
31872272 31872274
4389322 4444575
13986657 13986660
10506949 10506955
31875724 31875732
31872371 31872377
31899161 31899165
10439421 10439436
3321914 3742583
10626390 3742583
33655730 33655731
10588343 10588349
31897599 31897600
213128 649555
159406 500802
10517267 10517293
10439868 10439880
31897604 31897605
7226885 7226932
13992589 13992592
10588849 10588855
213768 650228
33642095 33642096
57986 237448
789665 1576501
10463081 10463101
4229293 4337684
700669 1458545
31872338 31872339
33821540 33821541
687521 1442553
10458954 10458962
9270669 9270698
31898548 31898549
4350523 4416433
10597811 10597817
10563764 10563769
13997466 13997469
10443082 10443096
10481245 10481254
31872253 31872258
13998264 13998267
1664074 2504087
34072054 34072055
13997470 13997474
4093848 4241485
31872351 31872356
31857115 31857117
13505096 13505099
807513 1609053
603712 1340823
4157960 4289750
10600662 10600673
13993431 13993434
4856936 4857009
31898479 31898480
46037089 46037090
13996554 13996557
1580414 2439247
33729207 33729208
8908777 8908792
1446786 2315503
31898528 31898529
33832643 33832644
46037091 46037092
5613174 5613237
31872215 31872217
10632691 10632703
225837 699344
46037093 46037094
55135 227691
31898485 31898486
692587 1447797
7331616 7331656
14057717 14057732
1795005 2610735
1447237 2315618
14025511 14025514
5928530 5928601
31835005 31835013
31872371 31872378
226257 700805
14055170 14055174
2322226 3026585
33832724 33832725
14025552 14025556
2230964 2961679
10501915 10501922
10501912 10501922
6500538 6500568
1458529 2329272
10458956 10458973
13953067 13953072
13953067 13953073
8949259 8949273
605881 1343200
1454166 2323922
31852738 1393704
651279 1393704
4579982 4592990
4969128 4969144
46037095 46037096
956718 1788291
654514 1397128
10565040 10565049
34070979 34070982
13932258 13932263
13932628 13932635
13932628 13932636
14031401 14031406
10517389 10517395
9015306 9015351
3751623 4021142
5245680 5245710
441643 1090246
226257 700806
34014418 34014419
2557193 3203054
31872306 31872308
46037097 46037098
22105842 22105879
994956 1841467
28989746 28989757
10581574 10581595
1761147 2580710
14141072 14141078
14043729 14043732
649273 1390828
1449269 2318775
1446783 2315494
10484850 10484855
3196835 3653347
46037099 46037100
33720854 33720860
15313582 15313588
46036883 46036886
3478955 3848455
33950178 33950179
6416714 6416763
1449269 2318776
10441776 10441780
33994861 33994864
33873024 33873026
31875724 31875733
218760 672038
4856936 4857010
31872253 31872259
33873049 33873050
34014152 34014154
34062384 34062385
1413981 2286922
10453509 10453515
5816456 5816493
30594262 30594271
10531841 10531875
46037101 46037102
34071696 34071697
14057717 14057733
10473161 10473185
46037103 46037104
13944408 13944412
10625931 10625941
4991954 4992071
33720285 33720291
31875724 31875734
8297185 8297308
14047459 14047462
14020131 14020134
31897961 31897963
274451 779614
698484 1454995
13961190 13961193
46036834 46036836
5603108 5603171
33720862 33720865
31872366 31872367
30582336 30582341
1930315 2706742
213128 649556
10655520 10655527
30551736 30551739
10458965 10458981
10655329 10655332
5860836 5860908
1731169 2565020
10505645 10505649
10655508 10655519
4522674 4545901
32753221 32753222
684660 1437557
46037105 46037106
13109613 13109624
13293453 13293465
31875724 31875735
1748390 2573022
3213930 3668357
8707907 8707984
225306 697711
10487720 10487726
31872284 31872291
10470640 10470665
34014152 34014155
225307 697725
1445208 2314557
33832946 33832947
10565050 10565061
10565062 10565070
2503633 3172207
3172221 3637917
3637966 3952503
5603108 5603172
31899811 31899814
46037107 46037108
33720846 33720850
33655772 33655776
28735065 28735072
1700627 2531730
8645754 8645796
15321121 15321126
46037109 46037110
14057717 14057734
46036834 46036837
904355 1715724
5816456 5816494
3969752 4162531
46037111 46037112
33857303 33857308
10535558 10535563
30556400 30556409
46036926 46036929
10594162 10594171
33720571 33720574
55135 227692
10632691 10632704
6603298 6603362
4389371 4444700
31898016 31898017
30594262 30594272
31872351 31872357
14057717 14057735
10488969 10488979
33729565 33729566
10609389 10609406
224180 694952
31898483 31898484
31873451 31873452
31872244 31872248
31872230 31872232
14025959 14025963
30550292 30550293
10631665 10631676
33946554 33946555
10640838 10640856
46037114 46037115
10457919 10457925
31910244 31910245
10655546 10655549
9121742 9121768
10484706 10484718
2731409 3321921
33832675 33832676
85986 294129
46036962 46036964
46037025 46037027
46036986 46036988
3196776 3653333
10463066 10463078
33655777 33655781
28735065 28735073
46037116 46037117
10447698 10447707
31845083 31845084
6723686 6723743
218760 672039
10632691 10632705
213128 649557
34133984 34133989
10492845 10492852
46037118 46037119
31872284 31872292
3213928 3668330
996484 1844812
31898520 31898522
687809 1442836
9369630 9369655
31956051 31956060
34014426 34014427
4572603 4586571
14097273 14097277
11784122 11784146
1416965 2290498
9477731 9477753
13934822 13934825
224810 697056
690265 1445161
31898014 31898015
31873438 31873439
10470711 10470716
10526566 10526571
370188 970236
4991954 4992072
46037120 46037121
46037122 46037123
790101 1577832
3637966 3952504
1702180 2533362
31852732 31852734
1069608 1932634
1731169 2565021
31857118 31857124
226701 701233
31899161 31899166
4416418 4463466
14098605 14098608
9257903 9257948
4229293 4337685
848399 1662579
30595944 30595947
10485288 10485302
10439995 10439998
31872263 31872264
31872336 31872337
34065523 34065524
10458976 10458998
31872241 31872243
31899172 31899174
46037039 46037041
31872322 31872325
3751623 4021143
10457075 10457084
10485884 10485891
5802911 5802952
4460477 4496650
31898523 31898525
691371 1446238
14141084 14141087
1579576 2438187
216235 656406
13953366 13953375
31872284 31872293
1731169 2565022
31897952 31897957
34067335 34067338
46037124 46037125
1731169 2565023
10625934 10625949
55135 227693
13953366 13953376
33720846 33720851
46036875 46036882
10492405 10492415
1970127 2741872
10604021 10604030
30593517 30593523
54389 223393
1398295 2272827
13414769 13414780
30595924 30595927
13972226 13972230
31899433 31899439
13953366 13953377
31899161 31899167
4639654 4647680
31872300 31872303
14105552 14105555
31898540 31898542
694097 1449119
14003590 14003594
46037126 46037127
31845319 31845322
1445208 2314558
14016800 14016808
10564734 10564742
213128 649558
9986712 9986731
46036926 46036930
13953067 13953074
31872253 31872260
10655470 10655480
13312305 13312317
773359 1557694
10438764 10438773
31899440 31899441
3742579 4015065
31899700 31899702
13953018 13953023
4113453 4259333
1705880 2536834
31897563 31897564
10452794 10452813
7226926 7226944
10494493 10494522
10479922 10479933
274451 779615
10576376 779615
33720685 33720686
34054466 34054473
57984 237321
10463081 10463102
34072977 34072978
13375717 13375723
10441109 10441125
10485696 10485704
14107217 14107220
13972262 13972268
10565191 10565198
46036998 46037001
15339926 15339933
46036926 46036931
44905920 44905922
13906860 13906870
46036974 46036977
10440233 10440245
31899161 31899168
31872296 31872297
34061961 34061962
10453044 10453057
10572727 10572733
14109148 14109151
3119579 3598584
226257 700807
10467248 10467258
50484 214136
33647169 33647170
602806 1339876
33857309 33857313
31845085 31845086
4310601 4389372
4310598 4389339
10562857 10562863
31898158 31898162
625 5627
622 5559
5928529 5928588
5928530 5928602
48471 207449
5928627 5928645
10602504 10602526
31873440 31873441
41874 172754
9466353 9466392
623 5581
624 5607
4258366 4353139
226256 700778
225210 697607
1407597 2282144
33720821 33720822
33783373 33720822
1760816 2580608
10458990 10459004
31897601 31897602
9320394 9320423
2212626 2947765
46037128 46037129
10457105 10457109
31872371 31872379
1790417 2608136
10639446 10639454
4310600 4389370
14121713 14121716
10488361 10488369
1458529 2329273
10459633 10459641
33946540 33946542
10440233 10440236
10485692 10485698
690260 1445090
14079580 14079582
5598182 5598216
4191739 4310500
4944807 4944848
4106191 4255156
4310496 4389305
790101 1577833
31898130 31898133
4944833 4944871
10448786 10448793
10457075 10457085
33656073 33656075
10565207 10565216
10565064 10565081
1543344 2403662
34054466 34054474
698154 1454515
31872244 31872249
10492388 10492399
1406780 2281622
5582553 5582603
14114058 14114061
4389301 4444570
31872244 31872250
31873427 31873429
13934641 13934645
46037130 46037131
14115157 14115160
31872268 31872269
691009 1445994
28989746 28989758
10517267 10517294
13966420 13966426
31873456 31873458
10463951 10463962
10476829 10476837
10481046 10481058
14105404 14105408
31897606 31897607
31897558 31897559
51406 216399
3478954 3848445
14117247 14117251
7606780 7606844
7606778 7606829
5613172 5613235
46037132 46037133
31899800 31899801
14116954 14116957
13966420 13966427
13893835 13893843
10450560 10450566
13966574 13966578
4015059 4191743
4444566 4485538
4485532 4516905
4944695 4944799
13283624 13283629
1438471 2307782
85987 294145
85988 294167
34070405 34070406
9436907 9436942
694410 1449516
4353134 4418298
46037134 46037135
905719 1717586
31898511 31898512
5889902 5889926
31898538 31898539
34034369 34034370
46037136 46037137
57986 237449
10452796 10452828
46037138 46037139
10483725 10483735
10565199 10565206
31875674 31875682
2323944 3028284
605719 1343066
46890 202237
3038131 3542037
14119535 14119538
10484714 10484737
3239561 3687450
3478954 3848446
31898158 31898163
605716 1342943
15313582 15313589
10517238 10517258
31897967 31897968
31897567 31897568
13953056 13953062
10443258 10443270
46037140 46037141
10466622 10466634
677055 1419996
31872298 31872299
14119539 14119542
9015305 9015343
224106 694935
14125294 14125297
34071801 34071804
9486115 9486164
10503508 10503516
4516898 4541590
46037142 46037143
370185 970181
1705245 2535827
32751943 32751944
9529610 9529655
54256 221640
46036937 46036944
6177016 6177129
6177012 6177091
31898130 31898134
226256 700779
14121597 14121600
10459000 10459010
996484 1844813
213042 649022
1444874 2314130
28735065 28735074
4991954 4992073
10485682 10485695
13972121 13972125
5816456 5816495
4944801 4944838
1579636 2438332
3030111 3536209
46037144 46037145
4944792 4944827
968675 1807907
10565217 10565224
46037066 46037068
15339926 15339934
10459635 10459648
10438816 10438831
1453557 2323550
31872340 31872342
31872268 31872270
31898130 31898135
31898130 31898136
34054466 34054475
46037146 46037147
2303592 3015105
1400234 2274689
649273 1390829
10535650 10535669
213128 649559
13966420 13966428
3228360 3678417
789665 1576502
10439421 10439437
31897565 31897566
10454522 10454527
33783373 33783374
31873433 31873435
4818990 4819091
14119531 14119534
10496032 10496035
31872253 31872261
46037039 46037042
14015051 14015055
31898502 31898503
46037148 46037149
31898543 31898544
225210 697608
13377601 13377604
14058819 14058821
31852740 31852741
31898008 31898011
46037151 46037152
46036891 46036893
10479940 10479946
3119579 3598585
34055305 34055306
31898509 31898510
10590451 10590458
4560425 4576204
10442292 10442294
11246201 11246230
1416965 2290499
46037153 46037154
10480877 10480883
31872366 31872368
3213983 3668370
3213987 3668382
2212626 2947766
2204898 2942434
10452115 10452122
14138102 14138105
1067784 1930838
2550660 3198766
10485680 10485688
31899172 31899175
31872268 31872271
31872340 31872343
46037155 46037156
14141072 14141079
655959 1398497
31889739 31889742
31899816 31899822
3213983 3668371
31908005 31908007
13934953 13934964
1449269 2318777
13971280 13971284
31907776 31907778
33720832 33720834
10593312 10593321
11839583 11839590
28929441 28929444
46037157 46037158
3864786 4094296
217511 663444
13932758 13932762
4932637 4932676
31872218 31872226
31899823 13953250
13953246 13953250
31899826 13953250
13972003 13972007
3213926 3668283
10506354 10506362
31897571 31897572
10439421 10439438
13953067 13953075
10484382 10484424
34131843 34131851
13971946 13971950
224810 697057
15438274 15438278
46037032 46037034
34133944 34133945
46037159 46037160
10459006 10459016
31899971 31899974
10576510 10576517
47011 202628
9459805 9459852
13972257 13972261
691370 1446217
649273 1390830
1456852 2326933
14094574 14094578
14141072 14141080
1748391 2573032
10479581 10479590
6177103 6177167
33857152 33857154
10484099 10484254
10489544 10489565
10565972 10565983
604169 1341334
46037046 46037048
10608298 10608309
31872275 31872276
14136326 14136329
14135100 14135103
2285292 3007188
31898506 31898508
46037017 46037020
31852512 31852513
31880533 31880534
33729209 33729210
33832726 33832727
226250 700628
5860837 5860924
10485304 10485326
31872253 31872262
1790417 2608137
46037161 46037162
4241775 4345678
46037163 46037164
31907750 31907754
944793 1776053
214952 653703
222978 689086
10459645 10459651
32752164 32752166
4983402 4983425
10456252 10456254
33821609 33821610
213128 649560
31898488 31898489
687035 1441720
30594273 30594277
603405 1340603
46037165 46037166
34070323 34070324
968672 1807883
30593517 30593524
31899793 31899799
13971280 13971285
10445734 10445751
10565225 10565233
4389322 4444576
4389323 4444579
4389336 4444587
4389334 4444583
10481171 10481176
1855468 2656973
10480488 10480499
10479942 10479952
31898490 31898493
31898533 31898535
30595944 30595948
31898504 31898505
441643 1090247
7933642 7933654
31899178 31899180
46037167 46037168
10572811 10572818
33720846 33720852
3213983 3668372
10480413 10480423
46037169 46037170
31908005 31908008
14123580 14123584
13377484 3018590
2308169 3018590
441643 1090248
46037171 46037172
226257 700808
10565225 10565234
31899161 31899169
33720846 33720853
31899161 31899170
222689 688639
10471024 10471037
34014313 34014314
31852685 31852686
10446098 10446120
8369156 8369176
14149042 14149045
35098821 35098828
2217748 2950789
604173 1341369
14072299 14072303
11839587 11839593
31896760 31896761
30594188 30594190
31897569 31897570
604151 1341165
356541 952697
10563646 10563653
10456258 10456262
34066665 34066666
224810 697058
649273 1390831
14108631 14108640
10484192 10484338
10552656 10552664
10441195 10441202
34066665 34066667
14197919 14197922
10459012 10459022
10482798 10482807
30595918 30595921
7641782 7641793
10439421 10439439
10441079 10441083
3173111 3638925
50481 214067
6473468 6473514
34133951 34133952
31897585 31897589
31838114 31838115
11839580 11839586
7146468 7146515
110248 354481
14166076 14166079
10471032 10471043
13514358 13514363
31873436 31873437
33729308 33729309
3119579 3598586
5587310 5587357
1731169 2565024
13972003 13972008
55135 227694
4618818 4628123
684349 1437112
31897585 31897590
5603108 5603173
55135 227695
14197919 14197923
9601608 9601636
10492388 10492400
13972313 13972317
46890 202238
10467248 10467259
13972313 13972318
31873427 31873430
225946 699513
31852514 31852516
5570660 5570723
2211883 2947425
2639499 3263042
10641565 10641574
888417 1703179
226250 700629
15438274 15438279
2204898 2942435
3038131 3542038
30556400 30556410
31872284 31872294
33950722 33950724
46037111 46037113
10463066 10463079
31898494 31898495
10533571 10533577
55135 227696
10456213 10456230
13514358 13514364
14087366 14087371
9459843 9459865
4094397 4241838
1458529 2329274
2274770 2995349
14018852 14018859
690261 1445106
14107217 14107221
15248092 15248102
14149416 14149421
30553236 30553244
31867877 31867889
28839967 28839986
9320382 9320418
5695274 5695421
968674 1807897
31873453 31873455
10457095 10457106
10457105 10457110
5603108 5603174
31872218 31872227
30594273 30594278
57986 237450
31873448 31873449
7688419 7688475
6533288 6533314
31872328 31872334
14111411 14111416
28839967 28839987
31873461 31873463
10625931 10625942
31863015 31863017
3119579 3598587
9459843 9459866
15325977 15325981
222689 688640
603408 1340637
10470640 1340637
7563924 7564020
5860838 5860935
14007393 14007399
3536355 3886168
10470640 10470666
10457367 10457374
7688422 7688480
13934822 13934826
34066663 34066664
31873442 31873443
1339922 2211737
6526568 6526604
10487451 10487463
14129212 14129215
10459018 10459026
10587985 10587992
10587989 10587995
33857157 33857163
10565243 10565250
10531830 10531862
10531819 10531839
690262 1445124
4790193 4790657
6723686 6723744
54713 226069
46037148 46037150
13984841 13984846
55135 227697
30595924 30595928
31899161 31899171
33821540 33821542
10482802 10482817
10482800 10482813
222686 688601
677055 1419997
1416217 2289037
207453 618653
15339926 15339935
30593517 30593525
1748390 2573023
6135528 6135543
1416265 2289075
10495639 10495646
31898496 31898497
10563416 10563424
31897576 31897577
31901947 31901948
31898498 31898499
30553236 30553245
31899172 31899176
10503508 10503517
213131 649623
10531817 10531828
10531820 10531851
46036853 46036855
32205096 32205109
9320382 9320419
14192729 14192732
9560312 9560341
13895568 13895571
1748391 2573033
14194347 14194350
31852732 31852735
6065992 6066049
13895568 13895572
34011273 34011274
10443082 10443097
10480411 10480417
686679 1440888
2213016 2947829
34071794 34071797
31872322 31872326
13963938 13963950
46037006 46037008
1407597 2282145
10459024 10459028
10631665 10631677
10492388 10492401
34067187 34067192
13971951 13971958
6473468 6473515
1700627 2531731
1342794 2217569
10470640 10470667
10470640 10470668
25469390 25469393
31898552 31898555
46036891 46036894
1406867 2281662
10457854 10457862
14036350 14036356
9257904 9257964
1734846 2568873
10462689 10462697
4628113 4636752
10517581 10517596
13971280 13971286
698154 1454516
1790417 2608138
31875674 31875683
7195307 7195342
13932628 13932637
9257903 9257949
10442060 10442068
10568276 10568280
31897582 31897583
46037173 46037174
33950722 33950725
46036911 46036916
31899806 31899808
46037006 46037009
14198055 14198058
14202100 14202107
10459027 10459030
904358 1715774
13882855 13882860
30595924 30595929
31899172 31899177
13982428 13982431
2639499 3263043
46037043 46037045
31875684 31875685
31872340 31872344
159406 500803
10563555 10563564
13998352 13998355
605821 1343188
31897578 31897579
14094130 14094134
222686 688602
10462689 10462698
13941025 13941029
34095824 34095825
807513 1609054
85988 294168
4856936 4857011
31872358 31872360
697585 1453535
31872284 31872295
687519 1442512
10483177 10483187
46036834 46036838
31872275 31872277
46037175 46037176
10655551 10655556
31880533 31880535
226253 700732
32752585 32752587
31897580 31897581
689678 1444876
14201115 14201119
7250424 7250478
34011273 34011275
213131 649624
31835005 31835014
46036934 46036936
213131 649625
15321121 15321127
7598752 7598792
31872322 31872327
237285 723329
10576791 10576802
10568234 10568239
2450185 3130007
10655560 10655563
46037177 46037178
46037183 20536425
46037185 46037186
46037187 46037188
10457079 10457097
2653218 3271761
