44302 188114
44088498 44088500
44297 187814
44297 187815
2937968 3471669
40272642 40272644
2986966 2267675
2200143 2937967
2200143 2937959
44087016 44087018
2200143 2937968
40271736 40271738
40273275 40273276
40273297 40273298
40273010 40273011
40272547 40272548
40273005 40273006
4899773 4899766
40273774 40273775
40272840 40272842
40273822 40273823
40271952 40271954
40274105 40274107
40274063 40274064
40273527 40273528
40273928 40273929
40272787 40272788
40272047 40272049
40274290 40274292
40272347 40272348
40273275 40273277
40272349 40272350
40274105 40274108
40272126 40272127
40273817 40273818
40272785 40272786
40272081 40272082
40272733 40272735
40272462 40272463
40274795 40274796
4993287 4993346
44090834 44090835
40273424 40273425
40272980 40272983
40273844 40273846
40274483 40274485
30489424 30489428
1328367 2200174
2200142 2937951
1328367 2200264
44297 187826
44297 187823
40275271 40275273
40271836 40271837
40273427 40273429
40272775 40272776
44090858 44090857
40023255 40023257
40273464 40273465
40274660 40274661
40273668 40273669
31203142 31203144
31203206 31203210
35335335 35335337
40274455 40274457
40273378 40273379
40274193 40274194
40271745 40271746
40273014 40273016
44090832 44090833
44090846 44090847
40273083 40273084
40273500 40273501
40272446 40272447
40271955 40271956
40273776 40273777
40272332 40272333
40272332 40272334
40272338 40272339
40274105 40274109
40272338 40272340
40272458 40272459
40272798 40272799
40274027 40274029
40272419 40272421
40273416 40273418
40272587 40272589
40273005 40273007
40272765 40272766
40272789 40272790
40274016 40274017
44099394 44099396
40272345 40272346
40272079 40272080
40273808 40273810
40275023 40275025
40275710 40275707
4544 44396
44090836 44090837
4229177 4337493
40272710 40272712
15142347 15142355
15142347 15142359
15142347 15142357
15142347 15142360
15142347 15142353
15142347 15142351
15142347 15142354
15142347 15142358
1328367 2200210
44298 187964
4544 44294
30471611 30471609
40273286 40273291
1328367 2200262
1328367 2200199
1328367 2200186
1328367 2200185
593517 1328375
593517 1328374
30460413 30460414
1328367 2200224
1328367 2200240
1328367 2200213
40272994 40272995
1328367 2200190
1328367 2200217
1328367 2200188
40272905 40272906
40272478 40272479
1328367 2200235
44301 188082
40272361 40272362
31203199 31203203
44074681 44074679
1328367 2200200
44298 187935
593224 1327903
1328367 2200193
1328367 2200194
1328367 2200223
1328367 2200220
1328367 2200203
593224 1327904
1328367 2200181
43439841 43439846
1328367 2200247
2200142 2937936
30482846 30482843
43439841 43439845
40273487 40273488
1328367 2200215
1328367 2200226
1328367 2200267
44097966 44097965
40271887 40271888
1328367 2200252
1328367 2200176
40272574 40272575
31197111 31197113
1328367 2200218
1328367 2200253
1328367 2200242
1328367 2200145
40273831 40273833
40273705 40273706
40272091 40272093
40272487 40272488
44074648 44074649
44090771 44090770
40272074 40272075
40272424 40272425
40272745 40272747
40273326 40273328
40272660 40272661
40272654 40272655
40272879 40272880
40274663 40274664
40275271 40275274
40275006 40275008
30482880 30482879
40275374 40275377
40272733 40272734
40271571 40271573
40272320 40272322
40271823 40271825
40275526 40275528
40273814 40273815
44090583 44090585
4544 44389
40274453 40274454
1328367 2200152
40275111 40275113
40274037 40274038
3844101 4082701
3844101 4082704
3844101 4082706
5006205 5006209
43439841 43439847
43439841 43439843
1328367 2200302
40272994 40272996
40273293 40273294
3844101 4082680
31203142 31203147
31203206 31203208
43439841 43439844
44072274 44072275
40273302 40273303
40272151 40272153
44097964 44097963
40273087 40273088
40271938 40271939
44098141 44098142
40272745 40272749
40272745 40272748
40272178 40272180
40273396 40273398
40272910 40272912
44090852 44090853
44087109 44087111
2300087 3014543
40274498 40274499
4544 44402
2996233 2276059
4544 44343
4918347 4918344
40275115 40275116
2200142 2937938
3471652 2937950
2200142 2937950
2200142 2937937
3471652 2937946
2200142 2937946
2200142 2937952
40273447 40273451
34344155 34344156
2200143 2937960
4544 44441
40271941 40271942
4229177 4337492
44086763 44086765
30467981 30467982
40272384 40272386
30459568 30459571
40272490 40272491
44075049 44075050
40272076 40272077
169616 41060
40272317 40272318
40272772 40272773
40271071 40271072
31195230 31195231
7696 62894
44090773 44090774
40273069 40273070
40272294 40272295
44074663 44074664
35070492 35070490
31196311 31196316
40271275 40271277
35335335 35335338
44098066 44098067
4899774 4899767
40273017 40273019
1328367 2200289
2200129 2937833
35049307 35049311
40274270 40274272
35049307 35049312
2200129 2937829
2200129 2937841
4544 44399
4544 44386
4544 44419
4544 44420
4544 44421
4544 44422
593517 1328370
35048269 35048273
40274809 40274810
44087740 44087742
44074220 44074222
40273074 40273077
1328367 2200163
39116898 39116897
30489424 30489432
30489424 30489431
30489424 30489430
44089735 44089741
40275195 40275197
1328367 2200177
1328367 2200261
593517 1328377
29711267 29711272
40273286 40273290
1328367 2200221
1328367 2200214
1328367 2200227
31203142 31203145
44090773 44090772
40271732 40271733
15165415 15165418
3844101 4082686
3844101 4082670
1328367 2200146
1328367 2200182
1328367 2200195
593517 1328373
14924987 14924990
4719198 4721597
4546617 4564656
1328367 2200187
1328367 2200208
40274635 40274636
1328367 2200178
593517 1328378
593517 1328376
593517 1328369
593517 1328380
1328367 2200196
44296 187800
1328367 2200191
1328367 2200192
1328367 2200230
1328367 2200236
1328367 2200237
2200287 2200237
1328367 2200204
1328367 2200256
593517 1328379
1328367 2200207
1328367 2200197
1328367 2200243
1328367 2200234
1328367 2200241
1328367 2200251
1328367 2200263
1328367 2200259
1328367 2200198
593517 1328372
4592636 4603814
1328367 2200158
1328367 2200238
1328367 2200229
44090855 44090854
169616 523400
169616 523403
30482743 30482746
44074593 44074594
44373 188655
35051537 35051540
2200148 2937989
1328367 2200173
1328367 2200180
1328367 2200206
1328367 2200201
15097236 15097238
1328367 2200231
30489424 30489433
40272483 40272485
29711254 29711261
39116901 39116900
44089822 44089825
44089822 44089824
540 4637
540 4636
43539576 43539579
43539576 43539578
43539576 43539577
44087035 44087037
4544 44351
4544 44392
30408077 30408082
44298 187871
44298 187866
44298 187861
44298 187888
44298 187882
40272431 40272433
40275529 40275532
30489424 30489435
44090163 44090165
44087022 44087024
40272753 40272755
40274869 40274870
44098120 44098121
4899779 4899768
40272554 40272555
44090000 44090003
44090116 44090118
44090116 44090119
44086919 44086922
44086919 44086921
44086940 44086942
44086940 44086943
44090065 44090068
44090065 44090069
593527 1328393
44317 188255
593224 1327906
540 4621
44074714 44074715
3844101 4082682
4768352 4768943
4544 44325
44373 188653
44072804 44072805
4544 44349
44301 188026
44301 188027
44301 188028
30460039 30460037
40273065 40273067
40272376 40272377
40272374 40272375
40273443 40273445
40272783 40272784
44075104 44075105
44301 188029
40272818 40272819
40272363 40272364
44301 188030
44301 188031
44301 188032
44301 188033
44301 188038
44301 188035
44301 188036
44301 188037
4544 44317
44301 188034
4544 44346
4993335 4993264
2200129 2937842
31202587 31202591
540 4619
29711254 29711260
4544 44361
4229635 4337844
4229635 4337843
30475184 30475185
31196311 31196318
31202587 31202590
31202587 31202594
4544 44404
4861277 4861293
44296 187766
44296 187776
44296 187767
40273283 40273285
40010460 40010459
40273838 40273839
30480608 30480610
30479129 30479132
30463793 30463797
35080943 35080941
30476799 30476800
35080943 35080951
35080943 35080949
35080943 35080950
35080943 35080952
4544 44382
1328367 2200175
3844101 4082683
40272559 40272567
40272559 40272568
31202587 31202596
31202587 31202595
31202587 31202593
31202587 31202592
44091643 44091644
4833287 4833315
4876126 4876135
4739931 4741169
4811456 4811575
30481675 30481678
4838522 4838551
540 4546
540 4547
540 4549
540 4554
540 4555
540 4556
2200287 2938327
43689289 43689293
540 4557
540 4558
540 4604
540 4574
540 4606
44075061 44075062
540 4578
540 4590
540 4576
40275095 40275096
540 4560
40273338 40273340
40273338 40273341
540 4561
540 4562
540 4605
540 4579
540 4577
540 4563
540 4601
540 4582
540 4575
540 4566
31195441 31195446
540 4567
540 4565
540 4591
540 4595
540 4570
540 4568
31203630 31203633
44301 188074
31203630 31203634
40274946 40274948
44090850 44090851
44441 188921
540 4573
44086851 44086853
540 4581
2986971 3502774
2986971 3502775
2986971 3502776
540 4580
540 4597
540 4585
2986971 3502777
2986971 3502778
2986971 3502771
2986971 3502779
540 4569
540 4592
540 4631
540 4564
540 4572
44089707 44089709
540 4583
540 4584
540 4598
540 4571
3502774 3860574
3502774 3860575
3502775 3860577
3502775 3860578
3502776 3860580
3502776 3860581
3502776 3860582
2986971 3502780
3502780 3860632
3502780 3860633
2986971 3502781
3502781 3860634
2986971 3502782
2986971 3502783
3502783 3860635
3502783 3860636
2986971 3502784
3502784 3860637
3860637 4091477
3860637 4091478
2986971 3502785
3502785 3860639
3502785 3860640
2986971 3502786
3502786 3860641
3502786 3860642
3502786 3860643
2986971 3502787
3502787 3860644
3502787 3860645
3502787 3860646
2986971 3502788
3502788 3860647
2986971 3502789
3502789 3860648
3860648 4091489
3860648 4091490
3502789 3860649
3860649 4091493
2986971 3502790
3502777 3860583
3860583 4091344
3502777 3860584
3860584 4091347
3502777 3860585
3860585 4091350
3860585 4091351
3502777 3860586
3502777 3860587
3860587 4091354
3502777 3860588
3860588 4091356
3860588 4091357
3502777 3860589
3860589 4091359
3860589 4091360
3860589 4091361
3860589 4091362
3502777 3860590
3860590 4091364
3502777 3860591
3860591 4091366
3860591 4091367
3860591 4091368
3860591 4091369
3502777 3860592
3860592 4091371
3860592 4091372
3860592 4091373
3860592 4091374
3502777 3860593
3860593 4091376
3860593 4091377
3860593 4091378
3502777 3860594
3860594 4091380
3860594 4091381
3860594 4091382
3502777 3860595
3860595 4091384
3860595 4091385
3502777 3860596
3860596 3502814
3502814 3860653
3502814 3860654
3860596 4091387
4091387 4240601
4091387 4240602
4091387 4240603
4091387 4240604
3860596 4091388
4091388 4240606
4091388 4240607
4091388 4240608
3502778 3860599
3860599 4091390
3860599 4091391
3860599 4091392
3502778 3860600
3860600 4091394
3860600 4091395
3502778 3860601
3502778 3860602
3860602 4091397
3860602 4091398
3860602 4091399
3502778 3860603
3860603 4091401
3860603 4091402
3502778 3860604
3860604 4091404
3502778 3860605
3860605 4091405
3860605 4091406
3860605 4091407
3502778 3860606
3860606 4091408
3502778 3860607
3860607 4091409
4091409 4240623
4091409 4240624
4091409 4240625
3860607 4091410
4091410 4240627
4091410 4240628
3860607 4091411
4091411 4240630
4091411 4240631
4091411 4240632
3860607 4091412
4091412 4240634
3502778 3860608
3860608 4091414
4091414 4240636
3860608 4091415
4091415 4240638
4091415 4240639
3860608 4091416
4091416 4240641
3860608 4091417
4091417 4240643
2986971 3502791
2986971 3502792
2986971 3502793
2986971 3502794
2986971 3502795
3502779 3860611
3860611 4091419
3860611 4091420
3502779 3860612
3860612 4091422
3860612 4091423
3502779 3860613
3860613 4091425
3860613 4091426
3502779 3860614
3860614 4091428
3502779 3860615
3860615 4091430
3860615 4091431
3502779 3860616
3860616 4091433
3860616 4091434
3860616 4091435
3860616 4091436
3502779 3860617
3502779 3860618
3502779 3860619
3860619 4091440
3860619 4091441
3860619 4091442
3502779 3860620
3502779 3860621
3860621 4091445
3502779 3860622
3860622 4091447
4091447 4240668
4091447 4240669
4091447 4240670
3860622 4091448
4091448 4240672
4091448 4240673
4091448 4240674
3860622 4091449
4091449 4240676
4091449 4240677
4091449 4240678
3502779 3860623
3860623 4091451
3860623 4091452
3502779 3860624
3502779 3860625
3860625 4091455
3860625 4091456
3860625 4091457
3860625 4091458
3860625 4091459
3860625 4091460
3502779 3860626
3860626 4091462
3502779 3860627
3860627 4091464
3860627 4091465
3860627 4091466
3860627 4091467
3860627 4091468
3860627 4091469
3502779 3860628
2986971 3502796
2986971 3502797
2986971 3502798
2986971 3502799
2986971 3502800
2986971 3502801
2986971 3502802
2986971 3502803
2986971 3502804
2986971 3502805
2986971 3502806
2986971 3502807
3502771 3860565
3860565 4091317
3502771 3860566
3860566 4091319
3860566 4091320
3502771 3860567
3860567 4091322
3860567 4091323
3502771 3860568
3860568 4091325
3860568 4091326
3860568 4091327
3502771 3860569
3502771 3860570
3860570 4091328
3502771 3860571
3860571 4091330
3860571 4091331
3860571 4091332
3860571 4091333
3860571 4091334
3502771 3860572
3860572 4091335
3860572 4091336
3502771 2986966
2267675 2986967
40273441 40273442
44298 187919
1327905 2199848
40273311 40273312
40273311 40273313
44074316 44074318
44074316 44074319
44078782 44078783
44078782 44078784
35340451 35340457
44089619 44089621
44298 187876
44298 187860
44298 187858
40273080 40273082
44298 187881
44298 187878
44298 187863
44298 187869
35481619 35481621
44298 187925
44298 187873
44298 187961
44298 187877
44298 187887
593224 1327905
2199855 1327905
44298 187859
44298 187865
44298 187880
4546617 4564655
44298 187867
44298 187870
44298 187868
44298 187879
44298 187874
44298 187884
44298 187857
44298 187896
44298 187927
44298 187864
44298 187921
44298 187965
44298 187883
44298 187922
44298 187886
44298 187898
1328367 2200166
35080960 35080963
44298 187926
44298 187901
44298 187872
44298 187900
44298 187966
44298 187895
44298 187875
40275119 40275120
44298 187897
44298 187903
44298 187885
44298 187894
44298 187892
44298 187899
44298 187889
44298 187967
44298 187902
44298 187893
44298 187924
44298 187968
44298 187891
44298 187928
44298 187969
44298 187970
44294 187667
4544 44320
44298 187971
44298 187972
44298 187973
44298 187974
44074316 44074317
44088613 44088615
44088613 44088616
44086962 44086965
44074580 44074581
44074580 44074582
44301 188040
44301 188045
4457541 4494695
4892506 4892514
30462543 30462545
30474348 30474350
4674028 4679159
30461132 30461134
30465960 30465962
30457410 30457412
30479285 30479287
30473441 30473443
30460416 30460419
30467314 30467316
30467321 30467322
30462547 30462548
30480260 30480262
30482323 30482325
30481588 30481590
30462562 30462564
30465980 30465984
30467248 30467249
30480943 30480944
30470472 30470474
30460480 30460481
30467317 30467319
30478146 30478147
39344020 39344021
30462514 30462516
30472723 30472724
30478131 30478134
30470497 30470498
30474354 30474359
30467814 30467818
30471204 30471207
30474105 30474106
39344030 39344031
30465919 30465921
30482257 30482259
30472662 30472663
39344027 39344028
4709173 4711815
30468479 30468480
30457429 30457430
39344018 39344019
30482805 30482806
30477489 30477490
39344015 39344016
39344034 39344035
39344022 39344023
30473451 30473453
39344024 39344025
39344011 39344012
39344032 39344033
39344013 39344014
30482450 30482452
30463643 30463647
30481417 30481418
4895678 4895686
44301 188046
44301 188047
44301 188048
44301 188049
44301 188050
44301 188051
44301 188052
44090163 44090169
44090163 44090168
44090163 44090167
4544 44341
44074212 44074214
44074208 44074210
44086882 44086880
44086823 44086826
40274493 40274491
43689289 43689291
43689289 43689292
43689263 43689266
43689263 43689265
43689263 43689268
43689263 43689267
43689277 43689280
43689277 43689279
43689277 43689281
43689301 43689303
43689301 43689304
43689301 43689305
43689301 43689306
31202884 31202887
31202884 31202888
44090116 44090120
44089735 44089737
44089735 44089739
44086861 44086863
44086888 44086890
44086916 44086914
44086895 44086893
44073635 44073636
44086929 44086934
44073785 44073790
44086823 44086825
44087009 44087012
540 4559
44086940 44086945
44086940 44086944
44086929 44086933
44086929 44086932
40273824 40273825
40273824 40273826
40272354 40272353
4544 44298
540 4596
44298 187920
44296 187777
44296 187762
540 4610
44296 187770
44296 187763
44296 187801
44296 187802
44296 187803
44296 187764
44296 187775
44086870 44086872
29706829 29706828
31203066 31203068
44298 187923
44088144 44088146
44088144 44088147
44088144 44088148
44086744 44086748
44086744 44086747
44086744 44086749
44086744 44086746
44090065 44090067
44090065 44090070
44087000 44087002
44087000 44087003
44087000 44087004
31202326 31202329
31202326 31202330
44087009 44087011
44087050 44087052
44087050 44087053
44087050 44087054
44087050 44087055
44086991 44086995
44086991 44086994
44086991 44086993
44087071 44087073
44087071 44087074
44087071 44087076
44087071 44087075
44087071 44087077
44298 187958
44089963 44089966
44089963 44089965
44089963 44089967
44089913 44089919
44089913 44089918
44089913 44089916
44089913 44089915
44089913 44089917
44086754 44086756
44086754 44086757
44086754 44086758
44086953 44086955
44086953 44086957
44086953 44086956
44087084 44087087
44087084 44087086
44073785 44073786
44073785 44073787
44073785 44073788
44073785 44073789
34344155 34344157
34344155 34344158
44089735 44089740
44089735 44089738
4544 7696
4544 44379
46084169 46084168
30481600 30481601
44086898 44086900
30459568 30459567
4800920 4801109
39288690 39288692
4674028 4679160
4674028 4679161
4564724 4579864
4752162 4753123
4775954 4776463
4764027 4764721
4753077 4753973
4782632 4783072
4788734 4789063
4683641 4688179
2916329 3456608
4592783 4603952
3844101 4082699
40272945 40272947
540 4587
4993345 4993286
40273433 40273434
35048269 35048274
40273787 40273788
44294 187668
40272916 40272917
4993342 4993283
40274458 40274459
540 4602
40271270 40271271
44086962 44086964
44086962 44086966
30232844 30232842
40274185 40274187
4544 44337
44072635 44072636
44086971 44086973
44086971 44086975
44086982 44086984
44086982 44086985
44086982 44086986
44087972 44087974
44088189 44088191
4544 44326
4544 44352
44088802 44088804
2419199 3105437
44088666 44088668
44088666 44088669
35065023 35065025
43618937 43618939
43618937 43618940
44074329 44074330
1328370 2200348
4544 44362
4544 44330
44098112 44098113
40267947 40267948
40274874 40274875
4544 44411
44296 187791
540 4594
540 4593
540 4589
540 4586
540 4588
43602387 43602388
4544 44355
4544 44398
44086929 44086931
44088802 44088805
540 4603
540 4600
44086774 44086778
169616 523410
40273279 40273280
540 4599
540 4607
4544 44368
31195260 31195263
4544 44292
40274458 40274460
40274458 40274461
40274458 40274462
40274458 40274463
40274458 40274465
40274458 40274464
44349 188489
31195260 31195264
31195260 31195262
4544 44405
4544 44374
4544 44372
30460450 30460452
44072811 44072812
4544 44388
2200142 2937939
44298 187932
3844101 4082687
4544 44400
1328367 2200300
44090762 44090761
44090762 44090763
44090762 44090764
44090767 44090766
44090767 44090768
29711254 29711257
4544 44383
2200287 2938329
593224 1327933
4544 44331
4544 44393
44074694 44074692
40274105 40274112
2199848 2937449
30409599 30409601
31203199 31203200
31203199 31203202
40273937 40273938
44088778 44088780
44088778 44088781
44367 188598
4544 44380
30481600 30481599
30472603 30472602
43629960 43629962
30472603 30472606
1328367 2200290
35080960 35080958
30409599 30409602
4993336 4993265
4544 44319
4544 44403
4544 44338
4544 44395
4544 44332
4544 44363
4544 44322
593517 1328382
4544 44327
4544 44347
44087028 44087030
4544 44333
1328367 2200153
4544 44384
1328367 2200159
44074923 44074924
30472603 30472607
44090065 44090071
44086971 44086974
593527 1328390
7696 62866
7696 62858
44298 187934
2199848 2937450
40273430 40273431
44400 188838
4544 44375
4544 44366
4544 44364
4544 44328
4544 44381
4544 44353
4544 44356
4544 44323
4544 44334
4544 44357
4544 44358
4544 44376
4544 44339
4544 44377
4544 44324
4544 44390
4544 44394
4544 44348
4544 44378
4544 44365
4544 44329
4544 44354
4544 44387
4544 44342
44089707 44089710
40272095 40272096
29711254 29711258
29711254 29711259
39344041 39344042
30467173 30467174
30460476 30460477
30461644 30461645
44072769 44072770
44298 187890
40272720 40272721
40272372 40272373
40272297 40272298
44090776 44090777
44090560 44090561
40273819 40273820
2200129 2937835
40272614 40272616
1327905 2199856
44090560 44090562
40272768 40272769
4544 44397
4544 44360
35049307 35049314
2199845 2937426
1327904 2199844
40272559 40272561
4928940 1291757
575934 1291757
2200129 2937837
40272593 40272596
4929086 4929098
1328367 2200183
40273443 40273446
40273502 40273504
40273502 40273505
40272884 40272885
3529114 3529122
3844101 4082673
3844101 4082684
44073682 44073683
44073682 44073684
44073682 44073685
44073682 44073686
44073682 44073687
44090560 44090563
44090560 44090564
44089138 44089140
35080960 35080966
40271720 40271721
44090403 44090405
30408085 30408087
44086845 44086847
35077675 35077673
3844101 4082698
44298 187931
1328367 2200179
44298 187930
2200148 2937991
30482471 30482474
31195441 31195443
40272097 40272098
40272515 40272516
44074601 44074600
44086845 44086848
44089401 44089407
40274788 40274789
44076326 44076327
4544 44418
35397280 35397279
40273072 40273073
4993337 4993364
4993337 4993266
44296 187768
44073749 44073750
44086795 44086797
44086795 44086798
44089401 44089405
44089401 44089406
44089401 44089404
44089401 44089403
44088802 44088806
44086774 44086777
44086774 44086776
44086810 44086812
44089797 44089802
44089797 44089800
44089797 44089801
44089797 44089799
44301 188083
44301 188084
44301 188085
44298 187933
44301 188086
44301 188087
44301 188088
44301 188089
4544 44315
4544 44321
4544 44369
44296 187765
40275121 40275123
40272572 40272573
40275018 40275019
44088744 44088747
3844101 4082681
30475734 30475733
40272676 40272678
40274467 40274468
40271936 40271937
30472603 30472608
30472603 30472609
30472603 30472610
30472603 30472611
44087594 44087596
44087594 44087597
44073808 44073809
44086878 44086876
40022968 40022967
40274432 40274436
4544 44401
40272753 40272756
30470513 30470515
44086803 44086801
40272593 40272597
44086803 44086805
31201118 31201119
40272990 40272991
43626393 43626396
44097962 44097960
40275130 40275132
540 4666
1328367 2200291
540 4623
44074691 44074689
4544 44304
40274142 40274143
540 4657
43626393 43626398
43626393 43626399
40272300 40272304
4544 44295
44296 187778
540 4550
40272559 40272562
40272559 40272560
40272559 40272563
40272559 40272564
40272559 40272566
40272559 40272565
40272762 40272764
40272762 40272763
40275542 40275544
4544 44299
540 4553
540 4551
540 4552
4544 540
44088017 44088019
44086783 44086785
44086783 44086787
44086783 44086786
35080960 35080968
35080960 35080967
35080960 35080969
44075051 44075052
44088744 44088746
44089233 44089235
31202979 31202980
31202979 31202982
31202979 31202981
2937442 1328367
44296 187761
44296 187760
31196870 31196871
4544 44301
1328367 2200288
40273437 40273438
3844101 4082674
540 4548
40274472 40274473
7696 62895
1328367 2200293
1328367 2200301
1328367 2200168
1328367 2200169
1328367 2200270
1328367 2200280
1328367 2200287
1328367 2200298
1328367 2200303
1328367 2200150
1328382 2200392
40272986 40272989
44298 187862
2200129 2937834
1328367 2200304
1328367 593517
4544 44296
44301 188043
44301 188044
1328367 2200171
1328367 2200294
44301 188042
44301 188041
44301 188039
1328367 2200172
44296 187751
4544 44423
2199848 2937446
4544 44297
2200129 2168853
30457420 30457418
30482724 30482725
29710835 29710834
1328367 2200271
1328367 2200299
1328367 2200297
1328367 2200154
1328367 2200164
1328367 2200265
1328367 2200151
4544 44371
1328367 2200309
44296 187769
44296 187771
44296 187772
44296 187773
44296 187774
44301 188090
540 4667
44301 188091
44088846 44088848
40273637 40273639
2301638 1429049
40274285 40274286
1328367 2200205
540 4668
40273424 40273426
4544 44412
40272725 40272726
40022967 40022970
40274105 40274110
40274105 40274111
581145 1298548
2199848 2937442
40274472 40274474
44074204 44074206
44074200 44074202
40271003 40271004
40272658 40272659
40274004 40274005
40273008 40273009
40274529 40274530
40272898 40272899
40273703 40273704
40273527 40273529
40272796 40272797
40273836 40273837
40272358 40272359
40273873 40273875
40272504 40272506
44089246 44089248
44090861 44090860
7696 62862
40272353 40272356
44098128 44098129
40268174 40268175
44074657 44074658
40274812 40274813
2200129 2937836
40272725 40272727
40272725 40272728
40274934 40274936
1328367 2200278
39697163 39697162
40274790 40274793
31203058 31203059
40274018 40274020
30461651 30461649
593527 1328392
40272704 40272705
31202587 31202588
40272925 40272927
40272923 40272922
40272925 40272923
40272926 40272925
1328367 2200165
4544 44359
1328367 2200296
1328367 2200279
40271613 40271614
2937450 3471315
3844101 4082678
40272300 40272303
35080983 35080981
40273319 40273320
15142347 15142352
3860583 4091345
3502778 3860609
40272888 40272889
40272593 40272595
2986971 2267676
2986971 3502809
1328367 2200246
4082670 4082708
3844101 4082708
3844101 4082685
40271987 40271988
1328367 2200170
2199848 2937451
1328367 1094676
44296 187793
7696 62867
3844101 4082676
3844101 4082677
593224 1327924
40272556 40272557
1328367 2200142
2300179 1424923
1328367 2200143
4082670 4235529
34364313 34364319
34364313 34364317
34364313 34364318
34364313 34364314
34364313 34364312
35065023 35065021
40272460 40272461
35340451 35340452
40272801 40272802
40273003 40273004
40272701 40272702
40272913 40272915
40272590 40272592
40272791 40272794
44073937 44073938
40272919 40272920
40274279 40274281
40272317 40272319
40273502 40273503
40274049 40274051
40272478 40272481
40274642 40274643
2200132 2937848
40272928 40272929
40273946 40273947
4337945 4408081
44301 188092
2200142 2937940
40275212 40275213
2200265 2938302
44074190 44074192
44087050 44087056
40274102 40274103
40272803 40272804
40273420 40273422
40273314 40273315
40273314 40273316
40272930 40272931
40272089 40272090
40272006 40272007
40274946 40274947
40272665 40272666
40271960 40271961
40272932 40272933
40273493 40273494
40273827 40273828
2200129 2937832
40272129 40272130
40273784 40273786
40272706 40272708
40272886 40272887
40274432 40274437
40272104 40272105
40271865 40271866
40272472 40272473
40271962 40271963
40271831 40271832
40274305 40274306
31195999 31196001
1328367 2200292
40272004 40272005
40272335 40272336
40272342 40272344
15142357 15142385
40272018 40272020
35340451 35340456
35340451 35340455
40274469 40274471
44307 4544
31203434 31203437
2513574 3180405
40271831 40271833
40272585 40272586
40274656 40274657
43626393 43626395
4719198 4721606
43626393 43626400
593527 197328
593517 197328
31203206 31203211
40273286 40273289
31203142 31203146
540 4630
540 4669
540 4670
540 4671
540 4672
540 4673
540 4674
540 4675
540 4676
44827 4665
540 4665
40023300 40023301
523400 1228369
31203310 31203311
4918347 4918350
40272380 40272381
40272311 40272312
4993352 4993329
40272926 40272924
40272923 40272924
44078042 44078043
40274642 40274644
4544 44370
4544 44406
29711405 29711404
29711480 29711479
29711634 29711633
29711685 29711684
44074216 44074218
40272441 40272443
44073821 44073820
4544 44385
40275271 40275276
1328367 2200228
3844101 4082707
40273307 40273308
40272326 40272328
1328367 2200258
4544 44293
1328367 2200239
40272954 40272956
1328367 2200222
4544 44373
40271993 40271994
4544 44336
30480616 30480619
4544 44367
40266404 40266406
2200142 2937941
4544 44302
1328367 2200248
44098116 44098117
2200186 2938082
44301 188093
40272022 40272024
40273520 40273521
40274245 40274246
3503942 2989157
44301 188094
1328367 2200162
35048269 35048271
40271056 40271057
40275529 40275531
4928946 4928940
30489424 30489429
44088504 44088508
44088073 44088075
44090000 44090002
44090163 44090166
44088504 44088506
44088504 44088507
40272453 40272454
43539594 43539596
1328367 2200232
40272000 40272001
15142347 15142356
40271712 40271713
40272905 40272907
40273452 40273453
1327905 2199852
2199855 2199852
44297 187813
40274973 40274976
4544 44318
4544 44344
40274444 40274446
40271945 40271946
1328367 2200225
40272063 40272064
40272812 40272813
40274045 40274046
1328367 2200254
40271067 40271068
1328367 2200189
1328367 2200209
31196311 31196314
40272158 40272160
40273074 40273076
35051537 35051543
35051537 35051541
43606403 43606405
15142347 15142343
3561492 3901541
40272687 40272686
40275121 40275124
35051537 35051542
40275011 40275012
593224 1327934
1328367 2200160
1328367 2200260
1328367 2200161
44087695 44087697
44087702 44087704
4082670 4235530
1328367 2200266
44294 187655
44294 187656
1328367 2200211
1328367 2200184
63358 245943
40274766 245943
540 4638
40272687 40272689
40272650 40272652
15142353 15142372
30482797 30482798
35049307 35049313
3844101 4082700
4544 44350
40274455 40274456
44072817 44072818
40273842 40273843
40274066 40274067
4544 44345
4544 44340
40274944 40274945
40273012 40273013
40273074 40273078
40271957 40271958
40272815 40272817
40272815 40272816
40272464 40272465
40272605 40272607
31195441 31195440
44090848 44090849
1327904 2199845
4544 44335
30408451 30408448
40272166 40272169
40272166 40272168
40271952 40271953
1849244 1000067
40272059 40272061
10244765 10244777
1328367 2200216
1328367 2200244
40275115 40275117
40272777 40272778
40272141 40272142
40273300 40273301
40271985 40271986
40272714 40272715
40272642 40272643
40272342 40272343
40273304 40273305
40272938 40272939
40272549 40272550
40272908 40272909
40272583 40272584
40274375 40274376
40272913 40272914
40274486 40274487
40275130 40275131
40273491 40273492
40273458 40273460
40272351 40272352
40272378 40272379
40273447 40273449
40273447 40273450
4544 44391
2812489 2053182
14967969 14967975
40275542 40275545
40272729 40272730
40272102 40272103
40274063 40274065
40272998 40272999
40274632 40274634
40272895 40272897
40273859 40273860
40274432 40274435
40273496 40273497
40271998 40271999
40272338 40272341
40272791 40272792
40272791 40272793
40273926 40273927
40273637 40273638
1328367 2200250
40274640 40274641
40274185 40274186
35047608 35047610
40273304 40273306
169616 523411
40272569 40272570
40275016 40275017
40274469 40274470
40272478 40272480
44090753 44090752
40272478 40272482
4544 44442
44090829 44090830
14967969 14967974
2938082 3471835
40275271 40275275
40274066 40274068
1328367 2200245
43539594 43539595
44073769 44073770
1328367 2200249
40272450 40272451
4544 44316
2200143 2937958
3844101 4082702
3844101 4082703
3844101 4082705
3844101 4082709
1328367 2200233
44074178 44074180
44074182 44074184
44074186 44074188
44074194 44074196
44074226 44074228
1328367 2200295
43433208 43433210
1328367 2200167
44098106 44098107
40272717 40272718
40272998 40273000
44074920 44074921
40272986 40272988
40273321 40273323
31203206 31203209
38643791 38643792
1328367 2200255
4603995 4614060
540 4635
35049239 35049237
44074641 44074642
44098134 44098135
44098138 44098139
44098150 44098151
2200132 2937845
1328367 2200202
1328367 2200219
40272980 40272982
540 4677
40271856 40271857
43626393 43626397
30408174 30408176
31196200 31196201
40273001 40273002
40274069 40274070
1328367 2200257
40272450 40272452
40272656 40272657
40271559 40271561
40273819 40273821
40273868 40273871
40273437 40273439
1328367 2200212
4082670 4235531
