4218545 5469
4422382 42322
33359943 142065
33337009 218110
33497440 95476
33497412 299643
28764324 66148
33299661 374496
33288492 64945
15666856 99520
33265397 126905
33254428 119556
33493173 97406
33496169 355631
33498540 267323
33288503 188743
33492256 36178
33298959 312772
33496161 41541
33492032 260843
33286501 112008
33286498 70616
33491592 62372
33492165 93763
33288507 34680
33265400 75157
33265404 102227
33494380 97967
33464980 131191
33402268 128023
33471034 320856
33434594 226588
33387790 172287
33288511 42323
33379522 361646
33451067 654165
33474750 524081
33398711 65891
33253519 299760
33349451 324174
33293566 100050
33272222 310730
33272248 41577
33293563 312773
2398795 87869
33299051 112353
33293619 1621
33325356 97968
33293560 53309
33504623 100173
33504503 220047
33504706 192467
33503902 128627
33299380 416660
10335619 134384
28764359 102869
33309519 307295
33295900 272747
33295328 170776
33320292 112766
33320228 325865
33320225 109136
33320165 101773
33325720 352627
33269470 137091
28764388 253506
33320168 867739
10117219 1394
33309516 53112
33320202 104318
3613615 280588
28764360 340407
33492364 259815
33500115 177083
33499928 330019
28764431 127306
15257709 1489902
33309562 157139
2736443 100865
33500698 98894
33495507 227444
33495290 124601
33495397 227326
33488195 190414
33499112 233355
33495400 218350
33499567 207959
33500628 862062
33309542 63684
33495382 1488841
33499569 392706
33499126 81079
4431150 1183336
4431151 38601
33500665 109460
33499128 52283
33499101 939247
33500600 235251
33309565 53235
33500637 218184
33299086 207674
33299537 99466
33299054 338367
33299529 109361
33299553 92391
33500806 248043
33299547 95477
33299032 159430
33498272 335602
33313281 121061
33500603 413231
33318579 99992
33318573 65259
33314438 36140
33314439 104605
33314518 1404
12127333 16954
33314440 105228
33315573 54271
33314378 654
33315653 92648
28864947 54483
33316550 77324
28736326 100356
33511730 1417754
33529748 226733
33528836 536794
39496782 659890
33524875 43032
35535747 70121
33254926 45764
33315483 95422
33316472 89888
33353763 50514
2163126 1339
33317390 54525
33327089 67999
33317485 42219
33292674 58039
33361953 130949
21609965 72676
33324882 218112
33254266 134679
33316795 79193
33317072 100677
10285473 16994
33326949 215784
33326946 60164
33326920 63515
33342467 653
33342437 117470
33342600 117648
33360371 98796
33360411 124131
33360349 93764
33360358 48888
4328408 54314
33360354 180832
33360509 44907
33360505 67174
33288178 153674
33360501 248621
33360496 76395
33288162 220722
33288173 79283
33288197 141402
33342677 213165
10285524 54186
33287969 17120
33287966 37053
33287946 231113
33288186 64126
33288183 105473
33288192 226888
33288189 51429
33288260 44865
33292975 17123
33292954 333822
33373146 51519
33292979 46272
33307980 91103
33307977 17050
33307971 104743
33307974 28898
33360755 154403
33318983 105418
33360670 43404
33359721 40039
33342583 142914
33386588 64173
33342586 60455
12174876 466085
33342577 102870
33342638 104229
33342624 65703
33342580 95100
33342591 22826
33360040 59525
33360048 247334
33360078 96570
33391393 170726
11313112 95103
33360439 215666
28733384 47040
33360444 281986
33293087 77552
33293090 135079
33292408 178308
33318068 43405
33309505 19415
33318686 23039
15035903 1413
33396500 5466
33318689 51643
33316579 287360
33316582 34875
33370383 218065
33380840 60295
33380842 96827
33380838 104678
33379522 290225
33386489 54865
11300075 78274
33396502 44178
33384557 62429
33386487 276394
33386859 17881
33386863 22248
33386857 263436
33386850 112305
4769391 135432
4741760 164078
33348353 5597
9766501 121189
33395732 43100
4760718 72284
33389927 36474
33389932 50033
33398303 100270
33292394 144456
10306456 126730
33403645 5160
33406990 1407
4750900 84855
4743711 94643
33396497 43950
33348369 142276
10366212 314744
33409715 240412
33408318 237605
33408241 240413
4718677 128344
10356950 17961
10356038 51648
10270162 199191
33415193 56781
30846185 52395
33414997 51277
33411807 51520
4708715 72377
4743832 57299
33292529 72378
10367067 72379
4741935 72380
31165813 72375
33348431 84112
10331761 51187
33348425 369673
4702642 109955
33300449 249565
4561063 72843
33300440 52189
33300437 1248774
4641860 55532
10360938 238997
4654552 51717
33464362 225522
33401229 157427
4682821 135244
33334218 57066
4765729 189085
33391793 21710
33392936 146736
33392940 35679
33402287 396895
33400515 48506
33400538 60040
33400532 128473
33401176 104829
4743710 129480
33403742 28899
33405571 218436
33410479 330581
33348423 249707
33416813 71955
33416810 116944
33416738 73819
33348447 132286
33348453 72285
30861660 92138
4732215 109741
33348450 139147
10307480 91464
1967830 91462
33331066 51996
33331052 91465
33331054 66524
4193933 19408
4628006 5828
33391349 4412
30856102 78076
10287333 94380
33348379 54559
33348400 43834
33425006 192828
10361398 281607
33420661 44159
33298666 98162
33298664 20887
4730467 657922
33307404 194270
4673679 5545
30860106 38439
33376016 43717
33377201 42504
33378173 50508
33377198 226585
33377278 149816
33378797 201264
33377271 139708
33378176 236759
33377275 55923
33374962 16182
28764326 15333
33378089 22249
33379044 37672
33339193 56376
33351387 46217
33378304 54415
33382982 146805
33380779 1409
33380782 140106
33380426 152034
33379242 37582
33380195 35961
33382889 10098
33380225 37294
33380164 101602
33380158 95098
8717269 46681
33380785 201485
33377096 102299
15576884 42805
33382961 21167
33380975 104607
33380168 46167
33382483 12037
33380972 52190
33380161 68554
33382989 42613
15528120 51910
33389977 80515
33390489 2142
33351457 36588
33351432 294887
10300240 14967
33390491 137996
10288456 99523
12721419 79168
33387254 51079
33387790 104463
33388070 597428
33390229 80303
33388283 360804
33387802 37361
33388873 50519
33387799 36679
33387787 168670
33388286 152377
33387793 52923
33387784 1516
33387796 144988
33351436 338860
33389984 54406
10360825 218291
33411295 233106
33351442 54792
33413270 219628
33405323 181422
33413272 19587
10361022 324240
33482978 288413
33484107 219935
33482674 98092
33389920 54826
33484113 215182
33482980 36680
33482448 218797
33438074 330818
28734827 149474
33353733 104404
33339327 423710
10116244 148382
33461264 144989
15509640 198874
30850923 54660
33286225 144987
33398253 150039
33334454 234127
33334633 224633
33391187 83634
10366180 445147
33286234 225052
33391317 336722
33390581 100776
33400793 651676
33397875 180683
33409755 110841
33368976 18252
33428605 36477
33259793 144131
33259786 120745
33291450 162832
33366110 78187
33337752 155437
33337549 119439
33337446 312775
33398263 35463
2057965 5748
33337405 92198
33337402 156164
33337412 98444
33337408 208330
10286627 18045
32558673 56307
33272223 141977
33399922 50953
33400222 104224
33401554 54269
33399901 211889
33399773 94516
33399321 387913
33399814 91515
33399892 22250
33399893 50846
33326514 186701
33412777 209912
33415383 99330
33409262 54526
33398843 176863
33409263 22824
33404709 46497
33411622 86013
33415298 150755
33411353 209388
33409320 160657
33409211 1630
33412861 56308
33412750 16635
33412769 687554
33410006 35779
33461055 22782
33452582 351808
33457596 213366
31083382 97306
33451203 37362
33444619 240646
33457683 290916
33464986 219936
33451066 218185
33454174 93546
10289646 90495
33420868 98720
33428942 327597
33434518 351435
33434617 209342
33434524 288091
33423086 37722
33422975 153344
33428770 133317
33432449 36589
33426121 67201
12089019 75957
33407284 93594
33403977 37622
33404806 89007
33404804 56237
33403186 231641
33404808 94517
33403981 132379
33464972 224515
33465065 228940
33464979 96438
14626507 38525
33465227 36067
33422976 52566
33465214 164775
33457693 55177
33465203 173966
33481050 308519
33477569 189310
33481298 105326
33467834 1631
33481308 44313
30860675 169267
33481103 39291
33481242 39293
33481152 39294
33481238 39295
33481228 39296
33481068 39297
33481264 39298
33481230 103377
33437956 52567
33437948 214371
30829682 54866
33437976 142862
11300487 47365
33437953 187665
33425562 1411
14268475 163884
4338868 43407
31092633 180835
33437994 204540
33437959 180836
33327237 18888
4622480 5598
30860938 60116
33321281 104402
33477299 108436
33326150 234767
33326141 85001
33482644 132493
33476487 119009
33471371 182040
33479518 132685
33479935 53190
33479646 484370
30847121 107619
33480167 35921
33321333 199398
33448144 3924
31083672 47126
33449029 16633
33457252 200308
33456064 158339
33449807 88202
33463385 276154
33463814 5159
30861617 80893
33468390 35962
33463961 322951
33456795 85522
33449860 54014
33438885 52568
33434086 62878
33438895 110840
33444557 54560
33444530 470580
33436584 608579
30841299 58289
30710888 36005
33439093 52666
33434526 153227
33444664 84325
33444641 117483
33444172 144230
32891049 121059
33483629 72775
33479292 189268
33471595 189168
30858877 238003
33476464 117044
33479209 76396
33440168 75379
33480007 365151
33434568 117555
33351372 54527
33351347 102963
33351350 95947
33353345 5161
33366414 219479
30830312 43033
33345337 62880
33345303 49102
29026833 110130
33345415 49394
33289440 49453
33407450 403728
33410759 96571
10357144 105860
46241718 51430
33345524 51188
30857350 74792
33345520 305811
14650914 327613
33445575 92718
14593970 280773
33345382 48996
33345385 190353
33345423 109099
33345474 105189
33399960 237960
33407453 331028
30828113 63609
33409681 82054
33415170 138393
33411215 86005
33414736 73593
33441890 225053
33439798 214574
33345207 233431
33345311 373264
33345507 51719
33345496 434445
33394899 43804
10309254 177027
33409810 36248
33413643 43643
33345551 116952
33345549 51431
33345522 43216
33424642 185072
33442127 219109
33445374 620537
12345159 54315
33278157 40899
33331667 141926
33264324 93664
11385330 127229
33350235 154866
33380441 289323
11385327 211750
33350161 130283
33350232 1402
33350222 207727
33350257 129322
4567679 51524
33391782 40834
33350292 95154
33350305 391910
33350301 110845
33350288 336586
10120805 17967
33350268 153672
33350281 96823
28936043 150268
31761143 107608
12838515 16409
33391897 1607
585897 51069
6667614 146125
33350351 144350
33350348 76285
33350345 145107
33350342 46436
30483517 147167
33289421 135706
33388017 83931
33384523 154625
33278034 50850
33388011 257215
28971031 328780
33350360 241643
33350390 177127
33388014 177264
33350397 179588
33293666 2856
33289412 218290
33350420 18042
33395403 95375
33393547 41921
33391779 222322
10286831 80421
33393147 148448
33350400 99642
33350410 54585
33407226 233492
6667615 216942
33350449 218115
10286834 102919
33350446 193101
33391413 133348
33350423 217838
33321025 202406
33350460 332712
33408567 92865
12187662 213157
33409219 554805
33350462 17878
33350505 41906
33350501 52832
33346677 218418
33278067 104679
33350619 1932
28733094 178581
28733090 76693
33350629 83547
33350557 121135
33433472 220555
33346732 54189
32031401 345850
33346735 76810
33441880 551986
33393113 57676
33443319 149326
33432523 123905
33441871 37238
10116070 179708
33440631 118039
33350713 400123
33325643 226593
33456321 223921
32031404 18112
33350704 119440
33393109 36921
33443569 164839
33325731 255374
33443612 192373
33436629 86649
33454214 76850
33476397 359418
15475090 23130
39944161 238362
1185039 120746
31761144 353764
33393295 141377
15627114 45502
33350154 179738
28445548 93320
33388539 517901
33388533 58192
33393996 52840
28733088 660797
33393154 316876
33394000 228656
7075941 82978
29026205 80423
33398705 71288
33400686 44232
10111056 215091
33400664 237895
33400693 96241
10365109 360550
33350466 105278
33414738 307580
33413688 98041
33350572 130350
4590868 54618
33393513 19011
33350481 172689
33350488 332250
33350484 58260
33350497 138391
33350662 338369
33432543 152252
33432554 41923
28733089 293393
33426201 226290
28733087 62428
33395647 36767
33439048 333654
33447970 162976
33441101 95426
33463931 139148
33463936 52570
33384745 164511
33350545 196376
15475089 85429
33350543 17883
33439140 149406
33381540 72602
33445323 189212
33444684 288536
33451207 280821
33463927 165133
33325687 84327
33456358 99583
33472826 901052
33472912 38064
33325598 18476
33473130 192376
33386644 37923
33265408 36179
33338204 449796
28733093 302126
33338240 297209
33369767 35464
11150402 112617
10277256 21893
5021284 46169
33349627 312624
33413573 220544
33386661 36989
33349630 212417
10285895 326800
33432527 157952
33349448 580659
33349427 99584
33349445 101384
33349437 94298
10277252 22251
33406021 173571
33437185 297380
31154358 43218
33432528 180837
33437363 554795
28299140 121325
24395933 152411
33349509 364998
33415607 63648
33291398 52404
15562941 93376
4938541 53473
4938585 103482
33284606 170839
33343461 221226
33281138 361706
33308127 142067
33343458 361228
33338273 51522
33364652 21713
33311504 5468
33338270 271960
33320611 92099
33364754 104746
33284507 40952
33306802 98759
33289398 117096
33364558 311447
33311498 56377
33289793 338371
33289796 45765
33291357 148093
33295422 43408
33364721 17968
33306806 103861
12928365 40040
33364563 284693
33364566 506914
33311493 291989
33364640 50954
28764432 157312
33295687 138264
33400779 17121
33394049 109095
10120286 50393
33387994 75546
33400776 218887
33387539 121324
33400993 150245
12748617 269786
14581526 307149
33465212 99519
33413599 339405
33405770 50035
33415709 110789
33423068 101893
2163696 54827
33383087 68705
33424698 109556
33423010 369672
33440256 452492
33438804 233078
33298694 135340
30979501 5794
33479391 77957
33481060 65063
14653244 97847
1536887 47364
33384492 34683
33482343 171917
33480536 363402
30989803 40042
33481966 2050
10272092 90336
33481518 94446
33480509 157102
33294038 134123
33481696 22252
33482326 126396
33384613 34779
9801243 227537
14625737 51065
33331145 156940
33449989 213367
33380777 334562
33380222 219894
33384677 96482
31079889 217719
33441459 642640
33380524 47366
33387985 134124
33366492 41910
33403652 121809
33408542 139149
10286881 48345
33422991 157454
30837673 196319
33253776 340925
33295803 121381
33273285 50520
33325587 95247
33387990 50088
28734826 123299
33255171 69002
33254251 222476
33282234 37190
33269199 38019
3330860 17290
33479289 149960
33471032 140187
33259807 217868
30828137 47367
33387982 41925
33326830 43952
33326842 86015
33326801 97972
33326795 115588
3935797 361305
30706338 127421
3044262 218119
33353182 330745
32182599 98664
33326371 333207
33284527 70134
33396580 201816
33337206 201856
33337209 92649
33276578 37051
10289570 142877
33397635 236895
33397648 137823
33397646 337567
33508993 132026
12117811 104465
33387092 40953
33253871 96243
33509439 57570
33254619 38479
33275069 186204
592106 363403
33253808 112085
33275095 363944
11592793 99707
10111400 99901
33283749 213509
31154294 22169
33257936 67340
33283751 156941
33275717 827715
33274674 120910
33254137 242693
32917545 99403
33253634 149714
33253630 213940
33253648 343183
33253638 163482
33347603 121586
32917542 607514
33326290 103631
12289554 94447
33275344 217005
33275580 362393
33311789 120860
33311796 151190
33311782 424751
33254177 152146
10317379 193264
12258476 62851
33335088 48010
33397674 54895
33397660 232959
33397667 191090
33397663 150832
13013617 218186
33254101 6351
1182402 314876
33253814 40984
33283694 124625
33254131 284569
33335073 43324
32917544 41911
33253341 93168
33275566 305554
33275736 151020
33255214 90055
33274974 46359
10111403 68199
33282452 361649
33286206 191879
33347660 126148
33286200 41515
33286204 104232
33286202 98992
33275395 91625
33254180 101653
33254865 91018
33254862 52332
33254098 309694
31081113 108414
33254604 17879
10116046 55627
33254501 350628
33253335 103242
33253506 345527
33253510 142654
33283676 832
33325975 1136801
33275592 52287
33502895 53520
33275340 542367
28919823 100177
3108122 197434
3590546 528987
1283762 74327
1283764 176652
33502188 102231
1283765 51594
33274894 75652
33275602 216474
33263739 124602
33347051 43894
33263679 62962
33396749 117506
11714744 70251
33461184 342244
2161835 109248
33461189 95895
33461187 235921
33501925 202483
33263930 51523
3443423 820593
33347054 102748
33307125 196282
2900443 213280
33494175 1634
33295958 94102
33320913 72832
2900461 216359
33331565 339583
33281145 74931
4194024 453904
33259405 130413
33359396 6243
33295421 135883
33295697 50137
33324955 117407
30828895 282560
33370383 338572
33504623 545420
33504503 56033
33504706 464494
33503902 230856
33342433 40038
33494211 109599
33479435 56115
33479712 251737
33481155 246283
33486584 319683
33498689 246644
33497123 141257
33494252 177174
33494209 99780
33494419 393094
33342454 43409
33482652 259952
33498271 319308
33471431 76676
33285418 112307
33285398 62332
33265204 222336
33285406 433119
33285411 118312
2398794 284144
