13332356 13051881
22473396 11690645
30885088 1202153
22444919 2573224
13312533 401194
24503297 7628675
24553629 3627500
24984539 2293808
1988468 2760016
24087218 901999
23858311 917075
211414 643448
23911164 5311370
24002751 2729210
23902658 1003930
208075 621266
504833 1052856
13413389 300575
23842176 3327723
25095168 573980
504503 96595
9672403 1637678
9711163 500891
9742421 875215
402934 1016817
15838172 890666
24583681 10278326
202582 608490
22326585 10888569
24136501 53130
24031163 1965770
25112347 5683683
24182505 3644597
1360272 1072999
9748083 1073004
160263 502919
407665 1041710
402931 1016736
15829859 4460939
22452369 3523777
23981844 1723921
210321 272141
24925295 272144
22426814 1285093
1028343 697473
24519131 3624182
504236 1194758
24023630 209916
24465711 1633440
4974979 1775899
22342028 83843
22340236 596328
24638347 1945117
24338309 1947731
57800 236505
171907 530756
4113092 4259080
796234 1587270
504374 1195429
24553781 1771734
24323630 5143081
23986748 4448463
817551 916044
1373608 2251014
22343578 2583412
22458713 4614417
504394 1195570
24582351 2169362
24225235 4716299
9746579 3026227
1360659 427862
14767162 4723066
24258297 3858407
583623 1301876
22445040 1391547
22334698 4730496
407340 106673
24602149 171416
22346143 1493549
25107204 10438560
171909 530811
22378034 4323037
24246479 2983542
9677683 9510887
23821112 6939669
24154175 3972396
24310795 4608092
13295158 1570583
23799219 6879174
24638063 3743434
24638073 3416589
25084925 3802793
1360261 339425
504225 1194398
210734 638988
13312435 8582510
24523582 4265558
22463858 6433227
124684 406535
14769244 3132515
504227 1194469
24282857 3071913
23945190 4163227
24622499 859089
23901719 1663541
510744 1205530
23838962 2181170
24538279 10279634
22335137 686703
1373607 2250975
24638055 6738841
25094034 3550981
24581292 1433419
23669973 2651303
352871 942842
24036375 2241119
504228 1194504
424462 1066703
24722438 6334473
160346 504145
22499228 2973071
504222 636701
22456072 1561892
43694688 1253866
22333866 12115983
326361 884868
25067293 984005
23796687 7764275
24467304 868293
22447559 6973418
4918680 3326294
9697081 1709375
3552434 2312423
9680476 9680488
24158391 13110157
24239348 9737676
24292382 9813462
22417164 9600756
208697 626946
24300746 6240461
24579178 635646
23966173 439078
24575749 2667126
24638521 9864700
24798188 923782
24132109 4778757
25010466 142219
24007644 3754261
24638551 9736215
24638541 8329022
24512316 6147328
504240 1194952
22416495 11248034
9755188 750044
22413865 1176109
13310101 1977749
25264003 11382480
504216 421793
504208 1193959
504243 64063
504245 1195108
504223 1194323
23929426 6989521
506193 1198037
24699003 6383651
22488520 335156
25076618 561299
25069601 1490485
24699311 105681
24947088 4169555
23887771 1349430
24638461 4383787
23819423 2289429
1716341 947848
408437 1043921
13311285 3073642
22347621 7397954
160266 503062
24582330 946484
24106374 39810
24918341 7971518
24999911 6851390
24321162 344880
25113921 25113925
23830082 985960
25146268 10291355
23869340 3747958
24148764 18036300
22414199 4108915
24992472 6333002
502899 1192912
13301038 869064
39269 160742
24513624 8618526
24638358 395847
24638369 5321112
24638380 911225
24638391 3685068
24638402 3228371
24638412 5981185
24638432 8646675
39270 160778
24638422 1595472
326358 884758
160464 504705
504217 294858
408043 273168
504241 563674
23774323 8749651
25180455 1487279
24433798 558407
25016165 5187606
22337948 9297882
24706825 1318586
22349512 5167701
13364591 1616496
24635128 994774
22457809 6789042
22459642 2821226
504238 1194881
24022300 5456348
24638470 5855112
25179733 2150519
23853720 1503373
24699174 1433467
25103158 5253890
24141887 3594476
23788523 4995782
24177396 1637623
24315367 11360864
24312635 9326415
25127429 3750694
24732985 10074333
24706815 3711932
24280153 997923
24263026 3709883
23860186 10281446
23954449 879026
24594558 396053
22342981 6292296
25129680 6197010
23964901 9844471
22463368 1406125
22440494 8748927
24001183 12829896
13313398 6331380
9729759 9729773
23857085 2273335
22448043 10281670
15757971 5476614
931687 66714
13319100 4457642
24318648 8848740
326362 884911
24721992 11347830
23782223 6257853
210735 639028
23965332 1707018
23817485 3505106
22417538 2300376
23885310 7074074
160303 503579
22372825 2598492
326360 884834
22429667 2453449
22359469 10281796
24627083 1850542
24144481 6706863
22463756 9404406
23965398 3319510
22417355 6995862
24331181 1406188
22339075 4737452
22372860 362081
24188868 5887949
326365 884971
1375232 2253900
504235 1194723
22329104 3842284
407997 344961
22456217 7322934
22456108 3984788
22456266 351284
22456322 5348790
504237 1194835
13345223 3149308
506571 563551
22456091 859258
24653562 321274
23669012 5709682
24146174 4262583
24945480 961674
25089517 3100545
24535256 8550400
23976751 5869305
22329044 8550387
22357263 10826414
211416 643529
13309407 2230772
23932229 5871472
24707024 3722202
24526659 4092638
24331308 908109
24455449 2011427
24338236 5706708
24629083 1986601
22424063 3600108
24706878 3886957
24706886 15458031
24706894 7977030
24315615 4450496
796226 1587039
24611425 7621426
24611415 3996292
24452734 939887
24611557 13065295
24706965 1777192
24706976 3736510
24585683 911300
24706986 1126903
24707005 1437990
24707014 1849209
23974944 2122943
24204482 345294
24167892 20648770
23811308 1550647
22423469 4763624
24557426 8650518
24928114 5327873
24545991 8260630
24628308 312650
208350 438029
25104203 4972678
24564222 5497964
24501698 383933
1373603 2250886
24145200 1059686
13380289 892279
25107220 4368273
24562815 6003892
25393133 1421332
22416840 2289686
24638315 6986538
24734127 5124327
24638337 6693268
404187 1030816
24438565 1265191
24022749 5991044
24604067 10690505
24604057 1453011
24259782 6345050
24267045 1739160
24104694 2270910
24707098 6131932
25088896 6421296
25011705 4136207
24985055 4024258
24707089 4344250
24707079 4181568
24932081 1357597
24707069 873158
506230 1198156
22334019 5155915
402929 469270
24706739 191965
24706747 2103649
24250382 3604365
24706755 2390196
24706765 300048
24706861 5082253
24706870 1741021
24706902 5234879
22411381 6017264
24270833 3996422
1192715 2067738
22326532 3071095
24706920 9377272
24706928 2483123
24015686 2983793
24706775 8828807
24707760 8758764
24707553 1002246
24707633 8102162
24707730 2499696
24707751 2555993
24707741 14171787
24707710 7292213
1375482 2254142
23776235 7000200
24971423 5422155
24149220 7049671
24708564 7294919
24708360 2175509
24708371 1297157
24708403 2174184
24708222 3888365
24708210 4763498
24689638 95856
24268385 3523045
24276444 3861541
24455486 3059591
24971476 3504634
24978374 569587
24971376 1802112
24707622 853516
24707612 3208265
24707601 10699315
24707592 2611628
24544423 773559
24707572 2513319
24707699 868102
24707671 674651
24707643 5442559
24707402 4231768
24707458 5588544
24707506 1406946
24707525 1779440
24707536 893454
24707545 3876697
24707805 872390
24707837 1724232
24707254 8082522
24707241 4550004
24707233 4653799
24544490 11932080
24971573 1405436
24707323 14547537
24707315 1405415
24707305 3014560
24707294 2281832
24707284 2596843
25158244 9531820
24707274 668081
25071836 670477
22373787 3175476
24229928 3329814
24708096 336097
24722587 1447626
24707916 2502402
24708076 653806
24236143 164743
25148414 943192
24708604 3338859
24708592 24708595
24708414 7963598
24708393 3372914
24708198 5819118
22354560 1796608
22357731 6955292
24708233 395842
24630446 2961035
24708382 910155
24708313 945446
25167165 1356725
24708253 329198
9740687 4517489
24001218 3963401
22327903 1846559
404186 1030756
211291 640625
211413 643366
22411318 5137105
86631 295628
210501 638435
25076902 7709049
23836240 1423165
25090369 1272401
24304861 2212254
86637 295720
24278599 401815
24324088 6165098
817549 1623965
22344110 2564413
1192717 1600317
13314222 224861
22430226 3706074
24264518 108656
24594169 9977285
24219423 5234235
24708828 2723795
24708839 5276866
23769136 23769146
23769193 3572138
13296724 2083593
24999518 9701454
24650920 3504215
23883465 10702610
24707447 96444
24707816 1672926
24707826 5707156
24709029 427636
24722576 4394243
122352 400880
25393306 568893
24708887 947971
24708935 1702793
24708960 1078089
24605427 3390863
24708810 4287873
24708799 858615
24259209 1936519
24708755 7837075
25393137 1096919
24708106 3161553
24708917 1774394
24516076 3890216
24708926 1520528
24471617 5842246
17630104 560461
22447563 1503630
25162476 687980
25392883 9563731
160481 505361
25392864 1606490
46514998 227146
22454973 227146
24971414 650836
24708995 14062161
24708819 2255349
24709412 7890033
24971395 6524169
25141713 3119519
24707853 5649616
24707878 2748835
24676872 10290897
24708614 1692558
24722638 1513768
1373378 2250661
24708038 3422256
24708067 872281
24708087 3966042
24707989 6985670
24708187 3106054
24261765 220148
24707958 905976
24708261 1394054
24707888 5873222
1373678 2251449
1036341 45088
2976871 2289687
1362682 2238770
319910 863971
24707340 558419
24707331 4554851
24707908 1750031
24709364 22187439
24502285 11898476
24709776 2853332
24709787 2177620
24461704 10433163
24709797 6115229
24709807 14199791
13313466 3332811
24102979 6467631
23998034 168676
24709817 731021
24709855 6005667
23874564 1581491
13372565 1755768
25069349 563537
24499677 97462
24267355 524732
25102616 837067
24709835 323887
1372923 1254877
24154852 7597465
24926556 13901613
24708128 246010
24708350 3241320
24707979 2480977
24707968 3660927
24707949 3584813
24707927 333459
24708848 926708
24708857 3196173
24708876 4363824
24708896 363761
25184695 96405
24927014 2748892
24709695 2748911
25392852 580896
23663696 8018388
24627016 695421
24708139 4020107
25078667 2453817
624133 1362960
24709685 5447483
24971407 2750264
25393196 1977403
25015024 3996687
24965082 1733754
25126430 2655969
25189896 300967
24710697 919636
24560000 1731176
24710707 6240085
24974854 1681724
160470 504876
24722598 884282
24976126 338438
24711222 859840
25126723 1990564
24946550 18974912
15838948 2459504
24708473 3234049
24654975 3072836
22409710 7442428
221468 682527
24605384 110321
24262839 3148512
25393240 860187
208085 621694
25172706 4012232
1362809 1695215
1360570 2236282
2126146 861853
24708303 5357601
24586367 1798059
24711057 3385567
24951667 4157901
24711067 8858609
24711086 6025200
24711113 1420337
24711121 1730067
24711413 7309341
22412732 316794
24926889 5733159
24711671 4019427
24708681 5274728
24708503 873794
24708533 6497654
24708523 6223703
24708481 2440981
25177903 9776529
22415460 4445942
22331639 4589868
2075812 2831816
329214 892721
22415493 2652218
23785516 10750691
23884180 3221379
24195950 914927
22458153 10335268
25021275 3662514
13292918 3170916
24708464 7091021
23900415 3326957
1373611 2251086
24710754 871848
24711481 674370
24683311 6139324
30886744 4209268
24520198 2438471
24523488 922000
22363231 1636732
24711662 1674206
23830022 190303
24297902 2881446
24296300 2190012
24147269 1889355
24708646 4017071
25163281 2738412
24988977 1070300
24709847 2623689
24951040 2286788
24948785 3250648
24709873 4194984
25019464 927855
25143347 2495819
25023559 567886
24711520 702282
24711545 792779
504373 1195401
24712019 933950
13296354 6510916
25393223 1547221
25194653 9858848
25204122 9491762
25177028 7407399
24686737 1939129
160265 503004
160271 503333
211409 643172
319922 864339
2987506 868398
24053412 2034432
24052034 1755499
23967380 1639370
86640 83644
13295421 4699140
406764 1037988
24708492 4708581
24708512 3748101
24708542 1811492
24708553 3329268
24972210 4541792
22364933 2047100
25090246 3330221
15837475 13404588
9747098 6799182
13294211 221685
22431096 3181632
9743789 3750318
13313432 6723185
13304562 2139393
24729105 2807422
24037233 3329337
23908703 2459342
13353759 1643083
24088817 3899763
4928844 3745713
24710273 6015243
25137121 1772732
24972200 3333067
24972189 916904
24972178 3752891
24322772 4311887
25393291 94109
24465820 3168563
24465829 3746996
22409736 332121
24722963 1702750
18932067 2329037
24712415 4470490
24712407 5055684
24712396 2709075
24577887 97780
24712375 3203253
24030904 796784
24259365 3658607
1013019 1863952
24712764 3865067
24712453 2175867
24712445 322163
24712435 3052923
24712424 6573159
208113 622712
22368081 6412749
24707357 3329314
24707368 2538374
24707346 3333004
24461800 3327229
24995615 4567508
25145286 4390381
24216215 3329062
24708788 1870482
24950792 2948347
25015874 2758262
24533655 3327601
24463853 2101231
23819449 2459518
22439459 1692250
24971663 1405631
24944889 5849533
24712510 1209173
24712502 3125793
23667245 1968783
504506 1195962
24710370 1967748
24710409 2738113
24059107 947440
25084886 1954844
24713260 1004100
24713250 1968884
23817275 2459586
24713227 8854045
23970899 1968111
9756803 2741091
25085822 1880810
25142203 4192751
24681986 8533501
25194130 1801311
22438512 3327614
23806650 1882207
22450653 1489011
22450691 3330569
533676 825565
22324506 3329552
23815159 3327944
24710633 10294165
24242795 1701232
25189289 163751
24711376 3680314
24711385 1004927
24711500 2566157
24711511 3327801
25393434 116804
24661950 1772392
24713400 3329064
24713389 8849623
24713194 3730311
24713155 9064749
24707781 1339189
24472338 1713309
24713529 2474101
24154446 2461725
24714525 602146
24714412 3775160
25206030 2370994
25115134 3477506
13407629 12129208
24976135 2168401
24945856 1908375
506564 879089
24216457 2803906
22414305 896388
504224 1194369
24291370 8858847
24722655 1732869
22431179 1499736
24330348 6320457
25189120 51915
24989786 1850833
637395 1374460
24713636 2286666
24713055 232059
24713136 1674540
24713128 3210849
24713117 10294583
24713097 1887197
24713086 6136872
24713064 3235737
24469203 891124
24102761 3206087
24292508 4961133
24107457 24107462
24940864 1750460
25177138 8198171
25180854 6911537
23883611 890548
25267620 8533420
24710680 2952451
210737 639091
25119189 6088023
24713688 6253483
24426929 702613
24523998 14006909
24714840 1186715
25088068 5810431
24605435 3009352
24022032 112077
24707426 2870714
25145415 1246341
4168181 3012496
24113090 3510051
24263354 1420549
110588 355581
319926 437630
160482 505397
24714537 396705
24714421 8323315
24714431 7459629
24714389 1965433
25187183 4917540
25205827 4023139
25186569 1297812
25194327 2231077
25205839 4754664
25192518 7856344
24714370 8243128
24714440 2513033
24714450 2377978
24714459 3527384
25195014 7295184
24714469 24714472
24714479 7092175
24714488 194974
24714508 1590698
24714517 6446724
24931386 1935740
22429628 4070236
25393220 6843379
23804413 3190703
24710765 4721076
24714548 2800480
24715030 2329471
24715323 10425015
24715345 5860975
24715379 5925233
24715411 2349133
24715439 8072120
25161430 6246910
24885444 5392539
25180058 6990227
24715230 3746538
24714923 7695110
24715154 6077755
24715143 9158023
24714829 223876
24250500 2759456
24709882 7735141
24711297 1861186
24711307 312716
23769416 2291370
23769236 23769241
23769309 5233446
24713656 1601794
24713710 2162145
23811870 100448
24714955 3076317
24714946 8124669
24715002 3243051
25165978 930059
24715367 9782851
24971467 2853771
24333823 1929931
24611653 6803945
24611663 6352329
24611674 332123
24611684 856262
24611692 1671131
24611700 979961
24611709 1824028
24611718 1438227
24611727 4455772
25101850 1010459
1373605 2250950
1373602 2250854
24611781 856342
24611736 7886545
24611745 5731581
24714195 1833349
24611755 1755848
24611764 1066925
24611773 1860527
24714213 1929906
24714222 2091446
24714232 7625167
23806862 858551
13325806 1067082
24140054 4518706
24533382 1823978
24531329 4417664
24533373 2042129
24561760 7138247
24715688 2812950
24715731 1671171
24715721 376555
24715710 1945279
23820669 6333664
24336095 316573
25392816 3204494
24715740 671373
24715751 6715776
24715761 2956016
24276486 6244076
24652431 10296007
24713606 4261747
24506020 1484983
24715055 6391244
24715065 665919
24276776 11180308
24712071 5020651
24712091 2529134
24712100 2538267
24712156 4193780
15850071 4354443
23804439 5554621
24715222 5684905
24716101 14680865
24152063 2729454
24446260 4379756
24254463 959130
24925365 12505250
24547672 12505250
24326488 1344863
24464167 1344864
25085832 324268
24715264 95839
24715282 6638426
24716222 8773384
24439200 4241351
24716239 3406644
24716248 2580749
24716257 1326750
24716719 933933
25075376 360402
24448803 5297123
24717745 4419112
24021199 7886394
24715937 1317158
24715947 3708753
24885452 338739
24716017 10041332
1360263 2235271
24716566 6460819
24716810 2821906
24972718 3671844
22462366 14189617
22367490 692623
24952239 3053577
208092 621953
25175856 10736593
25100477 2850490
22342046 859842
24715957 5359937
25144629 22073287
5715 48896
24717736 2138815
24717727 219212
13304012 1063694
24708866 5533226
24712735 1750900
24715455 297295
24715592 2179211
24715619 8179682
24715638 7792578
24715668 1823335
24715677 5741476
24715649 1063692
24716884 7314652
24716818 6309823
24716828 547318
24716413 11466444
24716434 5369870
24716445 7292098
24716466 5806707
24716477 360456
24716488 1063693
24716499 19404186
24716510 1809232
24716521 901257
24716532 15064680
24716555 396862
24691287 1184312
24716575 386405
24716597 2719033
24716608 3975127
24716619 6872280
24716628 865937
24929976 316767
24929758 4538713
24716060 253520
24716636 1578603
24716645 5107928
24716664 1763349
24971485 6532374
24708635 4388077
24717404 2437849
24717423 5801768
24717672 1732493
24717690 8985651
24717709 1798815
24717718 3956301
24038996 8876042
4913380 4913399
24715134 7325355
24715402 5344012
24715419 12084304
24715446 6369591
24715475 7590184
24715484 9141070
24715503 4058463
24442781 438992
24715524 8156616
24715534 2720351
24715553 12045427
24715601 6881104
24715610 2526229
24715630 856769
24715659 65920
24716362 8754602
24716739 7803235
24716848 1640640
24716865 1537479
24716759 1674289
24716779 9055038
22460824 47800
24926596 2206915
24234935 90945
2976340 263485
24311766 265698
24280084 322232
1196081 2070466
24717278 153324
24171154 8159472
15109136 2988616
24717551 6517218
24717576 13531673
24717600 5264343
25192322 336881
24717495 701016
24945218 13531679
24972894 6833778
25185147 260716
24929257 7927415
24716789 7287564
24716799 5071165
24716423 446387
24717149 7999996
24717169 761362
24230928 2640147
25206583 2640151
24717414 3562501
23837055 1320638
24718421 758894
24718563 8578953
24718574 3179633
24718582 3834037
24718591 2433786
24718878 5154967
24718499 4080542
24718477 10300157
24718468 9218425
24718488 5568559
24275649 4631212
24259118 8648860
23956361 1319790
24712206 7726059
24712217 5634345
25155799 9466421
13325197 807292
23835754 3748692
24715242 3748527
24929602 3749167
24712228 3748627
24712239 1297165
24712250 1105456
24712261 61580
24712272 3816565
24712294 3646919
24712305 631481
24712316 8238825
24712327 3889255
25157180 1739761
24712347 7118302
25163564 7646830
25157170 1711207
24717211 3233283
24717231 663727
24717240 1491984
24799128 547014
24710934 1070370
24711019 78381
24714849 4345584
408496 1006000
24716673 10096883
24716684 5255440
24716692 8963175
24716702 217872
24716711 10424846
24718725 15010840
24718737 5257790
24718747 5157277
24718759 5055496
24718769 1665296
24718781 869110
24718794 5079204
24718804 8266971
24718813 3849897
24718822 3748788
24718834 3749783
24718847 14604152
24718857 2292372
24718869 4697731
24718682 3604163
24998226 10361385
25084735 7231897
24717609 2841740
24717632 945432
24931396 858077
22499155 12975597
24972219 5138920
24487934 897110
24216529 10302615
24466619 8318508
24710241 1508090
24710284 396787
24710895 5216848
24141745 1576263
23792941 20458563
24712570 10786825
24722673 24722684
24712658 7118707
24712677 4318178
24712685 3637083
24712694 4381723
13344700 9800977
1360268 2235376
9743215 5582239
25065343 1796963
30886780 1401026
404780 1032893
24722907 2106021
217170 661800
22342544 3078147
24712666 3241742
24712702 3367602
24712713 891962
24712724 2879576
24714400 1507115
24716190 1021554
24716308 1898200
25180380 7055452
24292571 775519
24716543 7565993
25186904 5045384
24716586 4520780
24717249 2832339
24717259 3405542
24717430 721001
24442633 2133613
24718365 10787242
24971356 3292794
24719149 7149672
24719159 340064
24725137 1078871
24719184 3349651
24711800 4482350
25132602 570905
24712746 1250009
24958715 6280465
24454235 4055173
24601582 96617
24710219 2444883
24516952 734202
24552451 3057970
25072597 2096649
24544947 1766110
24165822 3644791
24604792 1766084
23808519 1732347
24972617 11284708
24715183 41254
1192630 2067324
24715193 6867853
24715201 1367488
24716654 2542389
24710906 2485184
24710916 6347106
24710924 10301612
24475564 15365917
24697964 5300662
22438660 2246125
2684523 3286057
24707414 7008812
24707390 6294633
24707379 5637214
24708437 10301883
25159974 2359898
24710603 9389139
24276461 2976845
24712139 1304193
24712148 9489830
24475185 439205
24722325 1376030
25393074 7272863
976013 1818999
24716029 6786926
24716052 241137
24716081 4784937
24716069 2048741
24716091 1391117
24716110 2075587
24716118 959803
24698769 8282206
25133760 5444642
24716138 831706
24973589 2410327
24716152 24716156
24716162 6489155
24716202 10291895
24289925 6397521
24566501 4690091
24716374 5764548
24716394 24716401
24716342 1659367
24716351 14110127
25075092 10302498
24716385 6455724
24725056 3629831
24717440 8167025
24717451 1091769
24717460 3344254
24488793 1432130
24717469 4499799
24717478 5796634
24717486 3780549
24717506 5821240
24275622 6346301
24717526 1310037
24717535 900719
24717543 3334654
24717560 5413023
24717568 3754339
24717585 2267862
24717592 3311316
23821724 1217785
24718245 10026205
24718357 3212422
24719084 3580043
25085658 660941
24719093 1089336
24719104 1618590
24719115 1856131
24719192 24719195
721846 957689
25193846 3028925
25202625 3172012
24716212 2316081
25187750 2151352
25177963 438641
25185521 31636
25183618 2482972
24719056 3903136
25176760 7042326
24720126 2266577
24719970 6650317
39600119 1723462
208715 627574
24117849 1655177
22341233 1704486
24712463 844682
22349848 844627
24463712 5447312
796238 11614
24026737 8191898
24126034 7912052
22464898 1845581
23969849 2136207
24094150 1347814
46514999 3911527
24715354 85580
24715388 537001
24715428 1770567
22339864 15006502
24715464 2267583
24715493 5540918
24716840 892132
24716857 3964049
24716875 22244611
24716728 5372384
24716768 1059771
24716749 1413268
24716456 5163429
24718226 251267
24718235 4157978
24719048 2103786
24719067 5739010
24926736 2753171
24225688 223944
22348655 1828465
24093919 6253862
24451163 4534657
24607161 1395451
24262221 5317396
24720268 9609754
24719918 707217
24719937 5012087
24971335 15136746
24720251 7290168
24720260 264198
24992491 5584023
24710252 2105975
24712756 5389871
24712853 10302871
24712864 2102987
24712873 3146535
24438820 2959575
24713548 7395248
25393229 2263909
25138003 6588435
24718653 8480291
24718662 54070
24719075 4952272
24719167 5059068
24719176 9212793
24719242 8920809
24719250 12088496
24326958 1281972
2965373 3489747
25167146 9371003
24717158 2657855
24720021 1582372
23884828 13452104
24563005 5085006
24720032 5449234
24720043 10330821
24563018 5601193
24720061 5802141
24720071 363253
24563030 2843869
24563079 24563082
24563093 6517501
24563068 5515993
24563055 940410
24720093 1420820
24563043 2420483
24719467 1188814
24587885 2557333
24709722 5072671
24709733 3650104
24710744 5524245
24711001 1750079
24712060 5395224
24715074 3383264
24715083 3477726
24715094 2002427
24715105 6800996
25192314 3749096
24715116 6346183
24971431 5471887
24951140 5090391
24715124 4487248
24718294 919169
24718313 8046098
24718338 2558232
24718347 4343829
24720382 2359447
24720539 6658940
24720568 363139
24720578 10820935
24720588 7356093
24720598 6052600
24720608 242644
24720617 5072149
24720627 4104107
24720637 24720644
24720648 5526409
24720658 6065237
24720668 681546
24720677 6885640
24720686 4460739
22407556 5268184
24573046 3628898
24720695 2902448
24720707 1657657
24720717 534201
24720727 6274780
24720737 4295840
24720745 5800623
24720753 106920
24720761 106805
1193716 188522
23792312 5238084
25103275 12066785
24264150 1000689
24667998 3523848
24630180 15456913
25148968 2624679
24082722 3573079
25176751 3883573
25011898 1709427
24926530 7181911
24973754 2537951
24720853 10850466
24721221 5984949
24721230 8222194
24721242 7123590
23818756 1560356
24721250 9448430
24721259 6393987
24721269 10850539
24721278 5067250
24720348 877111
24721335 328111
24452807 5805345
13308990 1855021
24607955 5469433
13362803 902069
22348866 917984
1311945 773428
2864711 3415382
22435342 902102
24715291 511487
24717179 4430265
24717190 587797
24717200 5793393
24717220 1064946
24717354 5343637
24751371 2159556
24717372 2090713
24718402 5347686
25188888 7221749
24718410 1085186
24718447 2279458
24718458 957217
24719126 7871474
24719039 4574272
40642220 364125
24720374 1447897
24885468 2549837
24885476 2480216
24243238 11193785
22434681 6793988
160301 503507
25153762 444717
24439904 4122948
24292350 8042978
23809648 5873672
24698750 7057849
24711753 994897
24311096 10867368
25137075 945684
24719852 11732568
25126745 220208
24658033 53265
23784581 1081502
24719864 2610828
22327066 5472006
23809421 2506454
24722270 6782452
24141182 2083351
24708657 3169278
25131232 1694024
23818312 8739602
45987868 649951
25002567 899209
24036537 24036543
24275810 899182
23873676 2192584
23882046 23882050
24103609 3841373
24682153 21458741
24943865 2544856
24720769 8816540
24722427 3389772
25110889 361601
25075128 5640768
16207723 4981025
22352841 1639178
24943953 7881654
24946239 1660509
40640891 1560081
24717363 17699959
24717383 5318285
25186588 8908087
24719958 4435
24722725 6906627
23816414 5380897
23874078 1807855
24444263 2153602
24269092 2153606
22444738 5464297
23968675 483104
24562008 3049018
24725754 2925485
24725763 10899547
24557127 10407567
24679296 669654
24725773 3635865
24725783 5032602
24725792 8407348
24725812 1662779
24725825 2502750
24725837 4287869
24725849 24725858
24259198 913380
25195051 25195057
24246978 3649922
24999569 2717275
24708767 2763698
24946251 1943835
24473738 3357788
24686570 1776512
24944786 1082110
24945108 3599488
24944307 2324702
24682170 2561957
24634549 1742097
13319832 2105649
22347264 4430264
24578849 3171256
24461192 2273275
25080691 5742335
24948805 6502936
24688865 3332579
24579812 2607591
40650860 2904058
24200994 1685955
24564702 10901617
24544001 956273
25155609 5913065
24563723 394217
22342873 20092833
9743844 9743858
23887620 10307123
403787 1028638
4978862 4978877
24674011 3199197
24434214 4883772
24999328 8609570
24919019 1091644
24948908 4192745
24948919 670294
24698738 5683697
24951559 5263800
24944778 878269
24951570 3436131
24976115 5239076
24141252 6883215
24141989 4390595
23810573 1701298
24141636 534187
25197621 9377945
25393032 5256828
24719031 1599601
24626520 694282
23773490 2270409
24306175 1820800
24310206 10308432
24720399 10371014
24310218 225650
24720408 5852216
24725402 9898175
24951544 4798555
24948415 929818
39596580 996060
24948423 2440869
24690730 979228
24100237 426244
24729961 4081747
24550115 3179983
24729971 979689
25151995 4730061
24687562 4033550
24951551 4605760
23921044 2713874
23815132 362656
24989997 6944980
24730551 2686332
24730571 3029493
24730579 2539143
24730610 5819021
24730654 3387032
24730665 1706192
24093116 3511047
24730561 1514242
25186211 10927062
25147719 6403148
24734507 4941654
24734497 2021785
24734515 502554
24790003 2013537
24717337 5365805
25156911 4487944
24465653 2719524
24734408 24734415
24720549 1579906
24720557 7137874
25005198 1823447
22473162 7378070
24152574 10956321
22363038 492629
24481828 858756
13362822 13362832
14889563 4254180
24971345 1479880
24457498 6173163
25022646 8057962
24270983 24270988
25108667 25108674
23807820 17640039
22368490 2607362
24503934 1970441
25188992 670804
25393139 690483
25392934 588123
23977163 6565888
22413380 4987222
25131574 3476095
24922428 102313
24299414 2144404
24143726 5808663
25111537 3050701
24725862 2484107
24715163 3319446
24734542 2892088
24742260 2268190
24742276 1709925
24742299 2566696
24742284 6454934
24742252 3749576
22411661 1182469
24973781 3329106
24742986 7491252
209594 633069
22364750 3619162
326357 884724
40010629 676086
236747 676086
24698703 123481
326363 884940
326030 880643
796235 1587315
506566 1198565
504226 99643
23798429 906718
25393213 1794895
326356 884691
406996 1039114
25064162 2575294
24734369 3102065
24717329 1491497
24743487 256779
24743615 316632
24743604 3158546
24743593 5470074
24743478 1681390
24744509 5716785
24743873 5448816
408442 1044218
1365249 519378
22443774 2063632
24746599 2290025
322705 872096
13363051 1049081
24687856 4285891
24743794 6576564
24743802 4580209
24577931 7829497
24519082 3122431
24745513 3133942
24205462 7766749
24951221 1677323
24748524 5433724
22423246 5538328
24947658 1389876
24747806 5687609
24710715 5667372
1193311 2068935
502900 1192968
22370606 1667185
1395103 2269233
24293280 4376632
24749128 5400738
24749139 1696580
24749150 8546899
25172199 2737622
24749161 5515814
24749172 2741254
24749181 5260379
24749192 4312303
24749201 5354466
24749212 4312283
24749223 5576856
24749234 6061043
24749245 7091469
506570 1198647
24852370 5342860
24748953 877217
24743811 3332814
24743819 3125134
24743828 6397321
24743848 1110822
24749286 3580395
25190755 5782702
24748942 1367902
24668530 7473897
1902455 853543
210738 639136
210736 639060
24752794 5070457
24753817 2737810
24753809 870422
24552200 4540653
209118 629624
24762736 18160221
408438 1044011
24665230 540446
506771 1199231
23785933 5660214
24653541 24653544
24764599 6242172
24689224 9206891
24760992 1098812
24754862 3689767
24754851 2494188
24754873 4787350
24294976 213177
24690830 5798339
24755147 2858695
24764727 850204
24764718 4016851
24764709 1847568
24764403 1579027
24754044 18733639
24773638 3530035
24886340 4351737
24947214 6134975
25020768 4417177
24687674 10088703
24765576 6787721
24764467 1229200
24764493 1499544
24764504 6350924
24764514 11112465
24764522 3510790
24764532 6883107
24326679 1338154
24766200 686822
24436292 5200231
24765030 6550960
24765041 3723214
24765051 3598624
24765060 3786481
24765068 3657382
24765076 2149984
24765085 6315772
24944916 9520681
24945848 6049254
22431310 3242637
24471645 9594808
22350125 18797777
22432552 11118800
23883709 5918218
4168182 4296126
24949061 5675604
24551425 1347278
25178992 2949262
24551435 5530083
24232379 3950954
24766192 5858790
24775287 3909212
24775297 6352019
24252368 1499802
24519098 5559405
24886361 2516881
24542313 18403906
25183109 5216243
24925503 3270470
24774317 2438288
24775767 5059426
24886433 1036998
24775896 5447767
24775906 4614889
24775923 3927355
24775958 6963165
24775968 3171173
24775977 1069301
24775986 10332674
24643447 9107520
25192863 14601404
24777403 361663
1360275 2235581
24230601 1482678
24230627 3698540
24230614 4195111
23889375 13198074
24565148 5225288
119986 383077
119988 383125
39596458 913666
39596463 6592340
39596468 5620476
25381796 327780
24886473 1764592
24886481 1553385
24886489 6489238
24886497 1746636
24886505 637564
24886513 307006
24886521 3089834
24886441 6202413
24886449 7148513
24776037 15410726
22421353 2097611
24713216 3647141
24778200 14492774
24778210 12320429
24886297 342492
504244 1195076
22420914 6471844
24090834 2363604
24246150 523806
24776045 3779655
24951151 1392201
23818790 6014123
24780265 5645771
24780276 9316302
24777354 3944826
24777789 217880
322710 140517
23967137 652080
400541 1011681
506288 1198231
24778951 2329918
24779022 858765
24492684 7133213
24198905 353243
24780305 3197373
24780315 9481601
25202169 11168443
24780324 24780332
24780336 10106675
24780355 1105780
24780366 1639952
24780377 6781963
24135417 3140274
24780852 388212
24780861 7832279
24948238 2303826
25010167 2351774
24780881 10324869
24780629 3102781
24780749 2063722
24793970 2594487
24793988 3565874
24794025 6165428
24794067 5023115
43663867 6646901
407922 1042687
1042689 1042687
24886589 326296
24794591 24794595
24542253 660214
24794074 4359324
24794604 5598389
24793805 692622
24794440 4923877
24794432 11171831
24543172 3508753
637398 1374527
13373990 13373997
24916944 1405738
23770391 12489209
25378977 9109570
24765503 3690792
24765514 7219075
24794981 7113254
24795000 2586295
24794971 1829731
24795594 3953622
119982 382940
24794912 664468
24794921 1675056
13348445 5145248
25143444 5549170
24780220 7290597
221479 683017
799105 1590055
357879 333267
221470 682619
221483 683161
210340 638018
357871 955324
221462 682397
1374803 2252643
22407346 7761576
221467 682494
221469 312803
10856300 435711
16763843 2571582
400602 1012085
24780239 11180369
24438828 11180381
24780256 4584820
24854746 5953676
24855704 3605804
24309899 767606
24581543 9190961
24856165 5748303
24757690 3506341
24948662 10368597
24948671 3732459
24948681 11760589
24948691 10026366
24948701 3172630
24948712 2727076
24948720 4458270
24948730 4259665
24948740 13514232
24855216 1037619
25198263 4513636
24856889 7231308
23977176 6231525
24141406 11947536
24199201 5433194
24856900 10333889
22455310 2300472
24856782 3172523
24999753 2719456
24669503 9888803
24856861 4502590
24856870 6473873
24664970 7007361
24856879 1771842
24553943 4143920
25074921 11190710
24984939 10334799
24265573 1792965
24496612 8121154
25146741 9637078
24858016 10759330
24724942 5227323
24749015 7146840
23804115 2595687
24747593 1373681
23852354 17348403
24746891 24746894
24746632 5899509
24746940 5437625
24747177 11966522
24747085 259849
24747151 314097
24743685 7900593
24749076 9636073
24748383 6846384
24748221 2547318
24749087 5336851
24740276 3232928
24747254 2250127
24751900 8979862
24858178 3978374
24448719 878607
24858189 4645815
24858197 15932641
24702317 7720522
24858217 9911005
24858228 15411
25178959 3216238
24886089 6070611
24748292 2327682
24145398 2499587
24858157 1249376
24747995 11693094
24887267 327730
24887275 8150371
24887621 9141966
24887629 5609671
24887637 4808812
24858033 15322823
24659398 11420426
24160020 2927917
24664836 3206906
24888626 1929808
24856338 5857551
24857477 4605411
24857535 6084041
24104758 3649435
23993041 23993046
24159512 2300248
25121321 6372072
9724235 6130410
24643643 1287558
24774906 1843886
24585349 868254
24889373 17762403
24889381 16691764
24889389 1279964
24889397 17762394
24889405 24889408
208280 623980
24857935 1829830
24597010 24597018
24780025 24780030
24779836 21103929
24780077 24780085
24780108 1828837
24780129 12009347
24780136 11468268
24780146 24780154
24780158 24780167
24780170 11468276
24856683 21874842
24712038 11468298
24712049 22481345
24658850 6749686
106365 350430
22330614 15602992
2075612 2831370
1013266 1864113
23997630 23997645
9745307 9745321
24780674 24780682
24780686 24780689
24780698 14678886
24780709 11469404
24780718 15699016
24947686 24947693
25145005 21054273
24889574 12846259
24889584 24889590
1345429 2220321
24908304 12113012
24744531 4402670
23960722 11475449
24740091 21777881
24740545 21764243
24749255 24749262
24653503 1601968
24653513 23220
24748816 9494093
24748017 932076
25162758 25162761
24719221 11475458
24740789 15237875
24743224 11475466
24743215 24743221
24972726 11475474
24888263 8538380
24743513 2453200
24743559 22274562
24743576 7914087
24743657 101116
24743666 2568299
24743675 24743678
24958435 21127198
24743909 24743915
24889467 2084167
25206194 20457170
24742659 22408298
24744436 24744442
24745823 24745829
24746982 24746988
24972633 3660597
24012285 11475480
24748974 9534338
24748176 453773
24748213 11475491
24748327 2543296
24748251 11799682
24749034 9859466
24752245 24752252
24743624 12246299
24890261 5371051
24890456 24890465
24890468 10189560
24890499 17886402
24890520 21852469
24890616 19787410
24890647 24890654
24890718 9178448
24890728 13490805
24890739 11475511
24890748 8537640
24890776 24890783
24890797 15230844
24890826 19062645
24890836 20714915
24890846 24890852
24890855 18671812
24744830 24744837
24745813 24745820
24745852 15420912
24746492 6938722
3893034 4112824
25163915 25163919
24747066 9450457
24972605 5606598
24747228 11754346
25152850 92915
4168179 4296044
24747360 15518242
24972328 4285951
24747603 21852098
24747619 9240484
24891028 11853201
24891035 8650898
24891043 11475533
24891052 24891055
24740499 21925122
24752336 24752343
24886100 885117
24752256 11475559
24752236 24752242
24748260 9498765
23950369 23950382
25387898 25387906
25183681 25183688
24907358 4547112
24748347 24748350
24916936 11475571
24748770 11475578
24465356 24465369
24748833 4951262
24743901 13112851
24747986 24747992
24748595 4430195
24749043 12122807
25387980 3197645
24746912 914553
25387986 6558838
25387992 1118721
25387997 13013867
583627 1301988
23824597 11476278
22378728 11476285
23770571 499487
22375827 11476297
24723366 11484410
24799851 3738432
25222124 11350619
24889443 24889446
25388395 12962591
25388485 25388487
25388494 13063790
210220 637178
25390681 25390688
25391433 21840962
25391448 11889200
25391457 25391465
25391467 25391474
25391477 25391483
24248520 3943572
24748366 10935403
24748780 24748785
24748754 20378468
24746842 24746848
24746657 4256638
24747681 17150527
24745721 24745727
24745730 11576864
24740780 11576872
25388013 25388015
24748850 13110260
24743640 11576879
24743584 791538
24744213 24744220
25388054 25388060
25388062 25388068
25388536 21900828
25388544 21789400
25388552 25388557
25388559 11576903
25388567 25388573
25388575 21590780
25388583 25388587
25388589 25388592
25388594 15411170
25388601 11576911
25388609 9540230
25388634 9540238
25388652 25388659
25388661 14051895
25388668 9908560
25388673 19223261
25380500 25380504
25380506 15197761
25380520 18355278
25380527 17345230
25388680 11576937
25380543 25380549
25388696 11576952
25388704 25388710
25388712 9898056
25388720 10335732
25388745 10339000
25390089 15946950
25389216 25389222
25390096 1394074
25389167 8928666
25228980 25228986
25390118 1798850
25390161 11576992
25390168 25390174
25390176 6091649
25389238 11831793
25390196 25390202
25390204 1224336
25390212 1310715
25389196 3274243
25380492 25380498
25380513 4212807
25390452 9122426
25389137 25389142
25391381 12792195
25391387 25391394
25391396 2935077
25380484 11881991
25380532 22139297
25391402 25391409
25380536 879664
25391531 1253431
25389203 643272
25391538 4084919
25389245 22411263
25391576 11577035
25391592 1253500
25389232 6747898
25389131 4618057
24454013 24454023
24461478 1070357
25126577 4485162
25126629 3806590
36114935 25119134
22331757 22331774
13337858 13337881
9743704 9743732
25137191 25137194
24609868 24609882
22360335 85944
23868683 9585980
23923867 23923874
23877954 16882304
24544057 24544063
22466593 22466601
504576 1196007
22464101 15063366
506563 1198504
24324416 14266372
407676 1042050
25215721 25215723
24604920 7389970
24170283 17150923
24326547 24326556
24201785 21786326
24246179 7740352
24020376 21906569
24500046 24500054
24957709 24957716
402935 1016846
24337428 21815705
25217236 19815225
22451000 19815235
1364126 2240543
23817170 23817186
22451048 21924040
22450935 3206207
22427430 22427450
1193516 2069546
796225 1587017
407482 1041121
403783 1028526
160310 503756
160312 503823
25145512 25145515
24542227 21817731
24308054 10228967
22348182 22348198
24197710 17238346
24946093 2560611
24948408 11863841
24253275 24253291
25214350 25214357
13284904 10222717
14991784 14991807
22427986 17272180
506734 1198997
24724894 16313429
24925052 10625251
23804394 1158034
24491285 24491288
24886457 22238414
24886465 14645379
1366842 2208899
24037541 24037551
86638 295791
221477 682956
24311348 22497123
352781 942590
24116079 9848544
24323977 1365192
25093580 16685402
24252423 17230002
403786 1028607
23859134 170488
13375194 13375212
24147229 24147236
24257232 3037396
22350587 22350601
1361054 2237241
214600 652968
211279 640277
22331327 22331340
22414157 14545281
1037036 1901914
208074 621227
211404 643073
208077 621339
1375298 2253981
210654 638907
22349491 22349507
211421 643682
506194 1198085
1196868 2073536
22339455 20358979
211410 643223
533678 1247145
211412 643291
23907504 9438027
208718 627671
22436218 22436237
22337241 21082310
5729 49375
22488626 22488645
24325479 21666550
160270 503252
407566 1041285
2588402 55557
24120530 24120547
407117 1039809
13310067 2777609
209862 634141
22638 122874
504209 1194016
796232 1587208
208603 625591
22448220 22448238
211415 643480
208057 620409
796216 1586732
407565 1041248
22351596 22351606
22457637 22457662
208103 622381
1013268 1864168
160268 503209
404794 1033239
39262 160430
22463835 21491218
22366054 17707920
22470185 22470202
24151098 24151111
22470218 22470223
24960202 17972252
24004904 12135198
24331056 17964742
23948937 19730553
25393013 25393017
25015776 25015785
24967619 24967632
24967678 21834925
24753887 20251740
25190228 25190239
23818866 15164342
9677742 9677759
211286 640517
22348410 22348425
24540787 24540798
170462 526225
507118 1199847
24544096 24544105
24638479 10934597
221474 682807
23797289 23797303
1889504 2676387
221472 682715
11596595 11596644
18858495 18858684
208087 621815
24307620 14291208
350475 936649
23795489 23795505
23985609 23985620
208471 624857
1382281 2257435
504229 1194536
23819624 19264965
209885 634372
22499749 2895023
15886967 15886993
214601 653012
208801 628112
13345932 13345942
24307595 24307605
208867 628874
24983723 24983735
24721567 24721575
