3799813 4048616
3799815 4048617
3758502 4024908
38694718 38694719
3342982 3758501
2752379 3342980
3906387 4120891
36073062 36073068
36073061 36073065
36073063 36073069
15402795 15402810
36073064 36073070
2381811 3072765
3072757 3563268
3563267 3902437
3072763 3563272
3072764 3563273
4476730 4509924
3335617 3752440
3335591 3752406
4490198 4520393
1970966 2742854
2742852 3335593
2742853 3335594
35759440 35759445
341147 931435
33141896 33141907
11950536 11950553
11950524 11950545
3542726 3890348
42361752 42361753
34392155 34392180
35769714 35769718
34392182 34392190
42360521 42360522
35745015 35745031
35751356 35751359
42341137 42341138
4208390 4321691
29883565 29883608
35758140 35758143
33163152 33163172
6330284 6330292
11556253 11556256
46923300 46923301
6330285 6330295
6330277 6330286
30045697 30045715
6330279 6330287
6330276 6330283
35751949 35751954
35755766 35755769
5793605 5793626
4581411 4593947
35405170 35405175
35762697 35762700
1970859 2742811
38812781 38812782
2742805 3335562
4021714 4196471
42335996 42335999
38730615 38730616
1971144 2743065
11508477 11508484
36072514 36072523
35743798 35743804
35764518 35764522
3542724 3890341
35770095 35770101
37826365 37826367
2810687 3379437
1058273 1920030
30766634 30766638
38637746 38637748
3899288 4116290
3556298 3899290
3865240 4094576
3511101 3865247
34453370 34453385
13434417 13434432
35759200 35759212
446833 1100683
1100671 1971162
35749389 35749393
35761534 35761537
42341551 42341553
1100663 1971136
1971132 2743028
38730641 38730642
38673297 38673299
35763108 35763111
3180120 3643781
1098976 1967156
28979991 28980005
8814179 8814209
8814199 8814232
8814192 8814230
8814182 8814215
35764544 35764547
38644642 38644643
35753222 35753234
35768453 35768454
35753220 35753226
3542725 3890345
3186713 3646730
38637640 38637643
35750280 35750299
35748509 35748512
35753536 35753540
1692004 2526387
4198283 4315006
36072769 36072770
4039768 4206323
1971149 2743102
3569463 3906400
3954934 4152899
826144 1634774
3180116 3643763
3180124 3643785
6839709 6839720
35769269 35769272
3956516 4153935
3180125 3643788
3956526 4153941
38659773 38659774
3062406 3557113
4104758 4254040
3062418 3557162
3899575 4116340
38729214 38729215
35758336 35758339
7365765 7365769
35759169 35759173
35752959 35752963
37826013 37826015
34345654 34345656
35760677 35760680
35751481 35751499
35751483 35751501
7365763 7365766
34477319 34477326
446785 1100536
1100529 1970908
1100528 1970906
1100530 1970909
35763361 35763365
30997198 30997220
42346734 42346735
2822400 3388685
35768682 35768686
38707637 38707638
37826566 37826569
35750605 35750608
38674741 38674742
15634449 15634466
35757590 35757593
15634433 15634447
34443197 34443206
30572999 30573004
3194098 3651434
7921477 7921524
7921498 7921538
1971143 2743054
35751216 35751222
3878877 4104767
3878879 4104770
4104765 4254042
3524380 3878884
35744125 35744127
38731739 38731740
33248929 33248956
35761740 35761743
4026994 4199627
3935602 4141961
42362881 42362882
15024796 15024820
15024780 15024803
35763039 35763042
28449029 28449037
29883562 29883604
29883635 29883639
29883601 29883639
35746508 35746512
10607284 10607307
3081530 3570550
2389337 3081536
3907315 4121314
3081531 3570555
33731770 33731780
37826609 37826612
38758044 38758045
4548766 4566205
33731749 33731758
38730612 38730613
649579 1390953
35769537 35769540
35766039 35766050
37826304 37826313
1971152 2743108
35743705 35743712
3899584 4116365
38729196 38729197
4172532 4299791
34899776 34899788
4356869 4421019
4356872 4421028
4026993 4199623
35746510 35746516
35755743 35755745
29804959 29804970
38648277 38648280
35769123 35769124
35758712 35758716
38680272 38680275
42341389 42341390
35749076 35749091
30122545 30122558
35749066 35749078
35753563 35753566
11901498 11901508
35748873 35748878
38729207 38729208
32602219 32602225
8814239 8814246
35767444 35767447
15024778 15024799
4279485 4369051
3713118 3998955
419824 1059470
38763232 38763235
4433343 4476524
3476179 3846950
3743148 4015478
2208513 2944852
31871725 31871736
2732532 3322909
1961894 2732541
4310702 4389462
4015468 4191943
3743140 4015473
3743147 4015477
35765410 35765416
3835109 4076381
1096010 1961902
35750652 35750665
1059478 1921228
1059467 1921221
38640920 38640922
12799690 12799719
30775148 30775162
38655034 38655036
888603 1703333
35753567 35753571
1533119 2391692
35753089 35753092
2391689 3084656
4122382 4264794
4263957 4356821
35756132 35756135
4263951 4356808
3899583 4116362
3899579 4116350
35764218 35764225
11722229 11722252
35749140 35749146
35768330 35768333
4156398 4288799
3961012 4156404
3542727 3890353
35749156 35749178
4421769 4467071
42341426 42341427
2526372 3186732
2526373 3186740
2526381 3186757
42495442 42495444
35766083 35766098
35766079 35766094
3926440 4133625
42480515 42480516
3051913 3550759
35768581 35768584
35769787 35769789
35743946 35743955
35749463 35749480
3888727 4110493
35767020 35767023
35750058 35750064
35756585 35756594
35750851 35750858
35770573 35770576
35769464 35769468
34062911 34062920
38658975 38658978
4266354 4358295
3079623 3569438
3569473 3906419
3079629 3569445
2522614 3184935
3079643 3569475
42342161 42342162
3079635 3569450
3569456 3906379
35747879 35747882
35759665 35759673
8214949 8214966
8214946 8214962
2404467 3093651
35763909 35763914
1544263 2404475
4510045 4536370
4476866 4510048
38775780 38775781
33108228 33108239
4055331 4215233
38637674 38637677
33242813 33242826
37826590 37826595
35767648 35767657
35751649 35751656
8814187 8814219
24396036 24396043
35762605 35762608
4021714 4196472
38729875 38729876
42349078 42349079
38730394 38730395
38648606 38648615
24396042 24396055
35758633 35758634
35758619 35758625
4565850 4581077
38729687 38729688
38779118 38779120
11162253 11162254
38719650 38719652
30572979 30572995
30572969 30572986
34498883 34498895
42343455 42343456
35643471 35643482
1971148 2743096
42342241 42342242
35643476 35643488
30952989 30953000
34843062 34843070
34843063 34843072
38655080 38655082
2459083 3137861
3137856 3613285
35745169 35745175
10607232 10607248
35745012 35745021
4233821 4340024
35751822 35751823
42347141 42347142
42349086 42349089
3193795 3651284
29025312 29025315
38689964 38689966
3540455 3889070
13946720 13946749
33107323 33107355
38740055 38740057
3035410 3540461
33107329 33107360
38729219 38729220
3540452 3889064
35751647 35751655
42339950 42339951
38697579 38697581
35768336 35768342
35770581 35770584
35757681 35757686
31078077 31078089
35754210 35754214
38637310 38637313
35754215 35754226
1970928 2742834
1970923 2742830
1970922 2742829
2742824 3335581
33731753 33731764
33731754 33731768
38637297 38637301
30997191 30997209
30997197 30997218
33242814 33242834
42341435 42341436
35748476 35748483
3935586 4141953
3613251 3935588
35758060 35758063
35750872 35750886
35755875 35755885
35745928 35745933
35768708 35768711
2218154 2951124
42473389 42473390
2218155 2951126
12799728 12799763
1440532 2309057
42495694 42495695
35759594 35759597
3079603 3569400
35761866 35761869
35761157 35761163
13434407 13434422
37826139 37826143
13434426 13434440
35766376 35766379
42341600 42341601
35750103 35750113
3594607 3922900
35764254 35764262
29804967 29804972
1100520 1970893
35759141 35759145
34378291 34378297
4436465 4479219
13946727 13946760
35750100 35750108
42361374 42361375
42363616 42363620
36073008 36073012
36073009 36073013
35768519 35768527
12921728 12921730
34382546 34382548
1100555 1970919
35744747 35744750
38727930 38727931
38646325 38646326
3275898 3713124
9778569 9778572
3953360 4152096
752135 1533142
4360928 4423818
42336359 42336360
14275467 14275474
35765616 35765618
3388681 3785853
14275439 14275471
15024725 15024741
34378629 34378637
14275441 14275472
11508456 11508473
11722223 11722240
11722225 11722245
38673153 38673160
35747380 35747383
35753307 35753310
3998958 4182752
42335937 42335939
3713122 3998960
2742814 3335572
35744560 35744572
35752410 35752413
42339934 42339937
46923302 46923303
6621345 6621354
42347423 42347424
42360491 42360492
42340741 42340743
42363238 42363239
38654033 38654035
42361748 42361749
42347755 42347756
42361318 42361319
10157733 10157752
35755947 35755950
35764072 35764075
38763044 38763045
35764906 35764909
42332429 42332432
42340745 42340746
3926444 4133636
42347504 42347505
42465721 42465722
3865232 4094560
2459299 3138268
10607234 10607252
3799812 4048614
38642317 38642320
35754235 35754238
1100590 1970963
36870679 36870686
1100594 1970992
42339977 42339979
1100620 1971091
38639977 38639983
446821 1100654
1100588 1970958
1100591 1970971
1100610 1971064
42485715 42485717
1100621 1971093
1100601 1971027
1100599 1971019
1100600 1971024
1100613 1971078
38730457 38730460
1100623 1971104
1100607 1971056
42340596 42340599
38727879 38727881
42347445 42347447
42340925 42340926
3468430 3841816
35752307 35752313
3468462 3841879
42340861 42340863
3468455 3841862
42340390 42340393
42347022 42347023
42494748 42494751
35756618 35756626
42353836 42353837
35378053 35378055
42340674 42340675
42494752 42494754
3468439 3841844
42340954 42340956
42361793 42361795
42494772 42494773
42361320 42361321
42340679 42340681
42340550 42340553
3468444 3841846
42340008 42340011
42465451 42465452
42346791 42346793
42494755 42494757
42361339 42361340
42340872 42340875
36872563 36872571
1971146 2743085
42494758 42494760
35766255 35766264
35746467 35746473
42350059 42350061
42348939 42348941
42361690 42361691
33250017 33250066
35746756 35746759
3160113 3630751
38682975 38682977
33250145 33250178
42339944 42339945
33250023 33250084
38714859 38714860
38721246 38721249
38697498 38697500
446884 1100794
42340075 42340078
42494764 42494765
42361714 42361718
1100771 1971318
42494766 42494768
42340682 42340684
42340959 42340962
35767314 35767317
35748299 35748302
37826610 37826613
42349041 42349042
1100751 1971256
42352216 42352217
1971242 2743174
42494981 42494983
42494987 42494989
42349073 42349074
35761555 35761556
42348117 42348119
38718320 38718321
2871268 3421008
1100768 1971313
42340973 42340974
35744944 35744947
1100758 1971291
10467342 10467354
1978696 2751974
42488154 42488155
2751973 3342735
38728795 38728800
42357523 42357525
42494990 42494991
35770129 35770133
2884167 3430592
42362065 42362067
42362065 42362068
35759325 35759333
2884188 3430632
42340772 42340774
3810804 4055120
35756143 35756147
38728820 38728822
3430589 3810811
35768826 35768829
42347438 42347439
35763730 35763734
35763732 35763736
4716484 4718929
4590267 4601686
38776357 38776359
42340114 42340116
14622484 14622492
35767383 35767385
42358025 42358026
25461189 25461206
25461230 25461238
4026989 4199606
42341757 42341758
38642319 38642330
35749019 35749035
30122549 30122563
35749033 35749060
42340930 42340931
35754116 35754124
42347882 42347883
1832349 2638572
42340984 42340986
42348608 42348610
38730635 38730636
42349045 42349046
2217896 2950866
42349039 42349040
36873193 36873205
14236712 14237301
3644709 3956953
38768552 38768554
42336365 42336368
38730638 38730639
35745917 35745920
42363285 42363287
42350124 42350125
2123517 2871270
38667840 38667842
46923304 46923305
42343388 42343389
42363292 42363294
42362059 42362060
2334103 3035576
42346764 42346766
35766656 35766659
38727901 38727903
42340717 42340719
42340049 42340051
42363295 42363297
31868822 31868824
42495446 42495447
37826943 37826945
963491 1802246
42340980 42340981
1832350 2638578
38703057 38703058
38642395 38642399
35764845 35764848
33135307 33135320
34349026 34349028
42350102 42350103
35745362 35745365
38637290 38637293
35762576 35762584
42355587 42355588
7921495 7921536
35766790 35766793
33104168 33104173
35753864 35753867
35761757 35761767
38637307 38637309
35752549 35752552
35754200 35754204
35762229 35762232
2822501 3388771
30211405 30211419
35769297 35769300
38637368 38637373
4026987 4199601
4539964 4559341
35769486 35769488
3216179 3669776
33108148 33108153
35745376 35745380
35765944 35765949
35754296 35754302
931418 1754715
35752422 35752425
33107752 33107753
21670559 21670565
42342349 42342351
35768551 35768554
38820187 38820188
35749492 35749515
7921481 7921525
38763571 38763572
38712862 38712863
38696540 38696542
34846246 34846247
38731494 38731496
2954122 3482188
38781786 38781788
2954128 3482208
38727871 38727873
35769022 35769025
29706595 29706604
29706590 29706598
6994791 6994796
35770552 35770555
38637482 38637485
35765078 35765080
35757156 35757161
35744857 35744867
42343504 42343505
2954126 3482200
42336314 42336315
35759291 35759297
2222263 2954135
29870130 29870146
35749559 35749565
35755722 35755725
35755729 35755731
38729268 38729269
22110662 22110682
38748686 38748687
42357959 42357961
2218078 2951030
35771780 35771784
35762597 35762600
35765295 35765299
22050469 22050488
42358063 42358064
35763651 35763654
46923306 46923307
35743659 35743666
35745688 35745693
38754983 38754984
35747021 35747028
34818915 34818926
34818914 34818921
34818925 34818928
42341864 42341865
22050471 22050495
22047546 22047561
38725919 38725920
21758979 21758992
3634723 3951093
35755844 35755848
35747210 35747215
35743722 35743728
35769520 35769523
38728544 38728545
35749096 35749104
35353103 35353105
22050524 22050533
35758091 35758097
42341548 42341549
35763871 35763875
35766212 35766215
38756914 38756916
22050499 22050526
3569457 3906382
3569461 3906397
42346486 42346487
28310703 28310708
42340753 42340754
42335816 42335817
3806735 4052306
30175253 30175261
33104450 33104452
35759999 35760004
42335840 42335841
1970965 2742848
2822426 3388697
2742860 3335619
8500797 8500807
42345759 42345760
33249096 33249118
38817402 38817404
38729261 38729262
4021705 4196462
3138269 3613521
2459300 3138283
3138274 3613528
35749310 35749315
35765580 35765583
35748836 35748839
35751750 35751754
35751752 35751755
4116352 4261000
38779904 38779905
10020534 10020543
35759464 35759466
4362023 4424605
35761226 35761230
35761229 35761232
38656849 38656851
42487808 42487810
38729786 38729788
38815504 38815506
2882932 3429772
35752013 35752018
38823425 38823428
35753792 35753795
2732526 3322898
25461211 25461233
3019422 3528961
35753286 35753289
14839467 14839483
42358772 42358773
3019423 3528963
38729258 38729259
35756835 35756843
6141772 6141806
35751676 35751679
35763880 35763882
3557096 3899551
35766194 35766197
38655933 38655935
38679536 38679538
42341337 42341338
38678799 38678801
6141793 6141837
13946685 13946707
38717740 38717743
35754093 35754097
35754095 35754100
35760984 35760988
38729265 38729266
3758221 4024692
13946719 13946746
2370258 3064256
2751963 3342727
38772933 38772934
38787647 38787649
37826388 37826393
35743708 35743720
3305183 3730193
35759121 35759125
38788013 38788016
38681949 38681953
11160469 11160472
38637822 38637824
35761135 35761143
35751220 35751233
35764029 35764030
37826346 37826348
35404524 35404547
4392634 4447070
38785807 38785808
2681144 3283675
1899227 2681147
42494724 42494726
35754049 35754054
35744562 35744576
42494761 42494763
42340111 42340113
10552599 10552623
42336649 42336650
3335633 3752448
35761029 35761034
3160108 3630746
2062675 2822064
35764321 35764324
35748685 35748692
46923308 46923309
35747742 35747746
35747744 35747750
33248144 33248147
37825955 37825957
35745873 35745874
35745592 35745600
35745593 35745601
42340967 42340968
35744199 35744208
35765794 35765797
42339882 42339883
38637880 38637882
42340362 42340363
35759546 35759549
36072527 36072537
3114059 3594613
33245635 33245637
38720081 38720083
2752404 3342992
38649419 38649423
4156344 4288743
38719466 38719469
35754180 35754187
46923310 46923311
35747040 35747046
35747992 35747996
10179529 10179532
32941568 32941572
46923312 46923313
42466710 42466711
35748027 35748031
3900908 4117523
3642175 3954955
42335850 42335851
42340432 42340433
35755973 35755982
35755969 35755974
7224395 7224397
2810678 3379428
38637974 38637977
35763746 35763749
35763119 35763124
35772172 35772174
35748078 35748088
35748087 35748093
38726175 38726176
35771615 35771620
42465520 42465521
35760930 35760933
35746481 35746494
35768018 35768021
42336670 42336671
38637997 38638000
35769974 35769977
35749348 35749355
38650151 38650152
4339032 4408665
2594501 3229347
42343395 42343396
8912585 8912610
38637995 38637996
2036573 2799876
2799871 3372967
38816058 38816059
34428142 34428144
36072941 36072943
35758074 35758087
35758071 35758082
35766457 35766461
38731733 38731734
35751219 35751229
38650270 38650273
38787961 38787963
42465651 42465652
35748266 35748272
35748268 35748278
35756931 35756937
38725390 38725392
3348656 3761903
35751741 35751744
3767334 4029385
35759689 35759693
38650630 38650632
35751360 35751367
38752083 38752084
38738779 38738780
42495442 42495445
42340204 42340205
42343548 42343549
35767003 35767007
3437209 3814802
35763398 35763401
3064383 3558328
4755540 4756388
2893993 3437210
42363457 42363458
35763501 35763505
35760427 35760430
38651088 38651092
34437521 34437527
35763082 35763086
4433569 4476675
38755450 38755451
35767318 35767322
33359826 33359849
12319444 12319456
12319424 12319449
4043936 4208401
15211726 15211735
15211732 15211737
8392661 8392662
33359830 33359851
35755039 35755043
34386129 34386137
4510046 4536371
35744418 35744421
35759699 35759701
15917188 15917206
15917198 15917217
35763309 35763312
38122087 38122093
4186616 4307723
42465933 42465934
36072856 36072859
36072857 36072861
42362061 42362062
35748460 35748463
42363721 42363722
42339369 42339371
38717611 38717613
3137852 3613278
38703802 38703809
38729240 38729241
38719234 38719240
38697180 38697181
38729244 38729245
3120572 3599197
3599177 3925639
3599184 3925652
3599191 3925662
38719525 38719526
38722419 38722421
38642485 38642488
35759830 35759835
35753606 35753611
4150539 4284353
38697209 38697210
14675842 14675858
4301431 4383618
4383617 4440813
33957307 33957309
42364012 42364013
35756662 35756671
42495784 42495785
35769433 35769437
4003145 4185201
11489169 11489176
11489171 11489178
11489160 11489172
38644002 38644004
38792721 38792723
36072817 36072822
35751429 35751445
42340084 42340085
38721343 38721346
12799749 12799778
12799710 12799756
38638281 38638283
35765252 35765255
4152091 4284999
35101715 35101717
1107615 1979895
35750936 35750943
3639785 3953355
42362157 42362158
3953352 4152093
35748941 35748946
35746025 35746030
38713312 38713314
42364097 42364098
35746388 35746395
35749581 35749586
35749578 35749583
38638410 38638414
35751885 35751888
42341141 42341142
35745357 35745361
42341541 42341542
35764632 35764639
35764635 35764640
35761449 35761452
35746288 35746291
28739836 28739846
28739779 28739799
28739835 28739845
38641404 38641406
35765402 35765408
4199584 4316172
14275420 14275452
46923314 46923315
37825869 37825880
42341438 42341439
35771520 35771523
35767577 35767585
3956202 4153475
38766440 38766442
12077652 12077660
3580795 3915038
38692027 38692028
42349043 42349044
35769649 35769655
21675057 21675062
10650962 10650974
35769377 35769380
38644220 38644237
35756077 35756082
35764575 35764579
35768576 35768580
4198347 4315105
35766166 35766176
42341164 42341165
2062673 2822062
2822061 3388455
35642463 35642466
10311511 10311526
34387119 34387135
21681898 21681917
38727889 38727893
42341242 42341243
38644170 38644176
34062942 34062951
3805070 4051380
35768518 35768525
38643632 38643633
29706589 29706594
42341705 42341706
38730194 38730195
21908023 21908028
35750433 35750437
12077634 12077651
12077654 12077663
42494769 42494771
35764559 35764562
38651611 38651617
35765375 35765382
42336730 42336731
29040212 29040224
2217891 2950864
35404398 35404407
35404395 35404403
2985247 3501769
38724762 38724764
38758155 38758158
35753296 35753301
42346875 42346876
35767488 35767494
35748640 35748644
35748954 35748965
2951035 3479865
2218084 2951037
42341117 42341119
35763348 35763351
9205897 9205916
9205939 9205988
9205936 9205981
9205908 9205943
1467387 2336646
38730620 38730621
42364136 42364137
3569039 3906227
4021738 4196493
35769368 35769376
2062480 2821913
38714643 38714644
38685023 38685025
35758161 35758163
42364048 42364049
35748383 35748386
38730623 38730625
38323807 38323818
38730455 38730458
42339918 42339919
6839693 6839712
3758223 4024701
42350745 42350746
3569041 3906230
35767945 35767951
35765601 35765608
6839692 6839708
2494961 3166320
35770060 35770063
42466219 42466220
4208389 4321688
4321686 4396809
3906373 4120885
9205941 9205989
3811546 4055454
35756090 35756099
38693924 38693928
35749508 35749523
42341104 42341105
2033952 2798002
2797999 3371702
35771094 35771098
3569470 3906418
38639805 38639811
34378000 34378003
11438195 11438215
42336585 42336586
35749554 35749557
38675999 38676000
36028720 36028725
38730319 38730320
35750620 35750626
3059861 3555161
35762101 35762105
21771662 21771667
21771663 21771669
2572597 3212699
42347612 42347614
33246451 33246453
38731778 38731780
10607292 10607313
4156351 4288757
35751437 35751469
35769367 35769375
38789618 38789619
35749462 35749479
21654334 21654336
22098978 22098986
37825787 37825789
42341916 42341917
35762214 35762220
4514939 4539978
28739814 28739833
38640197 38640198
3811548 4055455
38727942 38727943
3643419 3956196
36028717 36028723
38730632 38730633
1100650 1971123
3432038 3811555
42364123 42364124
2871265 3421000
4677708 4682373
38728980 38728982
4276359 4366575
35767232 35767241
4672524 4677713
38661591 38661592
38761688 38761691
4644061 4651679
42347485 42347486
4666829 4672530
38639807 38639815
2884172 3430601
42341922 42341923
1778211 2594504
35750430 35750436
21771659 21771664
4514936 4539972
35748686 35748693
38820999 38821001
38655809 38655811
35765823 35765827
4672526 4677719
3841860 4080987
4156345 4288747
30400083 30400086
35765726 35765733
37826723 37826725
3468431 3841818
42485284 42485285
35757534 35757538
4677702 4682368
6839694 6839715
4549707 4567111
35771681 35771684
38727925 38727926
35749497 35749519
3644707 3956948
35765783 35765788
4677705 4682369
35765820 35765825
38639692 38639697
931429 1754742
4714011 4716485
42361876 42361877
1961734 2732278
5911249 5911285
29883645 29883664
35761198 35761207
1100503 1970865
3180128 3643797
3180129 3643797
35769077 35769079
42346615 42346617
3889967 4110971
42341596 42341597
35765594 35765604
42361263 42361264
37826679 37826681
3643787 3956521
1100586 1970950
3785776 4039781
4026982 4199578
3669772 3970612
35754616 35754618
2884189 3430633
14306825 14306835
5911295 5911354
35408531 35408540
4196480 4314009
3899580 4116354
14923293 14923334
3752392 4021691
35765602 35765609
35765381 35765389
42358053 42358054
7921493 7921534
46923316 46923317
33245339 33245342
35743940 35743944
35749506 35749521
38696992 38696995
4467465 4502093
35767486 35767487
35753796 35753799
34444450 34444454
35766038 35766047
3961008 4156395
38723761 38723763
35758659 35758662
35771597 35771602
3805081 4051389
4058725 4216403
38730239 38730240
4233833 4340038
418279 1058277
9776650 9776680
35767946 35767953
42361764 42361765
38729240 38729242
35755806 35755807
42343392 42343394
35757167 35757171
42342348 42342350
5911359 5911383
38686723 38686725
3841856 4080982
35765920 35765923
35749656 35749664
30104863 30104869
4466514 4501367
5911292 5911347
35745655 35745659
5482520 5482528
38729850 38729852
1646038 2488823
3229345 3678944
38740221 38740222
35747721 35747728
37826720 37826722
38730308 38730311
38728811 38728812
35748683 35748689
35753130 35753133
42361372 42361373
6711990 6711993
38735881 38735882
14964009 14964027
4233834 4340040
35762574 35762579
9205887 9205901
15574498 15574513
4490935 4520873
42346522 42346523
1357658 2231846
38637615 38637618
35750176 35750183
4355739 4420526
38696994 38696997
42360636 42360637
3138248 3613501
38736233 38736234
38766827 38766828
42341226 42341227
42465475 42465476
42340703 42340704
3431265 3811199
35766317 35766321
3540453 3889067
35756121 35756124
42342167 42342168
42340975 42340977
34366678 34366684
35752917 35752921
42494992 42494993
38729255 38729256
42341127 42341128
3421003 3805086
42340201 42340203
38727937 38727938
38731467 38731470
42340436 42340438
4627306 4636059
9012950 9012973
3807048 4052503
35744563 35744580
42466364 42466365
4677706 4682372
35755059 35755063
8043528 8043541
38790464 38790465
38672928 38672929
2386572 3079615
35762671 35762676
38725404 38725405
35404760 35404765
38644168 38644172
35760445 35760448
35756107 35756113
35750678 35750682
38644366 38644371
35763611 35763614
1440272 2308610
1707504 2537887
3405550 3796968
2751951 3342703
42340125 42340127
4258612 4353362
35768143 35768147
35766240 35766243
15024827 15024859
2526367 3186712
35759909 35759912
35749346 35749352
4353368 4418527
36072636 36072647
4111654 4258629
38720337 38720338
36072778 36072783
42339965 42339967
10366235 10366239
42341396 42341397
30638431 30638435
3599190 3925658
34358109 34358122
15659085 15659088
37827267 37827269
4111655 4258630
3643795 3956532
4120873 4264003
33246452 33246456
8500793 8500804
4111652 4258626
4080972 4234522
3841845 4080967
35761153 35761156
35750243 35750254
3079605 3569407
4111651 4258625
33163083 33163088
34402683 34402695
2742924 3335673
2459301 3138289
35768802 35768808
1100757 1971288
35750983 35750990
3521009 3876647
35762225 35762228
38788044 38788046
9012919 9012954
35767981 35767985
2627122 3254008
38642246 38642247
3138254 3613511
38722395 38722397
3219168 3672148
35744351 35744356
38699179 38699182
29870126 29870140
4021696 4196456
34428693 34428697
35748614 35748615
3468454 3841859
2742917 3335661
38718955 38718956
38719040 38719044
35762917 35762920
35761619 35761622
30347590 30347597
4356848 4421000
2951020 3479853
35766024 35766033
35745665 35745667
7752970 7752972
2951034 3479861
35749663 35749670
826147 1634777
38719037 38719042
35751772 35751779
38730581 38730584
2951019 3479848
3569466 3906407
35744882 35744886
3604172 3929119
35765380 35765388
37827118 37827126
37827122 37827128
42341134 42341135
3752388 4021688
35771588 35771591
38728814 38728815
42339799 42339800
35746848 35746851
35744018 35744021
2799872 3372970
38720195 38720197
30992636 30992642
35769797 35769800
4021697 4196457
14405992 14406009
3960917 4156358
33731760 33731775
28738703 28738727
38681239 38681240
35748953 35748963
10502612 10502614
28940541 28940547
35759416 35759422
42362993 42362994
15024765 15024782
7921585 7921601
28738698 28738708
446798 1100570
38786878 38786879
35767744 35767747
3811545 4055451
42347106 42347107
35407542 35407555
28738707 28738734
35744567 35744585
38782287 38782289
35761955 35761957
3468458 3841870
35746448 35746451
35748099 35748105
26557009 26557018
42350260 42350261
15024852 15024865
15024779 15024801
36874349 36874350
2175398 2914451
35761873 35761876
35748933 35748940
4340022 4409285
3888728 4110495
35767699 35767702
1100598 1971016
2466342 3144580
3569460 3906394
35750328 35750337
42465265 42465266
4702651 4705579
35754079 35754083
35771171 35771172
35750332 35750351
4208996 4322119
3194042 3651396
4261001 4354968
10607280 10607301
22026702 22026712
31105622 31105625
35745587 35745594
35754001 35754004
9776666 9776688
9012932 9012961
38699276 38699277
35765005 35765008
38720116 38720118
35754182 35754194
305486 835475
4476522 4509815
9012960 9012976
35747927 35747930
38823317 38823319
9012927 9012958
42340174 42340175
35746730 35746733
33250123 33250163
42339716 42339717
4122381 4264791
38668724 38668726
36072789 36072791
35765437 35765440
42340779 42340780
42346729 42346730
38642467 38642469
3988815 4174530
3174360 3639797
42342063 42342064
35749536 35749541
38718076 38718078
42343666 42343667
35766335 35766338
7921486 7921529
28449030 28449038
42340435 42340437
38735905 38735906
34392136 34392163
35772240 35772243
3576147 3911021
42336072 42336075
4672521 4677709
35761275 35761278
35749330 35749333
35755793 35755803
35772300 35772303
42343728 42343729
4280644 4369574
2607253 3239458
1467380 2336639
2742802 3335559
3342700 3758219
4174498 4301436
3079599 3569372
42341125 42341126
14275414 14275444
4233805 4339995
35765603 35765610
38820697 38820698
42340821 42340822
35768689 35768692
42347611 42347613
5744437 5744457
305493 835503
1533124 2391709
38654604 38654606
36072777 36072780
38719737 38719739
35751095 35751102
3342711 3758227
42358295 42358296
5744454 5744476
38700744 38700745
1971006 2742957
35760872 35760875
35753800 35753809
42335799 42335800
36072993 36072994
4457792 4494985
35743572 35743603
38734516 38734517
14923331 14923354
35747954 35747958
42340927 42340928
35744783 35744789
3752442 4021720
35764153 35764159
35749023 35749042
21771658 21771660
38659103 38659104
35747305 35747322
42340676 42340678
3186745 3646745
2742952 3335709
35771789 35771792
35747424 35747427
35758318 35758321
4479213 4512199
35765020 35765023
25414703 25414727
4185198 4306820
35744855 35744861
35403864 35403868
35404504 35404514
35753407 35753417
3899591 4116374
42355573 42355574
42356507 42356508
35762904 35762907
1971005 2742951
35770344 35770347
35753975 35753982
35766997 35767002
35759382 35759385
35765520 35765522
12077635 12077656
38737640 38737641
38789857 38789859
35745370 35745375
14923333 14923358
3039077 3542740
35766917 35766919
1971032 2742970
35762437 35762440
2110937 2860076
3292073 3722563
35748818 35748823
4024909 4198168
3335670 3752462
35759819 35759822
1100664 1971138
1533130 2391721
35750338 35750357
35743851 35743865
42494070 42494071
42340987 42340989
38728854 38728855
35763938 35763942
38817381 38817384
35324383 35324388
3770816 4031070
38735923 38735924
38691128 38691131
3062415 3557153
3180122 3643784
3960593 4156133
35755966 35755970
38730365 38730366
4326100 4399788
36072766 36072767
38653697 38653700
35759501 35759504
32811191 32811198
35747072 35747076
9776629 9776659
35753199 35753202
3067570 3560399
46923318 46923319
25461199 25461222
1970921 2742826
35747733 35747735
3569462 3906399
35770264 35770268
2743014 3335733
35763270 35763273
1533129 2391719
33137832 33137843
3502854 3860667
38738040 38738041
2799869 3372964
38780527 38780529
35744579 35744588
1971147 2743091
35763508 35763511
38688240 38688243
34392161 34392183
3372962 3775380
35748443 35748448
42341857 42341858
38673830 38673831
35765682 35765694
35747823 35747828
34258429 34258431
8500803 8500811
38729222 38729224
35767227 35767237
4057306 4215726
4196491 4314018
42361746 42361747
14883317 14883322
1100608 1971059
4666828 4672522
35743888 35743891
5911289 5911342
4421012 4466512
35772159 35772162
4026995 4199630
3138272 3613525
35749984 35750004
2933999 3468468
42485788 42485789
35768031 35768035
7921487 7921531
42340943 42340945
42336073 42336076
42342045 42342046
35754322 35754326
33107745 33107747
38729878 38729879
35768614 35768617
38672211 38672213
3811544 4055449
34442983 34443018
12799745 12799772
3110635 3592214
42335808 42335810
34442966 34442988
38752143 38752146
38729657 38729659
34442973 34443004
35743853 35743872
3557151 3899604
35747285 35747287
34495514 34495517
2742892 3335648
35749481 35749485
34442969 34442995
3954926 4152892
35770009 35770013
3557151 3899605
38667874 38667876
35768407 35768416
34443012 34443025
33250032 33250112
35757911 35757913
2799874 3372974
38697546 38697547
35745583 35745588
42345606 42345607
35748955 35748967
3907833 4121708
42335960 42335961
46923320 46923321
35765115 35765117
35749103 35749109
3468436 3841832
42341118 42341120
2488821 3161281
3785780 4039789
34439003 34439011
35767038 35767042
3569467 3906409
35744353 35744360
35770618 35770620
1778210 2594498
2486184 3159407
35765528 35765532
35763912 35763916
35762244 35762247
38718323 38718324
38696953 38696956
38685385 38685386
35762083 35762086
29040214 29040228
35748638 35748642
35771799 35771802
35765242 35765246
2742882 3335642
1970899 2742820
35768971 35768974
35748295 35748298
35759369 35759371
2751960 3342712
35765596 35765606
32652263 32652265
33141536 33141542
42339658 42339659
5235173 5235190
38753189 38753190
35410354 35410382
42346436 42346437
4117525 4261853
35764221 35764230
35759202 35759219
4490197 4520392
38766304 38766305
4392558 4447023
35762458 35762463
8762290 8762291
36073043 36073049
36073044 36073057
42341740 42341741
42340359 42340360
35763415 35763419
4154148 4287119
3569469 3906413
35744549 35744552
35766055 35766058
35749022 35749041
2692922 3292091
35751362 35751373
42336123 42336124
30682824 30682831
3758226 4024703
35405168 35405173
38729759 38729760
35765168 35765171
35749405 35749409
35749544 35749550
35768897 35768900
42363976 42363977
3292077 3722575
3569459 3906391
4111646 4258622
35764994 35764997
35749029 35749048
38793268 38793269
3179538 3643424
29883593 29883629
4039784 4206348
42358040 42358041
34388132 34388138
5911293 5911350
7921450 7921517
35750386 35750398
3379436 3778364
35768777 35768780
35770017 35770019
2345998 3043739
34825996 34826005
30710698 30710700
42496552 42496553
37827301 37827302
42340246 42340247
42341305 42341307
42343199 42343201
4315627 4393113
42348154 42348155
35750456 35750461
38819899 38819901
42345978 42345979
1100518 1970890
42363240 42363242
35759988 35759992
42494744 42494745
5235188 5235206
35755918 35755921
35757810 35757814
35762621 35762623
42364270 42364271
35753615 35753623
13935035 13935040
35746983 35746991
34481138 34481140
28733870 28733871
35744472 35744475
35750390 35750400
38823780 38823782
42348186 42348187
2494957 3166308
42340097 42340098
35750367 35750378
4666836 4672541
3648153 3958902
34755951 34755953
38668426 38668427
3906356 4120859
35752784 35752788
3289498 3720807
35758258 35758261
35749721 35749730
35750210 35750221
35750666 35750670
42348593 42348594
35743800 35743808
38699371 38699372
35764222 35764232
3062407 3557119
35743565 35743590
42335940 42335942
35759011 35759029
38702837 38702839
35770335 35770338
4156347 4288752
35746031 35746036
35752267 35752270
8352005 8352027
4233823 4340026
35760888 35760892
38729885 38729886
42333744 42333745
4106162 4255131
3752437 4021719
3062436 3557187
4198161 4314906
38735926 38735927
35765359 35765363
30211403 30211414
37826846 37826851
2742810 3335568
35756136 35756138
5911280 5911306
35760995 35760998
3906388 4120894
34487638 34487647
1533122 2391702
3569458 3906385
28425530 28425540
38823778 38823781
42345663 42345664
38637705 38637708
37826967 37826969
42333589 42333590
10525611 10525614
34438271 34438275
2742971 3335716
35751783 35751786
301402 826148
3956957 4154156
38652900 38652901
42340707 42340709
1652318 2494962
35760457 35760462
35749728 35749735
35744624 35744630
4421009 4466509
1971051 2742986
38710127 38710129
4021687 4196454
35761514 35761518
38794613 38794615
38779840 38779842
35758348 35758351
35771919 35771922
35767912 35767914
1100595 1971000
35764716 35764718
35770049 35770052
42332685 42332686
38638384 38638386
42332251 42332252
34952660 34952663
8043551 8043580
38779280 38779283
35761405 35761408
35760876 35760879
35744897 35744901
38644406 38644407
35760431 35760435
4026985 4199591
35769026 35769029
34474216 34474218
35769692 35769696
42341871 42341872
35769676 35769679
2217897 2950868
1100777 1971329
34062912 34062926
38812741 38812743
4233817 4340014
35755645 35755649
38735946 38735949
28738712 28738746
4399786 4451997
3906357 4120861
42340161 42340163
36072803 36072816
35761236 35761238
38646399 38646400
38702155 38702156
35769913 35769923
35769904 35769908
35756051 35756054
46923322 46923323
42362305 42362306
1100759 1971294
1971292 2743181
3569051 3906240
42361787 42361788
38653512 38653513
33250075 33250137
34089031 34089033
4199637 4316203
35748756 35748759
35765481 35765484
3569474 3906420
38699254 38699255
38762619 38762621
35747682 35747689
3953361 4152097
38730230 38730231
31871740 31871743
35768953 35768957
42339909 42339910
42346592 42346593
38730310 38730312
10650957 10650964
4326327 4399878
42339742 42339743
35758663 35758666
38208190 38208193
4708721 4711522
38763497 38763498
38730452 38730453
35749616 35749619
35768568 35768571
28519869 28519871
35750329 35750344
3570547 3907317
35766626 35766629
42339907 42339908
4666831 4672538
9205895 9205911
4233814 4340006
35748951 35748959
30572982 30573000
35749744 35749747
35745124 35745129
11122561 11122576
42496131 42496132
35765907 35765910
42363241 42363244
42341728 42341729
35752972 35752977
35747165 35747172
4970796 4970805
35749686 35749688
38666790 38666792
3752407 4021709
15024857 15024875
38735914 38735915
2526371 3186730
35762444 35762447
7921485 7921528
4039770 4206332
33668012 33668016
38653594 38653595
38682296 38682299
35746578 35746581
42364130 42364131
42341737 42341738
10270861 10270867
10270852 10270867
14405989 14406006
38772185 38772187
9637104 9637105
35743796 35743803
14405991 14406008
35749450 35749452
35762039 35762043
4235947 4341908
35770210 35770213
4315119 4392699
4024907 4198163
2951036 3479866
38639897 38639898
38694714 38694717
35766263 35766267
42360666 42360667
5397224 5397225
4421008 4466505
33251348 33251354
35759015 35759036
3138275 3613531
38643057 38643060
35745989 35745991
4026983 4199583
42341956 42341957
35760120 35760123
38641124 38641128
42341511 42341514
446784 1100523
35759284 35759287
28486392 28486397
38779866 38779868
3335571 3752393
35749532 35749535
3186709 3646725
3262143 3702402
3911018 4124146
1533112 2391685
1100496 1970835
3899586 4116369
3365428 3770820
9012980 9012986
9012925 9012957
22050474 22050505
38791366 38791367
1100500 1970857
1971021 2742961
38699173 38699175
42494692 42494693
1100511 1970879
35769837 35769839
35746720 35746723
4196489 4314017
34487636 34487646
4196468 4314005
42495350 42495351
38729888 38729889
35764420 35764423
4172482 4299718
4120847 4263993
794998 1584749
1100505 1970868
4233818 4340018
35761318 35761321
42340969 42340970
3138251 3613505
35760553 35760556
38656629 38656631
32793383 32793387
35748687 35748694
35757291 35757295
4490195 4520389
132535 419834
3542733 3890361
35769164 35769170
34378620 34378631
35756037 35756042
35746367 35746371
35747765 35747768
3956966 4154169
305495 835511
35749442 35749445
38801597 38801598
35760497 35760499
33013015 33013017
8912602 8912622
4501040 4527668
42361677 42361678
42341765 42341766
35749461 35749478
2494960 3166318
35747090 35747093
7258053 7258099
42341288 42341289
3758503 4024946
2847027 3405551
7952049 7952051
42336366 42336371
38758710 38758712
35751227 35751235
35752311 35752319
35765306 35765311
4154168 4287125
46923324 46923325
42342076 42342078
42347875 42347876
38823553 38823555
35753662 35753665
35756024 35756030
28738720 28738762
4396179 4449342
7921489 7921532
3878881 4104771
35765183 35765187
305494 835508
4660845 4666837
42495613 42495614
35764616 35764618
4705576 4708722
33248917 33248943
36072476 36072483
35765001 35765004
2884181 3430625
34090296 34090299
42364215 42364216
35761884 35761887
35749381 35749385
35745221 35745224
3569465 3906405
3569468 3906411
33250022 33250081
35749320 35749323
35750434 35750438
35768770 35768774
28739830 28739842
38640909 38640911
35752100 35752105
38732555 38732556
42332626 42332627
35770331 35770334
3743139 4015471
35765877 35765880
35762624 35762628
6719506 6719508
1703320 2534278
33137829 33137841
35768933 35768936
38659408 38659410
38652241 38652242
38730474 38730475
38637534 38637536
35759005 35759009
33141361 33141362
38655605 38655608
35759139 35759143
3713116 3998952
3960595 4156138
4151984 4284911
3693011 3986311
3693011 3986312
38812504 38812507
35758980 35758982
34825990 34825998
42360659 42360660
2732524 3322893
4651680 4658425
4258615 4353369
1100761 1971298
2954124 3482195
38788084 38788086
42357411 42357412
3138245 3613498
35757355 35757358
38687306 38687309
35765051 35765053
42348869 42348870
35748531 35748540
37827184 37827186
12799682 12799708
42342079 42342080
22050465 22050482
42346731 42346732
38654237 38654238
35752310 35752317
3865231 4094556
34453371 34453387
446285 1098993
35751827 35751830
2526375 3186748
22110661 22110679
38720731 38720733
35744027 35744030
35751867 35751878
28738717 28738758
38652247 38652248
35769958 35769963
10178699 10178702
38728272 38728277
35761060 35761063
31078078 31078091
10366234 10366236
35767162 35767165
35767537 35767540
3956962 4154163
35749069 35749087
3906228 4120791
3424422 3807041
42471370 42471371
38720679 38720681
38792373 38792375
35762144 35762146
37827420 37827423
4482880 4514946
4514938 4539975
4514937 4539974
37826869 37826872
963490 1802243
1802233 2615218
752133 1533114
752134 1533116
12481575 12481584
3634693 3951058
38683348 38683349
4021714 4196473
3569375 3906342
35763100 35763103
3079611 3569415
11438186 11438204
35750615 35750623
4027000 4199640
11438187 11438207
1970979 2742897
38697495 38697496
38670643 38670645
38713166 38713167
35766743 35766752
34439006 34439016
1970989 2742933
2742959 3335714
42342169 42342170
4196481 4314012
35761985 35761988
3335689 3752470
3841815 4080954
4234528 4340557
42357389 42357390
38674756 38674758
3841848 4080975
35769427 35769430
38730629 38730630
3841868 4080996
4080953 4234519
8555754 8555774
8555771 8555803
8555766 8555800
8555850 8555859
8555844 8555854
9776624 9776638
35768355 35768363
4172493 4299769
35749654 35749660
3079600 3569380
4439754 4481573
35749973 35749976
3986308 4172498
3986302 4172488
4172483 4299722
35752096 35752099
4299738 4382219
3079601 3569385
11950550 11950568
35745473 35745480
6775034 6775035
35745477 35745486
35752895 35752898
3198742 3657809
3079604 3569403
3198754 3657836
3963326 4158231
7172137 7172163
33250159 33250183
33108690 33108694
35768558 35768561
33250053 33250126
33250180 33250190
42341873 42341874
42348926 42348927
3650839 3960604
3114060 3594614
7172133 7172152
35752334 35752338
4026992 4199615
38648699 38648701
4026986 4199596
35764244 35764255
30439262 30439270
5793569 5793602
5793562 5793596
38667045 38667050
38735947 38735951
5793601 5793625
4024921 4198203
37826880 37826883
4024928 4198213
4233824 4340029
35772088 35772091
35762233 35762236
3758510 4024968
3758512 4024972
4024919 4198195
4198165 4314912
3758507 4024959
42360569 42360570
42363290 42363291
46923326 46923327
35753654 35753658
46923328 46923329
3778362 4035028
2743070 3335799
42469627 42469628
2743071 3335807
2743040 3335772
2743073 3335809
35752556 35752565
35763887 35763890
35752555 35752563
38692785 38692787
35752553 35752559
38728824 38728825
4356850 4421002
42357882 42357883
4120843 4263982
3906355 4120857
42342164 42342165
35756913 35756918
28539063 28539070
38719745 38719747
35749795 35749798
4024920 4198199
4024922 4198206
4198187 4314923
38648744 38648746
35753850 35753855
3634709 3951076
38697086 38697090
25414708 25414731
25414736 25414758
25414710 25414735
35767695 35767698
12799694 12799731
35749596 35749602
35753329 35753333
38729199 38729200
35768866 35768869
35768868 35768870
42362365 42362366
4293465 4377486
38729764 38729765
4377470 4436463
4377481 4436467
4293468 4377487
7921566 7921589
7921604 7921613
7921599 7921607
38728817 38728818
38685055 38685057
1100563 1970943
305487 835480
305492 835500
835493 1646039
305499 835517
305485 835470
305489 835489
2488820 3161279
35763090 35763095
3767335 4029388
34837809 34837827
2752387 3342988
35753827 35753835
42343270 42343271
14306816 14306829
35760968 35760975
2638582 3262155
3758505 4024954
11163954 11163972
35759768 35759771
42496043 42496044
35750132 35750134
4547859 4565857
35756384 35756387
5911309 5911364
42342171 42342172
5744438 5744460
8043560 8043590
35761118 35761124
8043554 8043585
35767016 35767019
35769888 35769893
35753857 35753861
38638859 38638860
35753860 35753863
3651429 3961017
14306817 14306833
14306831 14306844
2050776 2810689
10710735 10710747
40196038 40196039
