22387276 131582
22384368 55338
47019688 538635
22381986 1069261
22491424 391907
47019690 218110
15004815 709869
22389859 73818
22379307 706070
1044589 861615
22449589 113657
1043184 710127
22384867 198605
22388491 442056
15131236 288720
22388194 710246
22379158 678219
22379317 911680
22385342 231295
22387682 289052
35840184 78378
22383485 105327
22385319 1477987
22379885 640881
22381733 228337
22381884 92368
22386141 534406
22397911 297862
22391230 339674
22380250 101822
22389994 1407006
22385630 227238
22383822 1578154
22387868 594761
22396192 945110
22387455 98273
22389440 697908
22385822 95372
22442607 299346
22389717 95005
4250033 2502588
22390611 219515
43213561 320894
22382977 305872
22382407 366192
22379552 201950
22384872 78386
22381583 447721
22380999 360812
22389331 530267
22385792 50299
22381245 345621
22495493 423133
22387001 728005
22387007 635239
22387016 55342
22386046 479467
22385329 274220
15106969 64945
14889780 600117
22382917 996727
35850201 78397
22404498 49800
22384078 106700
4250542 759167
22382004 347174
22494929 332494
22385987 332347
22379596 670160
22390217 387426
35845789 343731
22385200 1182519
22381013 218295
15155687 175677
22389868 104538
22381861 218346
22387702 779264
22382442 347651
37819860 218121
4251230 532587
22380885 360321
22473273 347975
22399282 234986
22390453 256675
22382292 345721
22450556 451237
22428580 41934
22379964 197101
22389050 139712
22471220 1468584
22382993 341074
22496052 85829
22474047 39289
22383320 35767
35839741 710237
22383338 1198847
4248332 355631
22386262 53043
22386681 617000
3866637 511951
22384852 709884
42603532 359078
47019692 55339
3002159 1094559
43212079 339202
22382889 267323
22386286 2863
625665 90392
22380760 63220
22468070 394803
22383309 554624
22386540 1212683
39452961 1165648
39452965 49570
39452969 56515
39452973 50513
39452977 339518
22401197 216618
22401205 1038876
22401214 875033
42605814 685092
22388281 1241320
22385924 363583
22381208 1968205
22380276 1303871
14888325 354324
22472429 95890
47019694 41541
22381717 190413
123077 403792
22382465 1490912
35837644 505517
22381739 417138
123400 221647
3001068 444623
4250987 111051
51765 217184
125110 408408
295668 343228
52315 217935
49991 211296
47019696 112008
123340 346814
22439568 333203
22393483 830891
78006 275802
36858470 955936
4250220 962379
22402529 133701
22437322 3233285
14883926 39657
22403850 130282
22400737 899510
22491721 1052183
22404823 53472
22400277 321762
4248968 598860
47019698 83317
35836621 77153
35836524 320151
35840939 634278
22472766 126146
47019700 1088568
22402964 328832
22402462 127777
22398599 284691
35853560 1274255
22402349 134075
35850536 400914
22458959 1392891
32651015 1006910
22402567 77956
35840983 1216584
22437620 606764
47019701 471927
7985250 870273
22399939 1566289
34355085 408263
22400602 1599110
35835539 236593
4413960 320843
2581269 102918
22398879 236476
22403082 129619
22404519 405109
22393070 336636
22405244 202794
22405014 63025
22405005 802005
15153850 920918
22404451 394767
15146397 342725
22397168 892371
43211837 260700
22468079 872757
22393344 297868
22404745 74134
1198840 19305
22396553 747340
22396717 1667535
22404709 246840
22404764 728612
22394286 226588
22403000 828846
22396532 860610
22402168 337483
42605159 1657691
35850322 1348601
22395079 186615
22396581 208770
42605228 1165607
637869 172287
22397651 2073764
35850359 322400
22394707 246159
35850344 671050
42605091 366029
22395744 671552
22395727 937565
22397123 604099
22402822 687973
22395701 111505
22399337 138858
22402183 277709
142477 98226
35843360 671428
47019703 654165
35846303 257338
22471688 746056
1036615 538643
35845338 80560
624190 6466
4414349 196496
765501 355957
35845481 524081
2440455 384046
400733 1012835
13291943 50792
22397534 336717
35838772 771140
22492544 133800
2283598 80043
47019705 671233
39452760 92390
39452764 353424
22405054 13816
22405046 299644
22405037 388745
47019707 790929
47019708 2425782
22436949 196821
39453895 846343
35848749 606898
43213240 815129
22394497 916975
640296 830913
47019709 830913
22405830 92426
43213027 338642
36854028 338642
43212122 127867
36854038 219822
1889424 148288
22403200 680579
43213253 487304
47019711 220614
22395633 192886
35850386 349701
37809812 38852
43212473 684501
35848391 51595
22397897 849955
43213425 929448
35850556 280523
22403275 220046
35843866 251025
22393841 97457
22405575 691930
22420127 1008018
22400673 97124
22396849 134292
22400560 911828
14941600 125121
22399771 1240985
22492431 135080
35851175 291940
22439061 914915
22404217 134755
22404789 343326
22404965 336716
22396303 680817
35842302 100050
22397285 173026
22398143 394471
22402516 383532
22402593 660079
35851704 369116
35058435 201482
22393014 228370
22433787 1403
35840811 419310
22405147 967988
22392630 959732
22392638 92866
22393552 1306674
22394815 2230737
22400297 1541275
22406538 733971
22396691 529195
22401382 477586
22404801 2860
357878 607980
22402853 825191
35843222 444962
35843214 415565
22471078 960474
22389778 110313
35851171 142913
22404148 1046379
37817286 98598
35841978 365606
35851057 30990
47019713 314875
35851061 1254057
22398503 2398104
22403844 23425
640104 176323
22402777 546856
22387848 618665
22404868 1273221
22393441 513117
47019715 1104683
33180839 351921
14990223 1025492
22389783 52443
35835823 1798927
22405869 1030815
22399826 593388
3867387 1357519
22404333 884908
22405738 83919
22457319 170773
22457339 323877
22390324 312773
22389799 122644
22397374 52836
22400406 95799
22393524 96395
35850112 305941
22389808 181904
22395096 1298821
35836584 2373154
35850240 211562
47019717 241087
35836028 346764
22398685 84796
22389813 137390
22394522 347048
22395429 1273621
22402875 117456
22403718 442763
35841038 900871
383063 55305
22426339 780052
35841062 638955
22471384 180891
37813251 642503
35841066 328133
22429801 423314
35841153 975894
35841146 68704
22471412 582575
35841133 1340417
37810124 1180284
22395134 1128704
35838516 479598
22400975 74541
22397708 1336518
22395003 927242
22391383 789725
781312 1567579
22402278 101034
22399435 701928
22404689 269850
35847941 1676995
35837220 355404
22390808 462638
47019719 123342
15067465 294494
22389830 87869
15078941 48859
22471178 586535
47019721 70820
22393355 1417499
35844895 1309420
22389836 112353
22392084 1078563
22392135 219819
22496185 695143
22392090 606577
22392029 666063
22392063 361163
35840337 1047616
22391991 659373
43214434 336718
22392103 376224
22392111 402705
22450497 1621
22389849 97968
22392119 1003117
22392127 52041
22392018 362517
22392012 1670594
22398243 95843
22392054 95843
22392068 391990
22389012 392219
22389873 109872
22392076 2688493
47019723 598962
22496707 92948
22392032 545875
22392008 1795018
35846492 393091
22391533 95420
1199476 71954
22488069 376168
47019724 101772
38132062 909001
35852489 301017
22398614 228577
22396669 1407513
39453468 1901298
35842927 70439
36854633 383150
15006053 883298
35853895 1203637
35836498 121014
47019725 364191
652709 289222
124884 407600
36858522 2189241
47019726 34682
2114 22645
15110021 228395
406613 942456
35852434 362920
22444605 466624
22379049 102102
15085143 1308010
35838557 792038
22401152 531025
35843195 1260018
22427968 275082
35849356 6628
4413427 822253
4250562 380489
22400551 622370
22404138 328517
22404023 218111
35840081 239250
43212480 467418
22393932 959509
35842957 478596
37817036 350850
22388066 1309248
35839066 763413
22398004 358424
35839063 815130
35839071 98794
22493545 1537642
22408956 693456
35840866 844662
35840870 844662
35835633 1830552
22494723 2991593
22490214 772273
14886062 286677
39454444 632235
39454482 216887
47019728 395086
22398579 53309
47019730 238000
15120047 95719
36853258 954515
22469111 645262
35839310 1944582
35835777 902029
35847226 391991
22425300 927245
22380437 100173
35845122 661929
36856317 820770
35840887 62807
22477132 926587
35841319 593368
22399366 623136
47019732 220047
22476070 916976
22400483 98550
36858520 606980
37803650 325764
35057615 322260
35854006 333369
47019734 192467
35852497 537055
35852499 503001
652830 416561
35840923 2213452
35852501 946161
35852504 388848
22384272 1653648
22439680 770066
3869870 322454
22496347 2495884
35849190 912238
22402311 3950005
35844006 1674603
35849718 42383
42604983 321575
22404009 70130
22405267 576789
42605021 1149511
35849711 2736243
35841325 1108232
43212569 102869
35836792 338363
22466443 1446803
37806867 52505
22393598 307295
35841519 664061
22393110 336477
22492308 48843
22386448 312898
15059747 220225
22402287 760394
648792 170776
35836020 1031016
22472682 292288
35846400 1228653
22428357 218183
42604329 53830
35842248 931597
35835490 360930
35841614 175445
22400926 218488
22493952 103540
22445652 595951
36857527 52867
43213279 868750
35841557 1671471
35841573 1011018
35840085 697909
22405858 75159
35851250 463743
1039275 780456
35840517 614315
35842687 429336
22478567 105687
22495249 388563
17428654 493698
22379366 413873
13311339 1541805
22435854 210661
35839202 664536
22465801 450366
22380450 352627
35842882 70535
124992 408307
35851053 1034051
47019736 137091
22389728 624775
35849361 393971
43068174 395172
22406556 684917
47019738 51713
22406489 354945
22469136 373573
22494349 396002
22448984 659191
35845114 97969
35846017 103862
47019739 867739
35841284 297207
22399525 945271
22492028 343368
35840071 208261
35842762 237024
22384415 1394
22487385 104318
13300529 34874
35846893 572780
35850417 417078
35837351 321536
35843822 572575
35843824 276168
35842722 100314
35842729 237959
35849601 898467
22388484 107816
47019741 181952
47019743 340407
47019745 330019
47019747 127306
43214644 1489902
22379299 157139
47019749 100865
22380480 218350
35843314 207959
3875410 862062
22380491 1488841
22393799 1183336
22399034 939247
47019751 235251
37805698 218184
22381807 99466
22379504 335602
35836420 105965
47019753 142296
22391033 2765
22386946 99992
22391045 136229
22391055 468523
47019755 98090
47019757 333406
22388874 350302
22397317 361082
22384631 36140
47019759 146505
47019761 864661
47019763 121432
22385765 104605
35844526 385925
35836655 8726
22384741 1196452
35849193 853623
35840648 106430
22392884 929449
35836460 110046
15021368 528921
35841304 1141162
22391552 95329
35843861 607853
22476410 572763
22397150 246447
22395324 337080
35851143 675949
2831698 530900
43213096 344997
35841424 65892
35850717 121235
22403623 82654
22385859 2750263
22406415 440973
39454460 81080
15125269 1753183
22467583 444624
35842944 19699
22391666 1447130
625811 98718
35848201 42231
124715 406784
369659 175978
22393280 247392
35066420 894895
328412 216717
108735 352882
15050036 142891
208473 292093
35839831 330443
22490680 707887
626203 321664
22464343 933502
35839781 333686
47019765 230165
22434263 441675
22403972 476507
15156115 1754654
47019766 349477
920106 927793
1042598 101443
35846537 362465
35846542 362465
35843228 385732
35853887 107720
22496008 288531
35843929 1197683
123076 403730
15014948 16954
22388370 105228
22397551 57951
47019768 51272
22414605 1685883
721072 1481074
22497378 332710
35841199 190933
36853383 1512408
47019770 49226
160403 99708
22450793 215786
406401 361949
3003842 316051
22469588 327309
43214766 969875
35850965 299547
35852680 574013
12284311 893058
35839061 313069
15082085 483173
35847346 858755
43215861 388900
390179 1000586
160718 386173
35836776 64013
47019772 128123
22440772 360875
22400245 313458
22401084 232110
35838021 1668841
43215866 144099
35840944 1171292
14888299 141845
22493260 83425
863915 299763
406967 203206
4965175 320857
37809797 675814
35845531 408409
22404905 393694
22403691 217865
22401382 16634
35838124 63518
35837615 21168
35849815 393255
35837624 987693
22387394 654
22396523 339406
383059 369088
22406376 291921
22406278 99703
22395931 1128579
22402794 99899
22437735 102839
35843874 447907
22400194 201889
22390271 251760
22498378 134802
47019775 857187
35839890 364838
15015946 1191978
22397085 190927
35842658 188418
22441797 235022
22409407 335680
22393332 99636
35850974 2539897
638361 229156
35847729 55776
22411569 443464
3866628 544242
4246499 50793
39452663 953280
1017021 660147
39453449 180264
43214984 976702
35847565 101284
22386795 164819
22390286 48180
35844518 299920
22474642 295184
43215053 788484
35837034 54483
35846607 531359
382916 222328
21900486 216931
35849641 1615460
35849827 312770
35843791 573216
35849650 503901
22403549 160337
4250740 72776
35846622 860248
35842107 651921
14885892 326291
35840981 227278
35843408 828782
1042599 257351
22393805 1094408
22389896 324697
35850483 364999
35844329 20525
35852414 15711
35853797 1217613
22397800 107296
35841580 290588
22324002 667701
35854053 1405
35846447 346979
35837890 116478
22403862 347229
22389951 100356
22429808 589488
35846722 257684
35846724 248920
22409221 133439
35842895 919043
39452824 92827
22379811 226733
35845398 806727
22398895 606579
35840477 95632
22424715 157976
4246464 623223
35060418 202779
35838960 875034
22405483 170467
35845695 318900
22405184 434201
22401974 395512
22395271 279441
35850280 1002443
35836679 280820
35841508 321717
35842620 1624
43214460 803500
22436956 392048
35843970 39950
35840064 57260
35843428 27590
35836483 77788
35849897 2489407
36853951 691744
35848043 809780
640182 209187
22391225 355110
35837184 103517
35852371 2268166
4252185 99249
22404892 1657721
373640 976641
35841307 1180558
35841312 615744
35841315 934412
35841310 1597049
35841322 1491095
35846841 1309446
22397835 316225
35849197 369671
35846464 215781
22485179 224937
35841201 672350
22471555 326369
22390502 95422
22444589 487019
35836534 1222488
35839987 263190
22397604 1315106
22394245 682366
35846466 84324
35846466 889402
35852707 2160061
22381834 290456
35851625 57139
35852154 53109
35843749 469882
22403540 9159
108668 352788
35852854 910652
35846908 1072841
35837607 435680
35851152 516764
22478900 829159
22395371 392385
35843405 391623
35842935 1732245
35843487 909513
22381846 101380
35843493 1038696
35843490 878028
35839300 813907
35839317 2683630
35846371 662158
39453632 364223
35851331 1345276
12000008 213164
22431647 350948
35843738 401791
22496642 792675
35847121 1095788
35840069 155488
35840694 2950527
15887674 1692227
35837863 1692249
35837872 888175
22397346 394365
15839574 394013
22395332 1123405
25394670 922298
35850016 1891556
22395154 329195
35852589 865424
22383391 1241057
22489490 457765
35839171 1132146
42604073 1122102
22408838 384615
35847925 649587
35840549 362321
43212076 92348
22464225 1216299
35850024 397640
35850690 587903
35841002 327529
22421170 219663
22383632 1031314
47019776 500374
47019778 1258499
22324002 121015
35837741 352239
35838333 478965
22464653 939945
43212578 333691
35850133 332549
35850571 221631
43215014 1491067
22393768 86648
35836844 324840
15008744 1339
22386270 54525
35851427 1735366
22432504 470082
22425445 715442
35849853 178190
35850728 256852
47019779 663800
43212576 321835
43214354 288911
3875939 729184
35844999 1208810
406377 505988
22442107 328729
22401065 79784
4250285 696660
47019780 80182
35848920 351382
35849683 278510
14675665 144985
47019782 288721
47019784 1854440
43212355 1625
35836050 669537
35838726 352401
13390412 836863
22390755 385181
35847797 889441
35848340 1397382
47019785 5619
35849989 394041
35847681 2868638
43213395 862066
47019787 351357
47019788 803747
47019790 216074
22472618 2572213
35837424 353245
35851241 1760026
14889460 1303331
35837246 729059
1198057 72968
42604744 356720
22393400 42219
35841379 202179
35852330 322403
400681 1012215
22390311 5458
35840656 861952
35851005 741
22391135 346863
35844456 396851
43214464 91378
22380083 398052
3876041 291863
22390156 326289
22391175 122363
22400545 726879
14887740 347520
124891 407771
35848395 774963
22379631 295146
22381972 18418
22385184 83126
35837475 340187
22474886 312670
22490701 592006
22404282 314203
22388610 125483
35852248 1491778
22404325 792149
35841555 540131
35851988 130949
35841159 364192
22389266 612428
22390131 312626
47019792 248601
47019794 100679
22418798 52187
22397763 108680
22390970 218112
22393671 393842
47019796 195505
47019798 99036
47019800 52722
35845410 339734
43214658 134679
47019802 623849
47019804 276691
47019806 226189
47019808 108200
47019810 336221
47019812 256261
47019814 70843
47019816 795334
47019818 342605
47019820 70879
47019822 691498
22394261 339004
35838816 50087
22401044 56927
22383792 219932
43212043 95716
22384099 37409
35843365 489772
35836870 98713
35838674 43099
35838583 342009
35838572 220815
35838569 328730
22383847 70133
47019824 430299
22493583 358425
47019826 56780
22394702 353551
47019828 277547
294969 51909
47019830 235254
22388879 117470
47019832 47455
47019834 43403
47019836 582470
35837732 383367
22381994 261454
35841431 45959
22398208 225048
15078920 204497
124904 101598
124904 407821
22381430 124131
28270668 1627
47019838 333037
43212917 58553
47019840 358953
35838868 50959
43212312 96046
47019842 189254
47019844 141995
35843365 224122
2234597 530058
47019846 190194
47019848 865878
35843261 159311
22420171 251924
47019850 432714
39452903 500045
22470624 192778
35840640 221648
47019852 1073671
1028404 275621
47019854 325244
47019856 39812
47019858 123298
43213504 513057
47019860 268636
22399644 602274
22436369 701563
47019862 525080
47019864 186206
47019866 424827
47019868 333384
22383876 193147
15124317 80044
22379850 50517
47019870 54016
47019872 35869
35852223 376075
47019874 225805
22379830 222629
47019876 142277
47019878 325408
22400520 352730
22380926 76395
22494040 131049
22383894 230461
22383900 219723
22399217 51360
35849384 220722
35838818 456341
35837029 338948
10940953 99116
47019880 347343
22383910 345149
47019882 462447
22383915 893149
22383920 19417
47019884 337484
22386967 141402
22402434 346816
47019886 363171
47019888 342010
47019890 109522
47019892 112009
47019894 119697
15031131 213165
47019896 224127
47019898 316509
35837046 361465
47019900 316790
47019902 243827
47019904 105378
22400490 5251
22384570 17120
47019906 100091
22385171 140104
22380518 106407
47019908 507776
35849082 334392
47019910 120808
22382972 53242
22403092 53603
15031033 231113
22472104 335325
15000905 402706
47019912 361167
47019914 324799
22393373 105379
35849892 347275
43214028 295965
47019916 291741
35839696 180780
35838970 284728
22492006 51429
22382055 243050
22382060 151559
22390227 219478
43213937 56835
35850730 131815
22399143 430714
47019918 5457
22384643 333822
22382087 50960
22397619 48622
47019920 222998
47019922 213166
35840539 56113
22390189 698348
22465673 51519
22388884 46272
47019924 176500
47019926 551462
22400463 53079
22386041 91103
22490674 166626
35844657 104403
22395484 99171
22388913 104743
35844283 154403
22389292 105418
22389298 43404
22381428 40039
47019928 97849
35842863 669493
29027577 466085
22390786 314780
47019930 21101
22390794 96709
22379648 889128
22379658 112010
22399113 220264
22381875 333746
22494929 102870
22396547 198583
22422183 110236
160817 104229
22394725 92988
22494022 65703
47019932 368333
47019934 186737
47019936 221303
47019938 327088
22406501 94164
22393492 88062
22403885 407822
22382745 152826
47019940 400462
47019942 227465
35838588 318824
35839254 121844
47019944 318508
35839915 97670
47019946 52146
412033 121508
13354699 113053
22393135 366606
22382923 96570
47019948 279083
22459236 1071981
47019950 5455
35838807 313488
22383695 363241
22491800 170726
15001422 196363
43212315 697261
47019952 328834
15079463 46219
22386067 215666
22401392 142624
22380533 18455
22380539 93143
526195 94890
22381027 665442
47019954 219825
34499169 281986
1253450 135079
35840387 226736
47019956 89891
47019958 142424
47019960 215184
47019962 85430
47019964 218719
47019966 357763
608266 213506
47019968 23039
47019970 5465
22399041 174404
22381086 187404
22381097 353762
15022007 52837
17806374 5466
22494371 51643
39452805 207675
35840845 162539
35851671 111506
47019972 1005203
22393616 287360
22394079 423315
43211988 312584
22390595 100131
22389975 226591
35839708 114870
22394624 205717
22389980 62373
43212395 218065
35848136 75956
22390084 344181
791972 443337
22382753 60295
22390109 961052
47019974 480440
47019976 332062
47019978 108201
22381601 179329
22400381 5393
47019980 322840
43214023 225050
22399029 340762
15003732 225051
22491227 325607
14925706 104678
22382821 94295
22400375 1032757
22384428 290225
22382826 611880
22394277 35775
22382848 362061
22385237 54865
22382874 84411
22393360 354664
15138353 330474
43212990 154224
22381114 340600
47019982 100512
22381134 336222
47019984 252908
22400355 217288
43213894 320962
22388947 17881
22425954 219826
35843296 100868
22389187 22248
47019986 325609
35838650 394570
37805698 881533
47019988 340923
22381921 408278
43064993 1009967
35850664 108226
35850670 226592
22381934 90718
22381939 308655
3874568 308663
22465717 35682
22478322 308688
35838667 58968
35841914 97378
35838661 308723
35841491 832043
35844188 376225
47019990 207621
35838315 364582
47019992 36218
35838395 109743
22433659 5597
43211560 79956
35774506 83928
22380184 344998
22380190 98895
47019994 121112
3871597 49841
22381142 201583
22388602 43100
35849317 72284
43213880 348874
35844971 340764
35844973 218532
624282 36474
47019996 1406
47019998 330650
22383673 224128
47020000 61751
47020002 9725
22400307 120696
22442627 100270
22383684 251767
3224565 100775
22427879 15959
3224556 344217
22383211 144456
623843 512855
35851695 49227
35848558 392146
35851833 677538
33033710 859512
14970492 342240
22386329 265418
22383496 930098
47020004 147358
22382778 612552
22389578 330445
47020006 322139
35837041 94643
22389593 323737
22491937 133512
47020008 32926
47020010 648351
35838580 6514
35838592 103466
47020012 163239
35836402 314744
47020014 287828
22389607 729910
22436291 240412
35845442 229972
22393192 96479
22495225 676001
35838836 338528
22428698 336073
819897 92190
47020016 51999
47020018 106456
22388656 189402
22389683 391104
22386275 190301
22386281 321766
47020020 215089
47020022 512930
22386298 447082
36858526 249617
3001755 526738
47020024 142724
47020026 186118
15091009 17961
22387100 442421
47020028 99522
47020030 63433
47020032 754170
22381222 51648
22387120 188217
22380053 67339
22490463 95156
47020034 95423
35835722 249770
22380666 201484
22380674 365968
47020036 93434
47020038 658964
22384575 56781
22390233 417049
22380765 295621
35838397 104320
47020040 95192
22394905 321018
43213377 310851
47020042 337267
47020044 388788
22390664 201657
34344125 274622
37810746 290915
47020046 828847
22390680 190416
22382092 109559
22384582 72376
22429646 93545
3868793 52725
22379770 352059
22384587 72377
3875913 53776
35845793 624964
22380704 52401
22380733 53244
22380738 53604
47020048 314050
22388701 137995
22390799 508128
22388712 199164
22388718 52044
22388741 362202
47020050 152889
22384638 72379
22388736 441136
47020052 503681
22389249 333688
35849564 169560
22384607 72380
47020054 328873
14889751 361705
35837044 186085
22397052 227136
22406475 391204
22385261 174210
536874 163368
47020056 506948
22430397 131519
35845891 739595
22397038 361168
35850760 369673
22385300 198240
18828596 200342
22430619 49653
22397026 274623
22387134 132754
15113420 351860
22430889 219480
4248852 376113
22400267 455832
35843004 462448
22397026 594738
23809204 145543
22387150 160656
22474618 160825
22387155 293978
22387158 345584
22387179 713788
22401382 351861
22387184 363240
22387208 39079
47020058 340670
22388515 442193
22388521 165501
22388527 692816
42605598 297153
22383191 51717
22379664 344394
22380612 339141
35844542 225522
22380623 471045
22380628 192081
35845295 612884
22495475 201181
22381812 157427
22380654 35922
22381512 305870
22381533 302501
22431887 621337
22387627 189085
22381553 111082
35845450 594824
22432076 655
22396984 142180
22485936 220554
22386172 146736
22432278 51077
872652 21102
22384266 35679
39452796 226406
35846409 1142375
383069 120308
35839411 785223
22391258 48506
22382783 353350
22386245 991790
22380289 128473
47020060 242365
22390426 257942
35846416 58228
22390433 628601
14778469 104829
22456908 670220
395108 174481
22479986 348489
22402870 673148
22385059 330581
22379462 53189
4246493 646689
35058220 399384
22379218 455162
22401428 389830
35845573 101709
22382387 249889
22381192 116944
22388148 321836
22384016 205334
22463429 231234
1199923 77366
35845504 126373
22394442 502287
22393502 538876
22379557 92138
819983 362660
4250116 279463
35837806 551245
22379205 91464
22391423 101166
22491348 99634
22475536 145801
22388808 23136
22383753 154579
22380261 51996
35839221 343903
22391444 271664
22391448 100475
35839783 60920
22391453 61752
35839786 189980
22391481 483048
22393714 52726
35835807 86011
22431587 5828
22406391 859986
2831268 339672
35835781 98275
35837930 108873
15033425 78076
22390745 94380
22386615 55816
22434008 76048
35853296 238540
22394291 139046
22381601 192828
22395276 150640
22386641 39124
47020061 281607
22393973 267604
14997478 142801
22382439 109197
22491379 7445
43212010 51278
35849729 8484
22383281 31927
22396844 8728
22382184 30988
35838665 25365
35842060 8902
22470780 10099
22380350 5545
4362938 38439
35844709 13326
22442698 13085
22442701 13085
35840106 23040
3871135 27081
35852800 29919
22392992 10440
22380243 13193
22388339 226585
22380270 8077
35851436 149816
22388311 12655
22388321 9726
35837637 11830
42603647 28178
22381347 12558
22480350 25665
22381671 31715
22388303 139708
22388775 8207
22388780 86902
35843251 7712
22388799 62354
35841592 55684
22380295 51718
22385615 86786
22386051 66613
22386057 118498
22386072 189681
22386077 651802
22386082 162950
43213017 16182
35849820 277764
43213992 52565
22383928 82235
22382679 299987
22382685 6371
35845800 15333
22445507 316558
22382702 276008
2235164 53049
22382707 117011
942951 104321
22387496 337956
22385593 485071
22469435 485057
22393159 56376
22477150 18305
22386890 98442
22383408 46217
22386118 511955
22386128 320153
22388127 213276
22388132 95193
22386925 54415
22388137 259950
22388505 436243
22388510 397529
22390445 385817
22390448 412207
22390470 215491
22395589 142312
22390477 207693
22391488 187505
124787 403793
35838798 698250
22496429 31361
22395569 31171
35849083 234241
22389451 58042
35836339 189492
47020063 919042
22388359 37294
22386500 51588
22386511 101601
35836840 323373
22394761 99841
22386764 193339
13328913 43689
4252397 341073
35840447 181694
22395232 73418
22393178 441526
636027 108582
22393275 97345
22381688 349145
22381694 275751
35840384 922188
22437663 344954
22492042 345650
22490040 201485
14984403 339967
4416342 301077
4416347 417362
22401026 105527
22384840 102299
22400411 96284
22386166 610262
22384949 104607
15035203 1010191
406611 485199
22399168 46167
3002101 828912
22388857 12037
22393492 215090
22379033 444509
4250410 210927
22389326 507189
22384071 31829
22386596 6968
22385448 204475
22400530 29920
22380940 5087
22380946 14804
22380951 16018
22380957 296280
22380962 13588
22380968 9026
22380973 25135
22380982 6334
22380992 13332
43212082 31259
22384961 101444
22382198 24515
22384957 94105
22382218 52000
35839292 9967
22384944 187513
22390530 10791
22402395 12656
22390535 9723
22384928 76284
40193 14556
34442687 26269
22382578 29254
35842272 26882
35843925 26476
43213971 26781
22382598 23426
22382611 11470
22382622 26981
22382373 51078
22386975 28385
22439793 68622
33225376 51994
22399697 566279
35836315 327306
22394316 441933
35836457 102103
22391165 80515
35847132 136877
35844094 221881
22387426 468936
35839225 294887
22396784 493364
22387824 473439
22388474 14967
35836291 102104
35845421 197794
22499887 394368
22387094 897470
22397293 226287
35840852 338529
15053331 143600
22387431 400828
22399953 386066
35840861 613418
22387460 58259
35838597 913811
13327198 642477
35839524 218906
22387465 672838
15130346 870863
22388344 532928
22388350 225446
35840941 104065
15159498 360804
22387315 554417
666793 95668
22387320 219249
35841218 307045
22380433 37361
22388239 95894
22400028 573797
47020065 50519
22388221 101489
22477599 36679
22398243 613335
22388259 355576
22387776 168670
22387895 145939
22387764 152377
640188 295676
1043553 83427
22387759 52923
22474561 514420
4250057 94515
22387944 610285
22394099 97411
35838621 97743
22387958 673062
22403450 306065
22389206 338860
15137981 364152
22381404 102350
22390263 638481
22379476 218291
35842330 363584
35853925 464702
22401510 53000
22383168 233106
35845545 219628
35840893 353426
22384976 181422
47020067 339922
22384969 19587
22382175 324240
22392919 288413
35836106 95950
22381661 219935
22386895 215182
15115091 922189
22403952 530842
22441484 285622
22472354 523692
22444655 330818
35849742 99252
35845458 1659454
22390199 149474
35842047 237825
22384964 104404
35838541 901117
22395824 891428
22400742 52865
35838856 51361
22397664 1198618
122858 402991
22393897 97808
22475668 506635
22396623 336994
35841478 671199
22382456 342455
22384134 107610
22385065 54660
22382473 372106
4242598 348206
22387949 276368
22389200 150039
22391255 384365
35840302 507894
22391263 832665
22391277 542638
15015558 224633
22383714 21890
22383723 218347
22383747 161359
35843209 344329
22492299 699189
22472969 158522
35842058 618068
1198214 225052
22387606 98552
22387709 325509
22387620 122868
22381004 553948
22418044 356721
22389227 100776
22397763 466843
22381443 869911
4525992 37295
35836552 57261
39453428 348516
22497600 651
35838972 110841
22443389 307464
22382542 606766
22383118 883243
35838667 90600
4918781 340672
22389377 506482
22465901 181815
35842280 79928
22381819 627521
35842284 698350
22389401 150685
22388938 663912
22388941 761292
22386756 92349
22382352 120745
22389038 162832
22388968 498355
22388978 317342
22395209 344794
22380220 189568
22400750 189562
22403087 98798
35839879 93237
22398723 779234
22380162 155437
33244603 340758
35849841 123142
22389033 871960
22388124 119439
35849021 815750
22389088 217896
22400947 430138
22386525 344138
22386687 351862
15116343 1001333
35839082 1001333
22386632 92198
22392654 1696406
22392646 609362
22444423 164896
22386569 562146
22389242 98444
22398698 339992
22394335 18045
22403288 1055056
4247285 105528
1198601 582465
22403423 179011
22382337 199963
22444662 35778
22382358 189077
22386204 141977
22398669 345922
47020068 308367
22384705 50953
22390352 348443
22390363 479292
22390146 54269
22386666 43573
22476365 865698
22384668 200831
15090577 200826
22386697 537814
22391649 601013
39454489 289224
22382502 96932
22383350 1042145
22393007 200829
22383374 200830
22385091 22250
22385719 50846
22383379 323527
35840576 283028
22383396 521136
4250614 340835
22391347 392342
22393436 376498
22384677 571120
14903864 54526
22379947 176863
22387416 395841
22389481 255737
22412563 86013
22403150 332064
22486831 150755
22465824 363242
35853630 785989
22385154 117507
22386747 393192
22467022 1630
22393128 291739
22387644 193419
22387659 94928
505233 822644
22380322 687554
22383413 98988
22448772 543844
22388540 35779
4414602 103163
22384227 94448
22383455 1488457
22487322 929454
14915430 85577
8022872 190650
22465429 230008
35060017 483228
22391368 723668
22393564 938829
22380412 218185
22387222 341833
22418837 104609
22383759 622095
22383764 622095
22383771 355723
35843734 1040876
35843236 90495
35846426 328877
22468485 96049
634656 422567
35849024 660180
22386988 419326
35836368 506676
22475408 396561
14940785 393648
3714320 905411
35849970 1643208
39453634 742109
22384732 323994
22382125 288091
22381457 327702
22381466 320269
22450214 877895
22382149 153344
22450290 872252
39453112 226493
33147514 133317
22403050 531878
22396052 36589
35853695 328785
22393857 220092
42604711 67201
35844768 715785
623842 742107
22408803 742099
35848186 75957
35848192 75957
39452913 93594
22393306 963507
22383138 2048
22495732 412619
22490967 165039
14881884 216671
22394116 1065859
22463947 521009
22383187 51086
22387912 418853
22379199 632009
22379237 328940
22379243 666182
625819 1121857
22390552 94517
22398492 323880
22494068 224515
35852241 400985
22390563 228940
35838495 623552
22490614 635180
22398457 320069
22390568 96438
22391403 902967
35850257 2122846
400605 612721
2999024 637492
22388444 318828
22380853 122986
22380859 896731
22382497 151328
22380897 321190
22390179 622225
35845003 663176
35849140 201556
22381616 333951
22385755 572161
35844403 337083
122798 402902
6096485 234893
22406344 628418
22480245 89895
22390588 189310
15056917 363451
34406558 195775
22388168 176702
22388179 502458
22379487 1057139
22388184 193460
22394345 48997
22388189 885178
47020069 1631
47020071 147255
41763 101382
22388412 87883
22388422 327232
47020073 39295
15117761 232511
22387210 39298
22387347 97167
22387355 332286
22387372 452688
22397000 1672833
22402955 500810
1369051 520888
22454448 625269
22381787 578945
22382065 54866
22382068 54866
22454713 627204
627063 295714
22385162 119698
22386918 1054482
22387989 298284
22405253 5656
22385431 275722
22404810 51641
22385534 992887
22494384 572071
22390617 163884
22380618 145824
47020075 43407
22386875 1205334
35853330 550956
22390626 180835
22381297 96769
22479063 756189
22381256 142684
22381276 53777
22398203 53574
22390634 180836
22402440 216390
22384617 101383
35851957 178743
22381308 179491
22381326 83428
22381342 97810
22381352 295771
22381357 447493
22409339 308508
22406816 5598
22380750 104402
22497342 179257
22380755 108436
22388033 930893
35852565 234767
22388082 432758
22388088 292352
22467162 466434
22401589 274265
22448495 235512
22401584 611672
35836335 174541
22385481 122516
22380786 119009
35835774 83208
35844744 687846
22412301 316339
22399909 963957
35849061 325023
22397629 269202
4248936 947999
22380791 132685
35836366 867339
22401537 699007
22481554 53190
22390517 241525
15004772 101985
35845170 343495
22409394 1198064
22379855 602875
35852358 199398
39453148 82236
22385808 459910
22385813 253353
35852373 3924
35841935 143974
35849861 330496
22385834 192301
22385847 318677
22387125 606158
3004110 39565
504846 305871
22384071 659557
9480467 68451
22495008 199854
22406515 1503484
35837998 510898
22384088 297622
43211363 156684
22384123 62877
35850998 649180
22398326 297361
35837936 660048
640255 935609
18707194 530808
22385677 252393
22385692 434300
13302541 105724
22394358 87580
47020077 54014
22385938 354475
35843272 312632
22385965 526134
14963405 355405
22393762 503057
3867350 52568
3873938 62878
35853427 110840
22384279 317168
22398280 334039
22384296 757886
35853431 54560
623832 353427
35843769 926937
35845449 634544
22401438 515193
3003866 608579
22494989 1998408
22390161 346487
43211993 600298
3871379 668654
22389272 202409
22389699 360806
35853416 121059
108668 72775
22385439 665107
22384328 94749
382930 189268
35850535 38741
22389055 306307
35845481 252265
22381032 238003
22385773 226968
22385778 35781
22383968 705584
22383973 488274
22391001 117045
22383979 189086
35840169 151278
35840175 309782
35840191 670128
22384038 436039
22490608 322225
22384059 309828
22384152 332574
22324130 54527
22394363 15209
22390808 102963
22382039 1101642
22384237 244265
35848138 95947
35843201 1705684
22401913 5161
22384256 584773
35850708 6373
35850715 331732
22383501 1200458
22383509 86699
22383521 319648
3871143 363837
22432411 1095688
22390835 62880
35853201 396333
35841474 858786
32661729 110130
22383951 295677
22383960 584285
35851319 552824
35851323 369674
2238396 433631
22391074 335755
22383827 627086
15021905 295620
22380765 17129
22442610 1336664
22384810 48503
4251308 403728
1253451 52555
22384877 618178
35844749 250542
22384899 949549
35853864 121062
624530 665283
22481417 360990
35845540 352151
3002631 51430
22384991 109098
22384996 347427
35086103 51188
22472605 51188
22385014 154225
22385019 154225
22385026 945152
35849733 674243
22385053 213065
22394383 575650
22385076 72381
22384779 1032884
22386194 213724
22390194 92718
22473375 299825
3868759 220616
22475656 643438
47020079 78188
35837527 200870
47020081 868342
2999993 376170
3869900 342242
35847578 95425
35847583 566039
22379352 288723
22379384 469622
35849492 489102
22379390 607513
22381522 131667
35852544 287978
22436435 1041305
22436431 393030
22381492 594808
22379429 396529
22379436 463127
22472881 339580
22385882 353763
22379252 160243
22451793 628649
22457335 911133
643092 115637
3392086 216892
22452079 1359303
4246933 532424
13284945 388374
502891 882909
1016836 325375
22380864 924881
22380336 995631
32934949 698165
4243940 300221
22390573 390188
47020082 86005
14970448 1618192
22409913 288304
15099336 393742
22390595 340531
400945 481344
47020084 212966
530744 220314
47020085 73593
36859017 220265
504864 220352
22430212 110887
15091967 96398
124779 311736
401447 1014628
22420556 124799
22470990 325920
22411096 649532
4250376 106699
22410267 479165
22495593 214574
22410300 379767
2514512 1141971
37810275 118496
47020087 473755
22495585 63521
47020089 40837
122918 403059
22380544 373264
22386184 390789
22485891 361988
22389383 173967
123402 404904
22417752 634973
4498600 621798
15126006 226499
32935491 415566
43214636 434445
15061441 648881
22411151 191590
22389651 196791
14976004 323374
22457343 815854
22411777 863654
22379728 36248
4250652 234728
33219930 426106
47020091 35423
22465051 624852
22412020 1412
35845137 479482
22467110 181769
22389147 49568
623839 44053
15892776 896540
22409909 295602
403784 1028553
35836215 2150265
807597 500847
15833699 671147
22412533 146428
4251262 328909
212873 149999
22391515 185065
872841 295704
161218 101892
1359744 634129
22380569 185072
406375 360991
3870318 912426
14882329 497930
15111041 400829
43211935 552680
35850287 339068
22380574 219109
124968 408101
124978 408279
124976 408242
638423 220192
160730 276435
15135941 237636
43215880 237636
22431654 832123
22389512 58043
22494423 51080
621254 95002
43212133 109560
35840037 336682
35836260 52998
47020093 141926
4250069 365307
954854 86385
22476497 299142
627065 216940
48989 209081
22446281 252965
21770548 219607
34351492 455474
22388555 449761
638360 781320
22466556 456967
22383095 455490
22383100 452575
22386347 888455
36856963 658706
47020095 130283
624053 1042842
22465296 1156662
22471941 1693731
160897 481293
124963 408000
640614 316365
22415797 457068
22453416 336504
15021391 145391
22387697 895931
22366251 1114870
22416099 225044
4525762 617368
22403432 940892
400948 150607
47020097 104898
22380778 51524
22494667 40834
35836409 40838
22467180 488381
22394467 652485
3001555 483936
35852192 634972
35843905 32502
35068777 12761
498423 110845
22417764 59790
22393202 28720
1445808 24015
4248827 63740
22418052 30359
14566947 30439
15090022 24417
22393187 23855
35835743 17967
35056638 14449
3002419 27283
215648 7122
22418512 60765
35837954 26270
22386213 153672
47020099 29639
14883809 29551
13298476 29137
3001555 4861
43211541 27885
819937 28285
22418611 26477
11762844 508837
22418692 1258864
4416117 256649
22391145 620406
22391154 1199481
22380076 1289901
22391159 366761
4251184 328874
22386481 1067262
22385190 286679
47020101 16409
22389082 41456
36857487 394311
22389568 1607
22390440 51069
1198599 63026
22476301 951868
124772 198955
640611 284411
22398743 395173
33172427 285779
14679096 47543
22495398 420224
4248170 146127
4250174 87884
22383854 346668
35853600 151138
22383359 647808
35849972 76285
35849351 430087
39453640 547869
13496785 295899
47020103 222334
14926250 145107
22467985 238004
22419563 59892
35838510 26677
22386223 46436
43212318 129846
43212920 27994
43214091 147167
625232 26075
22411694 217490
22392782 782486
22468112 1000064
22379322 201487
43211387 334617
43213208 343827
22419711 275723
36858798 104745
22419739 102721
22383862 408330
22390525 50850
22419777 234211
22431624 117650
47020105 409741
22420108 379975
17586213 332281
4243947 328780
4249017 108716
640184 551125
955385 696399
1199570 638404
864301 95480
295667 817482
122859 403011
3868044 831345
15124019 204020
22383033 1197968
161019 507190
15098269 202361
4415165 353246
643431 95629
35851289 177264
35851360 389103
22421100 94966
22492515 396378
35851293 179588
1798401 156763
22389772 285039
22421733 95331
22421993 350000
14884521 358959
14649784 95846
640186 95589
43213314 801312
22480247 95802
22382733 97507
35837594 397167
47020106 97745
2831613 92139
22435722 97569
22381016 97537
3910873 253462
22399046 162343
22381056 157491
35837965 234242
22390078 289059
14891194 377302
43211411 764327
48758 208221
14965623 312633
162147 306906
22406226 347716
4250065 190573
22425286 645482
47020108 721920
22476758 1306675
22425571 315992
15123032 1134871
22425954 1004276
160727 146623
3000931 619962
22494680 54585
22426012 597342
47020109 49353
22466702 791355
36857893 366446
36857893 443468
3875911 257303
22425876 985841
22426393 162200
1192902 136136
22384461 216942
14998554 332249
819759 998484
22384488 218115
1045955 133219
14884960 901985
22426868 149106
37805552 848379
22427036 504572
21694 46803
15888483 104471
22383648 1587533
640612 208027
22387110 133348
22382023 217838
2903936 119809
15019724 57188
22427904 446952
643046 171404
22384918 202406
22406549 931218
1374447 788576
15053668 286077
3868766 654860
22428080 864662
22428173 1489647
4978924 20946
22389599 15210
13341268 934105
22428711 642557
10940952 1360188
22384300 51432
35835550 554805
22391577 447805
22389679 103866
14465550 618719
22386257 172045
22429059 132200
14971747 138492
22423141 1667536
22429327 618855
22434036 800707
4414412 211890
22490465 691227
22456659 785401
4413734 530843
22390862 41906
4246456 782039
34344125 636115
35845786 321996
22380709 178785
22380714 124899
15067281 630426
39453658 240527
22388245 104679
35845314 934707
1185198 629480
22430106 393743
22471360 109827
1042595 21892
637165 101711
22477000 316316
160939 76693
14885125 770069
22393338 140107
14887081 99470
22444615 93719
124905 22780
643109 2274
47020111 327307
296001 818008
4250571 214502
22387247 389937
22424726 365969
1538660 344860
22465126 887471
22432026 92201
22427946 218990
22466390 743501
640185 364372
15077095 361849
22431786 324841
22401319 345850
22381548 353309
627060 4409
1042597 92350
15128349 265007
3224554 1458616
23666016 98227
504645 5467
640610 80422
22387168 57676
47020113 149326
15888500 553678
22479793 149475
35838430 226084
22382451 109100
22389738 1262410
22488147 73867
22425423 80046
22457167 61893
22442706 99995
22464203 74176
3003978 144725
22478748 51779
2220311 1307370
35846526 61894
22469114 100093
13286454 387914
630969 856468
22391198 362518
4250039 697253
22379444 334801
653144 223921
22433192 311371
14887372 408563
505283 1034507
22433348 336995
1096751 1850160
22382413 169561
22383556 119440
22433662 95104
35836095 164839
624039 99471
35847592 1867842
1253451 52150
47020115 395419
16161908 100317
2667575 94443
22392973 191150
35851598 486914
623844 133816
22391612 22872
1863664 19277
35837600 36070
35843779 166583
22412231 60113
22418080 354791
161067 86550
45170352 279554
22472488 110316
22434867 812274
35841903 409200
22476748 121063
22388297 652953
22425682 637559
35838124 52775
22380637 141377
34416698 50949
43213203 618718
22343994 167303
22388822 313589
22388837 336921
406139 1036254
22435962 362464
631419 483561
22435996 363287
22493273 342727
22493363 2812
10333837 35613
22382653 173968
22382690 66943
14935473 517901
22436152 122959
22474850 636144
22411880 1289799
22475991 816185
22386881 139999
34496413 875514
22437270 640674
22401853 52840
22340733 382938
22472574 52866
1889484 224945
22406521 580822
51816 217324
22379299 99174
22492705 428125
22477839 251494
35849068 341836
22353929 537431
22436992 212534
22437023 1278014
3874605 435834
505230 82355
22429613 803933
41358 170469
14994632 92427
23923778 637681
22381683 1232168
14763543 80423
22431646 809731
4247571 124901
22472006 393191
35852144 1019699
22489214 593840
43067408 480850
1469857 706552
35839406 379097
22451187 884833
47020116 622771
49447 160958
22468136 237895
484675 899646
22438111 53191
22488250 155123
47020117 96241
35845416 787464
22401387 688857
22438243 630839
22469684 97307
383067 98228
22382605 151791
328041 593690
22437723 163959
22425911 456629
22389337 609808
22438429 49842
16813 86650
640398 41922
22438695 393786
124790 407533
35836146 307580
397635 379200
9026706 1740701
22382203 231366
22382209 399104
22382229 73359
1031509 38107
22395494 85550
22382247 99331
22428727 5395
22381796 319649
22380801 54618
22496498 19011
3000674 418066
22439359 226594
22476176 332250
22439514 335860
35840838 137782
652984 194268
236333 295422
22387437 199723
33147961 48573
22441194 150361
14890418 96828
666793 38612
22387926 347780
47020119 338369
22440840 706082
14963693 206789
22383614 152252
22441046 518195
23673553 364698
22476851 93665
22453436 332423
3871368 100613
22465289 213278
22441386 394679
14887342 94845
661951 230604
22401838 226290
22385827 62428
4246442 434096
22387506 102352
35836600 199528
22383643 162976
22387546 50851
15839425 693202
10663857 91809
620124 1041576
124959 407867
161108 306271
22448663 323375
2472113 47408
50618 98277
3394370 540399
47020121 52570
14932586 109461
1839277 355112
47020123 164511
3874059 46899
22382482 264961
47020125 196376
22441950 98043
15173498 118380
640061 282262
35839056 282262
1684360 396558
4250500 637466
47020127 85429
634045 99946
35837869 429634
22383708 21987
22442423 505864
14887686 49069
8118515 3126
47020129 17883
14928046 412762
383068 100562
22387596 534502
22389094 149406
22442590 4036
22466422 83429
635014 348574
14983461 72602
161348 338794
22475486 468045
22438153 250648
22389356 308527
45185229 362112
2444842 60369
6395959 468049
22465289 468048
22458976 468047
22394406 222735
22486001 224735
39453192 875007
47020131 99583
15123030 994871
1199468 99040
3001910 49495
22444308 643439
2076275 1017588
4904949 488696
382927 162753
608068 357437
160806 198606
94840 321308
3876430 338370
22491181 37923
35839698 36179
22499843 250368
643089 311201
22492582 912793
22395469 164357
22445486 664538
47020133 302126
124889 407739
22491593 186757
638368 54085
126879 121017
22445825 396168
22445878 229863
47020135 297209
15100520 288537
1042596 388746
22465457 972062
623841 552949
33184891 94383
22383403 320224
22389140 112617
22380302 691104
295608 96666
35088587 104533
22446300 329460
22495512 336996
15829658 572648
36852465 507658
22466267 333067
15023482 651360
22389456 623176
22447021 279575
22446412 20889
22409896 231557
22494479 99777
4247213 276252
48983 78336
4296985 444027
22456734 622061
22448159 409324
35840109 212417
643091 39501
15008082 503395
22470973 670720
47020137 326800
22467483 276436
22448810 538653
51499 216620
35847824 51189
526197 610967
13281665 492499
47020139 157952
504644 381104
4349106 580659
22498391 95153
22494619 375907
295670 272373
22426428 555460
35851862 353504
47020141 99584
123138 49455
864653 336637
37803474 101384
622276 410310
49995 211563
47020143 94298
3867298 102300
625763 100476
328440 891905
22494180 662160
7314019 45649
22383986 247643
22396428 173571
22387692 362113
22450252 97169
47020145 297380
22403727 396956
43212964 649653
640615 908196
22383133 323097
47020147 554795
124964 408024
22463947 858357
22398513 1042539
160902 506913
1624177 106659
22379231 516196
22466986 814366
22389182 152411
22385334 364998
22430683 628577
47020149 63648
655306 365095
47020151 52404
640617 1081787
636296 361304
22471706 444375
22493990 825303
14928627 1213198
47020153 53473
10435424 167845
22464660 1041547
4250759 181094
22474728 503642
22491203 170839
22453063 659430
22474993 299647
288506 148624
22386741 215407
22453231 521620
442184 94241
22436467 318150
22479185 461456
3867690 96159
22454005 607225
22401329 361228
22433991 366035
22387342 586273
22454130 118657
22454157 122960
22454230 1451304
12051169 52728
3873914 356560
35060590 336760
22387406 100477
22465736 325612
22472523 312323
22454943 458828
441814 1005204
3604556 522703
43212923 694304
22455218 351863
35841231 52281
22381363 676796
955461 228408
22381387 884435
22381396 1006952
22387765 98759
1456482 95993
99383 329220
15028873 1344273
2220426 302381
22387786 117096
606419 316536
22456512 175652
22493605 37239
22418575 498757
22401522 450789
1456056 2128999
14889513 328875
35060989 663935
22456835 99120
623833 274299
15113382 97344
22456987 599608
4525790 827908
22401275 338371
22426378 868152
382915 345852
47020155 45765
22391438 220193
22384083 917602
652711 285911
22458032 349966
14773302 111138
14889782 648145
22379062 462525
663312 51516
47020157 628327
505150 106764
22385953 350975
2831700 209888
22398832 103861
22492674 594190
22459096 651951
22385981 41410
383064 266274
13318489 516714
22384261 317432
22459628 158675
625817 163078
22387801 506914
47020158 291989
22455292 485729
19384 110601
1193098 954925
35836257 50954
1037014 519481
4248852 108813
262110 355720
36852228 58045
1200110 96041
22485167 228580
22384143 146916
22488164 500166
47020160 366605
22471774 344795
14890073 164957
2685571 103138
3872800 37546
22379690 138264
15115104 193263
22461201 634197
3866695 828684
1773154 593435
35836251 17121
526116 687555
22384333 510844
22461955 332489
22384810 743
124974 408193
10278935 1499385
4250047 198543
4248059 119766
22454826 819147
22476041 827641
288515 261786
643429 1382240
3868963 416297
4248848 336225
406512 165502
22462053 751472
22463637 339915
4250189 393697
42604325 313076
22462205 329508
954853 874793
412094 441934
22463563 92053
638467 148061
22384988 97706
2818198 335573
47020162 99519
14881916 54827
22381648 68705
22425936 452492
22467125 135340
22465651 5794
22389491 97847
15064210 47364
22387819 34683
22389505 40042
22401748 2050
22379403 876527
160807 119008
22378951 988287
22386553 157102
22436129 145605
22389526 134123
47020164 361086
13335618 53952
922587 413066
22382165 2032894
43215863 926556
22383006 398235
22386574 317768
22389542 126396
22461173 269882
1199921 98938
1199475 932620
4250799 354672
22466404 471487
22386087 34779
39452948 227537
22468356 1461288
22450735 157103
22384493 80250
22448151 321150
22389550 51065
22471582 206276
14886718 49530
43212529 734300
1199473 103350
39452952 156940
22466366 351963
3003242 132608
652832 35459
22437231 636210
48978 208771
39452957 213367
43212928 388375
22464644 93715
15108198 412598
355447 338575
22428254 352241
14884145 109364
22424799 131630
383109 815199
22379424 189548
22476423 303106
35843292 219894
16763862 1376934
22432394 142372
22436505 45424
22448585 60848
34351128 164897
43214245 294241
22382646 157977
4414866 1218337
43211455 389371
22390879 54867
22403030 661992
35836930 874199
35840340 134124
43214647 121809
22390031 197712
22391809 699190
47020166 353530
35852859 342527
47020168 597194
38824583 484796
22379746 385819
22388661 48345
22382583 441447
49000 209102
22455107 47643
22390726 63993
22390736 63993
22383178 1855105
36857237 664779
43212285 72231
36857251 1553040
35851036 129417
22386106 1633
22387189 241544
9678123 70487
1036616 62808
22388672 50520
22387791 53810
22379361 125066
47020170 137008
47020172 35465
2076274 130715
14886333 129244
42605810 50088
22379752 126829
35853227 70372
14949589 126022
22388952 125902
35836315 69002
22388723 240411
22389793 128756
22384167 92499
22384162 100094
22388842 336128
22388489 141571
22380847 636034
22383270 462714
22489619 902402
22466413 383151
22383905 505359
22388747 391701
22389192 318931
22391305 1452948
22384748 46805
4106805 105231
35839401 7713
22391466 1235923
15888630 34930
505670 65014
1912006 52288
22382721 126924
22388354 15330
643088 206207
22388686 149960
34423564 246503
22380589 132028
22380584 37144
22465851 201817
22493939 941139
15004681 912040
526117 217868
22393382 415568
22490779 463826
22380806 306435
35838742 19072
22389343 527469
22382239 65789
22388691 47367
22383205 170608
22388468 933284
22384046 909471
22385687 47076
4414020 41925
22381851 99401
22381972 69003
47020174 69003
383060 168516
22387735 331496
22388234 212157
22385378 261516
43214011 252474
22380455 686418
15108198 363121
22382758 617334
22468861 1759008
35835733 115588
22385553 939453
22390954 397390
167297 330041
22381916 214971
25394677 59560
37805881 1482862
673844 793951
22382120 96770
22382115 340532
14994866 1785574
22389942 2162918
22476518 2325111
22379653 596695
22401192 392962
22390512 273237
22381627 660858
43214655 353310
22385408 309440
22385586 1704354
4242602 94644
22383765 105190
22384757 1291727
22471145 16216
3256342 58143
22399644 330745
22383420 848383
22381699 377373
22465412 1299426
22384801 517550
35774681 611845
22394689 136673
22389767 320898
22380442 397259
22380460 352303
22383585 544632
4250174 1287973
5695567 118267
35850230 707211
43214638 342561
47020175 1147715
43214641 657188
400694 717205
22379957 70134
22394578 167266
22406931 475508
22489271 42324
22390578 65141
22390873 309537
43215893 401153
643914 327566
22380655 858834
288499 715652
22485186 339831
526127 190197
6395959 704530
22380602 587674
22391373 431145
22436449 319303
22425869 99402
644451 37051
4250053 277914
22379347 344861
22425733 427801
22390803 125067
37804029 34541
22384425 467358
608070 739935
37811030 1095689
42603403 310248
22380170 335327
9611255 356382
22430019 473614
22475256 1025020
22398693 232712
22390980 922229
47020177 1719407
47020179 500932
22394249 311820
22382951 231884
22494216 243727
22390990 295900
28760845 358781
39453010 208195
37819853 628733
22382272 505328
22387907 40953
22382284 63456
35839454 332680
22498425 820061
47020181 628417
2251439 815993
872655 57570
22324069 448221
33243148 620309
22379860 38479
22381336 496212
35853391 910367
15163322 318443
15140009 186204
22456863 629903
22385131 208329
1078343 223088
35840730 384485
22475595 387018
22476636 21707
22382551 68046
22382561 349596
22381782 639184
22469416 23657
22381564 446344
35836247 739965
22379716 739991
22388154 462644
22382712 310297
22379880 99901
22386505 22169
22401718 156941
22401180 827715
22379894 242693
47020183 99403
47020185 213940
47020187 343183
47020189 94447
22479967 362393
47020191 191090
35845423 191581
35852915 378673
22428038 258044
15501562 679142
22380987 675593
22441760 332681
47020193 370789
35852603 66696
22379312 289060
22389559 90055
22391398 491090
22324059 104231
22450220 246119
35836383 198691
22446242 392746
4247945 46359
1039103 344721
22382142 308479
22387840 365740
22384510 1776707
22383071 68199
22428027 683351
22381606 316510
22380912 552701
22399484 237662
22383469 364699
22383081 17884
22380256 1552965
22382695 195580
22397440 284183
22389321 1277806
394010 915565
35851963 345618
22389905 912427
22389914 333068
22389926 828530
22389934 1759709
22389961 3236501
22379785 296994
35854060 108622
35854063 867560
22379802 65977
35838493 41515
22379820 317404
15115126 1432853
47020195 104232
22384106 318826
47020197 367295
22384410 661008
22389222 844270
22390692 99779
22401167 98992
43213301 550374
22387741 549951
13366845 51083
22381046 205162
35851853 314436
47020199 91625
43212978 110009
47020201 786434
161108 507357
3798215 150971
14762403 363578
3866279 152008
47020203 556258
22471285 906838
18837209 179912
2999500 354373
22387400 1488251
35851831 153454
22380393 328946
14936384 2533473
22490032 100361
22491019 802542
22380179 320566
22384346 68452
22385291 1039426
4252283 172686
22385272 50755
23664474 78075
13339128 666180
22390963 168228
22381866 332548
22380011 325864
22387724 1011015
22384882 508258
22390096 3129832
12842665 635743
15836976 397392
22389213 430159
22403559 220194
22385895 628891
22397452 529951
22384858 1600822
22383160 207607
22388316 66897
22494197 55627
9481404 550182
22413014 2146116
21770548 589303
37803594 555162
37819107 217645
37817419 471211
643831 551015
47020205 551012
37803590 961084
35848372 550718
47020207 112306
658313 64904
22384359 142654
37807007 1497594
663315 287139
2953966 49572
22461283 21894
22461868 1211801
22439294 325150
22492208 664572
22384374 1136801
99977 330254
22364 122365
22448152 54273
22448331 1756226
652828 898376
1456063 576843
226866 406786
22384387 542367
22460791 292870
22380836 750074
22415257 1742980
22390063 545186
22386996 349598
22388212 901418
22381472 236668
35836582 65261
22387886 323030
22383842 321307
22381611 31712
22423964 528987
22386731 584878
22391561 109192
22384525 314322
1195896 74327
640187 1376826
14949821 320316
22388847 628454
22492235 323444
22380428 323993
22409792 253354
22438724 652954
22379285 333791
22385398 322644
22461971 88042
22389694 102231
22385082 1086759
22471315 831887
22489602 102106
22387751 1154425
35850169 109744
22383438 627753
22390996 345994
22387915 1029447
22381475 1055114
35835927 46166
22401311 299116
22444066 311674
22439530 644207
22381071 53855
43213859 321097
22390899 53475
22384537 694941
22398044 1171762
35840674 1340493
22382034 249074
22383043 924600
39452919 24604
22386239 173635
22384478 53477
22387200 2271521
22390851 893124
22382433 190198
22382133 122218
22391623 43894
22388728 89892
22380469 92867
22410532 713917
47020208 200197
43212279 923662
22386342 445994
382919 362732
43213410 947437
22492123 550313
35837699 395315
160726 506269
47020209 842056
638365 174290
36853714 887846
36853717 478469
22478661 532511
47020211 550053
35840092 342244
47020213 109958
2831841 270305
14885744 215186
1004956 676938
13400873 173911
431323 809696
22386360 109248
936607 210660
22471792 700008
22418081 67859
22439489 2295384
22439776 20064
34474678 110007
161161 507447
640191 101373
14896936 1692887
126586 230290
656994 364889
1773693 329061
3873031 824712
22385388 325443
2999935 676797
526120 1127847
400691 333017
22389755 381563
22389643 51523
14985227 328839
22384652 696400
22385456 446935
22384660 785639
22388002 190199
22385464 884909
22385422 1625313
22388019 961616
22387980 333018
22385508 295030
22385363 353311
22390915 79063
22492556 425530
22389366 513075
22396740 49141
47020215 213280
22381642 667124
22388011 99465
37819689 46842
22380379 488308
15135215 85775
47020217 1634
7344629 1437314
35838230 1119238
22431013 53374
22452200 41526
22386395 94102
47020219 10679
22450327 54122
22387525 726267
22385581 231604
22380044 872974
39454514 99587
35849032 614728
35849038 51084
22389043 238874
22477732 746608
22433371 238896
13401694 475582
9026747 340661
22390904 859767
35836220 225331
22401527 339583
22477716 873817
22400932 484157
22400857 573875
35854023 324175
36857428 722638
22427926 343435
22386133 269828
22399062 192830
22386032 363586
22387971 228582
22387237 67203
22385857 325246
22401728 453904
22388462 130965
14973315 532183
22386959 102672
208767 627950
22491360 225723
22381160 257299
13309110 2891916
22390306 1917248
22403739 654406
22380906 95061
22390887 148836
15838412 917155
22385557 917986
22379471 944060
22384772 1362686
22401718 50137
22389445 287561
22441607 256715
22386149 3179158
22387230 2356833
22379724 324236
22389616 945829
22386545 861051
2220248 1165668
22381182 326528
22381152 1701173
43064357 297669
14928442 351604
22478509 637224
22385473 1735735
22490435 1517
22383108 345358
22387084 115589
22387070 297453
22381929 460119
14999213 390050
47020221 338572
15137799 334619
22390867 1720187
1199919 694071
22381041 911978
22459210 649295
1199925 321577
36851365 659048
295613 506115
7344629 417662
47020223 945401
22382512 1001107
35839261 62146
22380206 732718
35835803 205523
35841065 1803648
35836337 464494
22394019 316428
22389885 666574
22390207 1397172
35852021 230856
22390357 859622
15155841 596813
22388639 784420
14886944 363064
22386385 230921
22472638 153262
22380135 660275
22380141 145577
22380148 396169
22391313 215447
22390975 1528591
22394032 142756
22493297 392429
36858537 836927
22470752 782923
3870134 907333
22495527 3226106
22389989 342873
22387830 1710497
22445596 127128
22390025 282758
22388817 318510
35852037 251737
22390894 643832
36858853 116315
22387535 299988
22386403 246283
22381108 494208
35852040 319683
22393882 255961
22401172 109140
22381538 326970
4251050 457866
22406479 272374
22391011 90337
22386411 141257
22384291 904794
22385641 843521
22381286 192247
35844225 255883
22389434 313807
35842405 487359
22381957 644950
22389626 419783
22383884 345958
22492191 218120
22389348 207635
22383217 653376
22386385 393094
35843954 30907
22386458 33483
22386440 259952
22388931 402773
3869695 638757
22382983 166167
35836256 524701
22380095 948594
4251060 208871
22387577 345853
22383298 962056
22390713 518933
43214082 76676
22387963 393885
22383430 687547
22387024 1682993
35842523 343275
22387033 345359
22387042 867138
35850551 924517
22391411 343989
22402367 1165749
22382789 687667
4414140 65704
22387450 157843
35835582 336500
22391475 665770
22379677 142498
22387874 276130
2243710 940495
22382928 83793
3003158 1414249
22382393 793523
22385709 462548
936613 1289972
39453480 2493136
37809970 351603
36851962 390903
35850923 123015
22471461 267283
22388450 108904
22382009 913630
22455203 1027486
22383591 1347768
22386787 115123
22382616 3927
22387295 354569
22387290 395032
22384469 835944
22388333 1205759
47020225 953005
22382933 229559
22386840 543938
22386831 642504
22386806 606438
22386814 406859
