34710894 5469
11707476 327667
33283804 3520322
28314190 2676363
33253288 922236
33519585 3094219
33253459 323102
33519135 802473
33274602 757108
33274599 1206596
33274605 2358531
33515144 887076
33274608 3911137
33274624 6570109
31084239 96281
33253338 1690507
28731632 6214854
28314138 828300
33253551 2570289
33517809 4845426
33517306 3298542
32877053 97175
4390520 198605
33515949 1043512
33253275 1811501
33514595 4325175
33517917 4188373
1099453 623460
33480239 391621
33334114 299643
33514647 1526135
33513524 4017849
33274548 1762917
33274587 3647627
33516586 4365490
33515960 1123242
33515691 4630785
33514911 2592136
33516546 1316029
33514142 2515933
33515680 3835689
33514160 3128459
12665764 1853504
33513923 3154393
28314316 892319
33516136 679215
33253540 928120
28314172 1845140
33516115 962273
33253557 3197149
33253554 10315917
33253543 2168804
32880602 52449
33514438 3842049
33515919 6726881
33253564 1419546
33253547 878211
33516040 124733
28314149 6062774
33513141 3122353
33516146 2490838
28314291 300726
33514389 3616677
33516128 669305
33515272 5888159
31093370 356080
33516238 1098512
33516299 1094874
32880600 2511794
28314277 882749
33516125 4584683
33515993 101667
33516143 1542026
33516121 1796774
33515097 5434405
33514392 3762787
39580203 1749488
4576371 374496
33472099 1578154
33517760 3928748
3330929 238233
33517606 665498
33517512 3049143
33516162 870277
33516078 3277517
33514900 3326949
33513978 1315715
33515694 1071149
33513631 2901995
33513364 1709843
33253510 5136322
33514642 3154366
2394015 1845180
33514529 3013070
33514443 3043392
33515149 1710242
28314298 364954
33515334 1731382
33514288 2185780
33514681 10660787
33514650 8132897
33514914 4134943
33515422 1686419
28773822 2565379
33454018 5472946
33514255 4087363
33511172 8261366
33506684 699157
33512505 1002992
15308696 756272
33511971 4558177
33512491 8247281
33512161 4938039
33512152 4365308
39936779 55342
33507865 6317122
33507888 8597622
33508093 2771666
33507417 7751329
33507989 917134
33508169 2292826
33508022 4295665
33507810 2654689
33508509 272212
33508060 931397
33508645 209979
33305024 1333831
33508879 792082
33508041 925153
33355572 5927689
33508631 108175
33508653 1417318
33509618 1702792
33508651 3653922
47026570 4904357
33509896 2579635
33510511 2560849
33510104 1253457
28738116 3022202
33517229 9745324
33516251 4520095
33514221 2198054
33514526 2908001
33513146 1579084
33512464 4014071
33512588 4343560
33512832 3755095
33510331 3722516
33511253 1986970
33510334 4391819
32917979 1510355
33508561 612703
33510092 2106412
33510675 1397481
33509484 12625347
33510671 5538212
33510399 1675743
33510895 19252
33510259 6799224
33510325 3818876
33510177 589640
33510257 1773809
33510089 8169310
32892351 2655714
33509867 6083946
32892519 1634330
32892521 1344588
33509531 5855927
33509373 4994937
33508913 6249419
33508759 438259
33509545 3597276
28732539 143626
33509244 2307311
33510046 5122614
33509500 1418179
10291184 5294660
33508678 655978
33508598 9738300
32892512 2457477
33507847 5466069
33508675 3338949
15291394 4681318
33508685 300547
33508566 4411605
32965284 3270657
33508581 2287729
32890167 15008305
33507863 6318994
33508718 3383317
10271384 10271388
33509269 223029
15196534 4618311
33508137 3506704
33507858 2543315
10282315 6399014
33507837 2287591
33507204 2554043
33507752 7831067
10278125 5866775
33507335 6171510
33507676 829469
33505445 5522687
33507681 908288
33507346 1792969
33506409 8691232
10274326 1447143
32892694 3637305
10949958 5357740
32892373 346894
33506726 6022895
33506798 1473373
10302623 877184
33505504 9171002
33506823 313380
33506728 1985251
33507123 3966150
33506825 1704514
33506253 2936820
33507206 1974589
32891688 6273315
33506819 2992237
33506395 848892
33506263 735159
32874239 3203814
33506403 5018260
33505273 3051845
33505262 1492231
33505219 964290
33504574 694207
33505827 2869863
33505831 5086375
33505427 1015093
33504773 122963
33504540 10662062
33504558 3317269
33504939 6247683
33504934 1764117
33504556 5471202
33504962 2891391
33504521 1720907
28459277 892246
33504360 7479678
34711062 345721
33505063 357777
33504350 3424368
33505060 2171621
33504582 8949899
33504031 1606545
33504254 4121920
33459537 887764
33504102 1250691
33503610 5095190
33504074 885483
33504026 1414700
33504019 2282015
33503725 1101998
33504002 92483
33503584 2699620
4620879 1066497
33503432 3505109
33503217 6044230
34711580 4274629
33532234 35767
4620882 1102658
9985302 363011
34712717 511951
33504161 3237172
33505754 1667169
33505548 3210993
33259486 4502654
32917928 21609712
33507604 826477
33507839 3026314
33509715 14116657
33510712 2482010
33513420 14048960
33322982 896102
30842047 7769825
30833400 189874
2740406 919664
28732277 2436269
33486546 832309
3138415 41541
2057884 2816702
33259427 2687
47026571 962379
7255760 3255959
4746238 832391
4722973 2568618
47026572 81078
33498000 3636663
33323952 943773
40052498 300758
47026573 660310
39936407 704187
3332982 101725
47026574 99114
1968258 471927
47026575 2220147
36115891 1738470
4560734 131191
47026576 8725
47026577 608798
33521540 8510342
10325203 640266
47026579 1814199
33528321 4587031
1711516 2073764
33520558 6168880
1099453 1968781
3328228 3746812
4019716 4194412
41724079 1787595
33270540 1827599
33492078 1775483
47026580 809516
10320021 4507460
39944092 3303149
33270064 8601822
33263470 7845395
33517096 10322262
33515660 1522242
33513092 2564724
33514042 880221
33510079 680719
34921237 133962
33508661 43108
33508110 3564171
33260027 8089784
33504076 1967508
33503607 4396623
33503537 9993
33518288 7782754
39967890 5015578
33508068 1641656
33421332 874035
4123228 3637443
47026581 1038875
33507076 4541548
33296093 5484746
33505573 3162947
6806573 220204
33525246 961316
33513101 2227295
33514533 3566713
47026582 1670594
33514918 10669937
33511059 3398938
33512091 106709
33512058 2086269
33513217 4944366
4576473 77299
33507877 1802713
33507046 13398667
47026583 2011284
33508308 2011307
33508230 1334201
33508316 545424
33508734 1903692
33509507 101206
33511555 2527825
47026584 97570
30826065 39750
33527618 5332629
33518522 98765
28738854 605097
33520964 1352872
33522650 5841834
39585849 1632461
11918363 4647582
47026585 10275654
31081266 557881
34809660 1460929
33289351 2434624
47026586 962333
33482708 7837779
47026587 94683
3333335 128627
47026588 122926
33322404 916151
33493287 1083670
43385987 11317547
4193790 563107
33323286 6541
33482431 2028771
43386841 13928375
11775708 932753
33522284 6279942
33524957 559647
47026589 1653648
33353317 2709167
33515138 8475532
33516669 3401856
33518502 557878
4060621 2279075
2162242 2902621
33514813 2295825
4327833 433064
33515297 5835839
33515535 1220730
4018783 3688324
2739568 3040827
2737635 2962243
47026590 570766
47026591 5743229
47026592 5635649
47026593 5040742
31969641 7616394
47026595 664061
47026596 454255
47026598 70535
3384871 3783653
41702256 4542975
30840786 678955
33524275 8340712
33272685 13969063
33527784 2907479
446424 237024
2740667 34874
33323927 4391855
33346191 562857
33263431 156582
3331136 280588
47026599 824030
14270918 3645546
33300884 2241779
33487869 5609132
33300951 3877244
47026600 575854
23747274 154121
33528779 5939475
33285411 2594037
47026602 610527
47026603 49759
2740973 333075
15174195 414569
47026604 206551
33368410 6942587
33525335 1753184
3384523 3782636
1968262 124601
39963894 95101
47026605 675059
33558763 5761341
47026606 98856
4611748 190414
10309334 2185478
33283934 1284974
33500436 6710504
33513306 1068176
33526248 5439573
33285298 906440
47026608 1391402
42214154 10277167
3328183 862062
47026609 221400
47026610 813285
33333984 1488841
38822161 6556902
39948649 5972603
2738401 213162
3370319 392706
39937113 352628
33514173 5972107
39944478 904736
39958525 1709079
28314307 162459
33253607 3079403
41357380 2543584
39939732 3190688
34916052 1537903
39935278 1667581
39958665 4998897
33344061 11977318
41358278 1844869
34712760 2898523
41358516 10676634
33516197 791379
41357523 1401467
41357061 9338087
34967992 7671453
33514535 10277294
4060826 1742018
33513022 2954416
41358610 3103619
1967929 1183336
33525904 1801405
33525828 3903064
47026611 1722078
28734488 1629847
47026612 416743
33524684 3140952
30837995 3842021
39944423 2398769
30861965 956475
4390010 38601
41358912 5883885
33518948 324767
33516140 1034510
41357817 276897
33515845 2129473
33516072 2691942
41358226 2571357
3710717 3997697
3138436 109460
33526240 4236416
33285605 8686086
33285580 1015086
10273858 2840062
4601265 52283
4192831 1753122
33525081 2638897
33362962 8141311
33362960 10677245
30835549 1415222
30831674 3690319
4020696 939247
33525709 2575699
33524945 2949189
47026613 476824
33524373 2614643
33524371 3349338
33525552 1299016
47026615 1405276
33514675 1309450
3370317 207674
47026616 1458417
33285602 1971971
33528874 2230152
33300058 892101
33285592 5270309
33502804 2150508
1968472 99466
2738300 121808
33510591 4496754
33513342 913874
47026617 2528716
33515229 3667506
33520248 3709622
39955417 3208455
33520248 2482953
33514542 2658371
34710829 1451795
33311785 584417
33506989 1711274
4531255 109361
4589913 92391
33507011 908554
4020689 248043
33524630 3898712
33362967 900013
30840875 1702241
33525698 1719451
33508657 9374556
33507854 1740051
33508492 8017013
47026618 3244053
33508066 10325757
4597607 335602
47026619 1215910
35638804 47051
47026620 2390653
47026621 3086710
34859875 6895501
33510119 2871968
34709384 413231
33510524 8012886
47026622 4956824
47026623 12105734
47026624 6383633
4311919 142296
34923171 3523063
47026625 3831861
47026626 902451
33348530 6657296
47026627 5267310
3942922 2289546
3942921 22003
47026628 3989945
33526963 554547
35673973 1501592
47026629 6591255
33285587 2385754
33518113 1285093
33518125 697473
4995029 4018331
33519909 3607273
40038621 2385477
33362965 1682280
33524859 868165
31100017 1591234
7748446 3884425
40195716 2440167
33269600 5579108
1968626 266066
30793118 3746197
34710601 327582
34711177 98089
33327320 949464
34712090 6709096
39586711 853142
33550291 4494678
4363901 85355
33528492 8036697
47026630 949512
3330770 660457
2737736 328830
33311191 14097401
30793119 5799206
1283693 2162224
34708498 684212
3329361 1663887
3328273 3746830
2739669 900947
34712107 394042
47026631 109207
33508960 637348
34712059 7793285
33524221 677745
33524224 8039321
30833997 2221866
33527714 432567
33527330 428962
33525918 2536202
33525764 3933899
10290945 3924593
42215163 6333785
41833027 3323846
42214460 947884
33259813 324045
15264294 1905862
33472507 2888845
2738752 2223507
1099392 1968147
3749409 4019408
2737392 1643053
2736439 636701
34708569 3245252
33524353 5039619
33488624 1098475
2740470 2277430
30853206 3701272
41832477 7915768
33263819 1709375
33525918 870493
3146735 63986
33269460 5499048
1609417 2459387
2737321 3328445
4311902 1299008
33321794 64063
30796542 3625460
33524959 2561042
35864184 7672456
47026632 2725875
33263470 348632
2737026 335156
34707733 2304666
2737696 1522657
4445587 3166486
2737487 376731
4313165 4146691
2736523 3327169
34710468 2649112
3331969 2709845
2736518 1250073
34708392 1254610
3331004 325935
28765667 3073642
4728444 4730413
15222205 5650398
4019198 4193936
1609436 1053665
33263692 106697
2736424 3326907
1609527 1399221
30837182 3784888
28314361 2325414
2740837 3333212
3331277 3749076
33272240 2379071
33056572 11383889
33322931 1672977
33324015 393317
44502465 1056555
33491873 6066426
47026633 2178355
45119096 2194096
33272107 2965563
33261735 2655169
33492672 6027249
33272121 4277949
33272242 7315502
33486490 7743469
3328601 214916
42214179 736096
2739802 3331862
4279668 2522394
2736473 1692189
2738548 376291
654866 1397509
2795436 65892
2738522 3085868
2737108 3327948
4311932 333830
2738186 1820368
33493012 6436682
33264106 364368
33300276 2522075
4576545 4589967
34709183 1582805
33490511 6125608
47026634 4723177
33355458 385732
41832226 1186330
41832220 4949008
795646 57951
41833186 5320121
1968958 103893
2739508 2193836
33446073 8933003
1967997 44231
33531672 2141485
33519970 574013
4517389 4534540
47026635 3864143
41357692 858755
3746359 1759932
33255100 102669
30311361 3069211
33255114 342948
33521757 496818
28416119 671549
33522344 660578
33285747 105186
41193023 1391215
33519435 360875
4134841 571365
47026637 490955
3090351 1281723
47026638 707577
3577842 927691
9290979 515692
34929378 894231
31102325 1745461
33275327 1286290
33502784 1171292
2739237 76283
33525436 83425
33329925 299763
33519902 644244
34971666 831794
33525442 320857
33418173 4630699
33275332 398051
30860475 879264
12258484 2533454
33502792 1712563
33270124 11718461
47026639 679066
2161207 1853326
30862368 944539
46008681 6545252
10274746 264250
39515002 649217
33261731 107283
44502481 559289
12356370 2060898
2161102 743858
33520017 966191
1283635 1439914
2161204 424318
33056248 1216792
47026640 12875592
47026642 698755
47026643 911940
47026644 3030855
34462625 9436056
47026645 672184
47026647 1006303
47026648 2574435
47026649 4206120
33272232 5814773
33492270 13203898
47026651 6778691
33270504 5773901
47026652 1710409
28759465 113126
33300568 3752809
33526034 381796
28314875 4588155
4560960 4576705
47026653 6781689
12269563 3370497
33279143 543728
3818300 272525
2161926 112961
3442924 457900
30840908 5164822
47026654 4241463
3961726 235004
41702402 7907627
47026655 7660116
14558801 9212259
3652459 20490
33272084 4668362
47026656 118502
3746109 107296
1968647 1405
33355480 109155
3044262 100356
47026657 95292
39940144 5951058
1968303 226733
30845174 8073751
4142185 43032
46000041 5809729
1609408 363806
39476950 6535514
4647231 256121
33300261 8796953
1609426 2459436
3138322 3613584
33055904 1591885
33262396 2179740
3883706 885182
2741079 1623
30841664 6468390
30842728 6620734
33272093 721000
30788495 6964538
3330460 3748212
2740846 194014
28370147 3242561
33297003 2529507
43385449 1312485
43385891 2296035
33470443 25374849
33489322 6688932
33269485 3459948
34707829 3271751
41833250 13906129
33285496 803500
3325303 3744372
28362222 866054
4541866 70658
33522951 1597049
4541950 1314486
33269213 810230
1609402 99838
30835940 4319128
33347792 5403149
3125764 309048
47026658 799161
33523466 332651
1099388 1968098
592152 1325836
33300151 5516886
33319942 8571594
33319846 1406624
33319900 1448367
33319897 7076464
1968358 126762
1609470 2459602
33300299 103639
33269312 24118414
33521020 662158
39588111 3222151
33262538 6673309
2738439 3329898
34708171 2278985
33334259 13304373
40052497 2527317
33262873 6051170
38696425 1327451
33334065 1710052
28735417 5511491
30835725 5598795
30844093 10696936
30845545 1808731
33272654 3158328
2332640 3034734
2740489 3332763
2737009 273917
2736867 876231
46241613 407201
47026659 7256899
33522185 836926
33341751 939945
33522709 502873
33525764 825230
33522736 217003
33274435 106698
47026661 2267864
47026662 4469435
47026663 397498
30833515 4279654
33300219 3502684
33498214 1576454
33494890 1764173
47026664 1576556
33300161 4122111
47026665 346400
33525052 255499
4019891 4194878
2161827 1197915
33285775 251413
47026666 563723
33322043 3667358
33285773 870418
34708173 2128466
12289554 663800
12789897 1230504
33519446 445640
41204567 3298060
33522411 976620
47026667 1620560
47026668 11839965
33056249 586485
33516868 1042128
33525670 122841
33515122 1376827
33520248 97774
33501913 393092
28776454 696660
47026669 661062
47026670 10699199
45119095 1328684
33517966 340980
33516869 732297
33522167 102716
2161805 1202844
33368345 1898874
33515229 679208
1099386 1968082
2738339 3329814
30791883 563673
33522447 351382
28731459 612370
2737651 3328917
2469907 308217
33521956 1006576
33309750 1138441
33521329 590689
3750350 288721
33528296 694897
33520655 1249028
33520171 348064
33520034 313438
33521958 962601
33521987 641196
30845000 4601509
30842365 2753423
30842458 10699818
30843970 6842015
30840283 928083
30842322 4361146
33295943 1414397
30848683 2231065
33523909 228407
3327976 214201
32917837 6404081
47026671 5106763
3577804 3913197
3577805 1519377
34712706 326289
33271853 1919691
33488441 3506621
33522622 244854
2422176 3107871
2738301 1603187
2737304 2321756
1099507 85926
1099494 667502
2737684 3328956
2737349 3328474
4560675 295146
47026673 319358
33272021 865080
2736508 3026076
34711482 15110345
2737128 1772358
2736929 3327583
1609458 2459572
33368392 3842481
10323424 2413080
4639119 83126
10335599 559131
33520644 3652780
33334846 2725882
33495676 852591
4647296 125483
3783785 532283
2737604 582720
47026674 948189
47026675 10704175
33519183 155202
32917772 22563857
32917750 631655
32917846 4485921
47026676 3933075
33558439 2182102
2443940 461310
4647310 98318
2738268 98862
10327085 1660424
2738976 3330544
4589890 215260
31071257 314173
34711300 64154
3331341 2230305
4486432 87215
33490224 8683169
33321816 10350998
30848583 2411128
3327203 248536
47026678 2715690
30849795 1042429
30846835 3330307
4369111 3905154
4654506 66290
4638987 322284
33275717 672852
33282447 1846218
33282307 1803839
33516308 93595
33517968 356072
33518225 962558
32880621 64544
33517600 51073
47026680 333684
33517751 86548
30846069 10291488
33520564 78367
33515120 113591
3746044 858529
4639090 361578
1283626 2161940
3331362 1579264
2739950 1414684
1609404 2459329
28732947 1394508
47026681 1795271
28732946 4310806
47026682 1178974
47026683 651949
1609519 2459722
2737542 1221032
1609464 2459591
34708918 385253
47026684 642322
33274385 332061
4576790 146557
47026685 2602688
33255092 301953
47026686 283178
47026687 5827
39459710 1799133
47026688 13038276
33521803 343944
33523310 901138
1585437 336221
47026689 9612670
3602699 476784
2739970 64541
33322183 2165828
33261910 1690613
33540837 476184
3333381 464082
751715 1532660
4554802 392782
2736935 305986
33259429 342605
1185092 922000
33523138 400110
4560550 70879
33520496 3327983
3138321 56740
47026690 228103
3330822 322356
34707626 1204457
3330436 117775
2738261 862577
33269329 473122
33346012 1921469
39536207 322583
33300871 6015243
33322895 1772732
33323993 5055684
33322101 2709075
12544082 2204537
3746307 29032
33346182 270800
33498392 1580081
30841628 1968111
30847648 1967761
2737878 1695042
2737968 891702
2736441 316162
33496489 7740705
33008712 104218
3590371 827979
33334201 134087
4661321 43099
33356906 867266
4576369 36765
33356994 1799776
33331889 1674540
47026691 835946
33262103 3903119
33330864 1706670
6973190 995340
33356469 7581207
41702321 975123
3328125 56166
47026692 1730600
33057061 4152414
33354545 129507
33300113 11764428
33490240 1777284
47026693 13479717
33305084 7026387
33367357 4172969
47026694 330743
38074123 4718555
4576522 390357
33285699 325020
30833746 388901
33527035 5616573
33497464 1169955
30719022 884317
41701925 2466610
41194531 7062789
1609475 865934
4020563 875751
2200478 2938657
33300243 882881
33300117 7272257
47026695 651742
33261136 21944806
47026697 6122884
47026699 13111041
33494948 212287
3328201 327443
33334195 343274
47026701 665919
4311801 892816
41701956 4149530
36487906 117648
33261903 95839
1283471 1326750
33300623 1089877
2161825 2902390
33322150 1690929
2391178 1612156
47026702 898573
47026703 1802543
33481226 7287386
4726747 660621
1609407 347816
33321841 2759702
33323273 1007508
10308687 901699
47026705 901465
39530834 5302626
34712175 1492560
33469143 393884
34708425 13529448
33493114 6116079
2737107 3327945
3745570 4016856
1609498 2459675
30486795 8132913
33525914 2023685
28764114 330408
33529157 3170663
33529404 251197
33529396 3032634
33528658 1318371
33528665 1954559
3138453 647762
33477317 262260
28735734 6722001
39941632 3998256
33056251 4431435
14270922 7145591
33527461 23461
33528597 10298360
2162410 2117047
1609522 2459739
1609499 2459677
34711735 903512
33454826 885021
34708486 6006635
33528471 6666218
4627993 4636634
47026706 5886883
4495361 4524140
4716477 224011
33409715 17593601
31088162 6762735
34707560 2052163
30828906 534415
2740690 3333033
4661270 756240
41204595 860936
2737679 756060
34710131 15454966
34709557 6171300
33323069 327666
4730430 4732151
4769393 2397978
4770071 3438945
41204538 652417
4279557 4369107
4590065 3885118
41204679 791822
33529913 2811697
4369118 4430981
33286525 10765628
11730003 1344462
28761615 4290075
38167180 28081187
1968238 500045
28731462 9766865
4647195 819497
34708625 5382158
33528087 1602133
33269266 1733458
34709909 2098575
33477616 1032695
33341875 6738048
47026707 1248944
47026708 242892
30847333 1134040
30846864 2795895
33457650 41409
47026710 552468
30841981 2560749
47026711 231401
4560670 275621
34709448 4147390
34708354 30989638
34709200 79469
33367803 2538566
2740921 322787
33367327 4060403
2736514 56117
4611743 213505
34708526 5555902
3332526 1664115
33334058 6692334
4611790 701563
33518288 518692
47026712 5043470
34708557 12247603
30838561 1519336
7748474 1428074
2459756 729539
3327521 1250969
30789091 99397
4193557 358484
1609463 2459589
33056915 389772
2739906 388658
2738646 4894
2740358 1719335
47026713 764627
2737747 3329061
34710610 35869
33285715 6519203
4486463 376075
3602721 225805
2740942 2313404
2737041 935255
1609455 2288299
4630773 4639023
4560661 1015286
1283626 908126
34708671 10718189
34707944 230461
32917997 2121884
4561067 219723
33355002 181901
33530268 1980519
2162410 404992
2736469 3070287
4391244 598790
2737958 710874
39960739 1921886
34711406 5375063
4621761 189478
34708991 1577
34708866 3340441
30836256 5290495
47026715 186416
34708553 3761928
34711048 3761929
34711328 877111
3442995 1102605
33529833 6148414
33253614 934621
2739540 3331519
4194765 4312774
30834808 356380
34712790 2396807
34712256 6852685
30832145 2832140
47026716 2723441
33330549 507859
47026717 9451450
4531250 216937
47026718 1851906
47026719 3840685
47026720 698374
47026721 3757564
30835786 306713
34707909 346816
33528451 5487772
4541899 342010
39944033 2295415
10335943 1245302
10295887 3686951
39949674 2917349
2738914 1724920
4639294 932814
33310639 521241
1609425 53913
4576525 361465
3747340 243827
4017750 3412575
39961462 17147782
4601267 296099
39965476 189196
4508012 105378
4446134 5251
4390374 1742684
42214426 5566681
42214402 897810
42214451 938913
33526883 10306409
39537159 1034360
33111625 6590148
33528116 2796577
33526631 547082
30794149 5242773
33529605 7542484
47026722 2258872
13441234 5077510
39538839 916194
33527418 9725630
4446003 4486357
33522508 3137937
7748446 7748460
47026723 5617165
33283374 7393021
33309828 5087947
30836090 333607
28835117 7856384
39583034 9756722
8880465 2606005
47026725 553751
47026726 92261
33536408 6553264
28579346 103604
47026727 93511
28776420 5490602
13198635 158555
33272095 3935537
10317469 983496
2469909 2218876
33529193 10913950
33528026 351886
8861069 299140
47026728 3327196
33528445 9533105
39953563 7894199
4491129 4521110
35658498 1531805
47026729 5730154
33527181 2654128
32917739 332283
47026730 7154538
33528998 10108279
39536749 966205
33526591 3243638
32038024 1113715
11801992 286310
30794089 829844
33530081 1416018
30829962 138094
47026731 476751
30833954 448683
39954221 4917541
33304852 2815497
39955805 4430037
10280444 10280446
12074270 1903304
47026732 889323
1099545 424319
47026733 970675
47026734 76980
4678236 1337147
12719058 387151
12204986 66925
3384768 694282
2738733 3330223
47026736 1271229
33484408 161586
33491309 6304776
47026737 5165937
47026738 5314926
28766310 3331331
33459212 889928
47026739 684904
33493450 8046398
39271832 3146936
47026740 3509368
31075023 11778738
33437369 2665754
36768990 5552933
33445974 3329699
36769141 1696098
34928764 2743788
39269873 7241333
28524329 506781
30832011 1105365
47026741 1104265
33420344 1189364
47026743 6791723
47026744 397641
47026745 247212
47026746 2292473
35392373 3955155
2736868 897545
2740660 3332976
1099381 1968034
47026747 4082427
30849225 10943986
30844601 10944071
13063308 2586293
1968657 288535
30846854 683665
3613743 897235
1609520 2459731
2737593 3328824
3370313 105187
47026748 1199933
33300317 10948603
39539871 10948643
2739592 2452272
2737539 1777467
4561054 51067
47026749 953591
35864720 196375
33265214 2389596
33489265 337117
33475912 97375
32917799 318678
41833901 2295693
47026750 452288
47026752 260636
33463586 3347284
33489150 1680505
3370314 243050
47026753 237997
47026754 861207
12424350 471568
33332900 370523
47026755 606791
33476494 1660603
47026756 26054732
39953534 979282
33272114 495865
33267113 253594
33261715 1233230
33272011 2348097
12075775 155362
47026757 872388
1968655 37872
47026758 18200595
3318742 3740154
47026759 8715408
34904031 883759
10282268 1357088
39523640 706551
10277512 1156815
47026760 2536278
40198180 6512085
47026761 47127
1968525 224732
47026762 901668
47026763 458070
47026764 705774
47026765 830217
34749096 624595
47026766 3359332
47026768 3277448
1609401 154332
35673085 988701
47026769 5352552
47026770 1042611
47026771 1672975
47026772 177547
32917849 177574
47026773 95541
10320618 300803
33272281 839507
33484083 102424
2739712 293695
41702012 1512064
41192883 3332053
33479101 478259
47026774 3689554
41702190 3243468
33014628 503501
33491108 1484245
34711252 1597538
4445563 669741
1099489 273740
41701949 4194041
29005583 335393
47026775 2266233
33484022 711857
33469971 46168
10323587 446342
47026776 1516553
47026777 1725251
47026775 1598827
30841561 362201
30841655 429009
1609437 2459494
39482250 6320127
41702156 3335963
3331323 687196
30838529 330305
41702398 5113043
41702395 13149297
47026778 984508
41702391 2952574
47026779 2543074
34711259 22602
36768996 4633127
2736474 928350
33471640 5782633
47026780 1337192
33485788 342945
33482701 679006
33272296 486109
33485760 682849
30830848 909555
30829309 39776
33272197 1414280
33262887 5568064
47026781 4872322
4589911 303181
30829805 852024
47026782 1113796
10317692 1289798
47026783 1168967
2459757 576244
47026784 3289926
1609468 659822
4279506 1494001
4195430 1972203
2736468 483259
47026785 440865
34885025 142725
11328029 1695540
33271715 677369
4446151 224261
34712426 402170
4363890 345851
3913238 3135746
3652517 3961862
4569124 755999
34877018 341570
4289016 4283517
4060934 4217986
35654933 4801664
33014535 5622725
2740971 702189
2740969 639957
33056118 21292648
41195141 3113887
34711682 1311632
41195247 1441805
33014274 1902927
35637951 7495161
33014328 4130066
30833840 545104
35637950 2595212
35637952 2652946
35637953 6983136
33014499 2478324
4289008 136826
3444528 3819631
33300743 1414416
33014330 5055513
4195535 100318
33014574 656092
35638117 5156186
47026786 1444895
30799695 2352986
42214951 52786
34877458 5924896
41195104 3439728
3577784 3913036
41194901 728270
31985501 2297912
33435338 1039251
33331662 3082983
3819607 4061088
35662152 4288411
4328168 2899451
35637949 15321867
35737585 7576284
2740922 134253
33056095 3148334
33056096 7681464
3326994 102667
33056097 3864603
33056098 865534
33527341 1686955
33014573 9992335
33321354 765159
3577812 3913233
33529126 367300
35639650 518082
39960127 2650757
47026787 2118609
33056334 7215323
33056333 7202542
33330937 2982712
33321082 677856
10273860 7122163
34877531 865131
4061169 4218254
3818572 4060173
4267762 3086375
2736507 1236072
39489941 395594
10360859 5786150
47026788 1431197
30843475 6093616
47026789 5644001
40631043 1069657
34924399 11030714
33334015 225049
41204454 2475907
4422529 4467535
33492755 820752
4503021 903436
28314983 4617750
33272086 19303940
39581550 104838
2738073 1007304
3746339 4017297
2161825 2902391
47026790 1477667
34895469 880099
1099383 915382
33491272 782546
33300148 21580027
4445804 53195
30849573 103484
3328513 322613
35392429 2737507
33336945 422716
1283411 1080072
47026791 1781239
33341741 1659336
47026792 159545
33525063 1239094
40719693 418673
8201675 358365
33321155 416588
33520426 1073135
2162024 981070
33253618 350290
1283764 261899
34893306 900806
33317071 2311038
39535600 3554760
30841773 2617229
1283483 807199
47026793 886606
33300141 26370841
47026794 19584
40052561 2397946
47026795 6704620
4020426 4195403
33261749 1219498
33300155 4265894
3942924 2176610
33525779 827614
33526135 859399
36661817 5311886
41833651 11520807
39948206 333014
33524525 1238823
39935522 677741
4445362 3506800
2738008 3192364
2469885 510423
33524585 1392084
33339340 504703
47026796 10926477
47026797 1344003
33502209 1801090
1283478 390875
2736437 3326928
1099506 1968999
4576427 22247
4531263 94164
2162483 2780348
47026798 2780355
39941654 9075008
33272104 1674327
30858276 27698
2738866 830970
2740769 853228
1099491 1968894
33272161 830138
39939702 7558818
33300638 14220502
33271873 1179823
39537792 652194
34711263 152826
39939274 2791367
39941210 1178270
39936401 5938672
39537285 1635074
47026799 1855300
4445615 95717
47026800 3628764
47026801 12135183
33286702 105882
34710296 227465
2740756 3333122
2161853 2902485
1099505 1968993
39511752 3786565
47026802 967989
3333345 47074
3327971 250003
33524973 324042
34711865 18047
30841646 5702744
3384739 3783235
47026803 2665996
39535308 1920130
39527046 6606098
10335610 2925913
33368654 1628316
30848762 6182860
30849929 4553149
41686077 1297163
33368751 11108751
30847258 5164877
30848920 6546018
33331531 3602226
33528718 1526577
33499373 1847568
47026804 1489009
33524831 1154193
30848766 6746842
33367196 1798662
30835890 1847829
33524741 1525876
3942923 1575689
33335002 918914
30849338 5582070
30848933 7412840
1968695 366606
33300191 1207182
30840514 3014462
4618656 292923
33333979 19585
2736426 3326915
2737151 3328017
34712065 3230808
4020694 5462
47026805 2327572
4621902 324498
3746645 1071981
30854827 397168
30840289 4192759
30847304 1414922
4618653 109873
30855113 14689364
3329068 330444
2736447 3326963
2737982 1499544
1967928 5455
30847525 1720635
30845088 21575953
30845099 21583139
30844430 11112843
30847308 10786988
4486031 203358
1099410 1968207
4654502 115157
47026806 756261
33272078 1660413
41193922 1701045
33525194 102532
30828906 5879729
33524801 622837
2033425 196363
36742403 1439026
1609462 257279
3330194 1115828
47026807 18406729
47026808 343677
34868036 1123627
2902088 529490
30828906 5918218
33362370 21441729
3327204 52724
30848351 12740151
30825693 3370504
30826687 7358066
38184324 215666
33368520 3533023
10335566 10335570
30850092 2362777
30845791 6756843
2736975 859117
35673973 630719
33271568 9347272
33306112 5658044
1283410 448746
41192856 6962792
10890693 126761
33497194 4092824
33524209 735799
1968820 362167
47026809 1448039
2740888 512556
2738656 1963239
3327815 126765
2740882 95544
33477132 1741940
33485514 10439196
33483615 996726
33489599 3174975
3370260 312861
3333222 2755513
3328984 1210854
3330419 918582
4517622 2209786
3329782 2895062
4390385 1224216
777160 295144
3326989 534273
33334018 109421
2740659 1783435
3327855 277557
4611840 99840
2459753 1338066
39465015 1686199
4311881 16412
47026810 11137103
47026811 3017349
47026812 396065
4486326 4517519
33367274 3747893
4605103 264889
4541907 630947
2736963 1198223
2738865 892373
2736472 1425205
47026813 5453252
30835805 502459
39539855 4390075
33300193 585441
47026814 4345595
2740409 1394220
30842110 901756
4018782 297208
30838538 1590879
47026815 362237
33334173 48887
45120469 3262318
4486069 343769
39940332 2885722
3746637 340193
33334200 612612
2737989 1126306
30842678 903510
30850232 1186152
33475457 4412079
47026816 655271
36700103 701316
47026817 5839049
47026818 25805251
47026820 1477717
47026821 2996883
47026822 28801410
47026824 28839267
47026826 12909955
47026827 17762118
34712445 6296208
2739578 1329417
33269350 32142366
10334760 2991094
1609405 2455946
34712452 12956545
10327451 1845280
2736451 3326968
1099407 1968197
2736458 3326981
34712219 5311508
30835149 133941
33492975 2934826
34712112 52837
33300248 8712599
33494757 9960117
47026828 5430758
33493042 5087853
41204563 8441081
33500249 6772633
2737230 3328208
3750119 4020390
41686067 950245
41685982 6634094
47026829 8075482
47026830 6945977
33285395 6597354
33528466 3032047
30832727 870605
33486098 1305231
30857684 288724
33367616 6265101
39939333 323443
47026831 4500266
15222204 7092280
47026832 2289629
30397493 2358894
47026833 11564433
33527762 4105524
33300723 5138989
2161855 1414714
47026834 506043
39962943 5080063
33530360 3861602
47026835 9880716
47026836 6158276
39949292 15920790
33529782 1097028
47026837 13533512
33285735 6522229
33265170 5275401
33529661 8390384
7748472 3700894
33300067 2680122
33527672 2978275
41833771 1375667
33526927 5713297
33522114 4276237
47026838 7369914
47026839 3180044
35404276 8381459
47026840 4448382
33530342 878983
47026841 2536335
33528395 685052
47026843 2060424
33529167 3860185
33528919 6353258
15222194 3053341
33285388 7298274
33528575 3023944
30828774 219984
33269715 2985060
33520070 11862161
30839898 1933099
10332427 10332430
33368178 2953018
40037424 9092679
33528694 11150271
33285369 11150313
41358346 7790130
33526406 6087186
33300053 901468
39966011 8159479
35738256 5323724
33367519 911394
35738522 2093958
33014368 5283190
1099413 1968227
33056984 4658570
35737586 11151910
3330421 438545
33500957 14851391
33317036 1602035
42214455 7874395
33528638 9755040
32038024 8893772
2737106 500848
33259430 208222
4019323 580760
1099312 1967910
1099485 1682309
4925172 1476613
39947284 12110449
39961951 903071
34712070 9805207
34711858 2597844
42214381 7090919
10316618 2900757
41357293 3386925
34887170 11244118
30794151 1141479
39587813 837585
33285770 10187887
33269366 10187922
2739588 3331585
1609473 1745585
35714409 5726631
28736019 2922329
33285767 1766759
33272148 3963433
3443350 3818574
33533869 5466864
33527005 2731852
33527009 3505829
39947721 6703787
33304838 11605481
33529774 948546
33304716 4115311
34925184 4257345
33527109 12128666
33527094 4581287
39942500 5157356
39937282 947948
38805914 6434683
39940227 7436233
28734470 2593087
39952704 897842
47026844 289063
33498125 1407703
47026845 1674877
33529476 2960590
47026846 1436973
33508319 3975191
47026847 105154
33307730 95721
2398925 630859
33497921 980020
34928760 1633738
33515229 3328720
33515122 23741747
33514542 6479386
33517966 9792284
33515229 10008557
40195716 1975025
33286461 4683305
47026848 2539012
33341768 4270763
39519412 11159231
33286477 10318133
33341746 5770553
47026849 2645287
2736927 3327582
3577819 2287275
33347812 75048
2736942 3327618
33521684 9578304
47026850 23044
28731459 2212208
33501913 14217874
28731459 27247256
28761480 9425676
33285764 1739353
10273852 109558
47026851 232842
47026852 221560
33322942 449071
34929001 3059689
33530913 3031796
30850494 274334
47026853 962350
30845592 1700687
30846262 3011355
2459702 852026
2736432 3326921
2739514 3331479
35673764 1855929
3384756 3783419
12277847 3195577
2737389 3328542
1099400 758290
47026855 6407334
33325144 9732969
28368467 2625859
42214906 15883763
42214987 24609277
47026856 107271
33511333 33511335
42214917 5764635
39525937 862843
42215186 5177770
39638852 2151168
33300238 4660322
12365377 12365380
33498830 1617260
39501501 19654436
2901850 488841
47026857 942191
41204591 1526773
33269568 26011336
41832282 1658698
2391180 3084408
33056471 5180006
47026858 5419290
47026859 15789633
33530340 899792
47026860 6460475
34814697 387628
3819066 215081
30854822 5240962
2901856 902495
33334295 1317189
42214873 7226425
34916158 5059436
34918035 1624869
34918817 7544488
34478008 26003648
34923304 3049311
34917824 14729945
34917953 4289375
42214501 21637533
42214922 2174263
34917846 7082602
42214921 5874979
42214947 15467118
32917432 7660724
34917841 1615657
31119380 4282896
42214878 23654372
42215102 10287203
42214826 6206770
42215088 5718857
34918963 26003800
42214801 3666396
42214845 2734260
34918474 11032362
33506715 5603000
47026861 1744715
42215198 6204624
34918898 7784343
33506699 2430528
42214929 26003945
42214859 8828903
42214943 339755
42214870 3119015
12368693 12368695
42214561 8087319
42214955 1784351
42214911 8478948
42215112 9829560
42215019 8618472
34919107 3780132
34915566 6435372
42215083 12116944
34918514 1434318
42214833 12122809
32889745 5943420
32890704 10439061
32873993 13396163
7098229 7098231
34918685 26004320
33504701 26004332
33507970 5919618
42215055 1004385
34918477 8731451
42215030 13679266
42215071 6067489
42214879 12906059
34917847 9341660
42214938 4180173
32917982 7575880
33507587 11751301
34919243 3819800
42215012 8208440
40164583 6538395
42214776 24611312
42214832 5833818
33530409 6537705
34919004 4311595
42215199 12123253
42215126 9067637
42214409 861663
42214812 7613591
33508484 8425054
34974909 6963534
34918919 6065251
42215035 693376
42214967 3858630
42214620 10423910
42214735 3314912
33507841 32080723
34863180 2870515
34918644 5077403
10295868 7385464
42214854 16978435
42214326 4679355
42214760 1013003
42214976 2415175
42215106 11134379
42214448 6404944
34918785 5070778
42214815 1243153
42215079 27075065
42214504 9876818
42215027 12884853
42214825 5917087
42214847 27075159
34946989 6479368
42214925 1533025
42215011 6618378
42215089 3742744
42214799 6010637
42214867 8017234
15196544 11476156
33508694 8600360
42214809 12100773
42214897 8869293
42214882 6859034
42214770 10878859
42214842 2221934
12085051 12085053
32995798 12108586
33509488 4145674
42214684 14556365
34946999 13311370
9803969 9803973
36759081 2480016
42215124 360256
15287995 6338966
42214930 27545729
34783894 1367768
42214851 947078
42215038 26242099
33509710 2025216
42215080 4287842
42214687 4287900
38130582 5475832
42215107 11603609
42215051 1904705
33509377 17834776
33510698 242144
42215076 5886317
33510268 3433305
42214498 32632809
34946997 3082280
42215073 1213696
42214975 10030086
33510234 8132850
42214898 12512308
33510085 6197189
42215081 9785586
42214528 8427521
42215097 163244
42214549 7423185
46241629 3619022
33300123 6588068
47026862 7916059
33508751 51656
33435158 6302582
33431857 4089592
33480569 1932299
15555900 1433
33457107 6018814
47026863 1761039
47026864 213624
2740681 3333022
3443670 1488127
11893295 11893297
3125745 3602769
4017153 4192681
33471719 323129
33498660 92372
33269263 11210537
33262690 2252270
35739341 7603576
47026865 2291007
30850558 3509464
33265215 23737477
44502345 7570676
33341757 224417
33270109 441533
47026866 6595461
47026867 5134201
30828299 94891
39582278 26347161
4938585 102675
47026868 1779815
39585041 7500865
2817717 3385002
47026869 6174719
33471092 175368
33476480 449152
28833575 95197
13202167 220268
33472440 3729221
33261138 2042500
30860533 1299390
33335049 1341314
33471363 2461014
33475187 669401
33255165 3065057
10968208 850159
33300324 3380747
33484234 2000760
33485176 2043727
47026870 917503
570417 1285997
33481503 810017
11816890 395639
33478460 219901
33481664 633861
47026871 1853172
30825843 251767
11787988 618175
33474681 155394
32917745 103214
33490391 2768332
39939290 917355
4390697 1107669
12739482 473938
33479690 1534158
33486652 859119
15579292 286637
33474272 2042514
33354966 206500
33271497 5884887
33482279 965752
33469925 2843427
33355339 736477
33300180 3122978
33471872 1197880
11908417 925577
33478720 3161004
33482485 924239
4291563 898733
33355319 423694
33482048 851258
39937993 1735568
35404324 3272922
47026872 338494
33482270 2921619
12740624 414353
30847594 6211506
3330979 365003
47026874 390742
33498647 236340
33362976 2526856
41685773 1128644
33270135 1324628
30851326 2615944
33525493 447326
33480643 4866585
39944963 682760
39587715 4156602
30828106 1217569
30827866 388430
33310671 8516133
33471900 1208239
3819155 219630
33527523 1379614
33527085 518282
1283525 1564326
33270119 1693483
30860733 416394
47026875 255651
47026876 28288310
47026877 12169150
33484380 3997514
33460211 1310575
33272050 3330256
33462626 216756
28736022 645097
33482167 815947
33474397 333786
33478570 836746
30861430 119640
33462408 1448368
33476948 19073
30843510 5053950
33338426 2312368
30835744 1433161
33267208 261561
33338451 924568
33338441 2826954
33454680 395961
28736021 883245
30840293 5363734
33479227 790525
33272202 831000
33259405 603217
39940683 23740740
33272138 911142
2398926 488423
33306104 972021
33520783 1306517
33285758 660212
41724331 2437992
41833679 6297637
33481639 793550
3747219 4018174
47026878 171310
33260848 340483
33484855 1625676
30845096 3941423
33262658 1559821
33477620 209124
31088079 564100
30850791 207311
33475540 408517
30850438 6943523
33354700 987248
33489052 373622
33492521 1091776
4312450 1451715
32917795 2416253
30851423 3974831
12424367 1341352
33496447 388859
33489152 899208
4311490 1021436
4036799 4204716
4142158 4279669
41685976 10356497
41685994 75896
30840291 4535173
33367317 7957244
33368743 3755767
34712629 1829080
34712623 5125098
1099311 1417903
47026879 1097563
47026880 9764623
28315002 1907556
47026881 3032053
33319672 3507065
3330836 2559239
47026882 2934768
47026883 7266726
33307300 5452712
28737255 8951556
28737254 7825084
33274813 618294
47026884 2839995
39536217 1230543
40087768 506748
30847696 568449
41724054 2543285
39949751 3694843
47026885 6860890
42214425 11186221
34712151 25567421
43385809 2082709
4621919 1035188
43385763 300870
43386039 2815381
33269005 1343862
33345840 10333253
2737523 1743644
15217833 5595219
41686042 4723353
1099496 1968938
33284070 15194116
33351596 6626274
41204547 914257
40052111 7500847
33269040 3506798
33492933 3369794
47026886 651295
33469912 3137099
39584552 2652189
4156824 249935
47026887 1635488
39515274 1396493
34712373 1381505
33490690 2985014
33363076 952120
47026888 2837772
33334049 31987982
47026889 337739
47026890 2939165
42214457 923389
33363633 3805107
30838103 2402134
35734885 1310529
33522693 683439
2737305 1101223
47026892 213290
47026893 1433107
47026894 33869742
43386623 831957
43386381 3329306
43384730 2378226
47026895 8117057
39495899 3543366
33306613 1304206
43386633 1581666
47026896 14405350
39537683 9219266
34713016 4481867
39937841 7283414
33271931 11197815
39951457 5209738
39638005 5295477
47026897 10471591
39945374 11198011
41833557 4747325
33557208 15723217
33323911 659269
33490167 1151849
33272496 4600351
39457088 8156597
47026898 11200403
28776413 449296
30829590 3743459
47026899 362065
12211203 2291284
47026901 364063
47026902 11547651
39937228 2566827
33272159 1366436
33366129 1209033
33367194 1723675
33367476 3122809
33271137 346534
34710291 4750254
33292490 1067911
47026904 3328014
590873 1323477
33266404 892485
33530347 4614461
33541523 22306794
12758693 648325
10301939 1401690
33503825 861518
39579764 666719
2736490 3327081
32092355 1671716
4036592 4204379
4036591 4204373
2737912 306425
3329462 1679924
33503807 659936
33013735 829839
35658774 341186
33013737 708245
33528692 3791309
33320785 249979
14662164 10337516
34713004 15205133
34708334 4322394
33528092 3879828
47026905 10218521
33534252 902282
33506346 386556
2737364 115876
1099442 1968732
4359421 2213608
4060230 1867287
33309620 11212771
39952591 1714094
39947797 4523310
33528702 8281131
30833380 7241860
33285583 5974914
30835549 3735088
33527710 19966987
42214324 1601311
42214333 20865754
42214352 4623834
42214282 6733537
42214316 6414590
42215219 10317551
42214279 391468
33506351 2011464
42215169 6923416
39964033 28290244
42215141 1591666
42214981 28002287
42214683 11214418
33527998 26459531
30833352 22038407
42214918 28893403
32875241 6518801
40720078 11024355
42215104 12889411
42214919 3948586
33354869 790667
33261901 5425157
33305298 918584
39959552 8626663
33530105 6797598
33530265 11214809
33529615 4682401
10278066 2433359
2161854 2902488
33529748 4356588
47026907 9835561
33260927 1087746
47026908 10031140
33326953 11215438
4142145 698690
33305331 324316
33447576 448313
4687292 765240
25455538 9302801
4699139 942069
47026910 11847960
47026912 3189861
4691414 3919126
2459745 1920465
47026913 3941494
4687450 3430843
4695625 1493513
33434005 140460
3748273 1840310
47026914 2189298
47026915 4125170
2737737 353767
2738943 796042
12289556 312955
28761613 10237009
42214438 10338544
33527599 10338548
47026916 10338577
47026917 11217004
34915307 12096412
32917748 322645
3574259 1708117
34708982 34553044
33484764 2873555
12096005 12096019
47026918 693676
47026919 221501
35738293 10808189
35739185 3953686
30850398 8200469
30851942 78928
30847481 1304840
33305830 907405
30838398 3182464
39957172 9822357
39512466 2570729
39963389 8212752
47026920 2219978
33499479 10340370
4590150 2997741
4389793 1381631
30861810 165501
33367811 5145328
39949378 11003241
33527085 3311983
30829216 1394681
33367601 985603
33261829 10341121
40052460 2606781
40050911 11220357
40050517 5186850
40052444 15552552
33334136 825235
30841350 4052581
30838459 396655
34950146 4610478
30840538 4891537
30849618 480320
30835721 2538909
30838534 4891610
47026921 4410740
33300722 10230478
39534450 1755999
39534821 10453984
41357511 6045829
10270209 899693
33530333 4892675
33263991 4694068
34709323 6235521
42214471 9915488
33472406 388679
33472407 7641276
34713123 8986535
2738964 3330529
1099384 1968061
34710635 9096685
30826665 8248005
10270211 46595
30858520 15129
47026922 4367018
34713008 3881458
1968447 2738141
41832214 173972
33464553 2467914
34712115 2548125
33527085 4624929
39957214 11228300
47026923 2632281
47026925 5320535
33455273 3369181
25413614 1615835
41204480 8471123
47026926 1846533
2740671 1488254
39960127 19863540
33264514 3952546
39538874 291966
33270668 1766192
33286518 11233738
33336070 17980836
39957171 1511007
41195725 8935600
33499991 2917409
30851381 22228277
47026927 1602317
39535566 11507236
41833627 5730990
33529904 7360987
47026928 11239930
30851152 14577436
2737045 897834
41204584 4543038
33557286 914367
33321815 10195864
34712791 6630167
47026929 642985
36662036 5467078
2737148 3328007
33300283 7133152
39580656 6551720
47026930 7270564
47026932 32634830
33346084 98899
31160171 3008732
47026933 1259242
33530975 2466106
30791034 11069626
3819184 278517
33309796 618396
30851940 25514730
30855425 8739997
30851853 398771
47026934 1511409
32918003 5467853
47026935 3375121
4716279 4718733
439880 1086732
10360279 10360283
41687307 1504967
47026936 5236599
4019793 1616280
47026938 7070113
3613617 972229
32917310 3934447
30791175 6820968
4702431 4705369
34710900 2229043
44502455 4056963
4445735 640438
47026939 15019711
4661221 2224837
4654708 2268324
4019437 2554429
1968368 2268124
4636627 889404
33423708 5429761
47026940 6953341
4654756 2325412
47026941 11820689
33499417 9037538
34712166 6380796
47026942 6333869
39193583 11254420
33300159 26954147
34711836 11254621
10338740 9977967
47026943 19910659
47026944 2594186
47026945 13481779
33275613 1329566
33499182 8243969
30843645 19628454
3613616 882696
41204453 180450
39459819 27814909
47026946 4118732
47026947 1121928
35390981 6977621
3384763 3783434
34707950 2723904
41204543 5060159
41204586 6017225
41204588 6834657
47026948 14701243
42503063 12368609
47026949 1753353
30300519 2171375
33472498 14650820
33455300 4109459
3442995 3818362
47026950 6730316
10279099 830707
8509962 4877591
10270398 2317279
31073375 303065
31092457 7198270
4036715 3574457
33338333 2532488
10279095 889552
33338360 4494370
33431177 509715
28674656 1852878
33338307 1128986
33338326 2071922
33414569 4876658
33415720 362734
10305869 333453
33414572 339262
10295266 901446
10366430 836125
33338317 82576
10286245 284147
33289615 238010
47026951 8785553
47026952 2119418
33348680 912042
47026953 3524942
47026954 12408549
47026955 6240495
47026956 11547942
39588880 3539341
33400655 1278402
33300131 12248229
34713009 5585902
33348651 800743
47026957 8296393
47026958 6619142
33348644 3084187
1657697 1612013
33269121 17968637
23762900 1940969
33258882 11952852
33285759 2099055
47026959 5245429
33348563 99910
1609418 4412
39939288 4660007
3748874 4019087
4732306 4733787
33442410 21658818
4667276 4185574
47026960 7113791
34812413 6515094
4673054 4678227
39639567 2623066
47026961 4062869
33527474 11274693
41833815 5770189
39491936 17819286
47026962 12134481
34981355 1369352
33334031 12575208
34711303 2003164
34708575 3642627
33374690 1672353
28733855 11277550
33332032 9562345
33300138 261581
33300127 11278699
33300198 4668580
33296121 4695589
41358250 903132
39538129 3159192
33529833 10858289
41204516 16604146
39464733 900881
41685954 1471053
43385177 11281127
30839000 2123568
30848354 17869214
43385307 11281667
47026963 6933888
47026964 9192459
30847726 26933032
30844515 432875
30844445 7378716
30851451 1981309
33300209 11282648
33331869 14237652
39503407 2143085
30825914 659377
40720076 2531995
47026965 3892316
28761656 5663955
47026967 20754068
30788543 1018907
34708756 1592027
41685934 33486464
1609444 194270
47026968 28695094
47026969 11285767
33300233 4628645
44502415 4024107
33300587 22149791
30828948 5545
1968123 1070307
33295533 4427730
4060633 1413801
39461617 3127949
33367367 1706955
4426269 42504
33296125 408577
33367313 9402518
4217617 904532
30835982 10111521
30852438 11289179
30852332 6852971
30845943 11289504
30848963 4692506
4583671 50508
12127390 16017
30845870 581920
30844900 6889831
47026970 7723273
39538483 659625
47026971 11290714
47026972 6202645
4677997 226585
4289049 424147
47026973 37372
33286460 577048
39460233 3478487
33502770 3529422
33529385 483785
30848772 6208966
33524252 339263
33351515 532532
33525257 863791
47026974 1798553
33529752 2441039
30848917 10113918
30849760 27470382
33343321 1460265
4312108 149816
30848648 9035410
30852630 5077705
30851285 3289845
30852636 1469775
30849810 5841400
30850563 8798901
43384550 28702482
39534570 11293793
10368076 877798
33266503 2426729
33370168 310674
3613604 3935734
39498653 11295715
9301475 139708
39587548 14564166
30796425 20361265
30796426 10115989
3992338 962676
47026978 15473013
42214375 10017560
30846316 3247095
30851224 6495005
30839444 30839445
2902088 2268578
4389985 830595
35639822 1363532
33516869 1283351
33519848 3522499
33528740 2542467
47026979 14801859
30844006 911924
10320712 500520
33520102 1759272
33526140 115845
39937017 2440140
33525914 396538
35651827 159030
4486455 16182
40719747 1046265
10321995 1011024
10324426 4081686
1968454 2738155
33261733 660936
2161825 1606882
35739185 13517012
30794089 1701489
34971330 3252828
30796426 1187878
34971333 1577651
33494193 1884874
33523835 809280
41686168 15638204
35738293 11141087
39534305 30854848
10323510 218296
33013988 390291
28314335 858550
33524583 1478235
33523911 1381540
33368460 484887
47026980 22043060
12424348 3312126
30849953 6906985
15340505 2488301
33524404 1520965
33014196 564130
3384769 3783445
4641860 46217
4616703 264789
4636621 1078426
1968280 994469
4020681 2059872
4016947 1115649
4595677 95804
4626083 526420
3125758 2082252
4192585 986862
4319189 4395040
47026981 5927984
4699125 1812779
1967825 375871
4218338 4328241
4328238 4400856
4647320 691864
4612070 1261485
4474543 1788932
10360938 1311219
33333973 685716
3935943 3052939
4647290 3172157
4661069 852694
4699119 1040654
4657532 332525
4445240 620072
4654507 2866705
4672925 857775
35637299 11309850
4676294 1852550
4663850 103218
4639279 1089657
1968604 1007111
4682860 661959
33528204 10201476
4541677 362329
39583463 6139280
2736674 98173
4193125 243187
4718775 702710
1967855 2736691
4701330 1620035
4560754 2319871
4702608 1619067
4589723 672854
4636656 3741178
4691609 1241137
3327035 686587
33440103 1455258
33438819 2893293
4667352 986665
1967830 1794571
33434419 252164
1967846 386616
1968342 1443906
4687458 212991
4708728 421198
30854033 22128108
4677961 2539474
33516814 35777
4611686 1467115
4601050 1680454
4445442 857296
4726662 1484182
4726725 863924
33367452 7417988
33348425 1770089
3333264 1985761
3748057 3550176
3327280 386510
4682641 348842
4738132 883561
4708694 82270
33348447 364661
4667054 4672788
4730452 930030
4705558 3616651
4741935 4743245
3328848 325213
4743832 3865196
4695396 3709032
44502423 14284812
4741798 1677115
44502475 8425351
44502423 2545874
2736712 863014
4682594 876938
4718677 2436296
4721083 1712994
4601171 941360
4743710 1176023
4747420 1787559
2033623 356621
4722990 537586
33300640 33300642
41833793 13148831
38153699 101078
4756359 891457
4750205 4751326
4722964 3327699
47026983 2853230
4677951 3847025
33498887 21262701
4756739 2968452
33341767 5583487
1283711 2162277
40719700 1853962
4769391 271210
33348353 534872
4744087 1214125
33530272 2438445
4764622 328840
3329859 823901
4718863 703243
4474538 2143815
4752841 3061649
4754621 1086942
47026984 9991314
34897161 8348444
33527818 10976921
30844830 3532506
7748473 721995
33300057 30694875
33527935 32049034
47026985 23750694
30838294 883418
30383644 7887274
47026986 15458944
39945495 11323214
33526494 18540137
2469908 3146805
10315654 10315656
4702642 101726
4702516 222122
4702514 2201282
3748060 362865
33298666 909470
4576343 850895
4682747 1026761
4311042 660084
34712432 350167
4390929 4445926
33443490 439642
33331052 2528930
2411299 534897
33300440 809296
4561063 1122044
33300437 2821623
2737710 1101643
33438797 1843983
4018690 322842
4647469 1095608
2394019 1451771
4576243 101172
42213259 9655153
4730467 282430
33348453 1636246
4732215 946240
4672796 675921
42213258 884629
33333990 2742068
10367067 3943229
4744161 2076148
4576737 95098
33288843 2517794
2740559 53746
39961052 21209829
1099487 509562
4745860 140062
33338296 88043
30849323 1495764
33469271 1255323
15375685 1070136
33470842 3465082
33285392 649196
33502176 534668
33529913 11329645
4445718 46681
33520551 3323491
33529699 33529700
33320779 17270351
33336078 8630951
33320781 4443888
2161825 2902395
41831951 18784209
41831950 21939217
41833024 7010207
39590940 5940128
44502377 5423705
39587630 8439310
47026987 1603609
33262359 33262361
40035730 22010509
33445461 7050492
47026988 7639730
10363105 10363107
33421332 28817059
30847118 792778
41357513 11334408
33530113 6011559
33529959 23670934
33331812 14829912
2161825 2902392
1283525 2161749
2737683 3328953
3443008 3818365
33300424 5526621
33530257 11335667
33309826 2322371
39590756 19169615
33536409 5559724
47026989 8813713
33528999 14483060
30796541 1438490
33336070 2409634
33529763 3662475
47026990 28945876
41702061 3468790
47026991 29549193
4319221 4395057
4318892 4394842
2738836 46167
30832744 1488698
10279321 4028600
33422796 1526267
37704752 37704753
41204614 27158224
4319403 4395213
39538554 26268918
33272514 2706867
47026992 7356525
47026993 5822104
2736442 3326950
30850973 4987224
30839584 25028
47026994 11344038
12496094 765543
46241571 15185379
39590914 4402466
10295893 890237
30851782 2538041
30852835 9915607
30850286 26613038
4312184 4390592
1968955 2739034
33267206 3271239
4517601 3330374
47026995 6125402
10285473 1724103
39589271 302631
39466852 5418334
33489284 622525
47026996 3817265
33056469 1145927
33333546 838297
34707655 2856987
35738538 2207325
47026997 838193
39522201 3557342
12089019 408564
47026998 1051924
39589463 647209
33384776 353627
47027000 2016663
39937462 2334108
30852425 1387367
30852760 871429
41833628 3041162
4289006 1712839
4218119 2726207
4061137 853465
39538451 185643
4156724 946800
33325369 1155117
35638014 348787
33529615 2261138
3749884 3948595
39536779 3811670
33261134 29727
47027001 2886570
39584276 2203001
47027002 2223176
47027003 28385
47027004 3446105
33476424 27993
3819744 3214679
3444544 3557772
3819576 220316
3448288 3822206
3333324 17882
47027005 3249571
8825321 3558066
39497858 2549767
33367399 2713444
41462548 325423
39965295 716355
33367396 3276622
34712902 51994
47027006 2905786
47027007 3539403
47027008 1543614
35864967 2038020
47027009 2954693
1609419 809929
2736939 3327607
30834880 96336
30851641 3375850
2161825 2902393
30794089 10198701
39580909 9401687
47027010 4119920
45120428 31977433
45120427 7895725
47027011 9983856
47027012 7180303
47027013 6427355
33295056 12090750
46161632 692751
4601274 36588
30857479 493319
30852568 12400688
13063310 493383
47027014 493381
30851432 10340576
30847422 1722134
47027016 8739093
33324869 5062424
3750858 137996
47027017 6966618
33391943 132
32917694 580419
30852328 11374649
30852478 3366133
30852140 27131839
4581620 99523
47027018 15088946
47027019 2935028
47027020 38992486
47027021 41381072
47027022 32020321
47027023 394368
8954748 897470
33347786 33347788
36759717 25925767
41686096 18349756
47027024 42355541
47027025 9963537
4605102 51079
47027026 106507
47027027 19134377
33363389 19345428
30830654 603012
30858975 10436616
30789206 597428
33401026 1491300
2740017 37361
4134842 50519
33272603 28358560
33474247 383707
47027028 355576
30838155 746096
30839167 1262600
47027029 9503897
33323847 349251
30853044 564740
33435856 1457139
33428834 569427
30830076 361083
34712041 152377
10363462 3078391
33411290 1317932
3329468 52923
15565119 1578197
33286460 19174023
32038024 9539925
40036008 22123403
47027030 3026558
47027031 11394497
33541525 3961110
33262502 28067414
33529883 11536653
33529909 6660889
39962008 31966094
39957915 27944207
30796079 2440524
39937948 22233555
39495038 9086688
39960866 6468197
39940727 7001272
33524353 4104555
33367805 8256091
33367201 21731726
41685872 2795739
33333748 5413390
4554864 338860
33303679 7540350
39638104 773607
30855141 6073849
41194103 9724537
39495579 20194494
32917615 643362
4389985 4445379
33529676 2606369
30850102 11397973
4018911 218291
39957371 12994630
33530268 11953041
33300422 27585389
34896595 25722810
32917592 123271
39936493 13475018
30764572 25718507
33530268 28357550
30828924 94804
33530144 8917918
39962124 11404231
30848736 4313290
33530300 7180828
47027032 28356432
39959824 14856195
39965736 24273680
32917617 338437
15339904 1341791
39945313 27537759
39940800 11404841
47027033 15458390
44502401 11405012
2902094 1455402
4311778 19587
33529676 9480690
30798094 12211564
4156832 2719027
4156819 2306451
2737744 1897681
33524461 315626
4597577 324240
35654401 9868291
33530268 33530269
33347805 2171409
33536410 2667212
33336090 33336091
3138446 219935
41204593 3965203
30843069 1845711
47027034 577267
40720074 3522118
33375232 655780
34710089 12776780
33453875 544743
3837800 4077895
1968392 36680
35743218 7857244
33353680 276927
4312431 4390683
47027035 4693533
33311869 32625410
33325467 33325469
33492915 23493603
39494122 11117214
2740941 330818
47027036 10042871
33452593 2088314
33466855 691781
34707885 11619718
33270358 8203397
2058156 2817373
33306586 11478649
43384716 10899817
43386552 24930542
33270669 1209514
33422120 11429918
33430127 3262397
33429962 12781763
33455458 20091497
33456797 24939072
33466645 5218371
35391240 18206117
33464013 22321661
35396429 35396431
12486643 2649109
33421566 6933110
207589 619020
33348686 12128516
33348683 4327938
33402263 11432611
33392023 17597286
33348627 3885785
33435120 572292
3746928 4017945
47027037 4509166
4205339 4319560
28734844 11433819
33475456 5091236
33412946 2778197
33412951 19742414
33405300 1850892
33456755 33456757
33471721 33471723
33471636 24292358
33416883 171080
33325332 12085922
30828906 6468652
33481818 30816237
33418101 9505467
33404888 276155
33444403 33444404
30849446 16661458
39197161 19802075
33449816 10794028
33452497 33452499
33456803 9188152
33366342 8297524
47027038 54188
33412604 11441926
31110844 2210575
39521685 12141866
39940698 36385045
47027039 11444080
47027040 3390996
39937423 19021328
46505443 28141610
39584822 3893562
35391732 365093
30846867 9058657
33367453 7394999
10338769 10338771
31087342 2656541
3442995 3818360
30834686 221974
36662200 21877830
33494626 2168025
33526005 202109
41833543 4925427
30853457 2378583
30843023 26875906
30845101 27517639
30852902 1569116
1283434 1260591
39469762 3934300
4312476 4390726
39537598 20293860
30851794 9974618
30853635 20488948
30852683 8638893
30851868 3977626
30842110 552221
30853543 11650777
33445104 574614
30851137 5237140
30852821 2338609
47027041 27744732
35739187 528075
39534286 28491254
33272144 17095393
47027042 14235556
47027043 12931465
4485829 155437
33271930 26328073
2161853 1055755
47027044 15950633
38349956 1290609
33499366 19603867
33499486 4914474
33499473 15183297
39591547 39591549
31985910 2002539
39469490 11458168
39939115 28292585
33300765 4117027
47027045 4047759
4448778 4488360
33346944 1307523
47027046 216145
33264743 8523606
47027047 3955263
33530073 21041034
33520395 33520398
39965730 28077927
33518498 12850818
33270145 26675564
33353327 13834968
33270112 16984167
47027048 711272
33513207 10027366
33270142 3606298
33270126 8321620
33270140 11471164
33515537 33515540
30797922 11471496
33530268 19051785
33330487 11471516
33336110 26677254
1609453 470138
1099389 547203
47027049 26277505
33530252 6383523
33300643 1704803
33271737 429665
33478264 600855
33468974 2694680
33479607 1111433
8825323 92287
33300422 22190844
33529586 33529589
33474195 181961
33338415 1337639
33469998 91219
35725100 10189462
39952710 11716057
33367598 24744442
39935414 3121205
33339733 2207859
33422860 311081
4319190 4395044
30854422 6640803
30843023 2081540
30854885 57624
10359656 862793
34865959 12083136
30854419 11478161
13212731 532184
40035620 26016986
33514791 11481126
33351176 1832544
39946450 12134885
9128763 848273
33530257 13428042
10321995 10322001
33530189 858839
3107950 412680
33427639 712206
33427641 17345369
33414008 11485568
33443733 25686158
33425014 11486268
41724036 8869268
41724197 29437922
33466739 4369039
42214726 28944793
47027050 26064944
33366130 431408
33435438 1289281
33440157 356920
39938065 34612838
28736579 427894
41204638 6439735
39965253 34626743
35637321 11494149
41833402 71140
33296785 13202861
33366163 1007234
30828109 696761
30853600 1154774
33302580 3365084
39940812 482128
41832799 1338600
34936046 303222
47027051 362960
34712167 2777163
39494253 3359112
33429809 917502
33365806 255152
33419980 247472
47027052 2660989
39938670 2762402
33501128 1301312
41832754 2103261
33443453 1848902
33365843 2012731
39538913 27451885
47027053 322057
33268929 11690416
47027054 965582
47027055 586497
47027056 8618195
39582989 18497256
39587568 26301274
47027057 99083
47027058 9036701
47027059 8733273
47027060 10627081
45119648 5133912
39537770 4660855
47027061 2615848
47027062 13257576
47027063 26133193
39498836 20421110
31118437 791076
30828137 723668
33322864 1467669
33273902 325868
40051312 23807864
47027064 24653329
47027065 25749029
30854617 17623283
33345574 707403
31082158 479615
41724174 13634426
4673089 2842912
4726206 1467074
30855822 20360317
39536140 19886328
30830157 9264523
47027067 19886664
40035619 6417307
47027068 26050492
34708025 8069580
34707988 11517661
7509921 327597
10326245 10326252
30853558 5114418
30849812 11518665
30853512 30853513
33351529 6810005
41686165 11518786
30850243 4802087
33445595 575241
30854142 11521388
28764425 28764426
28764428 28764429
33432360 1193139
33423822 1193140
33423821 1184125
36662249 27265858
30853975 13500200
30854852 30854854
30853150 4273738
30854765 7071413
33416062 287466
10304840 785592
33306362 7640655
33415485 1116306
33404837 3035556
33398434 1527630
41724107 27560728
41724372 2593520
39583350 5940542
31108206 1302875
29028266 7148134
42503058 5768071
10301002 10301003
47027069 32822594
47027070 8755304
47027071 7661880
47027072 29403129
47027073 12136255
47027074 26054138
33344135 10827531
47027075 29846493
47027076 9145862
39495545 11534138
47027077 15250744
47027078 11534164
47027079 7298493
47027080 10948507
25451653 1262209
33528387 531496
33309615 1988760
10329410 323711
33264927 16984468
47027081 519518
10319333 2010463
30840326 606664
34708577 3070432
2737023 83536
4504676 1467697
3328737 3143712
4616712 651170
4616711 177771
3138296 3613552
4635044 894721
1968628 334944
4597596 1733578
3327401 2543291
4635038 2147427
4650696 4657542
3331801 1269367
4663849 1470837
4669586 712443
4647149 1176977
4680188 913275
4680186 913253
4576244 2187164
3747605 244046
4689012 2094549
4589813 1178368
4714985 1377237
4589731 1355039
4702644 377812
4714982 909965
4601109 1418053
4517051 104770
4725903 813836
4611781 1734548
4485836 1191155
4708716 2948506
4733625 3052729
4718637 1290228
4733621 2862303
4732137 502255
4732138 252131
4630758 1757750
4654523 1016844
4716203 3095655
4718636 1628475
4718671 553406
4716213 1587272
4682678 1470810
4728437 1628465
4730400 1269070
4733614 898434
4735125 821093
4732134 211719
4735126 1473972
3327281 203564
4737974 610665
4730588 1113491
4739390 714800
4728454 246597
4724877 266272
4740626 1068509
4740625 1763255
4702446 1124397
4741747 384275
4742989 2346639
4672810 4677954
4744082 97036
4744085 523012
4744084 1520969
4745095 1176950
4745093 1278435
4718868 287320
4723155 724577
4713949 600283
4748457 841020
4725044 446704
4718846 480910
4702537 4705470
4750803 1634015
4750805 83970
4728606 229501
4751887 1090044
4752837 1785705
4711442 2899081
4753749 345493
4753750 1593974
4755491 193055
4756340 1723251
4728598 101392
4757188 332626
4757187 546052
4757987 898307
4757234 1858755
4759457 542821
4755558 927468
4726760 2145535
4728607 741785
4749699 4750872
4733764 646387
4732284 3352600
4730569 600587
4762974 508353
4762975 93555
4755557 1690483
4740802 2385291
4736696 2568514
4763043 1267218
4740803 616720
4758784 1470827
4745201 880554
4760246 297673
4759514 2295804
4743210 1631894
4747355 2691462
4758048 1159229
4745203 2374985
4746247 880514
4755563 2136287
4747374 288548
4752916 1201913
4746237 1680986
4746244 508444
4751961 2340052
4751962 1925446
4745200 1054576
4749715 712269
4733610 2503217
41833774 25906653
4716307 232510
4749638 2319076
4745096 2428391
4741748 3618854
4722962 3066611
4752933 968481
4713808 1605977
4735128 329132
4517161 1785717
4755530 3152029
4730586 139439
28762866 27113956
4721115 906258
4758064 546233
4730416 857870
4728453 1734638
4732131 2491993
4730417 902253
33333989 885416
4621585 616776
4733682 1319314
39535281 10010474
41194080 28900392
4718865 546244
47027082 38283733
39936266 31785959
4713807 5651
39539349 31063611
4767195 1868427
4718866 297702
4716284 3571459
2736989 1238700
4748463 529275
4760032 171638
4768299 859625
4761970 325067
33333997 821252
4754609 1268997
34708336 334708
4737978 1951767
4763944 1788480
4757192 1783978
4760194 609266
47027083 722687
4738157 287175
4772736 285538
4776312 390575
34708943 1719951
4777412 2403465
4747373 533154
4744213 2995695
4753820 202842
4746242 901287
4746243 191680
4750880 899122
35654401 9139170
4748556 649291
4746240 385115
39938782 14636133
4749714 2147505
30849814 21619594
39941619 15418532
15354941 4930732
4758744 98387
4722977 2475385
39463243 31065222
4726614 1269515
4722963 1442443
30796426 3905588
34711357 1719523
33530960 3263604
4445249 217873
4389800 2890758
4728696 1804359
4699069 2885679
2738659 2018471
4746183 1147573
4485840 2624268
4723112 953121
4716216 213519
4713770 2035124
4743830 1481171
4737975 2497961
4740343 871344
4743174 4744153
4713769 2145819
33253614 366369
33518505 11546824
4751510 1750365
34711547 1753453
33519296 25861994
33522975 26718388
30851799 28848867
4718598 1721695
33530928 870613
33533556 458831
4716221 2268218
4718651 1256669
4730414 734883
35740161 11842631
40720125 29383343
39961996 12130250
12001722 344258
47027084 15522357
4746844 201340
4741930 3043681
4718658 1845416
3442995 3818361
39960117 15461703
4718659 1335361
4742991 2031990
4750900 862966
4746298 142597
4687242 391057
4722984 1824725
33341767 33341769
4728434 1335295
34965756 398322
34709952 2699217
34713039 1624289
4748583 2207329
34710856 722391
8944718 330183
34709951 1868395
4728456 1506317
2161825 2902396
47027085 316440
34711141 351972
4716219 331281
4718648 1265636
4732132 2761950
4703902 2228742
4018822 1202851
4732277 877591
4601051 653374
4720341 2226699
4672815 1567277
4689016 352578
4705452 1004168
4017330 1694130
3125751 1355658
4716308 118944
1968399 1119644
4621600 1651926
4601069 342406
4601052 1355621
4703903 2004280
4687163 1355579
4682633 1921912
4722035 1651949
1968554 55177
4721309 1091768
4682632 115029
4735221 2772044
34708936 1146705
2740633 1046108
3888682 1082972
4714754 2749872
4638960 687678
4738116 3458555
4695391 2210373
4735244 4736671
4735234 1088007
4560592 1452035
4723031 2377071
4738142 1476088
34708117 1334526
4702643 3237405
4722968 2681825
4733656 1244488
4485970 135264
4517165 516796
4736730 346861
4576347 392712
4673092 242450
4741766 1258947
10291553 386617
4732334 350894
33529864 33529865
4738148 2534829
4722967 3447386
41832795 41832796
39481665 4534474
4741924 361040
4730645 4732337
2459344 621553
4541693 2457699
4724825 2124019
4728689 2192427
4721307 4707793
4702399 1611723
33530912 1106161
4735314 3585261
4745229 2098196
4736735 3424111
777152 1562729
4740685 1346929
4732141 1797587
4738024 745377
4517053 4489611
4745856 654903
4744236 890013
4744183 625137
4743834 349726
4737386 347318
4705559 4579724
4736734 3520930
4741861 4552338
4705581 149385
4738016 4181517
33411273 4251776
32917500 319245
33515068 21177827
4711315 828844
30794089 11825433
47027086 39021771
4746845 1054835
4741931 2453085
4718632 3481027
4716227 2855643
33541554 11556289
4647330 4654638
4279680 1038246
4661320 824319
4654540 4661124
1968524 988540
3138522 1797501
4534710 3907997
1967778 870337
4647234 2070837
1968654 1101053
4667146 3789138
4016952 1776710
4020063 1633920
33333988 5115676
47027087 150930
4561062 191140
4667162 1745580
30793151 238191
1968434 1579462
4682631 333294
4485828 1633467
4661186 1843115
3935941 1681348
4647150 2430755
4616706 222996
4663845 2060674
4508039 394157
1968473 2738212
1968427 2738082
4668868 2177934
4687303 1539404
34712393 123486
4695545 263896
4657531 4663836
4691428 574015
4668869 940619
33334058 2522396
4691468 256409
4431003 1492361
4508040 445574
1968359 711316
2740964 1631
1967851 2736686
4695412 2612044
47027088 147255
4597599 842423
4672936 393204
4019565 1822282
4534708 103570
4687452 1254735
4695421 2656500
4669585 1194169
39937844 39937845
3330177 3748015
4311646 226618
4672939 4678109
4621911 357768
4695628 1685859
4630685 1302103
30853408 28842829
4601049 1332521
34712050 6625149
4708519 915663
3138337 3613591
4702512 3739481
39534608 11932094
34708173 8121994
4672935 4516035
4647470 3653170
33269213 26309022
4628010 4636652
4659089 1771238
4703905 856478
4601065 878410
4638955 1305805
4682869 4459419
3748088 4018623
4601059 4611699
4713845 3597709
4702621 870910
15546029 4446300
4714754 1787058
4445443 1748067
36506103 316894
4753818 687665
4746231 1308128
31113197 355905
4739572 386557
4746224 892341
4739573 1195046
4721230 1307910
4726757 3976769
4733766 2299436
4767203 216341
4716400 2438943
30851995 27810642
4758045 3511279
30855009 19815679
30855023 8230318
4767177 1731541
4765908 3734674
4761001 3458223
4756338 4757186
4770245 2142854
4748459 1325211
2736509 543813
4390412 2378930
4583672 1265827
4606546 1265987
4389792 591809
4643010 634448
4142050 640902
4661355 1022161
4675208 1265869
4675210 1220396
1967809 2537217
4703893 2210908
4704428 96200
4717372 1266049
4727503 1225853
4705562 945281
4722974 364257
4724908 2512781
4732153 2142787
4755988 1581449
4755991 1358831
30855166 1665218
4759169 1274870
4761560 2765439
4711443 320904
15159561 12510117
4716411 1289550
4753753 997217
4721233 1287778
4775584 1288649
4134817 39293
34709690 3045451
34710124 2210089
34708814 1962985
4758065 1208841
4728482 761832
47027089 21081128
34709354 831958
4763979 2295330
4761739 115304
4765099 911598
4743002 2449740
47027090 38909614
34711449 347619
4755575 2812553
34708815 887474
33333975 2801869
4737984 1594431
34708060 379237
39945379 26989094
39955195 6124583
39936255 17554096
34711459 1156256
33334110 2196787
33530970 3662442
4766374 4767049
34708023 3785966
41831805 32601816
4767598 3667473
4740625 456258
4726768 4728617
34711337 1708702
4718867 2028162
4769601 2419835
41831860 16434997
33546122 3031432
4747290 390616
35739031 2556585
34712176 1692790
15375688 21169
41724374 2653872
33334064 1778909
35739029 907411
34707926 2694965
34713075 3035275
4721237 1054336
40108078 1686058
4764632 210748
34708829 98902
4723156 4284417
4746121 4747288
4739396 1260204
33386857 2536297
34707924 830081
33557107 5616546
4767189 4477663
4739402 620844
33334028 3241635
33384557 1749490
4768893 4769611
34711942 194429
33386863 3546288
4769394 1675287
39518088 34623140
34707927 1089896
4735269 2695429
1968546 39297
39580842 2266189
46241567 41813323
47027091 9558156
47027092 8606769
34707922 291838
35739030 4228902
4758730 2649461
4763931 760395
34711249 2474372
34709489 1693610
35739056 4212788
34707904 1740500
33379522 361419
34707897 516524
4754624 3884196
33380842 712496
47027093 44362356
4775703 1224992
4759466 4760208
4763928 2960099
4728600 4730574
4776228 1208107
4779722 2352860
34707890 1777845
4751950 1603358
4779109 336047
4777422 389504
4716394 273918
28450266 672448
39538210 13852017
3327643 3746189
4702634 2288531
4601548 4612085
4612090 110797
4661350 2378017
4708540 301395
33479545 520888
3746707 429471
4711401 2536196
34710739 21583
4517672 4542237
4702630 1564987
4712904 961410
34709633 4674794
34711094 1830406
4716315 2292031
4708541 3222154
3328620 804185
4725028 1245574
4576247 2683484
4702623 1829820
33425567 4666799
4661356 1490955
4661349 2976564
4718771 347384
4705397 3475525
4611720 938170
4702463 2489421
4711345 4153293
4717901 3883410
4661351 4667349
4695481 699855
33530894 322799
35739077 878004
4486366 4517550
34708748 2626352
34712889 3625282
34712680 1205868
4702626 1278631
4470485 1664675
33541803 3162648
34709389 1414524
4726708 93446
33479991 821737
4716366 4718819
4726696 4216678
4714754 4717189
4601053 4611680
34708999 427369
33537228 4173953
4702645 419417
4730522 4003999
4735148 531940
34709161 2918006
4723055 571965
4724934 571981
4724915 810092
33431840 333491
4726820 2887134
4654442 2143281
4724931 2660783
4601060 433963
15255088 438155
4728691 2577690
34712846 1266406
4576255 1088449
33334034 1854731
34708531 2164294
34709400 2577715
4678271 3430441
4702647 1566060
4728508 1870758
10305697 87761
4682889 603058
4737294 1237315
4661024 1237422
4728578 1419127
4611781 1006201
4673105 801082
4738025 350222
4517166 1266390
47027094 1054482
4560593 1266413
4714003 336866
4682595 3073933
4732199 1266343
4621656 2459726
4735149 2143331
4691338 334261
34710136 2138641
34708063 3377821
34708245 1743045
4732201 2499407
33532125 642175
4705560 679125
4738945 944431
34710057 1276249
4730643 246191
4713774 2614040
33259894 3013134
4713773 1200198
33530906 3446147
30853421 10389425
4741782 679283
3332539 504740
4673093 2856973
4744875 1413902
4705336 1288216
35637650 4092293
4744247 2107130
4560686 622555
4739542 635290
4695395 1460084
4723114 2154683
34710556 14901808
2740923 1411
4724942 3346955
4743024 1730064
4721070 1980607
4743249 2463059
4716207 1416355
34709245 573758
33530940 866051
34710047 2577601
4750811 1743919
4743022 4324210
33549720 123577
4752847 1201385
4753762 1813273
4746289 316487
4724895 3068623
10366212 2608338
34711785 5245400
4744727 635221
4745734 1935990
4744115 4114335
34708363 907810
33530955 4344273
4749071 385823
10281313 943018
4750207 4751328
33530948 919778
34709763 425315
35739069 1106610
34710306 945853
34712740 1444379
4748490 173629
4754703 1758845
34709762 2937668
34709237 3009171
4726633 2641187
34710795 2522893
4732157 3735862
33530961 5808702
34708813 5299147
4753767 1958143
34713098 6558167
34711375 861975
33111626 884477
34713087 7353694
4313238 1562782
28314343 503159
34711031 874785
4583670 1372463
4576776 3526164
10315653 2431500
4621620 461073
4550161 782821
4647283 384624
4589928 320457
4654542 1907497
28314337 331778
4576806 1762895
4626079 373716
10334448 5303206
4630843 1356600
1968616 859059
4508033 1084322
2739072 204540
4313237 1753771
3327481 2564041
4644664 3595461
13100493 756189
4672914 2300266
33534798 439831
1969326 2740419
4661170 266010
4313241 1758846
33529076 49068
3327893 1347439
33502945 142684
4639110 2881361
4673070 3434928
28314132 96155
33334094 1489732
33364845 34170
47027095 11587987
4643006 671509
34709529 1487158
4517035 2329029
4576799 4590176
34708986 5318777
32873738 53574
2739148 220307
4618678 2445680
3329229 3747462
1968259 180836
1967971 924518
4695498 1745367
34844396 5279843
34710521 300937
3746219 660314
30850048 1618492
33334016 815436
33528083 760171
4701324 721925
30855111 28922236
4691381 2356782
2902110 2834310
33283789 178988
34708563 2499395
4691484 660624
33253468 352883
4670860 905219
4695495 2485936
33514759 447165
3138449 2086743
34711917 1610699
47027096 19737511
4663840 90936
33334017 1541096
4682624 2553703
4705422 4708591
4697813 1752015
4542123 3284801
43385313 27336694
33444676 664322
39538058 13465553
43386637 11590402
33444329 2453527
4576248 1600673
4661078 98328
47027097 12871470
2902095 2935308
4678254 1725248
47027098 34610566
34711276 2655504
39580560 39580562
34710877 921350
33439130 373158
1968627 1169790
4716316 228119
15585126 487075
33530985 904732
4739398 1743648
12654835 1413263
4716287 610494
30845901 4272399
30850994 11592393
4724875 316179
28450535 633367
4750902 487269
35739112 109871
4726831 831548
31081939 1165139
34710135 2115440
33518165 100316
10356950 2747712
4695397 1537716
4736649 389304
4673087 220060
4541725 487358
4702650 1165542
33528063 487294
33517953 292352
4713816 635202
30853549 11593910
30851733 21639258
34709607 333143
4726665 1165404
4611687 2221415
1968398 116826
33339474 466434
4702624 860268
30855383 11594244
4672949 1165172
28731636 101274
47027099 1429654
39939686 132785
4756342 2212481
33520179 779386
4764591 445492
33518179 17128
4767736 2406966
4730423 599577
28314340 611672
4718737 969627
32892111 406970
30854257 1687231
30854140 21807733
4761058 2292876
30854952 24957356
41686175 29453691
11240592 341181
41358360 52073
4695398 2508085
33352987 997779
33274456 328945
47027100 26101480
33516538 687846
33518465 66755
35662162 722385
4732323 1382243
38097580 2804137
41832749 2334943
33521362 686128
33520154 143768
2901963 218161
33529618 5458682
30835551 1444638
4528883 947999
1967838 2548782
33326079 401152
4762977 696823
28314159 626541
30851166 4737722
4758740 1709158
33517825 699007
33489167 1876548
33529980 655091
39961959 190210
33489116 1777938
33484584 609361
4311499 1611049
2737677 347348
33518904 444554
4194078 320891
4311194 113170
2394003 1169942
32881759 335391
33285610 2316370
35739310 324816
39958848 1169919
33286720 1066936
33518774 215996
39949587 384006
2738885 2042126
33519905 87924
10315949 459910
33274459 253353
4517166 1994519
4743166 341850
4766621 856812
1283483 2161544
39491315 39491318
34711929 958679
39537433 9421328
4713775 3316820
4699113 1481879
4726632 866637
10366155 2004554
33334112 12112
47027101 16606254
47027102 32110192
30794083 831232
39592420 25618445
4699198 2289227
4702625 359707
4665284 893152
4446143 158339
10282679 370374
33325720 3258671
39506825 39506828
33530260 27795925
3748414 3100395
4445544 3572076
33331490 23583146
39536060 12915459
39463380 13438627
4749703 2275738
39538920 1797588
41832908 32632567
39539414 28857881
4760239 2136637
28439218 1968202
4730567 3135281
33530252 27001027
4728597 1811108
2459539 2380784
34711325 858201
4761055 1780905
33530800 1738953
33334123 2801377
4739399 2580334
47027103 2100301
4716407 2290523
4758061 1005233
4758796 338084
47027104 31029240
4744240 1303953
4745240 2661660
43384764 20795882
4718656 8504
4741751 1296105
47027105 7588751
4750896 117020
30854870 5828506
12072303 52509
4508031 1166333
4681154 2291558
4508028 1166341
4508030 1309156
4687456 1555209
47027106 196362
4654437 1844907
47027107 978859
4517038 1749077
4725099 978847
34712109 1701961
4576800 1579008
1968768 699634
28736509 4090797
4711400 4566253
4713801 1084069
36503059 2917766
47027108 190793
47027109 5110293
47027111 346250
4616702 893278
10275618 317168
4661333 1441844
34711488 2996451
33333967 2296956
4020426 1158627
1099481 1968831
4748582 4749741
4759527 4760263
4611739 470580
4761052 4559624
4763975 2568827
4763974 660972
34711849 4253895
4761966 4319230
35738154 1518593
39943460 39943461
4654446 2199683
4672813 1658715
30796425 21658466
1967849 36005
2736945 1644089
30840814 6504612
2161825 2902394
30855471 26179367
30839398 1742237
4754623 147453
39939289 31954162
33530956 1146413
33536445 28788220
11989037 1325516
34709882 1347669
34710683 2554495
33273396 9733934
4682742 4582450
34708067 31837
4585947 84325
30788966 2377015
13091737 3326637
4722982 695698
4721120 2099085
4718660 322647
39937846 33920492
4661322 4155285
40035800 30223715
4605100 4091814
39947126 4429380
30839175 3372670
33501130 22093653
39943459 24683293
4691415 1952969
30798831 30798832
4611827 1311444
35638675 3947373
39534336 19731458
2058080 2817211
39537652 4704729
39539514 4720493
30845712 1590743
30846689 2086353
30845094 905068
47027112 33831028
47027113 25002266
4682647 2476839
46241569 6928937
3331762 3749561
4672869 1118499
4702461 4705400
4708570 4711376
4678093 2719279
4699195 4702526
4517036 3649506
4576789 4590166
4682723 3606282
4663839 922101
4695462 1325931
4739531 1653789
4743180 53865
28762865 28030328
4763965 4764625
4767752 824861
4767751 898656
4667343 518417
47027114 20167208
4749651 1303954
4757211 2441129
4612052 117044
33530974 3345645
40209430 3347135
4718746 3552140
4736547 1376829
47027115 34633778
4755518 2188753
33530968 1721482
40201639 1639725
4749649 2801743
9483312 1669857
34712692 297775
4724900 2751513
47027116 34633849
47027117 21897540
4723048 2441005
47027118 2977763
39639028 14479966
4678282 1723183
4630774 2038661
4691450 189080
30793138 2801548
30788564 369893
4768889 894318
4770826 2623427
4773429 3618505
4716397 1120021
4782990 289074
4784648 1086863
4784647 353507
4745206 1325932
4761960 883300
15475345 1597394
34709658 21812
4744214 2803137
39588281 29242876
34834605 818933
4713914 3439405
34711405 1473369
34709373 2380475
4713942 1027651
4728611 404361
33285987 2656438
33530981 351527
4755541 3682796
4763029 792257
39537037 17427005
33334020 2069909
43385807 9786444
30851178 30851179
30855479 29488418
30855600 18741254
4761051 886061
33334130 2453439
4687459 1034149
4654441 921054
4724951 1208893
33334088 1792763
32917384 1094709
34710768 1708697
30853873 2145964
30855283 11512956
32917670 152410
39959355 1829441
1968436 110130
33543427 3654907
30788811 1843867
4778016 618717
4775220 1040595
4551940 49394
4779093 2313840
2443878 403728
34709724 1394127
4782160 1953745
33379807 930610
13090940 358901
33476421 392996
47027119 783138
47027120 5777718
4739401 891540
35739027 50842
34711434 109309
34710645 1452718
4589856 51188
34710652 324511
4737573 4738940
4738003 4739427
4724941 2357624
4744110 1041138
4713879 2300359
1969199 305811
4732276 3166931
4672835 291780
47027121 21605299
33330550 2857872
2737484 2488223
4611781 762107
4667073 351817
2740849 3035354
34709051 2488266
33367372 2660569
39937357 220141
47027122 1863669
47027123 18741334
47027124 34635412
47027125 17272051
33491748 961470
33368632 2135805
33368564 1654715
4554759 593443
4474545 92718
30788565 1002821
35652741 3277154
39535773 14072711
33334197 1769438
47027126 557741
30843505 937811
30844647 1312558
38132088 2920027
33550537 26291430
30838026 5538680
30842985 1234265
4445735 905539
31084248 803742
15627252 641120
33310651 3601949
31084312 1946255
33368357 3263682
10329965 394439
33398303 1482900
33348167 2184983
33281513 78369
33348258 1793879
34710449 394766
10281809 3779896
3749847 3089833
33257965 1085631
12232600 1600501
33260545 1419677
33411779 760247
33469274 4597500
33494943 4023936
33494602 4717510
33306178 831058
33478147 367589
777177 650629
33441658 3343955
10301262 2579244
10277252 924146
12484502 12484504
41357789 1709534
33455383 2270702
10335228 5473166
4560653 219109
12501537 3179834
12484415 862963
33522067 676078
39939671 214079
6494551 6378817
11771695 2550741
28314200 51080
33452329 297333
33257927 185092
32890483 288036
33422202 2102000
10856806 1567971
6494554 455379
3125698 130283
33518177 1693731
4618651 1402
2795429 95154
34710213 391910
4193912 110845
33502134 7122
33519702 27490
33518085 28285
35653265 538838
33286711 864245
33306143 5538612
33523699 333634
28314239 285779
33409863 1674960
33419967 2717491
10907422 146127
12282683 1721419
33003768 3309438
32917806 1862128
33489175 2377197
33517950 59892
4018701 95108
45842554 766799
33488197 327669
33492252 378524
33300289 2553485
32917813 963232
33489511 923346
33479574 333356
47027127 2734115
33497489 1711559
33485650 2553453
14488641 1001741
33402733 1055335
28685197 164009
33338443 449795
33272236 1933
33272261 109521
33475185 1007351
47027128 187001
33338395 113302
31118462 2383880
32917810 102721
33484226 408330
33261159 91562
33338437 718079
33518185 204020
33517603 52447
12989558 95629
4541803 2856
47027129 358959
33480641 95250
32917672 95802
4142272 788975
30789189 18042
33521684 1912399
33523006 2184480
33398816 2499825
33433386 1337131
33388127 960101
34712434 233492
33401751 167926
33505577 7736940
47027130 1308677
47027131 339069
4647232 92865
47027132 934105
4601552 554805
33360324 1246582
47027133 101986
33477080 619051
33315556 1598720
4446119 121135
47027134 818008
33359701 810176
4560610 345850
33273279 1068119
4639019 551986
33467882 149326
4667134 1463922
33318217 1755063
30835093 52510
4517109 400123
4678033 223921
33362027 2399753
4695452 1405782
33316109 953651
47027135 100680
47027136 99471
30836403 141676
4195508 3213760
47027137 52150
47027138 133816
33317077 2490920
7888054 60113
10300713 19009
33353320 1563239
47027139 465328
15586002 724481
33318055 1711498
33311806 830632
10301278 323992
11893308 384761
33481500 621920
33457510 124900
34712335 82978
30838465 2808706
30838958 280034
33385687 893760
14289575 341665
3747335 360550
38709779 393786
1967927 98041
33374738 759758
34863488 73359
30833395 160500
30830850 98042
33492509 891078
33477257 1967461
30833836 2718390
33483934 1937904
33471030 219110
30841830 1720244
47027140 4432101
33464761 2291234
33454908 914582
33483029 2973788
33470311 1689645
33471910 1179790
33475164 3547971
33476496 1651300
33473598 2489643
10866362 3760568
33471188 807205
33471820 1607053
33481047 2784125
33471739 1884210
3747333 52570
30791320 164511
33391248 2812361
47027141 4686849
33413417 1254595
47027142 637466
30835390 21987
31079889 955196
30836254 605222
33404691 3330528
33497476 467880
33371102 2359663
11912590 2197552
47027143 1718770
33460907 1581138
1968366 165133
12649632 702163
3327205 99583
33274010 2728682
30849525 1432574
3957864 999655
4542238 192376
4517677 36179
3370315 297209
47027145 320224
33424131 10250532
30842317 3222351
33352926 3876511
39636924 2299638
33492565 2738428
30831194 2084410
30833539 702110
33337097 365699
4699067 106658
31077166 1718437
4193011 3222705
39582497 10840796
39579762 6652314
4560899 366323
39589621 2586247
33489206 215810
33354570 2879302
33259290 2195080
33489349 1830858
1185115 366318
33345103 729546
33466642 393457
32628601 1515384
33454997 2468062
33463239 3709090
33455732 9462703
10270212 3025871
33448838 2485181
38171578 596686
33442497 677927
33491061 5580596
33253599 52234
33479806 53859
30829446 356624
47027146 3526575
30855842 903822
33479808 398515
33469018 294797
33479882 234586
33334198 103482
33480020 181094
39941600 2104913
30859429 275754
30860412 1026002
34710978 361228
30857217 2618722
30788586 51522
30858109 707868
33300182 2122679
33295508 363078
33466694 810947
33490795 1189091
33484564 890184
4445735 4486168
33295757 3849949
33535218 98759
33270278 1103882
4018681 338371
33490518 1433105
33300146 2560825
33300164 2420698
33489347 6286970
33486180 1635195
30835887 1736446
30294397 3879991
2737966 2512569
33334184 2183167
3125669 2608700
2736500 3226644
47027147 2503215
33300184 10037358
47027148 4381737
33487068 493265
33325502 908111
33486550 1614277
4391245 2027872
2740068 3332147
1609410 1673916
34708911 261716
3927872 4134830
2737342 2037243
1968335 50954
32917863 873915
3746405 3042523
47027149 102722
47027150 899081
47027151 640103
2736991 3327700
10738972 500063
33306167 97643
4612002 3460002
1609399 17121
4474540 2289282
4486368 4517553
4682803 4687389
3749847 4020069
3370316 109095
4601327 4611918
33468768 367667
4644671 3109523
47027152 651771
4691543 4695575
4695561 558492
4708668 4711472
4697806 2601164
33453581 332432
4711473 3697277
33495349 111139
34710836 561393
30848439 1082642
39490990 1797617
34710332 558614
47027153 562400
3748064 317102
2737220 558191
2738888 560682
47027154 660120
11382019 120269
4193933 307149
33502766 562185
47027155 560007
2737571 563447
1609412 2459356
47027156 563968
33498543 3440672
34710698 1785819
34893690 251347
30830842 579808
33529413 1415334
30833105 889271
47027157 9157638
33368413 13345756
30833102 1417500
33368704 1429861
3327063 369672
33528199 3421130
33285742 4004857
3909802 4123187
33470305 1811693
35717887 1142523
2739406 135340
35717715 892220
35403968 2889249
11900057 3506731
30830844 445533
47027158 4058182
28764565 217716
32918060 1393923
47027159 3372713
47027160 2030064
47027161 470533
35717901 1494186
47027162 2029972
33453659 2613851
35717890 1734872
35717889 18663340
33261725 8742173
33470786 1570
33272088 981902
33324644 3774731
47027163 2745729
33453741 981861
47027045 377696
4517336 363402
4517651 40042
47027164 3009866
10335603 2883073
33367110 3027684
41685764 1215303
13087872 1800191
33300328 3709294
47027165 5749379
3909792 1037679
4279695 758165
1283717 1338131
30847801 1430013
10907424 471487
4608478 227537
2739247 51065
33509778 7656464
33509913 5918289
33528279 2364355
33513932 2990864
1099307 108557
3748185 213279
33516702 828784
3125768 389371
1609474 432102
33367257 6406193
1099536 296993
3927871 198619
4571713 107977
3330364 790295
12719060 661992
4560665 874199
35743218 1203329
4019764 121809
1609428 839667
2736870 387764
33526919 1357004
33524428 597171
33528800 7155017
10317944 116954
4601299 48345
3749854 4020100
33334122 1591463
33470309 664779
33481107 78465
2395332 3087828
2901851 859283
3442862 3818214
33508073 702612
33349980 2484619
2740961 121381
33503229 6015325
47027166 70487
3578170 891372
33513282 2978428
3578174 120383
33324646 2138675
33476230 62808
33307860 6557355
33483406 134877
4060569 3007740
2738253 3329716
1609461 896543
1968250 95247
2161840 2586393
34708959 908102
2738286 3329771
2902185 3443258
2393995 3086694
33296093 712498
4060582 2115161
1283520 1471274
3819154 120920
3819065 437766
33296125 385243
2393994 2451717
33481334 100094
2902611 1797381
2795428 222476
30833380 336128
2741075 38019
30836536 96489
30832508 650923
33474671 90820
4652325 4659077
4711423 1385254
47027167 8920908
4661031 1278993
1099497 1279753
4682876 955199
4426270 149960
2740953 132028
4561017 72565
4541730 47592
3746380 895264
1609403 140187
2200457 1867274
4601214 8362
33334047 5939187
4311929 144031
4363902 217868
1609422 411139
2737125 2654861
33334205 246899
2162483 364708
3332983 463826
3935788 597762
2938665 3472198
3750894 19072
47027168 4572208
33300108 5294418
1968582 527469
47027169 4904436
3330850 65789
2795431 47367
33519519 1027776
2738051 524343
2739574 1700809
3888666 1057018
3331282 659727
4312020 653123
4312117 805560
30829307 510088
2737969 3047648
4020703 936556
2739984 875011
1609442 2459515
3138361 664278
4195425 2892243
4193706 3160769
33334202 1057003
4534623 1809402
4016969 360822
2443921 261495
4755569 3371671
2736512 335592
3330718 3570271
4739395 2220468
34707931 2955466
34713140 2398103
33348475 980221
1968478 2738241
2736513 1004629
33495384 619728
33495787 136776
1609482 2459631
33284953 2227928
2033427 361305
34708428 10359345
2737105 3327938
4311847 19575
3138439 127421
4621925 1493183
33482561 685966
2737267 3328338
47027170 102813
33468689 7597933
33470268 9577830
47027171 5825000
47027172 324051
33468871 6734354
39955643 10359462
4560930 1506004
47027173 6329574
33455283 324426
47027175 108496
33261177 1299426
33484535 659004
3746305 630507
1609420 339831
2740668 1954641
3935853 319303
1099308 4413
4192918 308150
3613700 325691
1099480 830916
4418169 34541
30789542 219986
3748065 310248
4560551 335327
33334103 59621
47027176 5786924
33300272 4286170
47027177 66869
2736906 52927
2740669 202620
34708412 5747
4446048 660886
4517216 132886
34712228 104465
33496389 323383
33491850 2209662
33494869 5951255
47027178 866589
47027179 10752348
33272293 757360
33485698 1965982
33272277 3677285
33493048 251376
33492018 5639685
33321979 5266660
47027180 4344274
33262324 193984
33496299 5722312
33500717 2526663
47027181 880164
33498129 2831798
33367245 3573738
4486474 112085
33510831 907949
33511822 3934342
33511792 1293861
32875383 52794
33510929 7963344
33507385 3277516
33507532 5395477
33507253 2322470
33507452 320233
33506821 10360447
33506811 6503778
47027182 4257644
6751286 5417898
2795417 213509
30826028 1566589
39584750 3579525
33300279 953281
30834909 663670
30833995 1853205
33278574 6324539
34711515 149714
4486091 213940
1099309 607514
33485418 1973899
33272253 2642110
33272285 1973904
25451970 1243323
33272110 3311769
33492188 906319
30846872 3766773
33269257 2777485
2737101 362393
33270132 2775217
2736555 424751
3927880 152146
2737641 193264
4486464 191090
30832177 673063
11820795 628715
4486461 218186
30826550 2990111
3330002 919776
30840275 1446808
30860718 3897484
30826607 5997848
30860675 1839206
30860670 3038476
30840268 2810288
47027183 8836458
47027184 4482332
47027185 3879289
47027187 3353661
46008304 2790512
1968474 305554
30857965 1618276
33270108 527896
30828924 2917729
4486473 151020
4504668 46359
34712573 68199
3333318 17884
10316516 1431525
33304763 1586781
47027189 7222549
30840613 3049245
3333339 191879
4019958 2364368
10290216 5934273
28734465 893033
33285613 635309
33507700 480369
33274672 22008520
7044442 361472
33274663 858371
33254137 7412705
33355437 6889043
33510528 2287731
1967995 98992
33285750 15252560
33285749 1326430
33518704 8132810
4542227 91625
2737421 2588162
2737083 3327913
33368696 3336099
33494596 9117834
30835455 1619205
30827707 3063526
33326280 511278
33339387 2651014
30483661 678643
10334443 6661558
33254202 8941391
33521889 2652827
33519838 2654203
33254166 11650373
33520070 2790114
32917542 1822950
33326290 822572
33326294 5336948
33254210 2529986
33326007 1731009
12505867 1930789
33326003 890353
33397686 917042
28437072 18504420
4576769 906838
11714742 1759669
33397683 1974060
12159311 5721280
33331636 706566
33293652 3338703
33293655 8070162
33293664 7064330
33355485 336230
33355480 123733
33254200 1803143
12310575 12310577
33397639 20605838
2459751 91018
13507034 7272029
33254875 940068
12090062 4081472
33254169 323164
10317379 10317381
33254177 7243378
33254180 1965944
33254873 2612147
33254858 5724320
33337200 21725954
33337203 2383776
33311799 941745
33311787 635455
33254184 8668930
33396782 8767224
33396765 15343173
33521112 5264342
1099572 52332
33521752 2399827
33522419 4393769
10333834 2427125
33517287 1658851
33292368 3696169
33520124 365697
33525015 2299950
33513541 3229189
13118703 4669244
33325993 6877200
33326304 1406812
33326284 2069258
33325999 316699
33515068 1798292
33325996 5707210
33325972 6269404
33397689 1117865
33397677 2601199
33397680 5148514
33515048 2502999
33515088 2254129
33515046 6151510
33352671 1687826
33293649 10363511
33293658 101297
33293660 333081
33331633 6815739
39957564 1829369
33293644 1518377
33293646 5748549
33397674 7920747
33397667 336482
33509730 5376376
1968603 17879
3602693 103242
4019169 345527
34708007 10363879
33507786 952619
33254860 1827235
33254870 1813712
4531264 66403
7087354 2073468
33311782 6338720
33506992 5368396
33507007 909560
33506538 4602520
11482577 11482580
15579752 4630289
3710717 2207512
3746309 832
33474176 931864
30397538 319325
30825608 2382382
30831322 2440048
33520517 1731473
33520190 5944269
33502808 4638643
33258783 5922945
33519909 7685194
33528453 8539674
47027190 158657
28738114 5932856
33350320 4215409
3819539 994558
34713033 3194473
47026662 1916801
30856378 5979711
2795433 542367
33270135 2308711
1609424 24714
47027191 2656157
40720201 1115349
1968426 74327
34710948 176652
30836484 2478093
4590143 102231
2740125 1514563
34713234 102106
3328600 15211
2740767 2325098
2736514 1154425
33300047 2517189
2740400 109744
36116349 649184
2394003 345994
15512446 1571675
33368388 161407
1585441 75652
2739769 3331844
47027192 878738
2736698 62962
2739999 212764
33347805 694202
4390459 117506
3748444 967423
33477328 121064
3318769 3740218
3740219 4013689
4060911 4217930
4217931 3831493
1968340 342244
3818565 362965
33528098 751912
2739935 148199
39581420 2528330
32917789 1523655
4560713 425530
33261724 5199897
33495612 2569404
47027194 1141538
33300332 2595562
47027195 3628211
4560547 362799
33492570 4996377
30843242 4940075
47027197 2423890
47027198 1564957
32917674 228582
47027199 5357714
2057963 419634
47027200 1505211
33518876 352075
47027201 10365915
47027202 4733406
30838471 4558124
4601489 903698
42215224 8785749
47027203 5115917
47027204 9080059
42214648 4451011
42214609 5092922
42215007 8318256
42214816 4523471
42214912 3508711
42214415 3332096
42215043 8255687
42214363 4328810
42214942 1525136
42214822 1592101
42214886 2370125
42214786 2538636
42214860 14151359
33534095 5052827
42215013 2311959
33514463 4518313
42215140 4695637
42214795 2271718
33516950 102755
33353653 3986916
33516987 1786547
42215130 1711561
42214915 1068399
42215205 6560557
42215040 291864
42214926 1225179
34863119 1401318
30317705 10366164
33511962 3208016
14098052 4721759
33516089 1544385
42214896 15566664
33512181 5338496
34863121 3932923
34946898 2930222
32917318 5126516
42215068 2372777
42214973 3330224
42215132 3419341
33512682 1202155
42215182 2648101
34946998 5857249
42214709 9534349
34863034 894988
32873833 3858472
42214837 1962134
42214855 4584533
42214758 7940517
33520914 997453
42215032 6152127
33502474 511290
33504490 5987643
42214750 4731054
42214920 3860489
34863035 3009853
42215133 14097415
32876558 8742276
39944678 7034393
42214467 790441
33507873 3529130
42214877 5461812
42215131 3506469
42215067 1501326
33514982 3529224
42214829 25174577
42214646 3288161
33514466 6686357
4517288 4541887
42214880 1726274
33258408 13433322
33502919 10558553
33502943 5698404
33522132 1083243
2459704 320899
41832714 3008780
4595674 393094
42214272 449938
4020461 638757
33500965 123956
15840177 2474175
33515267 21342
1099484 166167
33349655 191365
47027205 1489125
33513670 6157180
33512597 168517
4193700 368368
1609454 1806580
4560709 962056
4623016 2197393
34707643 687547
33334129 1633079
32917289 831797
47027206 9410806
4142183 112307
34927661 2639935
47027207 65704
33519126 22323314
47027208 462548
3327750 433119
3749213 118312
34711045 284144
33463245 860293
41197703 5556851
31084206 31084218
34710744 34710745
34711068 34711069
47027209 47027210
34708509 34708511
31084221 31084236
34711071 34711072
34708271 34708272
34707882 34707883
34711077 34711078
34711077 34711079
