41556 170859
47753032 47753033
4932637 4932677
28279471 28279474
2129357 2876802
576778 1293031
41856058 41856059
3481211 3849913
5507811 5507829
4340599 4409780
940979 1772174
14762312 14762315
54365 222580
13514044 13514051
31086559 31086560
1346683 2221702
500930 1189461
426412 1069590
1614 19667
843114 1653889
57832 236697
6826953 6826986
57834 236777
47753034 47753035
2389556 3081939
15301791 15301800
2389733 3082215
782536 1568914
2085396 2839167
87564 297932
2569978 3209241
9267970 9268016
226470 701006
2751117 3341831
1510054 2372705
29353282 29353283
12053 73828
4915510 4915567
222670 688249
5038524 5038567
2058302 2817688
10877667 10877682
329337 892852
4361 42989
4753725 4754587
1706563 2537104
8143265 8143289
164954 517644
26439792 26439797
14970379 14970384
39904592 39904593
2930204 3465624
32090957 32090965
1866550 2665759
34363262 34363264
801338 1592782
5695274 5695423
35816499 35816501
44906712 44906714
31966198 31966203
35373886 35373887
47753036 47753037
35051808 35051811
2717 35302
17947 90479
14380436 14380446
45153447 45153449
6196442 6196483
29028630 29028634
221001 681104
6216 57284
15439495 15439499
7267487 7267516
6874773 6874781
34514 136739
34389430 34389435
4648378 4655596
14438201 14438209
13376273 13376277
47753038 47753039
13264069 13264074
107577 351647
4810585 4810770
689635 1444798
497284 1182194
13348971 13349000
2934110 3468677
6752206 6752233
9987735 9987761
43380 180925
4929327 4929415
14886915 14886921
15298834 15298837
45180013 45180015
583730 1304307
7013243 7013268
7270932 7270955
10916292 10916299
11273760 11273772
2033635 2797074
7562895 7562915
6939224 6939241
115937 373305
5719587 5719600
31164894 31164899
5671746 5671793
336065 919181
10716752 10716773
5667003 5667026
106169 346844
9025602 9025624
426415 1069744
2612191 3242413
7033057 7033075
7759157 7759166
8991702 8991724
4440451 4482269
18697 101352
9556647 9556656
5569542 5569582
373103 975358
225403 697969
140817 441619
11074357 11074374
380219 987445
1498081 2362756
8239125 8239155
9046848 9046872
5775115 5775148
3797120 4047109
2710951 3305445
724700 1490147
4297094 4379854
583754 1305343
116080 373690
4807950 4808143
222666 687919
106004 340030
5588169 5588193
687262 1441863
110272 354617
91883 312838
6999946 6999964
5699693 5699741
9355462 9355478
5044763 5044784
8052433 8052446
1560629 2420564
40437 166379
2525347 3186076
31127976 31127977
11372206 11372218
6377872 6377918
141547 446485
8487849 8487874
10972979 10973003
11312702 11312712
7057577 7057587
4299219 4381782
7304515 7304527
1098684 1966394
5666120 5666170
10668063 10668080
1243142 2121801
353974 947100
1832775 2638957
4603930 4613979
928360 1735914
15581357 15581362
10350384 10350421
1592795 2449555
6209512 6209553
8841998 8842011
684646 1437374
4828920 4828998
1911987 2689531
2452473 3131874
4475251 4508731
582912 1300873
47753040 47753041
45151321 45151323
2786580 3365397
5589523 5589558
107575 351486
4546587 4564624
383678 995131
1650550 2493181
11329844 11329863
288644 805235
287201 800367
742436 1513269
11219142 11219168
6191959 6192019
222662 687495
4353984 4419079
8686494 8686501
13186430 13186436
7201009 7201035
8840188 8840204
5057078 5057114
2592999 3228338
6476799 6476837
11033562 11033577
326199 884192
2610094 3240900
928945 1744741
728464 1498750
1585689 2444049
13194602 13194616
7307861 7307873
11650566 11650571
10990632 10990649
15950 82324
11453110 11453117
9580872 9580892
825262 1633970
5952734 5952823
1514766 2375951
11272719 11272734
1716253 2551713
54370 223065
6120381 6120412
4380682 4438739
298 2223
71059 261631
5363075 5363116
5255081 5255102
11654156 11654169
650869 1393248
5942627 5942654
8376361 8376377
3900634 4117165
6798399 6798441
534434 1248919
7783 63312
2734970 3325877
13509987 13510001
8117822 8117837
6708125 6708142
2612158 3242363
1720687 2556401
745764 1524654
10730021 10730040
21909840 21909844
6610965 6610988
11926915 11926924
9866383 9866418
579794 1296873
11331126 11331134
11279679 11279692
4957281 4957292
11246193 11246213
7231779 7231812
5714888 5714930
4716729 4719160
2639429 3263008
106157 346435
1797290 2612068
10379889 10379909
6228691 6228737
13200330 13200343
10098557 10098564
824778 1633502
961777 1799356
5604167 5604222
6993628 6993655
31775295 31775300
2436640 3118643
11345092 11345097
8180580 8180598
13356828 13356841
84075 288624
6664462 6664483
1087178 1949470
7242128 7242153
9089153 9089167
3026900 3534729
6943910 6943930
4888876 4888904
7566 62407
45187085 45187087
36675083 36675084
251743 743946
3743740 4015819
33334234 33334244
1496182 2361167
47753042 47753043
6228247 6228257
2831107 3394276
29343923 29343928
15837852 15837863
13328669 13328676
4259 42011
54364 222422
512779 1208667
5205382 5205392
7109081 7109119
584831 1314254
380300 988802
3041327 3544217
5626529 5626545
10341378 10341391
221597 683707
676139 1418308
270491 773464
54917 226373
9707319 9707335
2908755 3447969
874881 1691779
5567231 5567270
225408 698406
21933169 21933172
11454690 11454715
9620984 9621000
4778047 4778601
835019 1645364
6520395 6520416
47753044 47753045
995253 1842310
10668284 10668305
47753046 47753047
447386 1101685
3074 38762
2835326 3396536
730353 1501893
28308616 28308617
333072 908590
6334348 6334368
9908887 9908907
1781293 2597813
8517990 8518004
696639 1452378
893050 1705738
111287 358666
1256872 2134571
816279 1620958
2823924 3389630
6144558 6144584
140962 442673
140962 442674
583726 1304064
9639124 9639144
7231710 7231723
8538186 8538208
9006921 9006944
815648 1619680
697745 1453690
11357850 11357860
40097197 40097198
6323293 6323329
4057970 4216107
8871492 8871514
816280 1621000
11014553 11014566
7278997 7279006
351731 940173
4872028 4872065
2479241 3153490
9079290 9079295
7027351 7027389
120142 388243
4136996 4275669
724746 1491895
1094681 1960650
44222362 44222364
7227202 7227219
3018436 3528159
11293720 11293733
724637 1487444
5594903 5594922
74 719
31164563 31164565
34868123 34868124
30356599 30356606
390523 1000938
2326951 3029989
8488238 8488248
71972 263945
11260148 11260162
8684049 8684077
106047 342282
31089719 31089721
6656534 6656565
928396 1737086
4375456 4435248
1633399 2479078
605709 1342844
3114576 3595115
11129028 11129035
2450252 3130055
10851141 10851146
2539462 3194699
1450587 2320491
9560912 9560930
5533666 5533715
6656457 6656479
11230530 11230546
941247 1772403
903380 1713856
2691611 3290955
5527322 5527355
6468970 6468989
28364084 28364087
589905 1322497
1418382 2293723
857401 1672212
120112 386655
39226189 39226191
5344451 5344537
11489950 11489958
120853 397879
120853 397880
3083233 3571759
11647160 11647182
2187952 2926907
2452362 3131588
8412874 8412896
8532972 8532981
2309186 3019709
1812456 2624078
1707055 2537597
2182415 2920422
11618627 11618634
4469447 4503805
10765508 10765516
12759206 12759216
1089966 1954320
30776222 30776229
40219086 40219087
11502791 11502797
236744 721954
4321285 4396514
3404571 3796100
3816991 4058805
4847174 4847240
3443192 3818422
4902865 4902883
7466636 7466654
1857458 2658516
1852708 2654648
14234041 14234044
1252511 2131106
11593462 11593471
106034 341787
1634882 2480448
5682785 5682804
11189977 11189985
8181916 8181941
8118938 8118947
2264081 2984142
28777963 28777967
9371168 9371202
6234577 6234593
14755809 14755815
8582599 8582615
11457529 11457539
3083162 3571633
835176 1645606
217252 663130
4328825 4401348
9293588 9293608
95785 323074
4108180 4256590
11929462 11929475
54922 226805
110439 355183
12411092 12411099
808478 1610739
1605 19496
10767008 10767022
1987887 2759655
45154 191650
928889 1743145
2870424 3420426
222042 685218
11503896 11503905
222663 687619
1954700 2726098
3165560 3634187
697759 1454050
537713 1257166
11327551 11327575
54697 225392
11010383 11010394
821223 1628396
14499596 14499602
11022694 11022704
905484 1716955
435801 1083563
2174591 2914146
7156392 7156421
298453 822527
343471 932832
6707053 6707134
2570265 3209596
31164127 31164130
34461596 34461601
11506190 11506203
4722974 4724860
141061 443541
583810 1307452
583704 1302848
1467018 2336196
262333 760215
934934 1762656
6188762 6188785
173607 536449
516442 1215500
8609250 8609271
161863 510381
745241 1523901
2065974 2824343
6753613 6753656
10794945 10794964
54694 225116
928857 1741964
3986407 4172559
14646334 14646340
956335 1787878
7378205 7378220
358111 955979
6735695 6735714
5490241 5490277
312572 848447
214667 653228
380215 987332
7088628 7088674
44218882 44218883
7183891 7183910
3982536 4170646
1001504 1851124
6274867 6274887
6365595 6365641
8747459 8747471
7171855 7171872
28424284 28424285
8565387 8565396
928860 1742120
11122971 11122981
224598 696468
5689269 5689306
3601596 3927253
11357815 11357823
40114823 40114824
38052379 38052381
654686 1397259
10999134 10999151
9594392 9594403
2375425 3067797
8563189 8563209
1358842 2233403
4479955 4512888
10939599 10939610
8529766 8529773
11610289 11610300
3966252 4160076
724693 1489844
3166428 3634795
4778595 4779219
62866 245362
11691387 11691392
10657460 10657537
11224839 11224846
6650829 6650848
6194709 6194746
728453 1498137
8983578 8983603
11495607 11495613
2933682 3468093
5529874 5529979
227631 702546
15112029 15112033
47753048 47753049
4654791 4661389
18696 101232
12707457 12707465
1418028 2292917
928836 1740954
31078832 31078833
15433116 15433122
3533688 3884627
690361 1445270
7426581 7426605
6136904 6136930
4813709 4813867
5777899 5777924
6805159 6805172
1931717 2707411
214148 651261
28280552 28280555
4730933 4732592
1488014 2355200
11024988 11025007
934856 1760926
2436640 3118644
7885650 7885666
546904 1270160
45179 193189
219876 677150
4844103 4844170
2357824 3054205
6088555 6088579
2838592 3398852
586227 1317343
5119652 5119685
4807376 4807573
5731341 5731377
4117425 4261782
2915079 3455856
11291959 11291978
2873071 3423066
445247 1096129
30314851 30314854
43311161 43311163
222661 687406
123929 405496
4494381 4523381
1342495 2215485
6584034 6584069
724675 1489092
1551965 2411814
187746 579364
327794 888530
724681 1489354
16377 84013
223495 691434
7530330 7530337
10707860 10707875
261055 756962
6286234 6286261
10342807 10342825
5614047 5614078
6575145 6575179
31166592 31166593
583992 1311097
4117311 4261635
5991669 5991692
4448679 4488250
9411002 9411040
6743196 6743212
7618426 7618445
7853279 7853295
6609877 6609928
3197793 3654477
11023423 11023445
8384281 8384293
9349461 9349473
1300937 2180560
4759863 4760708
10985425 10985436
4514913 4539929
583762 1305730
8177025 8177055
5570657 5570695
50455 213231
9357644 9357659
7145226 7145243
4993906 4993981
8180028 8180038
5562214 5562259
11150567 11150579
4991170 4991202
47753050 47753051
2400167 3091300
6450971 6451014
54641 224186
1722438 2558265
14629397 14629401
5204723 5204767
743560 1519399
4443086 4484387
2222671 2954452
2571184 3210882
2335319 3036325
361351 960495
350596 936878
928491 1739236
6771698 6771718
4229649 4337903
6914369 6914389
260605 756551
5441607 5441663
6670010 6670022
11635911 11635925
10715884 10715895
6456856 6456882
977014 1820129
977738 1821324
8453113 8453139
11632440 11632453
3312703 3735715
47753052 47753053
4053308 4214084
47753054 47753055
1340516 2212472
7458317 7458335
40160430 40160431
2326948 3029867
8960470 8960489
4960065 4960098
9394892 9394905
10663158 10663164
120082 384911
237238 723222
2625639 3253296
1103020 1974091
755099 1536812
1304900 2182716
11515578 11515596
54368 222836
285379 796526
2811950 3380370
31128868 31128871
6510752 6510774
4964567 4964614
3924693 4132771
4889704 4889732
9879533 9879587
6070728 6070740
1706780 2537375
40219144 40219145
4106740 4255478
5926842 5926907
228528 704236
106060 342829
5016893 5016957
47753056 47753057
76454 272484
120173 389660
5928525 5928568
34841377 34841378
2420450 3106414
2918527 3458101
5800981 5800994
2753378 3344102
512780 1208703
6549668 6549697
9922873 9922901
4550499 4567864
8591990 8592020
33128510 33128513
775857 1560681
6838924 6838959
1709361 2540118
11212750 11212764
40219065 40219066
6142078 6142109
111292 359015
10975712 10975724
12212966 12212970
1955390 2726944
8974452 8974466
6913665 6913690
1797298 2612218
9144737 9144779
8903230 8903248
1702336 2533485
31100229 31100230
6842075 6842091
11407113 11407119
2921653 3460892
11290895 11290910
289655 807663
977685 1821258
7140030 7140040
4407831 4457420
10893700 10893712
120585 395704
10760191 10760205
9128204 9128221
5866235 5866267
225402 697858
356534 952654
5312265 5312347
120186 390269
6134591 6134608
9219208 9219229
1577973 2436983
1789801 2606072
7073613 7073632
5505391 5505454
19777 112126
7067538 7067559
5888 51025
15660331 15660334
1413547 2285340
815246 1617977
332149 903858
4355453 4420317
6650727 6650737
3158347 3629342
21874941 21874947
7206520 7206539
3880303 4105683
320725 867113
43407908 43407909
928482 1738968
8487887 8487913
5904632 5904656
513203 1211100
512969 1209815
140818 441746
943903 1774749
799396 1590804
14262791 14262794
687511 1442407
274714 779835
4854910 4854946
318690 857441
4804008 4804244
1546522 2407016
4833334 4833384
7861915 7861945
287191 800068
11031066 11031076
1448117 2316388
7223241 7223279
9605927 9605946
11242840 11242867
11483990 11483999
8634942 8635106
14273748 14273751
10735866 10735879
288462 803825
3243108 3689515
8644075 8644093
7469359 7469376
4283416 4371196
510558 1205318
5891783 5891823
10939446 10939461
957842 1791018
9338135 9338153
5600095 5600168
12070369 12070377
345640 934034
4956434 4956469
4807710 4807881
11302299 11302312
1809913 2621514
2484186 3158022
1766645 2582875
5882524 5882606
9253702 9253719
6901976 6902084
14205442 14205450
7096090 7096108
7857822 7857854
8903300 8903318
5369643 5369689
45187 193616
47753058 47753059
4748725 4749898
5665714 5665744
1215410 2091330
936272 1766713
86304 294745
1736430 2569647
999357 1848148
2598438 3232535
87963 300030
7023486 7023505
4448517 4488113
7292036 7292044
4283403 4371171
3158355 3629494
201672 603280
697746 1453759
4230250 4338240
1298373 2177870
3338243 3754577
7015002 7015034
8144068 8144075
11446063 11446067
8924095 8924105
3216781 3670052
4826030 4826143
11009887 11009901
1002827 1852750
9999303 9999329
2229930 2959320
6888764 6888792
222043 685348
6368761 6368787
3200372 3659375
583710 1303223
6306423 6306456
535731 1252632
2489725 3162431
5165535 5165601
340511 930689
329705 893932
84082 289268
9134090 9134111
9394910 9394928
8521522 8521542
1552847 2412956
928829 1740672
36675054 36675055
11315252 11315258
1526959 2385304
11342128 11342148
4764741 4765383
47753060 47753061
6473344 6473389
10949777 10949789
9450499 9450511
142194 447893
583713 1303433
8293637 8293657
11155914 11155927
11167898 11167904
6410221 6410243
5605212 5605250
255417 749869
14650671 14650676
2610633 3241248
6171666 6171682
14408593 14408598
4267596 4359151
31099982 31099983
609460 1346775
2080481 2835249
11005964 11005983
214146 651132
8648444 8648470
2323727 3027757
696613 1451671
5653262 5653331
5674259 5674281
10995424 10995438
7379435 7379454
9027955 9027971
6197738 6197776
961254 1798396
8634934 8634982
7361195 7361216
12926679 12926688
2759712 3348204
1518638 2377437
4436712 4479381
34988959 34988960
15664591 15664596
120184 390165
5370205 5370245
4283476 4371225
344623 933354
7136148 7136172
6305895 6305929
1959846 2730813
1498083 2362826
38214286 38214289
5720940 5720969
3533563 3884462
2320620 3025605
724747 1491942
215055 654115
3702766 3991835
213038 648988
8830586 8830613
113642 370841
106046 342214
958665 1793534
8125148 8125179
36550083 36550085
12802820 12802832
928366 1736126
1970522 2742383
742685 1514633
5944841 5944871
782680 1569141
1116596 1988415
5770056 5770099
583864 1309003
10679458 10679464
9377175 9377189
360469 959554
332480 906456
10983131 10983163
1545686 2405945
10817665 10817679
7059135 7059152
1934581 2709971
9806366 9806382
5603924 5603943
9499671 9499676
10983115 10983129
7080339 7080359
676142 1418545
3758151 4024609
426417 1069810
4821847 4821956
2933839 3468302
29343039 29343040
40170238 40170239
758076 1540569
11656613 11656632
111374 362629
928906 1743790
7623759 7623777
724728 1491204
8816099 8816110
1051443 1914112
13332780 13332790
11112698 11112706
889057 1703645
105992 339314
1491839 2358171
3237719 3686253
10875220 10875232
14300362 14300369
11655030 11655042
1248648 2127202
9036552 9036570
4359860 4423004
7510314 7510349
4090271 4239894
14427653 14427668
221937 684748
8276397 8276413
141356 445316
11000817 11000834
54689 224583
6665805 6665823
1833885 2640395
213783 650294
345 2935
724832 1494088
6790543 6790559
7005293 7005319
2184581 2922238
3242953 3689372
1490156 2356798
11280894 11280906
9378610 9378626
5583589 5583619
930795 1752227
5234504 5235043
4978426 4978437
691690 1446560
1487687 2354833
30330350 30330352
1446032 2315021
31086050 31086053
5582445 5582481
35102824 35102826
6610371 6610384
8894842 8894860
10432542 10432569
4598631 4609363
2193245 2930539
11166692 11166698
9564057 9564070
4382510 4439919
11106467 11106473
4380820 4438905
38088791 38088793
21896316 21896321
11251630 11251649
2573763 3214174
928868 1742449
6706730 6706959
14874174 14874182
6290755 6290773
9163428 9163455
771543 1554239
519732 1221133
106155 346334
370178 970121
5283975 5284014
128921 415239
1512933 2375037
6209706 6209731
140631 440696
4745380 4746477
7832498 7832531
6685427 6685443
4848485 4848522
1481748 2349362
11569048 11569060
10792626 10792637
189179 581949
790093 1577734
9857714 9857731
7266255 7266298
8205198 8205215
7644843 7644864
3137880 3613323
9670024 9670045
5845215 5845289
11035409 11035418
4853666 4853705
1651233 2494009
1750026 2573876
5671801 5671865
7385235 7385261
2754876 3345250
173355 534932
6810656 6810696
12325263 12325271
3007648 3521112
54363 222238
2417548 3104313
9077797 9077811
11529632 11529641
867542 1681871
5731418 5731651
30324346 30324348
12627604 12627609
961265 1798635
7898199 7898221
214145 651010
4839245 4839314
45223 195220
12870368 12870385
537709 1256940
8101267 8101281
6599084 6599092
4930212 4930220
2421039 3106997
9700098 9700102
5474524 5474569
939990 1771323
7418988 7419021
50456 213331
332179 905392
2606181 3238901
11258475 11258481
6134111 6134145
13113750 13113764
329871 897446
11264946 11264978
934503 1759900
140862 441978
11158452 11158461
4826939 4827017
7943499 7943528
4774704 4775291
7760484 7760508
4086685 4237804
9786945 9786959
6135480 6135504
690628 1445682
9553329 9553346
8626264 8626270
12231944 12231950
