32950242 32950244
11471328 11471340
5969855 5969896
10792225 10792240
106032 341689
929006 1745622
106137 345782
15648568 15648573
106097 344281
106069 343205
5463658 5463684
9270070 9270106
6832779 6832793
10390949 10390970
6775551 6775573
11304467 11304481
11513227 11513241
11292648 11292660
33560031 33560032
6892473 6892495
10922001 10922016
12246925 12246935
11536146 11536157
5460980 5461033
11619144 11619167
11487377 11487393
105999 339706
11404546 11404559
11038400 11038422
9037989 9038005
8511813 8511835
18706 101868
11497998 11498005
4196273 4313810
6142078 6142110
9124831 9124864
6706730 6706960
8712521 8712541
9278925 9278944
106070 343251
10754646 10754665
11648599 11648621
7740403 7740424
106258 349097
6143076 6143114
39438907 39438910
11400680 11400688
583730 1304308
106140 345871
9912908 9912923
8917453 8917471
106071 343299
12079195 12079203
106072 343353
583705 1302927
11437035 11437051
14428084 14428095
106153 346237
11167709 11167729
11830195 11830208
14825988 14825997
105996 339546
929905 1749792
4015557 4192026
10023307 10023326
8832131 8832146
10791511 10791528
105981 338689
11395091 11395112
15630786 15630792
928361 1735948
11231996 11232001
13204269 13204275
802932 1595592
929047 1746711
11390322 11390335
14857230 14857235
11389653 11389661
8743805 8743829
11477544 11477559
928504 1739496
7316641 7316662
11636504 11636521
6974257 6974304
5506253 5506348
11192688 11192707
3570464 3907194
12612904 12612910
11441777 11441793
105988 339095
6856841 6856868
928487 1739111
1339909 2211579
8938794 8938811
583717 1303567
802967 1596639
5765708 5765776
5765706 5765735
8745679 8745702
928415 1737631
583706 1302985
3644865 3957130
9394403 9394427
15337570 15337577
802969 1596692
6160306 6160333
11540264 11540276
10385244 10385262
47755653 47755654
106010 340379
8318823 8318839
583772 1306114
803093 1599071
13005510 13005520
289434 806988
6175803 6175824
7589644 7589669
106213 347988
802977 1596937
11645991 11646001
14814681 14814687
106023 341165
7842626 7842644
11213360 11213366
7330998 7331011
928830 1740736
10686005 10686030
222447 687208
6183887 6183908
106020 341013
287204 800576
5705720 5705745
47755656 47755657
5689105 5689139
11600447 11600457
583725 1303995
6673068 6673077
105995 339497
10393408 10393431
106212 347957
930844 1752654
106199 347635
5211558 5211592
106038 341931
7634403 7634436
11376691 11376706
8518390 8518413
106066 343057
9481613 9481629
6479144 6479164
106030 341533
106045 342167
802944 1595969
9026572 9026597
928374 1736391
106206 347830
7779230 7779247
25433909 25433913
37345169 37345172
929061 1747004
9359500 9359522
387410 998887
928496 1739326
583754 1305344
361070 960264
7837824 7837856
12253802 12253810
11361575 11361585
802934 1595658
106131 345562
9032222 9032246
2570118 3209379
10908695 10908705
11194382 11194398
7239209 7239227
106218 348115
10972229 10972247
6441307 6441314
11218562 11218567
11332704 11332712
8110065 8110084
11264489 11264498
15634184 15634188
7647152 7647284
106076 343529
583950 1310828
6202483 6202500
3083821 3572280
14869784 14869790
11109355 11109365
928369 1736226
11552151 11552167
106028 341405
4110524 4258133
24343851 24343857
11493582 11493593
10399298 10399317
7647360 7647408
11516026 11516042
5307138 5307177
5307016 5307067
5307050 5307147
8520899 8520921
11455146 11455155
5969113 5969145
5391980 5392018
8118316 8118336
15474166 15474172
5606489 5606537
218553 670434
40280877 40280878
11198418 11198423
10952774 10952786
7234175 7234193
9465474 9465478
9064468 9064481
3908523 4122221
6727743 6727756
106011 340449
11615926 11615947
8612490 8612503
106086 343860
28319403 28319405
11516824 11516838
11398454 11398470
4159328 4290654
15620925 15620933
8591990 8592021
583746 1305029
11276650 11276658
928469 1738544
4974021 4974044
9493541 9493562
106079 343640
7583809 7583826
6722044 6722075
34844180 34844182
9615562 9615582
929024 1746063
6087929 6087952
10020295 10020316
13208404 13208412
9997866 9997886
5307020 5307132
7583358 7583379
10871130 10871140
8526464 8526496
583743 1304891
7271575 7271589
583724 1303932
5184685 5184713
802921 1595173
11033872 11033895
11508416 11508431
583741 1304811
802925 1595330
11014835 11014848
14405155 14405164
803125 1600064
8898817 8898837
934860 1761018
9416855 9416869
9241556 9241580
10990549 10990563
47755658 47755659
11263981 11263993
11471428 11471441
583904 1309968
5550743 5550775
6444538 6444556
9903817 9903834
345666 934173
10941804 10941815
7973732 7973748
106083 343754
9344394 9344411
10805263 10805278
14877542 14877547
106042 342057
7885405 7885436
10724760 10724774
929012 1745775
8696946 8696981
2182986 2920917
5812844 5812868
9617914 9617925
7527518 7527538
583758 1305553
1305487 2182871
7052994 7053013
8176702 8176717
40280937 40280938
5116039 5116061
11045028 11045047
106026 341284
9324662 9324690
106085 343801
106012 340504
11367519 11367538
928476 1738790
25410094 25410097
8369128 8369140
6691358 6691379
11152240 11152255
12566991 12566994
106217 348086
11416303 11416325
34851226 34851227
583739 1304708
106001 339888
10031554 10031574
7451965 7451984
5828454 5828496
9998017 9998031
11442939 11442955
161821 509577
6235281 6235314
7381059 7381094
12658225 12658241
996421 1844458
8721833 8721851
8015763 8015778
957717 1790096
11362339 11362356
12186997 12187005
10370022 10370038
37586824 37586827
802954 1596221
11588338 11588343
6238662 6238682
105993 339373
929005 1745554
802975 1596872
7973750 7973766
106005 340076
6565940 6565967
583737 1304609
7769562 7769583
583929 1310420
11343166 11343184
44904649 44904650
3083401 3571898
11611314 11611330
9978342 9978367
7324002 7324041
4282415 4370666
106091 344055
47755660 47755661
803116 1599827
6407709 6407722
802946 1596023
11550020 11550031
11161974 11161993
11123637 11123645
583720 1303753
5045098 5045524
9092036 9092051
929015 1745877
7334505 7334527
349098 935975
106093 344121
7574167 7574182
11447253 11447270
11339212 11339229
583760 1305646
14879750 14879757
832368 1642695
32950305 32950307
13204981 13204992
11014837 11014861
34854278 34854279
8914155 8914170
12965162 12965165
5878850 5878875
512962 1209485
106095 344195
4780314 4780778
15659184 15659189
934085 1759477
10895671 10895685
7083980 7083999
12155684 12155689
11549788 11549799
13144981 13144992
34821478 34821479
7626594 7626617
1634882 2480449
12578713 12578723
832371 1642790
803189 1601643
12799014 12799028
3373331 3775581
803250 1602554
47755663 47755664
47755665 47755666
8053786 8053804
30405705 30405707
7638039 7638057
11178100 11178109
9288439 9288464
11519893 11519906
6250418 6250442
329874 897537
583718 1303651
9583955 9583972
929937 1750021
934502 1759868
6256643 6256681
1392020 2265699
105997 339622
24397261 24397266
7871002 7871027
5847676 5847698
6938788 6938831
7465754 7465786
803134 1600269
11510979 11510989
6689692 6689720
11124176 11124188
8735874 8735896
11542170 11542182
10861016 10861026
7647148 7647225
583759 1305602
11577309 11577319
11248709 11248724
11526312 11526320
11656420 11656439
34816327 34816328
106099 344347
929026 1746139
7849603 7849631
34833483 34833484
12545482 12545496
11297161 11297171
11272539 11272555
34839087 34839088
583762 1305731
7496821 7496848
928827 1740570
25442146 25442149
9487737 9487760
7870895 7870931
2698281 3295973
11542968 11542978
802939 1595830
928887 1743079
928422 1737804
106337 350257
7531902 7531917
105991 339224
8114932 8114942
583712 1303361
10398554 10398561
9800196 9800217
7075522 7075544
583787 1306700
106039 341961
1106158 1978061
583747 1305063
11640596 11640612
11630610 11630627
11616348 11616363
8700584 8700602
329756 895198
2453089 3132679
106106 344592
106006 340124
7647146 7647186
14856179 14856186
91883 312839
11275602 11275617
5936130 5936158
8404854 8404881
7044500 7044522
6043847 6043871
336806 922718
9239539 9239559
106109 344701
6535187 6535212
10859762 10859777
1243266 2122067
6282700 6282722
2569658 3208930
11426928 11426936
8205612 8205635
47755667 47755668
9015013 9015030
11615471 11615484
1746012 2572720
10957854 10957865
928416 1737663
1532145 2390709
928417 1737693
6286420 6286449
8221236 8221262
11443375 11443396
803196 1601764
4955837 4955882
803186 1601577
1714608 2544729
11133156 11133171
6955695 6955743
5218511 5218532
11581496 11581504
14880810 14880814
11014287 11014302
106019 340958
11319656 11319669
25415810 25415812
583763 1305786
8465040 8465055
41736471 41736472
10961072 10961084
105986 338977
2182924 2920772
11239642 11239655
929014 1745844
537709 1256941
929030 1746274
106180 347138
7609145 7609167
11159746 11159757
9004998 9005012
106114 344905
105987 339041
106068 343159
802929 1595499
7225496 7225518
12805380 12805388
106025 341251
106152 346207
583711 1303301
2573761 3214132
928357 1735760
9481589 9481611
11959842 11959849
9199977 9199989
106092 344096
832365 1642579
106022 341106
7711587 7711599
106277 349392
106116 344973
929029 1746216
11014501 11014516
3251264 3695241
8207739 8207753
11418793 11418808
929058 1746937
11363503 11363523
9360681 9360698
14814885 14814890
11626851 11626865
10910865 10910877
2921341 3460693
802981 1597038
12509699 12509713
583793 1306961
803055 1598278
929039 1746469
106241 348716
583719 1303693
15668746 15668750
928838 1741065
8853118 8853150
9077688 9077703
5837957 5837980
10806768 10806783
14244934 14244939
929083 1747464
7125262 7125308
105976 338411
11486489 11486502
1749676 2573808
106000 339777
105979 338547
11529137 11529146
928891 1743238
9628750 9628760
11515556 11515565
10667085 10667093
8243919 8243937
15627922 15627926
803286 1602835
10380967 10380982
803110 1599623
11420594 11420600
106141 345911
9998049 9998065
106329 350188
11652631 11652647
41735776 41735777
9860659 9860694
14812973 14812980
349083 935952
928364 1736074
1600813 2453026
911122 1722349
334101 911161
9112141 9112165
930578 1751479
11619183 11619206
106225 348294
803114 1599786
11505125 11505142
3083756 3572081
1959846 2730814
11546112 11546129
8081009 8081021
7195432 7195451
33603441 33603443
6738236 6738257
583734 1304487
3083816 3572256
353974 947101
11225906 11225917
11234497 11234506
11480900 11480915
106053 342542
934665 1760447
3083813 3572218
10012326 10012348
105977 338469
106122 345241
9920038 9920052
11577102 11577113
106120 345135
14814953 14814957
329864 897219
7497282 7497315
15624812 15624816
1628158 2475166
106041 342029
5307017 5307091
11544562 11544573
583722 1303855
3570466 3907216
106220 348176
106046 342215
1735339 2569340
11139717 11139733
106271 349323
8913623 8913658
83383 286874
9442843 9442855
802997 1597406
929071 1747221
7740688 7740718
10839953 10839969
13073171 13073178
6238914 6238961
343212 932642
11740596 11740605
10749409 10749422
106055 342634
8267599 8267624
10705668 10705681
802919 1595121
8964321 8964352
106123 345278
5434063 5434087
106018 340895
105990 339168
7698972 7698995
803291 1602863
5746733 5746821
11245983 11245997
106308 349927
32953490 32953492
7932814 7932836
106015 340729
5307014 5307041
36756698 36756699
1766179 2582471
10910733 10910746
10965104 10965114
10757157 10757165
106016 340806
11502208 11502221
106303 349838
11515059 11515074
583704 1302849
37526703 37526706
11401698 11401713
2389229 3081473
9495371 9495398
8754845 8754873
106259 349118
583792 1306916
583742 1304854
28895108 28895113
929077 1747358
7126889 7126913
25460238 25460240
928505 1739521
15613037 15613042
8853379 8853407
9330540 9330561
10730674 10730695
106194 347507
47755670 47755671
9787618 9787634
7419696 7419727
9384164 9384186
11363710 11363717
287200 800297
8219597 8219624
41735362 41735363
9260735 9260751
10813709 10813721
8560637 8560660
8806199 8806237
11321337 11321355
6611465 6611487
928378 1736561
697063 1453030
329694 893465
802935 1595698
928836 1740955
47755672 47755673
6760694 6760761
803143 1600509
7006387 7006408
11784257 11784270
803165 1601092
10683757 10683771
11511966 11511975
287197 800199
11355945 11355951
83890 288142
802955 1596263
11277127 11277141
15374226 15374230
11394025 11394042
6391798 6391822
10967038 10967051
4994884 4994926
11364443 11364459
7945431 7945445
803175 1601358
583615 1301854
329721 894498
32942969 32942972
345640 934048
34817646 34817647
11115786 11115807
10384743 10384765
802956 1596299
9829615 9829637
928392 1736972
14278430 14278439
10700365 10700376
10869883 10869892
12722248 12722257
11289302 11289312
8391647 8391669
2921342 3460707
12742601 12742607
9342759 9342774
9409471 9409492
10798760 10798765
930797 1752293
14813477 14813485
11352565 11352584
11423192 11423206
11503175 11503184
12617227 12617239
11553434 11553446
5635123 5635173
11542149 11542155
10707477 10707497
10733259 10733269
6407474 6407508
25412079 25412081
8913888 8913914
11647160 11647183
9825980 9825995
1776641 2593297
340511 930690
932690 1757277
4326405 4399917
5493080 5493113
287207 800694
14877034 14877040
14856665 14856674
583808 1307392
12701306 12701313
111302 359568
21754216 21754219
9199165 9199179
6862078 6862096
15437031 15437040
6164296 6164313
111383 363148
551408 1274682
10385585 10385604
14864932 14864938
25462405 25462407
3652701 3962013
6561540 6561562
10853389 10853402
15668134 15668140
14875695 14875702
11000498 11000514
9229446 9229460
10018363 10018389
9145719 9145745
928943 1744641
11448752 11448770
340900 931249
928375 1736426
14852994 14853000
8452638 8452655
9858326 9858345
928899 1743457
6454003 6454023
6507874 6507898
6911978 6911987
7948079 7948104
4849784 4849865
9507102 9507119
111372 362493
8393495 8393524
3178993 3642731
9505785 9505803
34824711 34824712
14831803 14831811
287209 800774
5418548 5418593
9507127 9507144
11224959 11224968
8481738 8481770
8643850 8643868
1115968 1987945
8984660 8984681
40280542 40280544
928370 1736265
5845213 5845250
895592 1707754
15669729 15669731
10881748 10881753
10910528 10910537
47755674 47755675
9646278 9646313
11423992 11424029
803091 1599012
7563429 7563448
11145657 11145671
928402 1737272
9830147 9830162
928514 1739726
10863070 10863086
7339754 7339778
9171248 9171274
928414 1737606
583728 1304164
802941 1595880
11014062 11014081
12538134 12538144
929025 1746100
803075 1598381
13028701 13028711
15450290 15450297
11181103 11181113
353991 947736
802962 1596488
4745593 4746721
14814003 14814011
15566120 15566124
11376148 11376165
1736430 2569648
34811309 34811310
14751282 14751288
832370 1642760
928470 1738585
803254 1602579
11950810 11950833
10876571 10876580
34854580 34854585
7966401 7966423
8911603 8911619
7085015 7085038
14852246 14852255
14709183 14709189
7064518 7064554
11941680 11941690
803149 1600661
356703 952830
32945275 32945277
11356601 11356620
11478181 11478194
329975 899058
8510274 8510312
6883918 6883932
8715132 8715156
583729 1304247
8207151 8207178
928359 1735828
15667671 15667675
6387202 6387224
11184341 11184354
10723320 10723341
11205605 11205615
7533581 7533594
7330481 7330496
10084234 10084260
802922 1595223
512972 1209912
11158061 11158084
9573774 9573786
803003 1597515
9925749 9925761
345180 933792
8006171 8006186
11081477 11081481
8982656 8982677
5489711 5489726
11585792 11585803
3184678 3645478
8937862 8937888
10922442 10922454
11596906 11596920
6520979 6521002
10965261 10965275
5291681 5291705
8549408 8549430
11348881 11348900
1737305 2569873
47755676 47755677
928403 1737299
802926 1595377
4972911 4972952
932504 1756921
329861 897084
803142 1600489
10535613 10535637
25411069 25411072
14259657 14259663
8659078 8659101
2389733 3082216
928907 1743835
7315305 7315326
6569305 6569327
6429206 6429238
266633 766814
11129910 11129924
5612958 5613001
8514219 8514241
9433633 9433652
2923245 3461886
9309212 9309231
5045090 5045327
47755678 47755679
929056 1746897
14759539 14759548
34845868 34845869
6534432 6534463
10728792 10728811
583740 1304768
928434 1738017
9559941 9559949
583766 1305914
287201 800368
11326269 11326286
928430 1737919
11657587 11657599
37225467 37225470
5307018 5307109
8973074 8973094
11456491 11456496
802968 1596667
7367677 7367696
928377 1736507
928376 1736475
583817 1307674
11478280 11478302
25451851 25451854
8170575 8170592
11456956 11456967
11457029 11457037
11412482 11412489
6959599 6959651
287218 801267
10062516 10062544
10857872 10857886
7741656 7741681
8920733 8920746
10976951 10976966
928486 1739055
10835034 10835044
10660826 10660837
11012222 11012239
11591813 11591820
5976363 5976393
7824110 7824135
10864917 10864930
929100 1747730
106162 346612
10932758 10932772
9460806 9460825
106027 341318
8869178 8869189
8126850 8126870
12509235 12509246
11482854 11482866
7483620 7483679
11347603 11347620
11360125 11360143
14813027 14813032
9012730 9012751
10365671 10365692
111386 363334
11469167 11469187
7136148 7136173
583819 1307760
7863633 7863646
803166 1601110
7994409 7994443
11002305 11002322
583751 1305209
8741386 8741403
11263995 11264001
9033342 9033363
11357399 11357415
4400793 4452555
31150172 31150175
6562950 6562974
10969328 10969345
11226337 11226356
803167 1601155
11363728 11363746
15574675 15574682
5601235 5601252
5304694 5304737
8460971 8460986
928501 1739434
928360 1735915
669691 1413391
802987 1597169
6407828 6407857
11004458 11004473
803061 1598310
929048 1746736
929062 1747035
5537582 5537623
5280294 5280310
9409714 9409740
10392164 10392181
5242464 5242481
14565456 14565462
7446339 7446361
5585795 5585818
10394683 10394701
5892964 5892986
8818082 8818106
8575297 8575317
583821 1307837
12634194 12634206
9501886 9501894
6072120 6072147
11359496 11359505
802980 1597012
34845836 34845837
5258486 5258515
9139907 9139929
8033619 8033642
8033620 8033661
6418060 6418100
11297548 11297564
15451801 15451805
