2738300 142065
4485992 95476
34711459 516446
34708948 568726
34712449 228337
34709019 374496
1609429 679486
30791175 1578154
3745665 299346
2737989 320894
34708411 305872
4738136 97966
3125669 274220
4583664 64945
2736909 1033108
4313237 119556
2739999 139712
1099268 157100
3138306 219821
4654540 75157
2740659 758386
3044262 97967
3138361 77830
2738164 133316
33259427 19305
1968742 172287
4741930 361646
4739604 654165
1609464 50792
4768880 916975
34712681 255760
2736443 494738
4576362 100050
4142145 92866
4676294 41577
33300442 510187
10356038 181904
4739402 142164
2737677 71954
34708675 77299
4445544 100173
2740970 62807
2736991 916976
4560661 215179
34708918 463743
2736939 109137
35739029 395172
2741095 659191
2736505 346815
1969648 101648
34709384 100865
2737594 595149
4560547 879694
1099487 248544
34709183 1685915
33259894 207959
2738777 52399
4391244 160910
4925176 874001
1968768 109460
2738286 1432020
2737125 601246
3328203 248675
4705562 295527
4560721 22246
4486474 663911
1099306 674775
4659089 2765
10366155 737766
15255088 707324
4743022 104028
4576769 1606972
33386859 1746240
34708362 111052
4730416 224048
33333979 327725
33331057 1828065
33534645 1377500
4751510 105471
10945834 224049
34708838 758426
34710739 38613
34710740 519960
4595674 95421
4677982 341132
33532125 50956
3748287 343078
4391232 451865
4313241 6000
4746844 897018
4716207 870374
3331278 624142
1099480 1306479
1968820 344422
34711259 382937
4702461 1021836
30791232 952805
4732248 65259
4541943 51596
34711263 339003
4776306 572079
4673093 555838
4601274 1007113
34711275 141925
34711276 1102392
4311929 361082
3329529 631683
4738024 384159
4020063 325688
3327401 669704
4561067 330744
33549720 829086
33364845 922187
2459755 344034
4667203 413949
4517336 400372
4767189 147632
4746243 338436
4541728 338368
30790996 1002550
2740964 389936
4713775 279687
3748198 95844
3330421 1134751
2738836 597312
1968239 849387
2795417 41913
1968366 128182
4647279 43406
4721241 2570314
4595677 1165171
34708950 740
4744247 94741
4589890 659847
33537228 4339
4743249 340598
34711300 934730
4699198 891599
4718636 489647
4647231 648680
10367067 606728
4517366 248282
4695391 104605
4743167 341834
33260280 143026
4725028 35461
4019764 35770
34711426 285856
34709869 185848
4717372 125809
2736499 340095
34844396 188705
9237215 60919
34707922 284695
33480658 224126
2736469 888453
1968472 106430
1968368 1141162
2736940 607853
4723112 2770868
4750880 246447
34710037 337080
33334168 530900
4601049 344997
4601208 130242
4585947 1008398
4661330 111529
1609476 894895
33334205 352882
3750350 933282
4589760 707887
4659091 321664
2741079 441675
30789645 476507
4695545 274405
4445615 1197683
4636627 57951
10269865 998838
33334015 113115
1968524 899681
4925172 1685883
1099263 403860
34708363 332710
34708446 190933
2738268 49226
4661349 215786
4590169 672812
1099481 44231
4445515 1577210
4606546 127550
4718598 48130
3331392 174013
4695397 890402
4517651 1596098
4639300 313069
2740849 148092
34709952 399831
4542123 190850
10270162 1787905
34708361 209913
10298256 2340460
33334184 299708
4744875 50507
4740782 369947
4678271 324885
4725016 829941
47772019 688071
1968629 1668841
33334200 1007229
35739086 508684
4621925 689971
4728578 644244
33408318 516626
34709474 115808
1967929 675814
4777422 217866
4611739 254767
33467882 393694
9301475 1277720
34709725 491314
4486004 601179
2740846 369088
33408241 1898975
2736906 333655
34710128 871652
4672869 413919
2738317 297774
3327205 95891
4722963 198846
3746310 654166
4687450 272438
4713892 530423
1968427 1128621
4616709 966191
4716204 135696
2740667 642860
33333975 396330
33391793 615282
4311895 275721
3750276 190927
34710296 99636
1609424 229156
34710299 229084
33448132 131310
1099570 1331430
3748409 1519376
33348385 487239
33398303 74093
4682695 1406359
4687292 953280
4560551 660147
47772020 976702
4723055 430153
3749274 21569
3333301 212271
34710557 212342
4134817 112961
795689 528961
4654446 54483
34710963 157757
4667054 306245
34710977 222328
34710978 107549
30774236 216931
4561063 1094364
4702621 101983
4754401 227278
3138449 96045
4486455 115698
4576799 1094408
34710127 857294
4601101 2122687
34711124 667701
4695462 77324
3333264 346979
34707540 100356
4517622 919043
4668869 92827
2738487 283202
34711148 1748413
4630685 536794
4643010 98600
4732199 999289
4747319 116343
4019565 105377
4541723 365607
4583670 1248967
33457650 875034
1967821 110599
3333305 691003
1461750 395512
4560674 279441
4667134 1115207
4718920 21986
4741931 99944
33441446 803500
4134824 255284
3750858 58190
4728691 38891
4611799 497615
34710336 934412
4716316 1597049
4749648 369671
34710131 487019
2737969 511952
1099484 128078
34708231 2160061
33284953 762492
4708519 440095
4541730 346786
1609449 332247
3748215 878028
34713093 662158
4702404 652076
4699069 1710795
34713098 1802542
33334034 792675
34713108 280183
4647290 697409
1609469 343825
4020694 394365
4732215 861478
1968426 634725
1967927 91211
33530975 296411
34709589 1584633
3888682 62250
4311801 3015157
34708986 1067733
33310640 852561
3333335 59789
4682742 353623
2443871 322953
34713128 58949
4618656 129066
4740860 291056
3328984 63933
4616711 47642
4713883 444374
4311778 121015
4708540 549879
3333322 575902
1968698 529213
4740764 478965
4576800 127905
4560754 836926
1609405 127145
10273660 1709661
4445240 1309813
34708575 1339
30759000 388653
30788579 771648
4728439 340409
44206 165503
4738143 1138441
4669585 288721
1609418 963990
4142181 160242
4621902 1492615
2740888 102427
28765496 905189
4630757 199356
4517034 884476
33530940 216074
4194027 2572213
4732842 360877
4699171 1363688
3329462 14339
4691450 287045
4705388 1433763
4621919 1303331
33334133 133350
4560653 513435
3935943 395087
1609416 817925
33440165 356720
30791018 92947
4576244 759916
1969211 759957
3327815 487223
2737896 7260
4714985 359705
4647320 418567
1609399 815992
33530938 1218430
1968282 487390
3333339 95892
3746645 332060
4391139 1702639
4020703 397488
4702630 295146
1609454 131781
2443937 18418
3748263 2037887
9130815 387228
4677961 898859
4134845 1222097
4702645 343984
34709788 612425
2738974 93544
4560670 251766
1968808 664446
33334198 199766
4741798 388047
3748367 2289607
4618653 1453002
4611758 836804
4749672 1221850
2740671 730213
2393989 108246
4661069 50642
4576255 312860
3330822 331579
4581620 1185496
4663845 312626
34708998 98036
34710877 408562
34710892 924079
4735125 828046
3927871 822169
4738118 1744875
4311647 1114887
34707828 332677
4661078 193026
4718678 1000742
33542870 369847
4016947 3917202
3331220 1369480
2739935 350374
33262051 150170
4724889 1708182
3138414 339517
2795425 66290
4612070 396406
1968570 93595
3370318 356143
1609445 393842
3370316 516522
5509828 1691221
4682594 323876
9483312 915564
2736498 340530
4741267 87156
3327832 911521
2411299 1026304
4418169 592303
4193557 370961
4713812 848733
4691338 1475138
4724891 422601
4621711 363668
34708976 800160
4446141 92393
4667352 698688
4687303 24119
4621628 276691
1968436 2177627
4708730 3053270
4639132 909937
4576427 296843
4695405 48844
1968720 871085
33425567 146557
4702422 1814742
4739533 2219801
3329068 511953
4736734 342317
4718728 208484
4611687 79193
4390010 1449732
4560545 2349171
3328600 901138
34709339 66832
4431003 542755
4739441 2022983
2033426 875647
4708694 544071
4531263 476784
2740961 332003
1968769 1113227
4661351 64541
33534634 11711
2736514 305986
2740837 1823
3331801 679362
4758742 155361
1609448 2459542
4390304 240649
4724911 100677
2740972 656458
2162425 339004
4517109 3468783
4639279 1580020
4647330 56927
4724878 2075672
3750784 925883
1585438 58226
34712986 333946
4445563 322356
34712995 316554
1967928 1257688
33425006 71289
1969622 340290
34710135 205585
1968250 1513714
4446126 94587
33300452 428926
1609422 215784
2394019 1977252
4019563 53403
34712781 469682
2741077 19808
30791045 56834
2459752 871485
2739011 1829219
1967995 233787
4486031 233797
1609452 429194
4019452 56965
1609468 232339
4445718 96930
4732138 1305010
4193522 489772
4630861 754823
1099486 1717241
1968860 49963
32917437 104218
4486464 1535511
4517263 374266
3330460 59012
3370314 356817
1099385 419590
4718646 879763
4601050 960382
4695393 697354
3138413 1056015
4724951 2466634
33415274 716785
1609475 193214
47026706 859766
34708999 1004409
1968555 1304629
3331342 94745
4390239 97458
4017572 327898
1968258 1249462
33454765 98509
4474506 408567
4750902 1575364
3370260 1582566
4597577 260141
4718775 1658319
1609407 136261
4667067 779716
4677951 789727
4738148 390357
33013566 1332105
4142183 915886
4018681 596498
4738132 836745
4687459 897831
1968546 424327
4638983 428796
33392936 343985
2740059 199936
4704428 907332
4663850 3330492
4508040 829840
1967851 404191
3746395 810212
34708409 2477409
4750853 1897306
33334048 1079575
4517288 950296
1969627 422225
4687452 514610
34710521 233171
4738142 221968
4508033 828365
4590150 865934
4618678 596038
1969326 1415155
1609408 2767
1967804 291962
2740827 608159
4576789 347815
33479756 582470
2736712 2014301
4542238 770068
4714982 436350
4726696 339825
4020461 879282
4485828 948058
4605102 234169
1969214 358307
4736645 327109
3125676 365909
4743180 168953
4713845 330666
4761038 45959
33271794 576801
34708577 89889
34710949 320222
4311646 344216
4667146 832003
34710136 270992
4019566 204497
2738339 362800
4390174 1547159
3935941 352979
33331060 101598
4654502 1071196
4195538 1760311
4486461 296394
30239043 135800
3333222 470735
2737968 338795
33333985 1055975
4542227 885177
33535215 294606
4647174 1626
3125769 124131
4730443 1213813
4641860 982744
4517677 123474
34711515 1002882
2736936 320897
4749671 50959
3746380 1482940
34709134 847579
4759514 1185709
4708541 893007
2739906 353196
4673070 189254
2740060 1399283
3748185 789277
4718770 646476
4601051 517717
1968657 530058
4020681 138218
33334017 2221925
3746637 2031039
30788586 364888
4672949 865878
33386857 448423
4740685 1095204
4702623 343901
1968654 2738665
4517278 831362
1967971 499902
795646 83774
4590143 2462755
4560734 219513
34711663 1117462
4630999 876785
34708821 1354898
34707626 528050
2740478 272199
4647150 646600
7509921 464789
1967855 1249951
3327481 931782
2737913 215490
4445442 1269990
2739881 180723
40209430 216936
1968434 300538
4728484 613622
4730446 518126
34709251 215433
34710556 1771756
4732323 1415672
4667150 54314
4716226 829462
34709274 1305578
34709278 53547
4551940 85754
4019437 551500
4718726 293250
4728437 35768
4716216 180246
4687163 276393
4678254 710410
4611827 4764
34709311 838604
1968398 344611
4311916 48417
34711429 829224
4736735 106765
2740927 314244
4691468 1007963
4560709 231473
4195520 648927
4672903 83283
33261346 273913
34710111 292799
4695625 231414
33348450 231427
4721123 364657
3138446 79527
34710124 1921334
4760812 321367
33298664 347929
4720341 419351
2736475 995775
4576267 3421509
2739245 364503
4369172 1448030
4678033 106800
2738711 118064
4561017 1304538
4726632 756340
3331969 1606534
1609472 720683
1968303 602274
10359433 78211
4601060 726246
1609411 1252946
4745860 11829
1967830 674898
4654552 1931317
4486091 681383
4713816 52564
1609521 525080
4654442 869763
4661031 323414
4667061 1427148
33298666 224513
2740660 70278
4728479 1581489
33420928 1427329
34709953 444125
1968390 913589
4560675 345001
4739542 313808
34711252 329090
4703905 537041
3745756 1427740
34708428 98165
4630724 935734
34711413 112082
4485829 660452
34711507 922678
4713774 1428074
4742989 354667
30788916 193147
3747604 344674
4732334 80044
1968617 1290299
4716229 1429208
4741766 574958
4576790 109690
4716218 370216
34709136 258011
4742678 413232
4486432 289053
33530894 718381
3333345 654635
4745859 1795676
4661321 95893
4745855 677226
2737106 361303
1968639 95191
4654607 135880
4571764 334003
33334028 2610905
4630774 343398
4728444 189499
1099571 1943357
34708936 328639
4630850 325408
4750206 341835
4638955 2312419
4391266 1701158
2795428 908126
4680186 22485
3327280 807951
4445251 1366845
4743711 1745334
2737768 1420788
34710016 181901
4708711 541470
4761051 866422
1968605 584226
2738991 1681551
33439130 984043
3328383 1572935
3370315 494704
4601548 4612083
3327971 336997
3331282 52668
4747895 2404787
33438797 776629
4738200 810229
4722035 652682
2738051 418104
4751938 1183942
3138436 96766
30791799 1397243
4017344 780258
34711785 2078714
2741075 275083
4708716 313499
4735234 102872
4732132 1218300
1099483 2244
4695396 2477360
3125758 462447
34711800 934621
4474543 328052
2740854 1019046
33334018 63522
33468408 332215
4716228 351613
34711434 2205900
4561059 1826250
4695452 2917046
4576525 606725
4748513 1770409
4687248 2937161
4718771 2268123
4672941 141402
33420661 674228
4279683 419591
4732157 507859
3746219 2288623
10289732 3563662
30789206 360876
2737912 3020013
33348489 343180
4749071 51425
34711907 1320104
2737750 945580
4702643 832042
4765098 641877
2737144 1620370
34711917 1521486
4710396 594202
4702516 1542768
3748275 28719
3748274 862936
3748273 96237
2740880 160352
4699067 223130
4561062 870778
33434419 792365
4279689 361465
4695395 152745
4445727 1333957
4657531 1566456
4667343 1405733
33259429 218472
4639119 902401
4705397 105378
4273611 698909
34711941 99122
4554802 953457
4672936 1211129
30793138 54186
34707643 264566
13069964 849664
2740044 603335
4541866 1353517
4560686 2087157
33530936 613255
4737294 2705943
4661356 875543
4576399 2437785
2736866 959504
4711423 632731
4691617 524401
2443878 2258872
1585441 51180
34710053 1335864
4534710 917900
4745856 485748
33333986 580736
33387112 334392
1099267 177216
4765099 161412
34708337 1490546
2739577 1153507
1968655 2506449
4687456 510353
10291553 838888
3748316 332571
4601063 1215025
183340 564099
4721120 324310
2459751 1278486
4541950 1005907
8978179 64300
2737220 1034646
4717901 1381195
4702399 325919
4589911 401794
2740915 513488
34713163 1097490
3125768 325404
30789188 971249
3125698 2029212
33355002 724360
10874479 113565
30789091 1274979
4541805 380465
3327519 333656
33348400 2261212
2740921 1113115
4718746 1387072
1968695 64126
3331636 268127
4445505 479440
4667073 221493
4743024 361167
33259430 517069
34710332 50518
4732155 392182
4639273 505294
3333317 508792
2740923 1242012
4732277 1770578
4724899 970675
4736673 1337147
33310455 824522
4446134 316281
4647232 878091
4703904 2337713
33530948 396954
4667165 1433355
4726831 1054633
4726656 1211130
4711345 826593
45796163 897469
4601265 652418
4753767 325719
4699139 684904
4699169 836287
33470515 361760
34709909 291741
4517619 336502
4721083 632079
1609404 632657
34710324 1842943
4721309 123343
34708557 753956
1609402 207636
4743710 97127
34711146 2587752
4311847 638211
4541677 334616
4445284 1652509
3138453 1567490
4601214 28082
4691604 107184
2740951 130349
4390539 216467
34710423 247212
3748172 930026
3333381 344793
34707760 325282
33334025 3532423
1099482 703820
4769391 465952
33444440 1767527
34710200 648566
34709089 2586293
4695495 329133
4682720 2312911
4369166 396654
4723031 94288
4601052 869762
1968280 1199933
1968473 2738213
4426280 51067
4705422 293977
4746297 436974
4647285 226286
33448893 953591
2740017 1569965
1967799 51905
3327855 1801360
4644664 1009217
34710617 260636
1099453 1546850
2795416 606791
4611790 1660603
4560553 146622
2740930 495865
4705336 50849
4713797 9518
33310648 96103
4560702 2348097
4654532 2567378
12654835 37872
33310644 1196227
33333988 636617
4726708 289056
4193933 343822
34709529 1134470
33533975 779069
4654441 1576752
4682876 310863
3327750 991610
1099572 987691
4636656 365474
4560550 2528284
4728434 3818498
31165813 458070
3748057 1596888
3748060 431479
4601059 1742814
30791009 2843466
4730452 352062
4517038 195010
4541803 154332
13091737 176120
34710768 1741493
4020696 343181
33444676 384364
34710773 97340
2737592 105581
4746183 312628
3746530 1387281
4311728 1474809
4647283 1387316
4517216 48622
4134842 1577209
4616706 438816
4390540 177547
34708063 359041
4611835 736385
4702514 436242
10360312 376072
33348379 1854152
34710795 376172
1968435 1606302
3327493 688398
4682595 1795019
4389792 222178
4631025 698442
2739121 917794
4621600 1406651
34709973 93490
34710830 313931
34710835 521135
4724934 333569
3138296 1142849
3138297 1151848
3125751 601847
2459344 546629
15519273 588850
1609441 509391
15513338 1913579
4193230 1074815
4718676 1101824
3327893 232255
1609417 46168
33438819 53079
4618651 446342
15553627 829943
4628010 861018
4706469 46756
33300440 515538
4724931 1821416
3749213 224939
4017330 348545
34710856 507054
3749273 162460
4724895 440773
3330002 1571080
1968626 1732334
33334122 66791
4726206 15451
1968261 1242158
33334154 142868
4485836 395840
2741076 54212
3749735 830250
4616702 122958
2737876 831
2443920 428906
1099402 396331
34709459 961613
34707893 149958
4718809 1106488
33550611 712300
4708570 1100809
4647469 933556
34708163 428088
4737386 1112907
34709354 318676
4726665 858359
34709539 137241
10295887 548284
4499864 96999
4601552 798589
34711016 312629
33334130 2396727
4758061 332284
15546029 481265
2736506 315341
4647149 429664
4702463 618288
28842173 507834
34711031 292400
4571713 175133
4697799 697805
33416810 1463931
4746289 730719
1968262 982062
3888666 34593
33533641 1338408
1609474 911939
34711045 639056
4486060 1593208
4738116 589291
34708625 109982
3330860 923832
34710014 129759
3138522 2394468
30791041 389827
4661322 2271852
30791000 1410753
4017957 140021
4589856 449428
34711094 915804
1609415 449375
4744155 727256
3331323 1122647
4517165 440865
34711101 142725
3330364 1457927
1099537 1772757
4675210 696264
4726725 665617
11707476 102428
4616703 948229
2736509 846881
33463830 791824
1968392 839384
1967825 376408
4652325 1078132
4279682 701713
34709461 1413648
4732171 1960604
4741833 1818927
32917563 3791206
4705558 867297
34709138 345203
33334087 545104
1968582 315257
2736698 714900
4722990 1072205
3327035 1344351
3528861 1401979
4426270 897339
4732276 876435
4576473 85493
3331762 687343
4639290 302282
1099536 157910
4654507 2566591
33334197 6037
3749708 890795
4486463 1721416
3138321 349805
4669586 398053
4705359 42616
4745851 1207671
2736468 1331962
4753773 972022
4716220 2350761
4744236 961464
4761559 1098910
34711177 998470
4311042 1966291
10298380 682262
33416738 2278948
4756355 925140
33334040 618574
4142050 1104452
4643006 911561
4576369 57093
33334073 671093
30791042 859619
4589813 1554157
4661039 349661
3327643 3150756
4390340 754172
4724908 654566
28539283 917936
34709161 445076
3332539 161795
4724992 961578
4678282 21889
30788811 327486
1969199 1486672
33431840 40039
33289761 914681
4486041 674366
4608478 1019840
2736491 1797519
1099310 1557726
2737041 323467
4611840 1753043
33533556 285621
4597599 345400
4749651 960218
4751928 1431129
34711213 1431216
4661192 921190
4721167 825419
4647234 96767
2740942 2579709
3370317 1419676
4673089 830340
33334195 371378
4681154 1096852
1968342 142914
3331277 39885
30791012 1722131
1099319 434743
4743023 684679
4744110 344923
4744161 1054800
4782990 1095113
4672925 480820
4763932 321537
30788543 121215
4626079 21772
4754705 1536980
3747340 890660
4735148 1260712
4576247 2009745
34711375 299594
34711379 1068571
2443929 418707
1099309 544375
4735140 1383326
33334058 1266975
4736547 1266983
4730522 806793
2740973 104529
34711449 52446
2459756 455061
4691381 1088004
4711401 581832
4728028 852155
4589756 394805
1967809 922798
33334069 502874
2740828 1819539
4612052 422716
33330549 21101
2740941 159545
4195508 96709
34708245 2897009
2736943 1999290
3326998 392118
4699088 889128
4718913 1058683
3602721 324968
30791017 1024265
30791010 1004961
4611686 200038
1099308 358365
1099307 418814
1967877 865742
4531250 56375
31174028 736687
4446143 584020
4744240 660423
4702634 846961
33334114 848791
4730539 41756
4311831 158613
266909 20942
4726823 1257277
34708001 1298134
4639268 719843
3125764 705340
1968391 705085
34708829 144277
4654506 736723
1968383 301351
2740864 705234
4713801 1017994
4728456 929683
4726653 223002
2739247 1537972
4691609 385294
2740953 3323195
4611781 156613
4485970 678825
4748490 1021877
1967778 2276514
34708353 566512
4722988 328350
4193913 296495
4611743 818840
30789199 328163
34708226 2001241
2737262 994719
1585437 112245
4723054 364840
4638987 1855406
15259224 677741
4703903 828441
4636664 3034188
1609455 1292629
4672835 333744
30791046 360934
4018782 65676
4621731 790895
34708772 671674
4474545 2043439
4508030 898960
2737966 1813120
4508031 212970
4508028 1171277
4730467 1813012
4766619 917670
2740922 99639
34709473 1255369
4018898 782547
34711865 3315500
3328010 946438
2737353 400462
4636621 345109
4701330 1687073
34709736 955133
33535218 337731
1968699 1199227
4661166 97305
4541819 333041
4753839 670411
4730430 228211
4691428 249993
4534713 119438
30788796 251586
3327063 226726
4363901 733379
4517053 327390
4193125 2145
3328737 345588
3326994 551499
4531255 1154170
3330419 898556
1968603 1044443
2738885 1022003
3330420 606172
4741924 1525876
4739445 1277381
4657532 340181
4561049 3724746
1968334 2306933
33412028 396293
2737737 3329043
4699290 1438124
4735221 2032829
34712336 549880
4716279 655259
33530970 608160
4744169 605044
4748583 100319
4601267 868153
4647271 340341
4752847 341136
34712109 2697092
1609413 775067
33412035 672743
34712112 1470501
3329344 327357
3747556 396215
2739712 1309421
4726662 776426
4020563 1261349
4691598 331076
4647228 689453
4589913 22418
4672821 5455
4682641 474369
3746505 313488
12131439 202106
4740659 746500
4682869 349252
4470495 917961
4517188 1138196
4695639 1563816
1609403 743425
4724993 1329616
4391245 196363
3327901 345955
3747605 343677
4728454 1305760
1099265 392845
2443921 1154158
10306456 449791
33414997 1072752
34712256 110844
4608454 985144
34710055 46219
4508012 3150555
33373878 190195
4687458 874078
4743169 83923
30791002 895625
4517035 1997942
4630674 3091469
1099311 390876
33258905 1340998
4647463 248730
3748414 1094939
4018822 1198564
40193847 1713328
4711315 248487
1609410 1521974
34708748 3178276
4585976 101825
2736935 630719
31087993 869820
35739111 3071012
33333967 96826
4691484 1123707
4517189 534191
34712434 1409458
4020689 2330653
33334187 746946
4712904 1995160
2739246 54018
4673087 1187489
3602693 809998
4735149 332285
35739205 222732
4576371 1477448
34713245 881492
15543206 1438763
4390476 828565
33484126 900573
4741935 261897
4647296 1104313
35739076 1721838
4589857 872350
34708022 940191
4744173 2385820
2740725 325720
47772008 1561842
34708431 226590
3328734 531917
30788505 664124
1099545 363355
33532098 346864
4560660 305444
10307480 2713290
2738914 323632
4695628 142606
4192585 1538902
2033425 1019002
34712484 461364
1099489 1968876
34712185 3763065
34708939 830568
30791269 872973
3329859 1347074
4363902 532927
3330850 2418863
4589851 166705
4019169 1752431
4770829 322138
4695481 482388
33364848 1922124
4621891 359539
1099380 1968024
4730414 216885
4695498 1118993
1099391 1115684
2795431 814346
30791217 917240
4672939 2896930
4445571 524815
4703909 3116600
4695398 1104450
1099266 1725115
4703902 1007110
4638948 1421172
3749734 977562
4735244 608963
4313084 2233628
1609414 145440
4744183 3064556
4744115 2633429
4740766 1303672
4194265 1741536
4703901 880513
4560718 3772270
4661186 1786942
3328699 2791913
4554759 345360
3748062 462315
4541725 782812
4736568 218795
2737604 1329405
2739148 501441
4682632 2428637
4733736 783171
33334171 357763
4682633 93543
4517051 447555
4446105 337485
4750811 931896
4722977 213506
4517166 2503027
4713807 898196
4134841 65972
2739574 1845280
2736674 387016
4758743 1958340
4714754 659821
4560593 1458385
4731235 1947498
4589731 2419062
4677965 1855466
4728572 790425
4701324 51643
4682647 207675
4621572 1171861
4675208 1114503
1099396 235856
1609466 162539
4560713 1476523
4621656 115590
33300437 97813
34712228 1256507
33334094 139146
2738807 90080
4741751 1415703
3329628 919098
4689016 203259
4635038 1291323
4733621 199773
1969625 1625221
4716315 137389
34712485 818570
2459753 1105403
33334173 141726
3613700 1397468
4702626 1704778
2741078 1738208
1609420 856726
2737543 1648990
33447576 1648941
3327073 838208
4728436 1247551
34712573 714483
1968710 964633
3333318 1193911
4194078 2794672
33334112 686812
1968433 829712
4601109 755529
4695412 489392
4716477 391381
3329783 1105260
4738945 195704
2740882 888459
4631013 327530
2738384 2868699
34708828 503683
34709987 256855
10307560 332882
4141994 387478
1969623 111157
4736554 870605
4485971 1160819
2739237 987526
4192918 187200
1968666 900002
33348416 1176724
4431002 1742227
4751952 994036
4650696 142425
4711400 1754844
2740691 618174
4702642 838264
3329510 2135597
1968399 602922
3331136 594789
34712680 480440
4711425 1405596
33530906 159840
2737045 39414
4708715 3647373
4758064 108201
2739072 2396816
33331145 2149862
2033428 179329
4665284 954071
1968357 2249701
2033427 2795401
3746707 339199
2459704 24311
4612090 1250520
4601299 5393
4697813 931598
33334066 913893
4724820 825897
1099264 698343
3327976 1972094
4390459 260998
2795429 502168
30791024 2568229
1968604 2512897
34712692 347572
33334016 391140
10309657 2154171
4732841 2018779
3138439 1736166
3329782 283718
4714003 1829879
4718656 288086
34712299 1029091
4635044 1309371
4745240 1981149
4560610 116950
1968525 380815
4663840 2807583
1609406 368047
1967930 909767
30790987 1311330
3330929 1476595
4597596 884021
4750896 135066
34707724 511956
3138337 332821
11702740 384278
4445443 1004857
3602703 2338155
1609412 401669
4486032 99042
33540136 2405550
777158 396559
4508043 1360599
4691405 1527572
33371161 2137484
4672935 2067166
1968533 340836
4649694 904673
4738003 54865
3748088 2943692
1968340 173457
4702608 2472693
4589723 401124
4682624 2137629
3328513 1377749
2736963 222733
4663849 910283
4486366 1446595
4721183 958348
4682719 376407
4576347 403972
4601287 2502462
4605100 3017126
4654542 330474
2738264 1755868
2738865 3017215
1968367 105154
4711422 1067057
33258859 2426354
4279665 915385
3327204 424687
4311881 1169981
4691414 998923
34710044 1076569
4313238 2042248
4621761 1020045
35739069 980036
33334118 1039111
4724912 856259
4768891 979957
3138427 1722037
33541046 618341
4723216 980020
4673105 220777
1968259 49903
34712041 1255370
33348425 594482
1968358 898572
3333324 349982
34709389 545876
3746309 1025109
34712050 660625
4517669 1152840
4470478 997393
4678088 861770
4560665 1339175
4705559 759703
4726736 637800
4757211 292847
4576248 1831920
34712164 1810614
4576243 910141
2737911 1287600
4741782 1444350
33530912 293094
34712171 2024392
34710047 1641756
34712175 56475
2737101 1658342
4702650 252908
33405571 513241
4742677 2054843
4761740 1948624
3747333 624510
10317699 1182481
777160 323562
34712846 219826
34710132 274109
35739077 1372345
4713851 340923
35738905 910208
1968359 308646
4751962 293486
4724942 141979
4765728 608390
4733770 19424
34708060 1801846
4779722 518683
33400538 2501530
4782160 691228
4763039 353127
4765638 740986
33546122 3330183
33444329 308684
15474678 1505718
34712468 218516
33457775 308643
4749714 782767
4764435 231967
4716227 670412
15474522 672178
4747355 793424
34707656 346533
10360938 414989
4768295 3580742
4740803 3554567
4743207 537646
33405575 488841
4737573 850093
4750805 976929
34711048 1373721
4740625 1490412
15567847 4759
4718865 2501494
4730645 2404578
30791013 402713
4754624 805519
34710619 938147
15551534 2039428
4621585 1834767
4708728 308712
4759923 607174
4758048 524082
4742991 270991
4721230 1187520
4736693 534278
4746112 3357735
4718659 1659363
4773429 1807228
34710903 529414
33333989 2625841
4726633 387628
4733609 700004
4738016 2211899
4739420 1217267
4718640 946005
4732131 1021967
4722982 1559983
4730417 899123
4758775 902495
34707921 2447450
4721065 955092
4747420 194339
34709353 963746
34709834 2345514
4764632 792552
4725045 2231074
4754646 1933037
34711325 1449977
4718863 2565557
4601053 2991200
4771283 253134
4721233 3120046
34707560 1405793
15585126 537601
4728600 312780
4759465 1699317
34707890 638621
4726768 995554
4193706 238001
2033623 1182917
34709568 2389594
33383359 1530922
33334047 618246
4718866 340196
4768109 649080
4746231 684705
4746248 332292
4142175 212983
34710645 1433
34710652 1563209
4763928 2595713
4760202 1537277
34708321 1448920
2738659 1461029
4759169 225233
4767598 673151
34711942 218237
4486035 83737
33411273 1709587
4737975 173773
4744727 674477
4722974 1711974
4763029 1450856
4730569 1403120
4767738 437837
4713773 2864796
4759524 1257362
4716394 3187357
4702625 1189187
4759491 50055
34710624 295534
4748463 814181
4726757 2743508
4757194 593396
4738800 651061
33402287 740590
4763929 1333815
4758045 381076
4743002 2205354
33400515 224519
4725046 885543
4761739 850195
4737980 996291
34711242 226973
4746125 691235
34710140 515402
4757188 515427
4744879 620074
4730401 1342811
34709495 1306398
4756359 2140159
4730440 547975
4765729 345461
34707924 651477
4773423 2037915
4711437 1058778
4746121 1085629
4745100 649405
4758420 603066
4672796 5394
4772732 341744
4753326 639308
4751950 1262890
4772174 2115483
4739398 1613732
4726614 671399
4724816 2436533
4716203 744165
4560504 1315190
4730643 1464974
4725903 36474
4763925 2180118
33542866 1451020
4748457 1096459
33416072 1165812
4775703 2800949
4779031 1454774
9766501 344956
4718674 220353
4723146 378683
4752916 86017
15470324 1455749
4761052 389269
34709140 1447391
4780254 670794
34709762 218802
34709763 1043431
4728482 316317
4752841 827681
4775220 923666
4751892 1103194
4745229 50033
4779093 813169
33370383 293696
33530985 776816
1099573 224128
33530974 443405
4739396 97852
34708356 1021925
34710018 2497722
31152840 1457633
4733610 1248775
4763467 701867
4756416 2037928
4759466 328151
12994278 1881052
4716411 1333812
4739397 95334
4739409 175368
4767740 52579
4763931 878307
34709139 224831
4721168 220268
4716307 333694
4668868 917503
34712747 633861
33530928 618175
4744213 308497
35739030 286637
4744087 736477
4732153 598697
35739075 1598650
4711341 36475
4751961 3161004
15292654 1012976
4761960 887970
4738025 3272922
4757607 338494
35739055 1993670
15558440 1757527
4756342 900229
4718632 898520
4733764 2090162
4766273 324846
4754653 173964
4735269 332427
446424 15959
4760718 6427
4755988 390742
4762537 236340
4732134 441665
141533 344217
34708336 325534
33530808 3376128
4670860 2491451
4755569 2711066
4756415 2843388
4761946 862363
34708470 1324628
4747358 1010899
40193850 866050
34709489 3944353
4726830 1686930
4661170 328731
34707829 2947055
34709427 237031
35739031 301713
4751323 2986070
4718671 3043279
4721044 1205394
10361398 502911
4749715 831346
4772577 1960080
33333972 1519988
4730444 1992712
4691394 609044
4755575 696675
34708749 105564
34708755 3435046
4761973 331733
4762974 965871
4776127 4241452
34707944 99325
34710096 1773032
33348431 1904785
4781318 1374454
4755544 126730
3138399 41918
4767749 2088286
4746241 822640
4732234 962369
7000475 458057
4687242 860457
34711436 662159
4716311 1704662
4445249 1389159
33455405 99398
4389793 607224
4723005 108718
4721115 2242000
4745093 1379614
3034720 35462
4751887 373589
4738157 701777
4759457 927271
1968616 325610
34712521 1560388
4765908 361708
36671912 386695
4761058 1152330
4756340 201432
4733684 154269
4737981 923778
4737978 1596654
4758734 191615
4749699 1254592
4689012 1737514
4705585 214950
4711447 2766489
4753750 698591
4754673 4680269
4517672 344716
4763924 515836
4724815 1358394
34708018 79015
4740626 800791
33530772 217646
34711248 1244422
34709755 756228
4713942 879696
4650694 465280
15475345 826549
4768889 230462
4758796 800327
33334110 366164
4739399 437130
11300075 325025
4730400 404931
4725905 19407
33409715 342075
4639110 315877
34712740 1747017
4746230 318823
4764591 35787
4739573 931862
4761970 631342
4757999 2138797
34709578 657
4718922 1854415
33285987 1550598
33540138 612552
4777329 994891
4774087 662252
33333997 1310575
4678093 633254
15474845 2352194
4728696 830248
4769394 2588576
4740858 289168
34708101 886402
4743174 2655627
4754666 608416
4740802 336312
10366212 128
4749638 2759440
4749070 888355
4756739 899022
4728508 1262908
4763956 819485
4739401 877944
34710766 142240
4639294 1920551
4754703 440861
34707904 52929
31088162 836746
33380842 931395
34708813 1448368
4764598 1681442
4746237 944603
33253230 108439
7255760 2312368
4713811 641217
34710683 1255449
4744101 261561
4485839 2826954
4716222 1015407
4768893 329135
4764622 1105109
4716400 1581744
4749641 831000
15474615 1091907
4661024 1033588
4754623 659235
33386863 236477
4767195 901905
34709724 657508
4761922 1288291
34711682 1038697
4630829 675970
34710894 1060901
4762983 1560066
4747374 1464589
4747373 1287106
4746244 1831287
33530800 116923
4736696 2004469
33324999 865303
4711312 628097
4737974 662231
4754621 2203165
4722976 1167184
4691341 677075
4744108 328872
4739572 1682240
3595058 98898
4761924 98384
4767596 2698958
34710306 875476
4758744 355931
4770245 1003760
33403742 374044
33389927 1167260
34710553 2164727
4747290 503643
4755259 441877
33387108 924148
4733630 1263604
4749649 3287708
33379522 2686
4753753 3031592
4728483 52936
4768291 37191
4768881 2769
34711125 1033351
4757217 658033
34708148 1421620
4768305 965869
4778549 884236
15554537 351615
4724875 2865317
4773352 339144
4766376 1000491
15474882 193152
4713770 2176
34713075 1038598
4748468 660932
34709027 110016
4757994 386327
4770072 3587070
34708020 1824014
4727503 846364
4748482 870604
4716284 3013497
4711443 175974
15475126 481481
34713129 333028
33541047 209124
4701326 676001
4758746 1027721
4508039 373622
31093532 58067
4762977 388859
4744085 1677706
3328201 138693
4728610 327985
4745095 1415351
4765940 108623
1968260 51999
34712851 2259421
4730567 2266771
4772736 1657937
4716397 332904
4654522 314202
4470485 249895
34713039 152806
4749703 1686478
4426269 106456
4767203 701615
2459746 144890
30791044 934550
34713050 2654344
4763949 373532
33334031 356986
33534798 189402
34708989 53811
33334078 671355
11923011 291878
4718637 219168
34710576 4024038
3330177 1402029
4757192 865608
4576793 740057
4746242 877188
33530968 1580220
4713805 340197
34712848 177944
4702446 686582
4601202 3487673
4756125 177728
11989037 1672458
2740633 915519
3327381 657842
33334004 2992916
15474956 1025754
33334104 133347
15475186 973265
34709951 607883
4728597 3204482
4728455 961435
4732146 238011
4763979 3986944
4728467 1341341
4672810 1024394
4754698 2839995
34710506 740698
4713879 1419654
34710513 658916
4702537 4705469
4767752 296100
4767751 1801504
4768299 2355337
4735315 2837994
3747417 186118
4711444 116960
4733614 2543285
34708814 332859
4783879 1351655
4730441 1742016
4753818 2236174
4763043 2133120
4766986 2804933
15470734 541305
31100877 1905417
33334119 1711984
34709228 1303390
4741747 1984995
31123865 4379837
4763959 3304099
4746238 346672
4654437 2362431
4718639 1633628
4733682 696394
4733765 332279
30791048 2357198
35739123 122638
4762975 686704
1967838 51648
4661081 1104874
14285913 2321166
34708023 837254
4718737 1648493
2737744 284244
4723155 740647
4725044 1724211
4711442 298995
4713914 517878
34709273 1343862
33334041 740816
11382202 740813
4718648 891322
33333987 705222
33416813 3009064
4724900 340769
34710120 883128
4761564 442287
4763930 602525
31081939 249937
4752837 3333709
34710538 249875
34709137 740912
34709455 291702
4718867 740928
4767736 274626
28439218 364108
4630773 918042
34707902 1584728
34708995 1674369
10287333 861452
4760246 862913
4758740 896712
33253975 597716
4740343 2849301
4735881 362110
33334088 1105514
34709460 1333348
4739390 1038215
10287711 342997
34708059 878452
34709881 383712
34708067 1389190
15474529 597684
33384557 226886
33334123 1885700
30791035 3369794
4647310 658964
4760194 829586
4753749 597522
4748556 945918
11996010 2650480
4779725 3697796
4761966 3975301
4760259 400523
4716282 173971
7669764 3137099
4750205 397423
4770826 3753012
34709014 96197
4739400 829552
4736523 3234304
1609446 104320
4735128 741006
4732345 332425
4755541 651772
3745685 489053
4678032 218535
4723156 332354
30788966 4093137
35739036 287398
33348369 2503281
34708815 2328661
4758065 2091249
4755557 353531
10290152 1297765
34711929 1778876
4746240 108045
34709200 431804
4757790 387917
34707931 830598
4751893 138322
34710057 236503
30793151 729827
4713769 953026
4718864 791291
4759459 2143576
34708425 48930
4716221 41178
3327402 865719
4661022 2578374
4716213 2030420
4770617 2592170
4713808 2611476
4741760 2143591
33334002 2861227
4760200 99835
33310456 2312102
4764624 2466398
15575851 340003
4713939 1450832
4654440 947413
3327203 1911799
15557657 992446
2740855 552679
4751322 909768
31113197 106865
33530952 624703
4775584 343397
4743210 2329211
31093546 739648
4782562 739590
4744210 1510873
4744215 1329722
33334090 952120
4728480 699852
4699113 951933
33334020 2121881
4728606 349889
4728607 1734862
4726760 891455
4771482 933116
33391349 1250693
4761055 607199
4713948 693863
33410479 941475
4775146 1831669
3748061 224118
4741781 314372
33530961 314365
4718756 850442
3328183 148599
4726616 1289248
4766275 2265095
4770247 848598
4745101 332958
4745096 2229144
4724877 945779
34708863 1639590
35739087 957412
4485840 2499377
31087625 3805107
10294959 1025983
33396263 221025
34710386 1310529
34709237 683439
33530913 2501769
4746247 872152
4746224 340198
4745203 325771
15475058 1197507
34708895 2502690
12108853 3604778
33334065 1213769
4718658 757892
4702624 1268823
34708628 670870
4760239 466730
4708553 1618499
34708442 17962
4713949 97708
4724814 328640
4755116 918227
33392940 1056554
4682678 1191404
4758421 876752
33530981 50868
4744209 861351
33292529 53244
4763944 975928
4743830 2134519
34711140 979700
34711141 2466928
4722973 739616
35739100 1711291
3881470 960676
3881471 623554
4764604 2336852
4723008 3148427
4716238 497141
34711186 2590219
4750803 1323514
4621620 168952
4741748 347346
4723006 875518
4761926 2644715
4755558 917724
33334137 2531696
34708453 1512957
35739081 1493153
4745235 1125950
4777408 642752
34711226 330058
4750207 2049463
34708928 4003878
4718647 881115
4753762 1026232
4761001 2794126
8678403 1402096
4702649 822486
4775798 859310
30791029 879304
4699195 52044
4016969 2276244
4733625 862116
34711488 175960
4726694 1731187
2736989 362173
4730568 1557725
4768728 1781576
4746298 650975
4764605 107740
4728598 917543
4517161 192256
15474810 1256651
4755989 995363
33386868 1312419
34711849 35268
4756423 2794170
777152 1562725
4773417 2133789
40201639 735602
33530960 627044
33348367 1776739
4775218 1776725
3935853 671051
4718868 598715
33334218 336757
4722962 2961632
33530956 2295564
4733766 1659466
4716407 349480
4744082 1510730
34708039 384285
4721081 1632332
4758730 886947
33534269 333897
4763965 1571311
4758021 3346045
7382127 2816640
4193911 345684
15551525 364003
30791034 271348
3327281 346534
4759527 105833
4732284 364949
4776312 1757961
30791036 332577
4755991 912440
34707900 3265562
31071628 1488158
33413697 2869
4583671 585411
4776228 895744
33334049 898490
34712477 342696
4745201 2041554
4736521 687055
33331052 390739
4718861 922771
30791026 1536142
4739395 1224007
4737984 3250032
4702647 186085
33411807 791494
4766621 739571
33387482 1057887
4616712 190510
4733771 1510658
4630758 1259952
34711210 1295636
34709482 1707900
4730423 829136
4754609 2665704
4744104 1401690
4718633 879313
4758784 458751
4757187 1300097
4744084 861518
4754626 1492036
4760030 361226
4756338 659930
4654523 899017
4638960 392482
10309360 875753
4541693 4000557
33334042 1750143
4755494 441678
4722968 1049898
4729519 942043
4761560 13938
34708531 198240
34711912 1155082
4779109 306425
4746141 1154947
4757234 1568949
4142188 791602
33372579 1189188
4735126 1602639
4767177 105848
4721237 1358508
4718846 341186
4743834 342808
4726769 1388042
4730586 912591
4766374 1711106
4757987 1050856
4757190 700879
4730588 2982414
34712687 397426
4732154 1579942
4702445 226125
3749619 824252
1099495 227199
4752933 530463
34709675 1006041
4745206 889191
4748459 137644
4541678 1438395
4569124 222734
12812230 2626561
4745200 415525
33334125 1253704
33334024 1846216
4721066 38611
30791040 191963
35739079 313191
4722983 314101
4723048 83568
34712019 862364
34709690 1306450
4531264 883713
35739032 321908
34708553 1097010
34712176 1155048
4750398 17125
4677997 274623
4647470 374294
4639019 484438
4576486 814008
34708563 917416
3044261 3210727
3328601 72843
2795433 188506
4445789 2763368
4576545 685282
4627995 4272091
3745832 976420
4636646 1423830
4583672 293978
4390763 333045
4667271 231962
29027982 102970
4628006 1626980
4542059 2189136
4390904 971039
33334103 475107
10326437 4747785
4746845 238997
4016952 297153
10354400 51717
34709400 547990
32891485 4571275
4711499 344423
4705390 143932
4661268 916559
33331066 225522
33334019 877515
4667255 130415
35739062 142066
2459745 201181
33333984 35922
34710389 146506
4728611 505712
2459659 2174186
1283657 300051
33271742 53523
4647408 774628
1968627 35679
4590050 391624
4517239 341484
4534650 1738304
2057963 743050
4736730 321462
4682770 1391058
4667063 289288
4611720 991790
11911283 1345942
33464362 193779
4661270 681720
4020427 3339799
4621911 129480
4621636 390121
4630890 1989190
4590059 1913219
4654756 28899
3326989 40898
4541980 689623
1609460 155956
2740971 348489
33456785 2287830
4755491 341363
1609425 426818
4612002 946875
4695561 2991866
4019793 1309100
4630903 2006789
3748867 2435836
3748874 2605378
4663839 293980
4597591 98335
4667275 1497632
4542140 901098
3749847 1406871
47772012 50034
4732975 249884
3749895 993140
4590068 1259568
4534649 4554786
4585968 2556979
35739056 499885
3888683 1511208
1968721 547556
1967767 898149
1967977 856476
2332640 740175
3749409 3934447
2737665 2512657
3333295 2382138
3327568 2766321
4723205 99117
2459778 2839076
2738943 1207876
1609465 427954
33348453 782949
34709633 30022
47773561 1510904
1968650 330599
4654584 921893
1969110 891340
4746276 350365
30789189 249909
1967813 960935
4705561 190662
1099504 198128
1609398 180266
1968776 458787
2737659 769272
3332003 551355
1609527 2459759
4716308 279463
1969215 2740114
3034739 706763
4486040 551937
1968597 2738485
1968592 1275334
36004151 1121038
4311882 318363
1969567 1275181
1609419 1535928
4716247 173144
33461327 1285178
4691473 17127
34707927 1042333
3602699 271664
33348447 91465
3927869 351208
2459668 458126
2739562 2071922
33330545 901446
4195425 4235415
2737104 898801
33439882 392050
47772014 238188
2736870 1997723
33398430 19408
2737126 332905
2736517 924220
4695543 326317
1609432 23045
47772015 453068
1099578 92396
2737878 1449670
2738186 942843
2736513 268404
33271831 1849507
30791883 874056
2737539 5342
2737390 973298
2736501 2433920
2736944 1237086
2738635 372297
4019404 44943
4589732 36007
4193790 424473
2740149 668341
2740358 2808992
1099491 489426
2738261 1749083
2738127 940196
3750807 619437
34709607 611938
4389885 1500995
3329468 44159
4673064 124032
4667162 169196
4751920 14555
35739124 4348956
33389932 223017
31070863 2053
4768170 344184
4705452 7593
1099485 30988
34711448 2579222
2795426 53044
35739112 42504
4732141 27186
2737571 10545
1609400 10923
34708292 1856283
4716246 201264
1609401 13925
3331784 2508
34707905 2328150
4589928 45423
3330436 12453
34708756 118498
4763975 651802
47773562 1059618
2737626 563701
4744242 16182
4724817 52565
4601069 328586
34712902 633384
4743166 117095
33334044 211832
34707897 56376
1609426 501365
4724825 161076
4708717 1311219
4695421 259950
4750900 316068
4721307 436243
47772016 98443
34708412 141974
34709276 613962
4748582 207693
4560592 578027
4576343 189526
4730593 1113910
13213010 654506
4691415 140106
2740125 225454
3330588 1973057
4311919 234241
4142185 256851
1609434 2459479
33310643 58042
4682631 669886
4389921 1266884
4672815 346092
4672934 136773
33386487 2459462
4635042 919042
4705581 132323
33386850 94021
4752358 51588
1968335 99841
4691395 121677
2737684 3328954
34707733 1671229
33330546 831608
2736945 962603
2737928 46681
4718638 181498
33333978 361513
2740400 770671
33334084 503442
3370313 353529
4760719 610262
2740669 207391
4703893 46167
34709751 3665882
4517036 31829
33334160 68554
4643011 8729
4720333 299764
4784648 225155
4753820 1643161
4630843 51593
34712874 45299
34709798 261451
1968628 33674
33383583 132109
1609440 509559
4561054 9967
4621680 12344
4728689 25366
4730450 12454
2736472 10924
4735314 14556
4746846 849871
4611868 11470
4312108 29638
1099508 1250927
47772017 27489
4279680 11713
4725099 27884
1609423 821670
4016970 7446
4723114 6517
4601171 756479
34709750 393912
4755563 914259
33333990 768270
2737305 450943
1609409 221881
34711130 2808536
33372827 35875
35739119 54190
4665294 188261
34712706 406526
35739106 197794
34711176 3804252
4554864 143600
2738049 171248
2740969 446343
4654652 722019
34708211 843041
4763933 2372776
34711174 691570
34711173 3737010
4672914 1527353
34711187 49307
2459540 870863
2459539 532928
30791023 225446
34712713 323468
3370319 573858
4682747 329915
4778016 3262270
4716287 80303
4661320 108491
4612077 701926
4486433 441527
33348475 146323
4390460 100271
33379807 325686
4760032 841506
34709557 1720584
4486450 168670
2736512 160909
33334202 756942
4752875 285563
4541899 232404
4775800 659145
33540837 1516
35739054 2606870
33292394 965196
3613743 252341
34707903 1438571
34712745 363584
30788565 123271
3748942 606519
3748064 329134
4708714 681283
33258888 681300
2737523 440314
34711279 2523563
3329361 353426
4621915 19587
33386489 441181
4508035 277189
4699189 343905
4770071 53053
4193861 339737
4391280 103447
33348353 104737
4736649 444963
2738021 607424
4777412 97571
2736440 142976
4722964 344643
33415193 36680
15475318 198350
4193700 99251
3747334 363881
4722967 626369
4751918 363836
4682860 123885
2737083 2429231
4682723 276737
3327261 395955
34710271 2610863
4705560 148382
4721300 132182
4639090 578895
4726211 334005
4390545 52557
4445722 299424
4193628 212156
484692 144987
1968793 449794
2740068 348206
4018911 392961
4699125 507894
1609435 765034
4726673 365528
4754670 83634
33271790 342607
1099275 618068
1968407 225052
31123908 71116
34710035 261788
4389868 1263768
4018410 553948
34707700 99775
2740559 526524
2736490 48009
3747335 358958
4726820 274624
1968624 112017
2737392 1235446
33455295 1529011
2736438 389773
4754667 348516
4486011 90600
2740406 872212
34710213 36477
4687184 1263975
31084249 3373175
33486278 2019578
9371936 288539
34710179 721922
34711090 552341
2736523 295495
1968554 162832
2736500 218241
3331004 218066
2736876 1142777
2737696 57930
2740396 119439
4611721 312775
34710993 2011072
3330984 1343619
2737484 1735438
3332983 2861
2736555 56307
3330365 520697
1609482 49393
2736518 868597
4311257 211889
1968450 332521
33337024 200618
33348444 774487
2740466 448276
33386861 1918041
15379018 1334779
2736439 156773
4193935 626448
4020639 570309
4724904 22250
2739525 396611
34710724 1180577
1968955 480732
4721070 99330
34708569 888454
34708007 97536
35739027 151052
4446151 46497
4597574 86013
2739305 2357311
34708515 2418609
1099393 574160
34711271 464941
2736867 809483
3746405 384484
2737958 1020463
4716219 56308
34709874 94928
33331054 1136628
2736941 276659
30791320 687554
33380840 327865
3331390 866015
2738939 275365
34709348 946190
34709915 2111189
2738658 244257
33414469 1677111
2740489 975606
2737349 1658390
34713234 228367
2739592 1419486
2739950 3332048
3328228 719474
3746541 1783657
4735138 194632
30789186 209342
2739406 288091
2737364 892292
33400532 1268325
1609439 706617
2738253 1257561
33380838 311277
2739694 1662298
1099379 1074787
4517389 349055
3333383 273311
28765667 121813
2737342 2435215
1099490 542601
2737629 2057123
2738366 2144844
1609499 953973
30788564 36589
2739644 725345
2738038 364369
2736515 97677
33348423 180343
1609437 561667
2738636 222923
3332364 1627998
2738548 3095655
34708486 102177
2738301 2319076
1099405 810109
4279668 3499872
4020426 285521
1099381 285538
2736868 1719695
33449512 202842
29010594 1269270
1609453 338373
1609438 326570
1099494 1265636
33444525 944811
33370415 1651926
10363105 1921912
2738646 937253
4728470 295716
4576806 173966
10891544 1086534
1609431 673561
2739568 571836
2739905 828925
2737555 3328751
2737442 1822271
34711232 169267
33310639 234445
4313208 221494
33470297 2125556
33406990 849132
33461971 67055
34709528 3546288
1968238 39298
3332982 1069304
33423089 5793591
34709051 330651
34710091 15611641
33310651 432738
34710319 1054482
2738252 1266428
2737736 3329040
1609470 325021
1099388 302325
40108078 204540
33334136 341572
3331341 1834496
4019455 100316
34710601 2041898
34709680 119009
4773353 325023
1609447 60367
4601236 299912
31084200 2441585
3927880 35921
33271759 334358
34711460 87924
1609518 810085
34708771 305747
2737542 2963337
1609427 688942
1099492 1968904
4661156 551080
2738976 333318
2737321 92575
4312117 214743
4745640 54014
3745570 1232111
2736977 3327664
1099390 978901
2739508 952477
4724927 110840
33370304 971283
15563291 3341015
3749791 3728774
33334201 158028
34707529 202409
4728453 332487
34708445 905072
4732137 98164
1968647 72775
4702512 117044
4311932 2038711
2795436 75379
4446048 105230
4018783 2098084
1099443 1289802
1609463 1753438
2737267 2757964
1609436 1603467
1609514 2459696
34708808 345005
2738992 435833
2737487 1658735
4019040 21812
2738295 2751467
4702397 54527
2737026 1607618
1099382 113152
1968958 790485
2736975 2872742
2737107 622804
2737651 649202
2737009 625428
4743832 95947
1968775 975244
1968513 504771
2740216 6373
2740668 769768
1968457 2738156
1609498 2459673
34711357 219479
2738682 920394
2739669 3331707
2738733 905817
2740492 380827
2443940 3125792
2738008 3329423
3327497 394650
34708953 1756099
1099409 1687430
2740839 2716033
1099403 1968182
3748444 2514246
2737641 110130
1099386 1844428
1099497 1968952
30788495 3636126
2736441 1019008
1609520 1406492
4194024 335755
2736424 3326908
2740625 3332918
3746448 2295287
28428579 445275
2736929 3327584
30789343 1957136
2736962 2695913
1099507 1969002
2737477 3328655
2736445 51651
2737784 2166803
2737304 573787
2737085 946141
2737679 668282
1609522 2459736
1609479 580682
1099387 328733
2738964 332912
2737936 337734
3746306 475323
2740507 1147288
4279506 273078
1099400 1854418
1099488 288723
1099383 1234265
2736511 469654
2737658 2246059
3746844 1254039
34712575 6186766
2738522 339580
2738713 2080628
4142158 1159322
2738296 3329780
3332475 2695617
1609478 325059
1609457 481344
2737420 212966
2736508 320384
3330979 3015130
1968420 489852
2738660 109360
4018716 1057213
3331057 3441592
1609442 775717
1968474 51719
3327007 552880
2740409 1841318
2737661 3328927
2738745 1599773
3927872 295678
2739540 3293304
2737389 770998
4718677 43643
4193848 2475296
2738866 3330378
1609462 146428
1099503 580686
1099509 1969011
2736952 537151
4576284 219109
34708911 185081
2738407 1501862
33420907 95002
4446119 141926
3125678 154866
1099505 144361
2736458 2344201
33348467 145391
34711648 1799155
3330770 895931
4504676 207727
2737128 1352156
2737084 954458
4733656 391910
4691339 110845
35739099 536351
2737710 29639
2737086 3327918
2739514 1310661
1969646 146125
2738656 1266266
30793119 547899
2737226 11938
1609519 593390
2737105 91562
1099506 1968998
31084204 96480
34712934 2856
1099407 37373
2737982 1731034
2736872 679005
2736942 483229
2737151 1744462
4311746 222322
2740470 208131
777193 397461
4611748 54585
4486069 393256
2739769 340924
34709658 4445810
4718660 218115
1969628 1308677
2737424 3045808
30789617 193101
4541884 363401
2740355 2575771
4722984 217838
1609428 446952
1609458 2459568
33311191 92200
34713013 92865
33530955 213157
2740690 785401
2737751 2245597
3748123 333750
2739984 934707
2422176 426298
1609459 1971420
2736447 3326961
1099442 101652
3331362 109297
2736451 901419
1099496 1968939
34710468 204326
2737421 146738
4486046 214806
2738480 627813
1099384 373159
4661350 118039
1099401 278827
3747136 101170
33434005 226593
34713087 119440
4369093 99471
4541907 324888
2738581 1119268
34708793 77553
1099410 1668041
2057967 79309
3329269 82354
2737897 65225
592152 67175
3138415 166583
4390385 2746134
2738752 354791
33535515 41457
4312021 279554
3750894 353764
4673092 141377
4312020 431567
33330550 504440
3328125 390688
4019594 4194236
33494939 54063
30789542 1232168
2736437 860252
4445587 336870
1099392 213929
3748065 132939
2736524 405799
4576407 628240
1968123 2667280
2736976 2635582
10890693 105278
2737300 3328405
2736426 3326916
2737350 3328477
34712151 2296720
1609461 98041
33300449 130350
4667071 332250
34711249 335860
4601205 338369
4445714 62428
4486473 139148
4716233 52570
1968478 328980
3935788 96242
1609443 165133
4702644 84327
30793118 288537
2459757 651360
4019359 538653
34710670 610967
30788798 218118
3328620 580659
34710574 101384
2737630 179330
4485856 345957
34710484 503329
1099389 350303
34712335 43218
4313165 365095
4626083 53473
10326219 103482
33310647 824633
4534623 95670
34707901 100272
2737393 1201218
4718651 56377
31084208 545605
4745734 879283
34708378 320101
4560619 285911
2738401 431575
2736444 651951
1609430 873915
2739588 119766
3746305 863726
33417865 150245
2737266 386860
33432314 68705
1609473 1417500
4744214 452492
3328273 86211
4389800 34683
4661355 171917
1609467 78058
4784647 189421
2736474 661992
34711126 19308
34708298 362961
10356950 139149
34707673 98229
3328848 340925
3327521 125902
33271823 391701
4667344 149960
33286711 68532
34710265 96105
4311074 1482862
33398779 218119
3746103 94644
4445636 611845
4504668 201816
4724915 92649
34708706 776216
2737347 306141
33334064 612017
3746044 202546
4560555 132026
1968528 40953
33446347 629991
2443952 299543
4390374 896541
3333306 363403
4279695 249166
33486098 827715
34708959 806963
33397750 1102412
33397749 100479
34708117 607514
2739674 103631
47772007 331194
4193011 53780
2736504 459674
4195535 97128
1099312 764188
2738228 136262
4258052 915209
1609444 54895
2736869 136191
34707926 405234
3330194 53744
34708775 606581
34708943 6351
1967757 1981967
1099269 465047
4192831 305554
2739578 401920
4019567 90055
4019198 830440
2738888 14968
3138322 333068
4390412 346357
34711337 99779
2736507 507357
4716366 309694
4716208 17879
33334129 628891
4194026 546623
34708392 401620
3331283 1139604
30788793 325150
4279505 158657
4576737 1136801
3745569 104534
34709722 811742
4755518 100177
30791874 121190
34708171 604894
2737108 2952432
34708426 46166
4193912 216474
1609433 249074
34709882 124602
33491685 2271521
2738689 300597
3333504 325443
1099274 448222
3329229 196282
2737023 362799
34709245 216359
1967846 117407
33311193 297669
4597607 464494
2736425 321942
4776889 246644
1609421 848596
3746307 345958
3330718 30907
4680188 319308
1967997 62809
4747416 284144
4682889 420073
4311814 229559
