13771187 13771189
13621582 13621584
13535127 13535131
13667480 13667486
13535241 13535244
13609806 13609809
13601803 13601806
13690189 13690191
13642575 13642577
13769277 13769280
13535426 13535429
13694984 13694987
13535438 13535440
13535510 13535513
13535734 13535738
13535744 13535748
13678428 13678432
13791063 13791066
13609475 13609478
13535967 13535972
13629006 13629009
13536097 13536101
13536108 13536111
13591552 13591555
13591583 13591586
13782937 13782941
13766683 13766687
13636205 13636209
13685619 13685623
13611831 13611835
13606469 13606471
13710178 13710182
13537480 13537484
13537644 13537649
13537682 13537686
13537790 13537794
13652347 13652350
10041500 10041505
13637298 13637302
7217221 7217286
13779408 13779412
13538285 13538288
13537863 13537867
13537874 13537878
13537923 13537928
13537953 13537957
13537978 13537981
13637874 13637878
13636877 13636883
13715609 13715613
13538643 13538651
13785971 13785975
13538435 13538439
13726187 13726190
13787627 13787630
13538992 13538996
13534937 13534940
13587322 13587329
13539011 13539018
13761720 13761723
13642856 13642860
13539089 13539093
13587393 13587403
13717434 13717437
13753556 13753559
13635705 13635708
13749002 13749006
13539586 13539588
13727650 13727653
13644152 13644157
13541669 13541673
13767028 13767030
13551583 13551587
13539333 13539336
13539612 13539616
13558105 13558116
7217223 7217303
13677676 13677680
13569042 13569046
13653278 13653281
1965253 2735123
8826106 8826129
13724058 13724062
13539702 13539706
13759224 13759228
13778062 13778065
13592196 13592200
13720120 13720122
13683220 13683222
13674537 13674539
13727629 13727633
13592239 13592242
13670875 13670878
13592261 13592264
13612508 13612511
13624296 13624299
13592278 13592282
13592300 13592303
13592361 13592365
13617306 13617310
13690168 13690171
10041832 10041836
13540006 13540009
13619774 13619777
13698259 13698261
13588365 13588368
13617341 13617345
13613136 13613141
13540693 13540697
13540707 13540710
13648721 13648724
13540714 13540718
13693730 13693733
13673228 13673231
13540775 13540780
13540647 13540650
13540649 13540656
13621152 13621155
13540378 13540383
13540791 13540794
13844961 13844965
13540828 13540833
13693258 13693260
13630861 13630865
13540655 13540661
13648850 13648854
13540237 13540245
13765832 13765835
13727279 13727283
13608685 13608687
4292968 4377036
13641017 13641021
13542053 13542055
13592725 13592728
13542058 13542061
13645819 13645822
13645924 13645930
13686766 13686770
13780144 13780148
13542297 13542301
13645119 13645122
13617329 13617333
13536279 13536283
13641604 13641606
13675953 13675955
13542911 13542915
13668593 13668599
13754007 13754010
8282430 8282443
13683801 13683804
13542937 13542941
13593046 13593049
13640721 13640725
13643979 13643983
13542973 13542975
13715277 13715280
13691984 13691987
13642585 13642588
13753414 13753419
13728298 13728301
13543045 13543050
13629460 13629463
13759913 13759917
10039116 10039121
13566634 13566637
13691137 13691141
13543074 13543080
13543161 13543164
13732403 13732407
13772177 13772181
13676276 13676280
13660416 13660420
13588544 13588547
13702458 13702461
13700574 13700577
13543229 13543234
13628834 13628837
13690951 13690955
13671787 13671791
13683808 13683812
13543281 13543285
13610299 13610304
13628853 13628856
13699670 13699673
13543393 13543397
13765379 13765382
13765387 13765390
13798128 13798130
13765937 13765939
13765554 13765557
13765482 13765484
13765398 13765400
13765999 13766001
13765405 13765407
13765412 13765415
13765423 13765425
13765430 13765432
13765437 13765439
13765514 13765516
13798134 13798137
13765525 13765527
13765444 13765446
13765451 13765453
13765537 13765539
13765458 13765460
13765568 13765570
13765955 13765957
13765471 13765473
13765962 13765965
5126782 5126816
13813735 13813738
10046841 10046855
4972742 4972751
13543721 13543724
13544023 13544025
13544086 13544090
13544097 13544100
4969875 4969892
10046940 10046945
13544164 13544168
13544229 13544233
13544249 13544254
13544599 13544602
13544624 13544627
13571665 13571669
13709950 13709954
13652371 13652375
13604784 13604789
13605699 13605703
13748557 13748560
13617867 13617870
13665586 13665591
13764452 13764456
13544696 13544701
13546902 13546905
13565822 13565824
13544911 13544915
13581764 13581766
13584748 13584750
13586208 13586212
13619234 13619238
13545831 13545833
13668591 13668594
13545836 13545840
13679441 13679444
13668279 13668282
13588649 13588652
13545962 13545965
13545997 13546001
13679569 13679571
13546073 13546077
13546233 13546237
13774910 13774914
13649771 13649775
13652006 13652011
13616989 13616992
13759121 13759123
13648923 13648927
13643402 13643406
13546252 13546258
13749333 13749337
13546298 13546302
13610904 13610908
9508872 9508909
13633681 13633685
13723119 13723123
13610962 13610966
13775673 13775677
13749889 13749892
13778762 13778765
13691676 13691692
13707319 13707323
13546584 13546587
13611806 13611809
13759209 13759212
13702674 13702676
13758704 13758708
13637176 13637179
13689558 13689562
13660193 13660196
13642658 13642661
13758848 13758851
13716715 13716719
13766202 13766206
9084698 9084713
13714237 13714243
13752038 13752042
13546994 13546996
13546825 13546828
13547001 13547004
13687449 13687452
13546889 13546893
13659655 13659658
13546912 13546917
13707335 13707337
13565364 13565369
13709413 13709415
13547552 13547556
13547541 13547545
13675522 13675527
13719724 13719728
13547799 13547802
13726805 13726809
13587606 13587615
13547773 13547780
13613046 13613052
13547785 13547789
13633247 13633250
13643968 13643972
13771057 13771060
7217233 7217404
13612923 13612926
13547859 13547863
13547884 13547888
13724807 13724811
13600329 13600332
13619591 13619594
13548059 13548063
13755034 13755038
13767357 13767361
13773767 13773770
4103579 4253519
13588843 13588848
13629589 13629596
13588715 13588718
13714567 13714570
13673055 13673058
13716083 13716085
13588717 13588723
13561880 13561892
13714498 13714501
13650927 13650931
13610859 13610861
13620490 13620515
13700619 13700623
13782843 13782847
13722622 13722624
13636744 13636747
13755646 13755649
13693332 13693336
13649688 13649691
13782542 13782546
13698390 13698393
13699803 13699806
13697415 13697418
13753930 13753933
13765661 13765663
13593681 13593683
13593690 13593693
13593697 13593699
13549348 13549354
13549353 13549362
13715403 13715407
13753706 13753709
13751995 13751998
3072262 3562822
13774538 13774542
13611699 13611702
13537625 13537637
13659045 13659048
13625862 13625869
13550006 13550010
13618444 13618447
13537732 13537740
13550170 13550174
13623982 13623987
13783017 13783020
13748460 13748464
13712943 13712947
13536915 13536917
13681961 13681963
13673324 13673327
13637187 13637190
13626638 13626641
13753776 13753779
13619446 13619450
13633092 13633096
13764873 13764876
7217234 7217416
13588978 13588983
13749916 13749920
13674562 13674565
13597037 13597041
13551367 13551373
13787604 13787607
13600241 13600246
13763123 13763126
13551853 13551857
13610136 13610140
13696504 13696508
13551921 13551925
13691228 13691231
13662694 13662697
13775018 13775021
13619758 13619762
13623017 13623021
13593713 13593717
13552319 13552323
13678498 13678501
13739867 13739871
13661539 13661543
13755571 13755574
13710685 13710689
13552330 13552334
13539335 13539343
13696241 13696245
13697722 13697726
13587485 13587491
13729880 13729883
13552340 13552345
13570948 13570952
13576107 13576111
13552365 13552371
13690139 13690143
13770695 13770699
13618433 13618437
13594186 13594188
13552504 13552508
13552516 13552520
10036964 10036968
13642022 13642026
13621429 13621433
13552495 13552498
13612781 13612784
13570912 13570924
13552570 13552574
13699381 13699385
13552893 13552903
13552639 13552643
13552298 13552304
13552891 13552895
13658754 13658757
13616206 13616208
13782624 13782627
13552955 13552958
13753812 13753814
13717780 13717783
13553600 13553603
13639228 13639232
13686701 13686705
13712967 13712970
13599951 13599955
13660105 13660107
13612783 13612789
13554185 13554188
13554355 13554358
13782604 13782607
13751384 13751387
13686429 13686433
13673741 13673745
13554422 13554425
13764025 13764030
13719488 13719493
13685448 13685451
13600344 13600347
13687843 13687847
13699925 13699929
13555433 13555437
13696886 13696890
13599646 13599650
13543695 13543709
13751028 13751032
13555777 13555780
13636626 13636630
13755126 13755129
13555844 13555847
13589183 13589185
13718046 13718050
13556077 13556092
13645428 13645432
13641518 13641523
13648898 13648902
13624101 13624105
13701580 13701584
13721036 13721040
13635388 13635392
13622811 13622815
10043942 10043946
13725778 13725782
13601086 13601090
13606455 13606458
13557187 13557191
13557397 13557399
13557860 13557864
13692355 13692358
13558022 13558025
13558059 13558061
13701691 13701694
13700880 13700883
13558387 13558390
13710610 13710613
13699525 13699527
13697733 13697737
13782728 13782730
10038982 10038988
13558548 13558552
13626864 13626868
13672342 13672346
13558464 13558467
13692428 13692432
13698652 13698656
13785868 13785870
13618271 13618273
13760729 13760733
13762861 13762865
13710936 13710940
13558770 13558774
13543632 13543646
13616279 13616283
13698470 13698473
13558887 13558896
13736146 13736149
13637662 13637670
13635682 13635684
13559559 13559562
13559682 13559684
13614222 13614230
4899945 4899957
13616695 13616699
13560568 13560571
13600224 13600228
13755227 13755232
6953728 6953737
3080715 3570070
8764448 8764463
13538697 13538699
13715587 13715590
13716506 13716510
13560693 13560697
13560719 13560722
13560731 13560735
7217229 7217364
13619793 13619797
13760780 13760783
13688942 13688946
13561092 13561098
13561120 13561124
13643845 13643849
13561132 13561136
13696318 13696322
13675656 13675660
13733218 13733221
13711188 13711192
13692300 13692303
13729008 13729012
13771747 13771750
13629855 13629859
13691774 13691779
13618291 13618295
13683295 13683298
13716053 13716056
13561300 13561305
13762361 13762366
13561340 13561343
13561323 13561328
13670342 13670347
13671296 13671299
13636839 13636843
13686480 13686483
13645234 13645239
13564712 13564715
13630797 13630800
13641251 13641254
13560820 13560830
13682899 13682903
13630588 13630590
13561495 13561501
13636940 13636944
13561511 13561515
7217227 7217346
13670928 13670933
13561524 13561530
13750946 13750948
13636025 13636029
13561626 13561632
13561661 13561664
13561857 13561860
13561878 13561883
13691902 13691905
13562118 13562122
13766911 13766916
13708786 13708790
13562184 13562188
13562193 13562197
13562330 13562334
13611933 13611937
13693251 13693253
13695546 13695549
13659460 13659463
13562445 13562449
13562463 13562467
4107906 4256480
13749061 13749064
13562630 13562633
13706820 13706822
13589573 13589576
13760286 13760290
13633670 13633674
13562714 13562718
13562707 13562710
13618763 13618767
7217225 7217319
13610430 13610434
13615247 13615251
13698271 13698275
13749270 13749272
13562767 13562770
13562834 13562839
13663251 13663254
13673880 13673884
13562986 13562990
13563028 13563033
13563042 13563046
13726327 13726331
13563267 13563271
13563230 13563234
13563243 13563247
13563259 13563262
13612371 13612375
13741038 13741041
13617915 13617918
13568964 13568966
13563371 13563375
13754433 13754436
13772040 13772043
13697330 13697334
13563388 13563392
13633766 13633768
13730760 13730763
13696124 13696127
13688599 13688603
13697257 13697261
13570324 13570328
13615851 13615855
13563595 13563599
13697750 13697753
13617930 13617934
13617035 13617038
4415184 4463092
13563606 13563609
13564801 13564805
13617729 13617733
13563614 13563618
13563626 13563630
13636535 13636539
13616676 13616680
13651759 13651763
13750869 13750872
13563696 13563700
13698458 13698462
13563742 13563745
13672224 13672228
13563785 13563789
13563811 13563815
13563858 13563863
13648074 13648078
13725980 13725984
13670797 13670800
13563937 13563942
13563913 13563917
13563925 13563929
13563986 13563990
13564048 13564052
13543660 13543673
13579837 13579840
13774849 13774853
13564156 13564160
13690996 13690999
13646248 13646252
13560786 13560803
13608381 13608383
13724866 13724871
13604085 13604087
13700190 13700194
13564918 13564926
13564835 13564840
13632104 13632106
13564939 13564942
13710568 13710571
13714312 13714316
13690934 13690937
13749088 13749092
13564969 13564974
13617215 13617218
13599332 13599335
13708651 13708653
13655819 13655829
13695963 13695967
13600301 13600303
13559753 13559756
13589382 13589386
13655083 13655086
13690456 13690458
13655091 13655094
13559950 13559954
13559964 13559967
13559983 13559986
13559996 13559998
13560002 13560005
13560020 13560024
13589433 13589435
13629955 13629957
13595284 13595289
13598902 13598905
13560015 13560017
13565498 13565501
13641222 13641225
22323620 22323621
13741203 13741205
13659174 13659177
13631273 13631275
8774477 8774488
10038824 10038830
13725022 13725026
13712361 13712366
13611653 13611657
13683399 13683405
13618810 13618814
13700699 13700703
13567416 13567420
13619209 13619213
13567447 13567450
13619593 13619602
13567775 13567777
13567780 13567784
13645542 13645545
13692367 13692371
13568112 13568116
13742498 13742502
13660445 13660447
13731658 13731662
13716361 13716367
13595683 13595686
13682648 13682651
13562430 13562438
13721107 13721111
13568753 13568755
13663094 13663096
13782760 13782763
13617402 13617405
13715636 13715641
13672633 13672637
13731850 13731854
13636568 13636572
13764991 13764993
13723048 13723050
13642984 13642987
13715814 13715818
13686384 13686387
13754447 13754451
13700889 13700893
13685486 13685490
13726230 13726233
13702623 13702626
13696598 13696602
13687669 13687673
13777139 13777143
13569326 13569329
13719809 13719812
13687772 13687775
13752927 13752931
13751897 13751901
13714200 13714203
13799279 13799282
13729799 13729802
13683741 13683745
13570114 13570118
13570133 13570138
13748499 13748503
281433 789932
13728987 13728990
13764057 13764061
13779397 13779400
13781404 13781407
13721611 13721614
13773146 13773150
13778380 13778384
13599120 13599122
13727096 13727100
13731917 13731921
13766415 13766419
13765283 13765286
13766399 13766402
13765292 13765296
13725247 13725249
13777678 13777682
13570625 13570628
13693506 13693510
13623772 13623776
13623572 13623575
13653251 13653255
7771532 7771541
13752983 13752987
13711175 13711178
13571067 13571070
13774744 13774748
13700584 13700588
9508874 9508930
13643949 13643952
13571090 13571094
13610973 13610976
13687389 13687393
13777660 13777665
9508873 9508920
13643459 13643463
13618262 13618265
13613063 13613068
5707747 5707774
2925257 3462996
13560073 13560076
13690708 13690711
13589405 13589407
13643911 13643915
13645552 13645554
10041572 10041576
13572484 13572488
13775157 13775160
13696752 13696756
13634988 13634992
13711119 13711123
13615034 13615038
13690078 13690082
13767411 13767415
13771707 13771710
13722366 13722370
13643470 13643474
13758996 13758999
13610481 13610484
13573759 13573763
13754728 13754731
13693737 13693740
13750496 13750499
13747658 13747662
13693497 13693500
13685074 13685078
10045210 10045215
13756471 13756474
7217226 7217334
13623541 13623545
13700344 13700348
13763105 13763109
13765044 13765048
13670039 13670042
13616106 13616113
13597426 13597443
13766651 13766655
13574625 13574629
13763465 13763469
13574913 13574918
13683886 13683889
13574894 13574898
13574928 13574930
13696903 13696906
13610950 13610954
13714208 13714211
13669716 13669720
13575118 13575123
13643590 13643592
13572534 13572547
13697673 13697677
13777415 13777418
13779785 13779789
13779810 13779814
13778484 13778488
7747643 7747648
13779798 13779802
13669781 13669784
13575619 13575622
13623567 13623569
11102774 11102784
13660125 13660128
13639762 13639765
9508871 9508887
13629671 13629680
13696430 13696434
13581972 13581977
13598490 13598492
13596931 13596935
13596805 13596807
13707674 13707677
13614921 13614925
13732238 13732240
13636447 13636451
13716494 13716497
13724444 13724446
13700819 13700823
13787362 13787365
13698636 13698640
13576669 13576673
13576823 13576825
13696912 13696916
13616751 13616754
13667512 13667514
13564302 13564308
13686287 13686290
13691915 13691918
13621037 13621039
22323622 22323623
13751146 13751150
13693383 13693386
13723832 13723835
13554432 13554436
13553247 13553252
13582446 13582451
13580466 13580470
13641408 13641411
5980285 5980336
13720863 13720866
13715758 13715761
13671757 13671759
13715751 13715754
13782709 13782712
13667543 13667545
13582310 13582313
13673627 13673631
13583135 13583138
13583233 13583237
13702716 13702720
13597765 13597767
13684888 13684892
13619319 13619323
13722382 13722386
13544640 13544651
13583793 13583795
13656406 13656409
13583905 13583907
13584148 13584152
13584161 13584164
13584278 13584282
13601044 13601047
13617066 13617068
13717953 13717957
13534867 13534871
13640682 13640686
13584825 13584828
13684748 13684752
13658914 13658918
13636978 13636992
13591999 13592001
11102767 11102775
13579866 13579869
13701024 13701028
13584908 13584912
13701989 13701992
13584919 13584923
13617985 13617988
13618007 13618009
13701041 13701044
13618842 13618845
13715315 13715317
10046171 10046174
13617677 13617681
13702100 13702102
13751511 13751514
13617275 13617278
13618799 13618805
13617071 13617074
13752124 13752126
13624363 13624365
13624352 13624354
13641400 13641403
13599399 13599404
7217228 7217356
13699826 13699829
13616923 13616927
13658774 13658777
13763399 13763402
13641446 13641450
13798753 13798756
13586042 13586046
13691479 13691482
13697341 13697344
7217231 7217383
13675933 13675937
13664824 13664827
13539749 13539766
13539664 13539668
13778050 13778054
13570252 13570257
3560765 3901146
13657922 13657924
10044953 10044959
13798267 13798271
13558155 13558157
13800221 13800223
13667480 13667487
13539064 13539069
13654597 13654601
13689581 13689583
13699787 13699790
13538491 13538496
13752020 13752024
13542146 13542149
13538450 13538454
13783294 13783297
13618390 13618394
10782634 10782642
13690401 13690405
10046824 10046829
13749032 13749035
13645029 13645032
13580482 13580485
13582290 13582293
13617203 13617207
13566644 13566649
13767969 13767972
13723552 13723555
13774333 13774336
13797594 13797597
13542246 13542249
13676914 13676917
13811553 13811556
13544626 13544632
13560952 13560960
13638398 13638401
13639967 13639969
13690460 13690464
13733841 13733844
13613410 13613413
13758679 13758682
13644327 13644329
13756500 13756504
13741697 13741700
13537665 13537669
13641140 13641144
13764109 13764117
13765575 13765577
13762005 13762008
13563576 13563582
13599320 13599324
13615165 13615169
13765927 13765931
13681961 13681964
13673420 13673423
13535840 13535844
13691952 13691956
13778009 13778013
13692911 13692915
13659011 13659015
13709299 13709302
13562561 13562565
13799428 13799431
13798654 13798657
13574222 13574226
13545859 13545863
13720134 13720137
13651986 13651988
13755008 13755012
13799460 13799463
10041744 10041750
13537698 13537701
13542004 13542011
13542047 13542049
13535462 13535465
13543611 13543621
13545700 13545704
13545812 13545815
13546009 13546012
13546220 13546222
13536142 13536145
13543034 13543037
13539257 13539264
13539541 13539544
13539295 13539297
13545283 13545288
13767454 13767457
13540300 13540303
13543518 13543522
13549259 13549263
13733981 13733983
13749275 13749277
13541517 13541519
13546860 13546863
13536050 13536054
13539165 13539169
6887985 6887998
13544359 13544363
8084272 8084389
13544869 13544873
13712246 13712250
10918517 10918532
13537495 13537501
13537769 13537772
13537781 13537784
13538402 13538407
13538521 13538524
13538796 13538799
13538877 13538884
13539989 13539993
13543106 13543110
13544217 13544221
13544638 13544642
13544895 13544899
13546458 13546462
13548025 13548029
13548537 13548541
13548752 13548756
13541086 13541090
13535393 13535396
13535273 13535277
5126777 5126786
13803420 13803422
13550496 13550500
13550670 13550674
13550703 13550707
13551159 13551162
13551548 13551551
13551842 13551845
13552098 13552100
13552840 13552844
13553323 13553328
13554461 13554464
13554491 13554495
13554505 13554508
13555286 13555289
13555985 13555987
13556344 13556347
13557048 13557052
13557659 13557661
13558071 13558075
13558740 13558745
13560863 13560867
13778520 13778523
13561171 13561177
13559386 13559388
13551431 13551435
10039659 10039665
13760391 13760394
13551619 13551623
13555306 13555321
13555304 13555308
10044471 10044476
13561987 13561991
13562224 13562227
13562355 13562359
13565183 13565187
13567402 13567406
13563485 13563489
13564124 13564128
13564614 13564617
10046953 10046958
13565610 13565613
13567034 13567038
13567070 13567074
13567432 13567435
13567937 13567940
13565156 13565162
13566253 13566258
13571454 13571457
13571477 13571480
13572507 13572510
13754534 13754538
13573127 13573129
13573243 13573246
13574976 13574979
13574995 13574999
2987382 3503058
13577975 13577977
13575823 13575827
13576853 13576857
13578615 13578617
13579128 13579131
13579194 13579197
13579276 13579279
13580279 13580281
13580911 13580913
13582388 13582390
13582794 13582796
13581568 13581571
12176389 12176407
13584599 13584603
13584739 13584741
13584786 13584802
13584783 13584788
13588347 13588350
13588503 13588505
13588735 13588739
13586363 13586366
13586741 13586751
13586841 13586845
13586899 13586902
13588065 13588067
13588099 13588107
13591357 13591361
13591387 13591389
13591483 13591486
13591574 13591576
13588964 13588966
13589017 13589020
13589275 13589278
13721279 13721281
733378 1504745
13592788 13592792
13593053 13593055
13594503 13594505
10553332 10553338
13596987 13596992
13595830 13595833
13595715 13595717
13593333 13593360
13594791 13594794
13596837 13596840
13592750 13592754
13594851 13594853
13593381 13593383
13595279 13595281
13598704 13598706
13598808 13598810
13599146 13599152
13602254 13602257
13600961 13600965
10621262 10621290
13599046 13599049
13601592 13601594
13599868 13599871
13598464 13598468
13600353 13600356
13603282 13603286
10544081 10544088
13605815 13605819
13603082 13603086
13604098 13604101
13684528 13684530
13603825 13603828
13603152 13603154
13604465 13604468
13605415 13605418
13606617 13606619
13609893 13609896
13543768 13543779
13605933 13605936
13611551 13611554
13612814 13612817
13610084 13610087
13612330 13612334
13610227 13610231
13612613 13612616
13613403 13613405
13616714 13616717
13617100 13617103
13615178 13615182
13615947 13615951
13616196 13616198
13616761 13616764
13619498 13619501
13619247 13619249
13618472 13618475
13620481 13620498
13535528 13535532
13621784 13621787
13618945 13618948
13620387 13620390
13620868 13620870
13618797 13618800
13623243 13623245
13735014 13735016
13623360 13623362
13625532 13625536
13622040 13622044
13623037 13623040
13624013 13624016
13626481 13626483
13622318 13622320
13620467 13620472
13601515 13601518
13616651 13616655
13790154 13790156
13629966 13629969
13627943 13627947
13626905 13626908
13629142 13629144
13627338 13627341
13630286 13630289
13629670 13629676
13630728 13630732
13630876 13630879
13564528 13564536
13635486 13635490
13632967 13632973
13635877 13635880
13540642 13540644
13634437 13634440
13634159 13634163
13631719 13631721
13637509 13637512
13635885 13635890
13637348 13637352
13638949 13638954
13638437 13638441
13635904 13635907
13636780 13636783
13637554 13637558
13637164 13637168
13639533 13639535
13641175 13641177
13641977 13641980
13640538 13640543
13640959 13640963
13641954 13641957
13635931 13635933
13643653 13643655
13643375 13643378
13642772 13642775
13643421 13643424
13644015 13644019
13642044 13642048
13643450 13643453
13642931 13642934
13643040 13643042
13643497 13643501
13646895 13646898
13645746 13645749
13647589 13647592
13644845 13644847
13645021 13645024
13645406 13645410
13644578 13644581
13589529 13589533
13647300 13647303
13596092 13596096
13648820 13648824
13651646 13651649
13651694 13651698
13652270 13652273
13655242 13655247
13657794 13657796
13654543 13654546
13653610 13653613
13655729 13655733
13655953 13655957
13654241 13654243
13657249 13657251
13656852 13656856
13593167 13593173
13657631 13657633
13656386 13656389
13656570 13656572
13799648 13799650
13568609 13568612
13819643 13819646
13800003 13800005
13846646 13846649
13658791 13658795
13659333 13659337
10046730 10046735
13659303 13659305
13570446 13570457
13660345 13660349
13659895 13659897
13661743 13661746
13660429 13660431
13660905 13660907
13661930 13661934
13663205 13663212
13663129 13663132
13655463 13655467
13665044 13665046
13665249 13665254
13664185 13664188
13583164 13583167
13657541 13657550
13667000 13667002
13667289 13667292
13665560 13665562
13665940 13665943
13665822 13665824
13670081 13670083
13672082 13672086
13668250 13668253
13669773 13669776
13670477 13670480
13671154 13671158
13668713 13668718
13671221 13671225
13674187 13674189
13676298 13676300
13602658 13602667
13581911 13581924
13677483 13677485
13673596 13673598
13678443 13678446
13674064 13674068
10036542 10036547
13672780 13672782
13675793 13675796
13678866 13678870
13679843 13679849
13680924 13680926
13685596 13685599
13685498 13685502
13682864 13682867
13604407 13604415
13685650 13685652
13621800 13621806
13672895 13672901
13683162 13683166
13689881 13689884
13689714 13689716
13687173 13687176
13635997 13636001
13660209 13660212
13690776 13690779
13690662 13690664
13690599 13690602
13693601 13693604
13691112 13691114
13692040 13692043
13694364 13694367
10036691 10036695
13695680 13695682
13700023 13700026
13697933 13697937
13698715 13698719
13695777 13695779
13699713 13699716
13700056 13700059
13699072 13699075
13702365 13702368
13700326 13700329
13611391 13611396
13702337 13702339
13702679 13702682
13597222 13597230
13701412 13701415
13703168 13703171
13701612 13701615
13700334 13700337
13702929 13702933
13753785 13753789
13701459 13701462
13767993 13767995
13733160 13733162
13704013 13704015
13703392 13703397
13703462 13703465
13703322 13703324
13703643 13703646
13703471 13703474
13630533 13630537
13686971 13686975
13708183 13708187
13709306 13709309
13791695 13791697
13709313 13709315
13708088 13708092
13709624 13709626
13710921 13710923
7217219 7217273
13793108 13793111
13710976 13710978
13851856 13851858
13711050 13711052
13572626 13572632
13710121 13710123
13711614 13711616
13711676 13711679
13711818 13711822
13711078 13711080
7217232 7217394
13550524 13550544
13711696 13711698
13712780 13712782
13713471 13713473
13715974 13715978
13717602 13717605
13715936 13715939
13717414 13717417
13713779 13713782
13600951 13600955
13718648 13718651
13713870 13713872
13712821 13712824
13718655 13718657
3663755 3966799
13721296 13721299
13683503 13683510
13719335 13719338
13684771 13684776
13720125 13720128
13722188 13722191
13724973 13724977
13723105 13723109
13726846 13726850
13723783 13723785
13538383 13538393
13724452 13724454
13613034 13613038
13722997 13722999
13722889 13722891
10568344 10568351
13686359 13686363
13726297 13726299
13820543 13820546
13820551 13820554
13820558 13820561
13729170 13729172
13728031 13728033
13715870 13715874
13728976 13728979
13727993 13727996
13729063 13729065
13728209 13728212
13565222 13565256
13538585 13538589
13733210 13733212
13733735 13733737
13733188 13733190
13733068 13733070
13733533 13733535
13732158 13732162
13733582 13733584
13732505 13732508
13733029 13733031
13732495 13732497
13739045 13739048
13578694 13578700
3663756 3966807
13736104 13736106
13755512 13755516
13737580 13737582
13735624 13735626
13735582 13735584
13740084 13740087
13739952 13739954
13553500 13553509
13740674 13740676
13797427 13797430
13740353 13740356
13740199 13740202
13741015 13741017
13741271 13741275
13741251 13741254
13741241 13741244
13741517 13741520
13741286 13741288
13741291 13741293
13741419 13741422
13741172 13741175
13535253 13535255
13581692 13581702
13747045 13747048
13746142 13746144
13746099 13746102
13742740 13742742
13676890 13676893
13676892 13676897
13725219 13725221
10612970 10612976
13569763 13569782
13743130 13743134
13744791 13744795
13744758 13744761
13748117 13748119
13748635 13748637
13748659 13748662
13747334 13747336
13748755 13748757
13748766 13748768
13748982 13748984
13749046 13749049
13748864 13748867
13749207 13749209
13748966 13748969
13749027 13749029
13749131 13749135
13749184 13749187
13753180 13753182
13751720 13751722
13539184 13539193
13750746 13750750
13750601 13750605
13751421 13751424
13751944 13751946
13751953 13751956
13750877 13750880
13753193 13753195
13752974 13752977
13752139 13752142
13751735 13751737
13754392 13754396
13551780 13551790
13593037 13593041
13753492 13753494
13755540 13755543
13596044 13596048
13564860 13564864
13761673 13761675
13762831 13762835
13761844 13761847
13759879 13759884
13762724 13762726
13760212 13760214
13760547 13760549
13761479 13761482
13628684 13628694
13621133 13621137
13758659 13758662
13756068 13756071
13758196 13758199
13755654 13755657
13759894 13759896
13642102 13642106
13756918 13756920
13559233 13559237
13758097 13758100
13763043 13763046
13544339 13544346
13765711 13765713
13765949 13765951
13765465 13765467
13765872 13765876
13764312 13764315
13766215 13766219
13763525 13763529
13766784 13766787
13764687 13764690
13765274 13765277
13766117 13766120
13541101 13541107
13769647 13769650
13696567 13696571
13768424 13768427
13770539 13770542
13770183 13770186
13768123 13768126
13771131 13771134
13769524 13769527
13712375 13712381
13642361 13642365
13769917 13769920
13775205 13775207
13773638 13773642
13775170 13775172
13729081 13729084
13725636 13725640
13773499 13773502
13772977 13772980
13772899 13772901
13672978 13672982
13719895 13719901
13779430 13779434
13781875 13781877
13777307 13777309
13731059 13731064
13782013 13782017
13775464 13775468
13782189 13782193
13784760 13784762
13783025 13783028
13785344 13785346
13660550 13660554
13783909 13783913
13784484 13784486
13782086 13782089
13695117 13695129
13786748 13786750
13786735 13786737
13786407 13786410
13540271 13540278
13592055 13592060
13786181 13786183
13787469 13787471
13786340 13786342
13787507 13787511
13785775 13785777
13786365 13786367
13785876 13785878
13791048 13791050
13791143 13791145
13791210 13791212
13790000 13790002
13791037 13791045
13790167 13790170
13791311 13791313
13643196 13643212
13792992 13792995
13795629 13795631
13594059 13594067
13792833 13792835
13796001 13796003
13792549 13792551
13791908 13791911
13794523 13794526
13792602 13792604
13656360 13656363
13796027 13796030
13796896 13796899
13632121 13632126
13807745 13807748
13808273 13808275
13807861 13807864
13792771 13792774
13568856 13568859
13710768 13710772
13808613 13808615
13569559 13569566
13826787 13826790
13811535 13811539
13788930 13788934
13813643 13813647
13562281 13562296
13732278 13732282
13724869 13724880
13813291 13813295
13779872 13779874
13633427 13633430
13606973 13606975
13662392 13662394
13821703 13821706
13548491 13548497
13681779 13681782
13632956 13632958
13783111 13783114
13535209 13535212
13543000 13543005
13551641 13551644
13552388 13552391
13552991 13553010
13749152 13749154
13556413 13556417
13557956 13557958
13660119 13660121
13565293 13565295
13565813 13565815
13565831 13565833
13691175 13691177
13594563 13594565
13566673 13566675
13568204 13568206
13596552 13596556
13581066 13581068
13749372 13749374
13610785 13610789
13603406 13603410
13791117 13791119
13713081 13713083
13642313 13642317
13646447 13646451
13664724 13664728
13646742 13646744
13543308 13543315
13656719 13656721
13674600 13674604
13766407 13766410
13795615 13795618
13649320 13649322
13743173 13743175
13570445 13570452
13655636 13655640
13664409 13664411
13665019 13665021
13674113 13674116
13667146 13667148
13769173 13769175
13669138 13669140
13665405 13665407
13695976 13695978
13698868 13698871
13709858 13709861
13707864 13707866
13711131 13711133
13749828 13749832
13749399 13749402
13761985 13761988
13761301 13761303
13767347 13767349
13778915 13778918
13774629 13774633
13791016 13791018
13797132 13797135
13632055 13632062
13792297 13792301
13808025 13808027
13801143 13801146
13809159 13809162
13766794 13766799
13758233 13758236
13803285 13803287
13817792 13817794
13820677 13820679
13712946 13712954
13820002 13820006
13810453 13810456
12176404 12176417
4969874 4969884
13536920 13536922
13540414 13540416
13542002 13542005
13543609 13543613
13545871 13545873
13556326 13556328
13558829 13558831
13559826 13559828
13559945 13559947
13559978 13559980
13560037 13560041
13560406 13560408
13562646 13562649
13565020 13565022
13566318 13566320
13568544 13568548
13581087 13581089
13608338 13608340
13586739 13586743
13595358 13595361
13696430 13696435
13562836 13562848
13603198 13603200
13604623 13604627
13607974 13607977
13608343 13608345
13619109 13619111
13620480 13620491
13624343 13624345
13624393 13624396
13629668 13629672
13630365 13630367
13630972 13630974
13631032 13631034
13632249 13632251
13632453 13632456
13637065 13637067
13641432 13641434
13645600 13645602
13646725 13646727
13535756 13535758
13641234 13641236
13649087 13649089
13655523 13655525
13660067 13660070
13664465 13664467
13658700 13658703
13665586 13665592
13668616 13668618
13606633 13606637
13661626 13661629
13653493 13653495
13666869 13666871
13665418 13665420
13664899 13664901
13707570 13707572
13825178 13825181
13678909 13678913
13680947 13680949
13769173 13769176
13681502 13681504
13690591 13690593
13690736 13690739
13690911 13690913
13691076 13691079
13691083 13691085
13703596 13703598
13708016 13708018
13708078 13708080
13708083 13708085
13708402 13708404
13708484 13708486
13708809 13708811
13709781 13709783
13709965 13709967
13709970 13709972
13712476 13712478
13715427 13715429
13729927 13729929
13730333 13730335
13732795 13732797
13732835 13732837
13733483 13733485
13733556 13733558
13620609 13620612
13741342 13741344
13748524 13748526
13748529 13748531
13748675 13748677
13748679 13748681
13748683 13748685
13748788 13748790
13748876 13748878
13749057 13749059
10038870 10038872
13749318 13749320
13749354 13749356
13749390 13749392
13755628 13755632
13756049 13756051
13758287 13758289
13759825 13759827
13759879 13759885
13764107 13764110
13765822 13765825
13610806 13610809
13721693 13721704
13773656 13773658
13782115 13782117
13782246 13782248
13791225 13791227
13791266 13791268
13791379 13791381
13791470 13791472
13793118 13793120
13734560 13734563
13797314 13797317
13807989 13807991
13808100 13808102
13808872 13808874
13808845 13808847
13535970 13535981
13613570 13613574
13780517 13780520
13750065 13750069
13637788 13637791
13639807 13639809
13776551 13776553
13821275 13821278
13808508 13808510
13768939 13768941
13672172 13672175
13797175 13797179
13812840 13812842
13787007 13787010
13748993 13748996
13824783 13824787
13814575 13814578
13651045 13651048
13539529 13539533
13575783 13575786
13802049 13802052
13781594 13781598
13809785 13809788
13814245 13814247
13644279 13644282
4291706 4376372
13800178 13800180
13770756 13770759
13800741 13800743
13598953 13598956
13814036 13814038
13573581 13573585
13666104 13666106
13791581 13791583
13785608 13785610
13691014 13691016
13658821 13658823
13787038 13787042
13652434 13652436
13820655 13820657
13680894 13680896
13649531 13649535
13710478 13710483
13724593 13724596
22323625 22323626
13686357 13686360
13615700 13615704
13661189 13661191
13812118 13812122
13725072 13725076
13690729 13690732
13690028 13690032
13813967 13813969
13803363 13803365
13734640 13734643
13761418 13761421
13820722 13820726
13729776 13729778
13612739 13612743
13700143 13700146
13801860 13801863
13584515 13584519
13821694 13821697
13550147 13550152
13764123 13764127
13793270 13793274
13606292 13606295
13822102 13822105
13802880 13802884
13717665 13717668
13802498 13802500
13729635 13729639
13694810 13694813
13765975 13765977
13813942 13813945
13803662 13803666
13834399 13834401
13589421 13589423
13545035 13545037
13544883 13544886
13550654 13550657
13552989 13552995
13554678 13554681
13555258 13555260
13558065 13558067
13559592 13559598
13812683 13812686
13561427 13561430
13566296 13566301
13568726 13568728
13570751 13570755
13560064 13560066
13571951 13571953
13573176 13573181
13573717 13573721
13577805 13577808
13579900 13579904
13582626 13582630
13585196 13585200
13592333 13592336
13599413 13599417
13592844 13592846
13593526 13593529
13602474 13602477
13590019 13590023
13596208 13596212
13599017 13599020
13604529 13604532
13604861 13604864
13682026 13682028
13605961 13605964
13608367 13608369
13737172 13737175
13813275 13813277
13617786 13617790
13616505 13616509
13613581 13613585
8090008 8090026
13755324 13755327
13755326 13755330
13618750 13618754
13628737 13628740
13621021 13621023
13624470 13624472
13623234 13623237
13616457 13616459
13640022 13640024
13636116 13636120
13631386 13631390
13634263 13634267
13630604 13630608
13632672 13632674
13638526 13638530
13640082 13640084
13632407 13632409
13657225 13657227
13656669 13656672
13641284 13641288
13654929 13654931
13654963 13654965
13651543 13651546
13657583 13657585
13594782 13594784
13662482 13662484
13661298 13661301
13659121 13659124
13682488 13682491
13657640 13657642
13758877 13758879
13660376 13660378
13659506 13659510
13664470 13664472
13666476 13666478
13682356 13682358
13678630 13678632
13684684 13684688
13669946 13669948
13554203 13554207
13690248 13690251
13668753 13668756
13671576 13671580
13671837 13671841
13698829 13698833
10037273 10037277
13812569 13812573
13695554 13695557
10038100 10038105
13692174 13692176
13690656 13690659
13691035 13691038
13691721 13691724
13694395 13694397
13704419 13704421
13703579 13703583
13704952 13704954
13704507 13704510
13704956 13704958
13703111 13703114
13703702 13703706
13704894 13704896
13706906 13706908
13707593 13707595
13706702 13706705
13707501 13707503
13822470 13822473
13694672 13694675
13656254 13656256
13767853 13767856
13691439 13691444
13690414 13690418
13694567 13694571
13555637 13555641
13696461 13696465
13756426 13756428
7217238 7217447
13690065 13690070
13710838 13710841
13727408 13727411
13823110 13823113
13563835 13563839
13671946 13671949
13661641 13661644
13561160 13561162
13785578 13785581
13822530 13822533
13830535 13830539
13596829 13596832
13547180 13547185
13684279 13684285
13791711 13791715
13708506 13708509
13687622 13687626
13824104 13824108
13840795 13840797
22323627 22323628
13765943 13765945
13627977 13627980
13785890 13785892
13801052 13801055
13708425 13708431
13782531 13782535
13559879 13559884
13620275 13620278
13820283 13820285
13574240 13574244
13562894 13562899
13649744 13649749
13780591 13780595
13767544 13767546
13789983 13789986
13820806 13820809
13837465 13837468
13819411 13819414
13823765 13823768
13819492 13819495
13572271 13572274
13684305 13684311
13804109 13804111
13823354 13823357
13796248 13796251
13732353 13732357
13775960 13775962
13798784 13798787
13814558 13814560
13831396 13831398
13823865 13823867
13766097 13766101
13787279 13787282
13813501 13813504
13576483 13576487
13695855 13695858
13648908 13648913
13793883 13793886
13754775 13754779
13830628 13830630
13740315 13740318
13719305 13719308
13838827 13838830
13638291 13638295
13594992 13594998
13762632 13762637
13755768 13755771
13797332 13797335
13536734 13536736
13641855 13641858
13718771 13718774
13755731 13755735
13823593 13823595
13670356 13670359
13822296 13822298
13806090 13806093
13831269 13831271
13790413 13790415
13819629 13819632
13820813 13820816
13589384 13589392
13690081 13690089
13787070 13787074
13719453 13719456
13822062 13822064
13842808 13842811
13791605 13791608
13780529 13780533
13618064 13618067
13768035 13768038
13690234 13690238
13543018 13543024
13714481 13714484
13568912 13568915
13558911 13558915
13846962 13846964
13573050 13573055
13619260 13619263
13564872 13564875
13617647 13617652
13758668 13758672
13760940 13760943
13563299 13563304
13790350 13790353
13831489 13831492
13729958 13729963
13831101 13831103
13803805 13803808
13670721 13670725
13793696 13793699
10039305 10039309
13848738 13848740
13790600 13790602
13802391 13802395
13827656 13827658
13781097 13781101
13834352 13834354
13837452 13837455
13798914 13798916
13790485 13790488
13813492 13813495
13831142 13831144
13830818 13830821
13802141 13802145
13790626 13790628
13848867 13848870
13765500 13765502
13811915 13811918
13538962 13538966
13632789 13632793
13574939 13574943
13693209 13693214
13583858 13583862
13732346 13732349
13815360 13815362
13854582 13854584
13782364 13782367
13837140 13837143
13848720 13848722
13697040 13697043
13817918 13817920
13803696 13803699
13804623 13804625
298331 822302
13658867 13658871
13852020 13852022
13537747 13537749
13542930 13542933
13671080 13671083
13845198 13845200
13831502 13831504
13843608 13843611
13561212 13561216
13847190 13847193
13784034 13784038
13841127 13841130
13790293 13790296
13714123 13714128
13797368 13797371
13841651 13841653
13793651 13793654
13765532 13765534
13712302 13712307
13687600 13687605
13655688 13655697
13793242 13793245
13790555 13790557
13647997 13648001
13837586 13837589
13852042 13852044
13729888 13729892
13750651 13750655
13820778 13820780
13831171 13831173
13611371 13611374
13790606 13790608
13798481 13798485
13804285 13804288
13733513 13733516
13806145 13806148
13764493 13764497
13791700 13791704
13542960 13542964
13747245 13747248
13796918 13796921
13830307 13830310
13858152 13858156
13708557 13708559
13802841 13802843
13798436 13798441
13850170 13850172
13581975 13581988
13759004 13759008
7217230 7217374
13822067 13822070
13790378 13790380
13611560 13611563
13820336 13820338
13842733 13842736
13814746 13814750
13693181 13693184
13814132 13814134
13830529 13830532
13793606 13793609
13834527 13834529
13830301 13830303
13803828 13803830
13709999 13710001
13797508 13797511
13823562 13823564
13767709 13767713
13768259 13768262
13697786 13697790
13834618 13834621
13781681 13781684
4998623 4998632
13564916 13564919
13842621 13842624
13831401 13831403
13840717 13840719
13842704 13842707
13832433 13832436
13803202 13803206
13748332 13748335
13620193 13620197
13565547 13565549
13738742 13738744
13738199 13738201
13831391 13831393
13847260 13847262
13697707 13697713
13850221 13850224
13729029 13729033
13548881 13548885
13826614 13826617
13727520 13727526
13842467 13842470
13615153 13615157
13835061 13835063
13831285 13831287
13832011 13832014
13698286 13698289
13855752 13855754
13790644 13790646
13831537 13831539
13551399 13551403
13779423 13779426
13753734 13753738
13769447 13769450
13844151 13844154
13834522 13834524
8034515 8034539
13830316 13830320
13549963 13549967
13852483 13852485
13821321 13821324
13841157 13841160
13743577 13743579
13738205 13738208
13797170 13797172
13756409 13756415
13560851 13560855
13844949 13844953
13838733 13838736
13793613 13793616
13669981 13669984
13797660 13797663
13755396 13755400
13831300 13831303
13570915 13570938
13623200 13623203
13859872 13859874
13641521 13641534
13771069 13771072
13841643 13841645
13849392 13849394
13840737 13840741
13843595 13843598
13725758 13725761
13831321 13831323
13737792 13737795
13834856 13834858
13801099 13801103
13791613 13791616
13537894 13537901
13765588 13765590
13790688 13790690
13827847 13827849
13744578 13744582
13827682 13827686
13726198 13726202
10043048 10043051
13838183 13838186
13815065 13815068
13807257 13807260
13860697 13860699
13705061 13705063
13848672 13848674
13798280 13798283
13765982 13765984
13850550 13850552
13804367 13804369
13865261 13865263
13775976 13775979
13806138 13806141
13832209 13832211
13563877 13563880
13578272 13578282
13587328 13587338
13849249 13849251
13849279 13849281
13832506 13832508
13738150 13738153
13843585 13843588
13844114 13844116
13785514 13785517
13832073 13832075
13678940 13678943
13837348 13837351
13830270 13830273
13837183 13837186
13831764 13831766
13849597 13849600
13844187 13844190
13783747 13783750
13790592 13790595
13776257 13776260
13557382 13557386
13732849 13732852
13565669 13565674
13825084 13825087
13631944 13631948
10043624 10043628
13832358 13832360
13767042 13767046
13863430 13863432
13746842 13746845
13831641 13831644
13831469 13831472
13832821 13832823
13790547 13790549
13736280 13736284
13790525 13790527
13690645 13690648
13800269 13800272
13812811 13812815
13812043 13812046
13718516 13718520
13763811 13763816
13865521 13865524
13837578 13837581
13865450 13865453
13865220 13865222
13778992 13778995
13777131 13777133
13623901 13623905
13765603 13765607
13724370 13724373
13799258 13799261
13847590 13847593
13833708 13833710
13783150 13783152
13800166 13800169
13684046 13684050
13833309 13833311
13865693 13865695
13838075 13838078
13640831 13640835
13615403 13615406
13712974 13712976
13843998 13844001
13833017 13833020
13795224 13795227
13863454 13863456
13790389 13790391
13782906 13782910
13604291 13604293
13815509 13815512
13724987 13724989
13842170 13842172
13843280 13843283
13866013 13866015
13838516 13838518
13849533 13849535
13833501 13833503
13831944 13831946
13767020 13767023
13620244 13620247
13851937 13851940
13700508 13700511
13872983 13872985
13752009 13752012
13855716 13855718
13832903 13832905
13790373 13790375
13842351 13842353
13763264 13763268
13812702 13812705
13733539 13733542
13728112 13728116
13760886 13760890
13610492 13610497
13764074 13764076
13860627 13860630
13833314 13833316
13692234 13692238
13848752 13848754
13815533 13815535
13642227 13642231
13659308 13659310
22323629 22323630
13695274 13695276
13798416 13798418
13865305 13865308
13977570 13977572
13669996 13669998
13844667 13844670
13730315 13730318
13615968 13615972
13863419 13863421
13832375 13832377
13850703 13850705
13866066 13866068
13838401 13838404
13572329 13572333
13620294 13620297
13737974 13737976
13855646 13855648
13869139 13869142
13767944 13767949
10043615 10043618
13844555 13844558
13822047 13822051
13855422 13855424
13865099 13865102
13790520 13790522
13832279 13832281
13866059 13866061
13865094 13865096
13849565 13849568
13821400 13821402
13696764 13696768
13832475 13832477
13849758 13849760
13803964 13803966
13841134 13841137
13831451 13831453
13540996 13541000
13813840 13813842
13700608 13700611
13691130 13691133
13852670 13852672
13738272 13738275
13771187 1654956
13621582 1102454
13535127 1655088
13667480 2824652
13535241 1207376
13609806 1525392
13601803 2083851
13690189 1271915
13642575 2066374
13769277 310514
13535426 3382379
13694984 2814557
13535438 3565610
13535510 2892906
13535734 2018326
13535744 780504
13678428 2891499
13791063 2892000
13609475 3244659
13535967 12163891
13629006 2124260
13536097 1290531
13536108 2592620
13591552 2385851
13591583 1929210
13782937 1666545
13766683 1138808
13636205 1140185
13685619 2814586
13611831 2382657
13606469 3315056
13710178 1138948
13537480 2924060
13537644 310455
13537682 121304
13537790 1666559
13652347 3565003
10041500 10041510
13637298 10187469
7217221 3075696
13779408 2413104
13538285 1462155
13537863 13065344
13537874 13537881
13537923 13436632
13537953 1666526
13537978 13537985
13637874 3359009
13636877 3677780
13715609 3394711
13538643 13538655
13785971 92625
13538435 1271921
13726187 1286935
13787627 4613358
13538992 356522
13534937 554376
13587322 573778
13539011 186032
13761720 571374
13642856 754052
13539089 754060
13587393 754048
13717434 753509
13753556 753506
13635705 753510
13749002 289880
13539586 486782
13727650 274642
13644152 238240
13541669 2150652
13767028 936067
13551583 235491
13539333 707463
13539612 610958
13558105 3747103
7217223 3358108
13677676 3075485
13569042 2083881
13653278 1502524
1965253 612774
8826106 844234
13724058 716000
13539702 311964
13759224 815777
13778062 2083907
13592196 229973
13720120 478151
13683220 542396
13674537 229977
13727629 731283
13592239 731318
13670875 7578899
13592261 1502544
13612508 3682454
13624296 2413369
13592278 157718
13592300 797172
13592361 1222223
13617306 1067440
13690168 1126613
10041832 473835
13540006 1213003
13619774 461975
13698259 13698264
13588365 2868436
13617341 270667
13613136 704831
13540693 785196
13540707 1138905
13648721 1138688
13540714 2777010
13693730 5507953
13673228 2150179
13540775 786123
13540647 279156
13540649 91777
13621152 575539
13540378 211923
13540791 1101348
13844961 11989875
13540828 11432305
13693258 138266
13630861 844296
13540655 310478
13648850 788845
13540237 310492
13765832 844324
13727279 234130
13608685 143979
4292968 454159
13641017 753669
13542053 153044
13592725 63835
13542058 453882
13645819 144133
13645924 1274183
13686766 239634
13780144 2891461
13542297 2149597
13645119 474649
13617329 57229
13536279 149939
13641604 1129816
13675953 1138935
13542911 149484
13668593 855628
13754007 470294
8282430 1112611
13683801 453248
13542937 601626
13593046 1473503
13640721 144572
13643979 36697
13542973 456412
13715277 310162
13691984 1546384
13642585 310405
13753414 61986
13728298 2150285
13543045 13543056
13629460 613385
13759913 2124157
10039116 10039125
13566634 1351936
13691137 61995
13543074 61996
13543161 2599977
13732403 2638980
13772177 148069
13676276 83066
13660416 763740
13588544 4016899
13702458 83068
13700574 233544
13543229 83048
13628834 83049
13690951 3594779
13671787 83051
13683808 83053
13543281 83070
13610299 83055
13628853 83057
13699670 83071
13543393 754046
13765379 417720
13765387 754072
13798128 1057430
13765937 783193
13765554 417708
13765482 163443
13765398 461842
13765999 469734
13765405 1178769
13765412 3467404
13765423 336416
13765430 479504
13765437 469802
13765514 591916
13798134 842121
13765525 486824
13765444 157234
13765451 196809
13765537 196808
13765458 1325164
13765568 2892721
13765955 1973160
13765471 2511501
13765962 1080979
5126782 1080980
13813735 198524
10046841 1552883
4972742 1212176
13543721 1336917
13544023 3179064
13544086 1145843
13544097 152504
4969875 56262
10046940 75845
13544164 1221452
13544229 616743
13544249 617773
13544599 1053437
13544624 2413374
13571665 2577245
13709950 3676273
13652371 276395
13604784 276313
13605699 782857
13748557 782839
13617867 276353
13665586 276329
13764452 38187
13544696 230968
13546902 178668
13565822 37121
13544911 13544919
13581764 2814643
13584748 2742982
13586208 13586216
13619234 163636
13545831 37724
13668591 163637
13545836 526066
13679441 163630
13668279 467715
13588649 163654
13545962 163638
13545997 163639
13679569 163640
13546073 2121929
13546233 232846
13774910 1115036
13649771 163618
13652006 1159026
13616989 163655
13759121 144009
13648923 163620
13643402 163641
13546252 163621
13749333 163643
13546298 163644
13610904 163645
9508872 399094
13633681 573814
13723119 501351
13610962 573788
13775673 509331
13749889 280409
13778762 595190
13691676 2150255
13707319 525922
13546584 235774
13611806 479745
13759209 200069
13702674 200070
13758704 2383256
13637176 164777
13689558 200062
13660193 502267
13642658 502259
13758848 502260
13716715 502261
13766202 2891308
9084698 484269
13714237 232560
13752038 2891942
13546994 3353531
13546825 3418518
13547001 9893054
13687449 178796
13546889 473190
13659655 2364253
13546912 597988
13707335 156925
13565364 239308
13709413 13494057
13547552 13547562
13547541 398524
13675522 206730
13719724 474936
13547799 435382
13726805 1115075
13587606 13587618
13547773 423693
13613046 158120
13547785 1107049
13633247 1129890
13643968 469703
13771057 45791
7217233 1998784
13612923 1926446
13547859 2445825
13547884 1132380
13724807 1076023
13600329 3382387
13619591 2347856
13548059 430192
13755034 85292
13767357 473441
13773767 2015781
4103579 1181715
13588843 1130587
13629589 308599
13588715 2347854
13714567 1653267
13673055 90722
13716083 841531
13588717 2347855
13561880 151534
13714498 92584
13650927 203687
13610859 492878
13620490 490229
13700619 1275221
13782843 3075543
13722622 9792090
13636744 2428811
13755646 198426
13693332 317228
13649688 783163
13782542 456170
13698390 461460
13699803 749610
13697415 711093
13753930 542715
13765661 164090
13593681 2428840
13593690 1982323
13593697 1980110
13549348 235218
13549353 711079
13715403 157274
13753706 198923
13751995 496127
3072262 143420
13774538 485952
13611699 170781
13537625 57340
13659045 1277714
13625862 2049920
13550006 2755329
13618444 159929
13537732 1982384
13550170 477939
13623982 548895
13783017 308898
13748460 3228130
13712943 1151650
13536915 1151651
13681961 1114779
13673324 56784
13637187 382242
13626638 509303
13753776 489041
13619446 760771
13633092 760776
13764873 760762
7217234 760814
13588978 760773
13749916 46275
13674562 760757
13597037 175687
13551367 540700
13787604 783109
13600241 468636
13763123 3238787
13551853 991230
13610136 1553026
13696504 760813
13551921 37558
13691228 38327
13662694 1815334
13775018 1010384
13619758 382241
13623017 181104
13593713 3418488
13552319 4369048
13678498 3335677
13739867 840959
13661539 3176926
13755571 145053
13710685 276416
13552330 1858841
13539335 1100695
13696241 783237
13697722 276383
13587485 3227594
13729880 715890
13552340 2694009
13570948 13570954
13576107 2150602
13552365 494450
13690139 1289197
13770695 2052377
13618433 2891435
13594186 2599810
13552504 4021726
13552516 2600094
10036964 2122897
13642022 3436043
13621429 3566971
13552495 473468
13612781 550880
13570912 1273853
13552570 2883014
13699381 311640
13552893 2079957
13552639 713091
13552298 1204118
13552891 509324
13658754 199803
13616206 3344323
13782624 2000351
13552955 2811898
13753812 3354790
13717780 240322
13553600 240309
13639228 1506959
13686701 233040
13712967 430925
13599951 240311
13660105 240328
13612783 310879
13554185 155729
13554355 2046963
13782604 496885
13751384 2428957
13686429 2782550
13673741 13673748
13554422 3566392
13764025 201444
13719488 10697503
13685448 2009108
13600344 533356
13687843 133352
13699925 1144698
13555433 1158189
13696886 5632782
13599646 2149486
13543695 13543712
13751028 574098
13555777 1289967
13636626 2003938
13755126 1938188
13555844 2228709
13589183 3026696
13718046 2362874
13556077 456198
13645428 2789015
13641518 175540
13648898 612899
13624101 186267
13701580 175591
13721036 452375
13635388 542292
13622811 154991
10043942 2893310
13725778 13725788
13601086 2643787
13606455 501645
13557187 782901
13557397 3682561
13557860 528507
13692355 172260
13558022 1569549
13558059 3035015
13701691 2891289
13700880 13700885
13558387 137850
13710610 430519
13699525 271309
13697733 3421680
13782728 1569378
10038982 528311
13558548 171329
13626864 2382877
13672342 3803860
13558464 1353673
13692428 10240896
13698652 13698659
13785868 3227915
13618271 1138633
13760729 1243909
13762861 13762869
13710936 933718
13558770 1547407
13543632 1050675
13616279 1218958
13698470 2753833
13558887 146758
13736146 3565090
13637662 1154446
13635682 473816
13559559 3472478
13559682 3413981
13614222 13614232
4899945 91186
13616695 2801846
13560568 2810566
13600224 512390
13755227 3365067
6953728 2810046
3080715 524318
8764448 201315
13538697 3358531
13715587 2149769
13716506 13716512
13560693 2615200
13560719 2868482
13560731 13560738
7217229 177280
13619793 6562387
13760780 13760786
13688942 13002276
13561092 542188
13561120 234848
13643845 367160
13561132 612892
13696318 476288
13675656 458760
13733218 3179102
13711188 13711199
13692300 514243
13729008 307732
13771747 526486
13629855 13629863
13691774 2149494
13618291 2428318
13683295 2149647
13716053 2709568
13561300 13561312
13762361 3642782
13561340 13561345
13561323 1461623
13670342 1572044
13671296 1078006
13636839 327667
13686480 95476
13645234 299643
13564712 66148
13630797 2731
13641251 374496
13560820 238233
13682899 97966
13630588 94513
13561495 119556
13636940 97406
13561511 429253
7217227 240514
13670928 93116
13561524 355631
13750946 55339
13636025 267323
13561626 36178
13561661 312772
13561857 93763
13561878 75157
13691902 97967
13562118 67461
13766911 226588
13708786 654165
13562184 524081
13562193 65891
13562330 330879
13611933 537634
13693251 110313
13695546 310730
13659460 122644
13562445 93660
13562463 142164
4107906 17122
13749061 109872
13562630 53912
13706820 137994
13589573 77299
13760286 2051
13633670 189083
13562714 94379
13562707 100173
13618763 128627
7217225 907401
13610430 416660
13615247 134384
13698271 170776
13749270 112766
13562767 325865
13562834 109136
13663251 137091
13673880 867739
13562986 104318
13563028 280588
13563042 107816
13726327 177083
13563267 330019
13563230 127306
13563243 1489902
13563259 100865
13612371 124601
13741038 190414
13617915 218350
13568964 207959
13563371 1488841
13754433 392706
13772040 38601
13697330 63457
13563388 109460
13633766 52283
13730760 939247
13696124 99466
13688599 338367
13697257 109361
13570324 95477
13615851 159430
13563595 105965
13697750 2765
13617930 46551
13617035 99329
4415184 539310
13563606 478401
13564801 852853
13617729 136229
13563614 266066
13563626 98089
13636535 451865
13616676 85355
13651759 468523
13750869 248635
13563696 462428
13698458 98090
13563742 70132
13672224 445273
13563785 361082
13563811 235554
13563858 228832
13648074 413949
13725980 79062
13670797 95844
13563937 218351
13563913 146505
13563925 864661
13563986 5574
13564048 94291
13543660 142975
13579837 214916
13774849 65893
13564156 247392
13690996 340921
13646248 49226
13560786 174013
13608381 313069
13724866 232110
13604085 193217
13700190 115808
13564918 213723
13564835 21168
13632104 339406
13564939 164414
13710568 99703
13714312 36136
13690934 100612
13749088 275721
13564969 133581
13617215 199288
13599332 131310
13708651 192468
13655819 50847
13695963 39645
13600301 48180
13559753 285750
13589382 153107
13655083 101824
13690456 164479
13655091 534666
13559950 51072
13559964 52284
13559983 72776
13559996 874028
13560002 324697
13560020 119839
13589433 87760
13629955 659890
13595284 43032
13598902 1623
13560015 194014
13565498 280820
13641222 57569
22323620 345071
13741203 332711
13659174 38891
13631273 355110
8774477 135379
10038824 511952
13725022 290456
13712361 148971
13611653 470029
13683399 296411
13618810 325279
13700699 98440
13567416 549879
13619209 344610
13567447 21100
13619593 729184
13567775 101649
13567780 79784
13645542 80182
13692367 288721
13568112 102808
13742498 803747
13660445 443467
13731658 214201
13716361 5458
13595683 489201
13682648 52444
13562430 93544
13721107 53644
13568753 612421
13663094 98318
13782760 612428
13617402 50642
13715636 64154
13672633 87215
13731850 52187
13636568 53974
13764991 195505
13723048 783503
13642984 99036
13715814 52722
13686384 97604
13754447 276691
13700889 241085
13685486 226189
13726230 70843
13702623 476784
13696598 64541
13687669 795334
13777139 691498
13569326 56740
13719809 339004
13687772 50087
13752927 56927
13751897 219932
13714200 95716
13799279 322356
13729799 37581
13683741 37409
13570114 194015
13570133 37974
13748499 489772
281433 43099
13728987 342009
13764057 36765
13779397 220815
13781404 341221
13721611 328730
13773146 430299
13778380 137740
13599120 358425
13727096 50958
13731917 56166
13766415 21879
13765283 307798
13766399 500717
13765292 353551
13725247 277547
13777678 100354
13570625 51909
13693506 41132
13623772 1089237
13623572 47455
13653251 344676
7771532 212530
13752983 37454
13711175 193974
13571067 319682
13774744 222331
13700584 462925
9508874 383367
13643949 261454
13571090 50516
13610973 168953
13687389 45959
13777660 345202
9508873 225048
13643459 204497
13618262 177173
13613063 407821
5707747 158181
2925257 1627
13560073 428797
13690708 96046
13589405 865878
13643911 51424
13645552 326270
10041572 500045
13572484 221648
13775157 386002
13696752 1073671
13634988 276393
13711119 275621
13615034 330373
13690078 123298
13767411 208721
13771707 513057
13722366 118064
13643470 201295
13758996 602274
13610481 78211
13573759 325281
13754728 701563
13693737 247642
13750496 224513
13747658 35963
13693497 333384
13685074 193147
10045210 329221
13756471 131449
7217226 80044
13623541 322839
13700344 35869
13763105 376075
13765044 225805
13670039 2052
13616106 325408
13597426 352730
13766651 22485
13574625 230461
13763465 216891
13574913 895165
13683886 1038324
13574894 456341
13574928 553440
13696903 418104
13610950 347343
13714208 216388
13669716 224514
13575118 346816
13643590 109522
13572534 119697
13697673 361465
13777415 316790
13779785 243663
13779810 243827
13778484 218794
7747643 296099
13779798 105378
13669781 5251
13575619 100091
13623567 161358
11102774 507776
13660125 401793
13639762 334392
9508871 120808
13629671 409740
13696430 161412
13581972 136004
13598490 206621
13596931 261141
13596805 316453
13707674 112083
13614921 3205
13732238 402706
13636447 241436
13716494 5543
13724444 424319
13700819 105379
13787362 500310
13698636 291741
13576669 34446
13576823 94747
13696912 273294
13616751 284728
13667512 342726
13564302 197711
13686287 51905
13691915 243050
13621037 344215
22323622 579095
13751146 131815
13693383 430714
13723832 43893
13554432 154332
13553247 5457
13582446 222998
13580466 698348
13641408 41917
5980285 228617
13720863 190572
13715758 515801
13671757 104403
13715751 22602
13782709 343902
13667543 122484
13582310 129759
13673627 362166
13583135 54017
13583233 855621
13702716 50388
13597765 42883
13684888 755999
13619319 702189
13722382 151366
13544640 639957
13583793 939562
13656406 212969
13583905 961614
13584148 42616
13584161 134253
13584278 37782
13601044 42697
13617066 349661
13717953 99244
13534867 339342
13640682 316575
13584825 285621
13684748 94748
13658914 356974
13636978 111874
13591999 51775
11102767 225049
13579866 202586
13701024 93661
13584908 311572
13701989 901051
13584919 202407
13617985 669493
13618007 142031
13701041 401242
13618842 170879
13715315 155436
10046171 100905
13617677 394805
13702100 314780
13751511 110235
13617275 21101
13618799 96709
13617071 889128
13752124 112010
13624363 220264
13624352 355881
13641400 110236
13599399 19583
7217228 662349
13699826 96047
13616923 98038
13658774 50963
13763399 92825
13641446 200309
13798753 112245
13586042 77739
13691479 221303
13697341 22247
7217231 227465
13675933 97305
13664824 35308
13539749 363241
13539664 337888
13778050 697261
13570252 52724
3560765 93136
13657922 18455
10044953 93143
13798267 324931
13558155 665442
13800221 189037
13667480 312630
13539064 216360
13654597 126764
13689581 342186
13699787 884143
13538491 512556
13752020 126765
13542146 149569
13538450 312861
13783294 109421
13618390 19418
10782634 842555
13690401 98437
10046824 17197
13749032 384486
13645029 17880
13580482 5464
13582290 584033
13617203 243994
13566644 110659
13767969 109822
13723552 145106
13774333 367549
13797594 201934
13542246 101381
13676914 336159
13811553 297208
13544626 226736
13560952 48887
13638398 350409
13639967 218795
13690460 85430
13733841 218719
13613410 357763
13758679 213506
13644327 1027367
13756500 342138
13741697 5465
13537665 174404
13641140 324238
13764109 229904
13765575 353762
13762005 52837
13563576 207675
13599320 139100
13615165 111506
13765927 139146
13681961 235886
13673420 388993
13535840 1005203
13691952 323633
13778009 38791
13692911 312584
13659011 330627
13709299 714483
13562561 226591
13799428 114870
13798654 1305231
13574222 329314
13545859 201582
13720134 63824
13651986 443337
13755008 674552
13799460 219984
10041744 84824
13537698 961052
13542004 321609
13542047 480440
13535462 108201
13543611 349774
13545700 5393
13545812 322840
13546009 744938
13546220 498756
13536142 225050
13543034 287247
13539257 340762
13539541 225051
13539295 325607
13545283 387077
13767454 336721
13540300 116950
13543518 344565
13549259 343327
13733981 35775
13749275 99038
13541517 961434
13546860 222733
13536050 224060
13539165 759697
6887985 157292
13544359 222723
8084272 154224
13544869 349982
13712246 92465
10918517 110315
13537495 340600
13537769 157928
13537781 100512
13538402 5849
13538521 336222
13538796 252908
13538877 488862
13539989 48669
13543106 217288
13544217 328585
13544638 333747
13544895 320962
13546458 346667
13548025 323562
13548537 369500
13548752 109558
13541086 100868
13535393 285250
13535273 251763
5126777 100561
13803420 881533
13550496 408278
13550670 765060
13550703 1009967
13551159 323327
13551548 108226
13551842 260541
13552098 308646
13552840 90718
13553323 308655
13554461 141979
13554491 35682
13554505 308672
13555286 250169
13555985 249794
13556344 308684
13557048 49225
13557659 58968
13558071 269785
13558740 308708
13560863 308723
13778520 832043
13561171 343396
13559386 194339
13551431 376225
10039659 246536
13760391 207621
13551619 109743
13555306 109597
13555304 87060
10044471 52838
13561987 83928
13562224 340763
13562355 19586
13565183 160736
13567402 83737
13563485 121112
13564124 251545
13564614 54973
10046953 16118
13565610 218532
13567034 243780
13567070 90390
13567432 207414
13567937 116951
13565156 1406
13566253 341266
13571454 243744
13571477 621179
13572507 36475
13754534 100775
13573127 36472
13573243 344217
13574976 216411
13574995 99325
2987382 49227
13577975 622838
13575823 51647
13576853 50389
13578615 35462
13579128 344566
13579194 325610
13579276 687060
13580279 1041575
13580911 214950
13582388 246537
13582794 327305
13581568 930098
12176389 221880
13584599 612552
13584739 664125
13584786 640304
13584783 633254
13588347 349070
13588503 119640
13588735 323737
13586363 32926
13586741 15542
13586841 67229
13586899 648351
13588065 341133
13588099 21574
13591357 287828
13591387 48929
13591483 242203
13591574 729910
13588964 226967
13589017 350157
13589275 96479
13721279 213584
733378 51999
13592788 106456
13593053 505652
13594503 190301
10553332 215089
13596987 512930
13595830 543282
13595715 385926
13593333 186118
13594791 430834
13596837 442421
13592750 19419
13594851 901983
13593381 275945
13595279 218114
13598704 99522
13598808 63433
13599146 284244
13602254 249692
13600961 249624
10621262 249770
13599046 48890
13601592 201484
13599868 54104
13598464 392813
13600353 53430
13603282 53496
10544081 93434
13605815 405085
13603082 658964
13604098 417049
13684528 131166
13603825 295621
13603152 104320
13604465 144080
13605415 333748
13606617 337267
13609893 388788
13543768 201657
13605933 552679
13611551 190416
13612814 109559
13610084 352059
13612330 53776
13610227 624964
13612613 223258
13613403 53976
13616714 52401
13617100 1329933
13615178 168952
13615947 140022
13616196 325611
13616761 199164
13619498 52044
13619247 345113
13618472 362202
13620481 698085
13535528 463421
13621784 441136
13618945 671051
13620387 336757
13620868 503681
13618797 175111
13623243 1408
13735014 440443
13623360 169560
13625532 98441
13622040 340478
13623037 585411
13624013 332122
13626481 186085
13622318 92262
13620467 227136
13601515 582016
13616651 621310
13790154 1300097
13629966 163368
13627943 506948
13626905 131519
13629142 473386
13627338 739595
13630286 361168
13629670 501573
13630728 216027
13630876 104948
13564528 200342
13635486 274623
13632967 273224
13635877 814008
13540642 580708
13634437 188506
13634159 144182
13631719 132754
13637509 325650
13635885 44312
13637348 157929
13638949 455832
13638437 462448
13635904 338643
13636780 594738
13637554 739318
13637164 160656
13639533 160825
13641175 293978
13641977 249951
13640538 713788
13640959 363240
13641954 329459
13635931 407823
13643653 584026
13643375 446450
13642772 188490
13643421 165501
13644015 297153
13642044 344394
13643450 547990
13642931 143932
13643040 99640
13643497 339141
13646895 943223
13645746 339001
13647589 471045
13644845 192081
13645021 142066
13645406 344859
13644578 201181
13589529 35922
13647300 146506
13596092 213365
13648820 305870
13651646 505712
13651694 94507
13652270 260369
13655242 111082
13657794 594824
13654543 344515
13653610 633997
13655729 435420
13655953 142180
13654241 705436
13657249 220554
13656852 389771
13593167 21102
13657631 613374
13656386 238002
13656570 723155
13799648 219933
13568609 226406
13819643 320186
13800003 341484
13846646 102967
13658791 785223
13659333 160826
10046730 313932
13659303 622595
13570446 435450
13660345 401353
13659895 333633
13661743 289288
13660429 104530
13660905 769398
13661930 632212
13663205 257942
13663129 499841
13655463 204698
13665044 174481
13665249 19732
13664185 155956
13583164 312671
13657541 740388
13667000 621384
13667289 646689
13665560 249370
13665940 365475
13665822 399384
13670081 455162
13672082 65894
13668250 389830
13669773 396697
13670477 267807
13671154 249912
13668713 577914
13671221 467800
13674187 160827
13676298 499885
13602658 500046
13581911 124797
13677483 445641
13673596 159720
13678443 249699
13674064 22871
10036542 249886
13672780 782949
13675793 30022
13678866 77366
13679843 225965
13680924 538876
13685596 240274
13685498 425607
13682864 267484
13604407 190662
13685650 364584
13621800 53977
13672895 362660
13683162 366695
13689881 507096
13689714 41133
13687173 101166
13635997 145801
13660209 231509
13690776 23136
13690662 53114
13690599 223920
13693601 111618
13691112 80126
13692040 217376
13694364 61752
10036691 99469
13695680 86011
13700023 613918
13697933 111742
13698715 232010
13695777 339672
13699713 104822
13700056 453068
13699072 186884
13702365 102297
13700326 505679
13611391 108873
13702337 352650
13702679 94965
13597222 80045
13701412 101597
13703168 98039
13701612 55816
13700334 468524
13702929 93765
13753785 36007
13701459 170198
13767993 205643
13733160 91906
13704013 92197
13703392 112012
13703462 170727
13703322 443682
13703643 238540
13703471 109243
13630533 109197
13686971 31927
13708183 24809
13709306 10099
13791695 33227
13709313 13193
13708088 28079
13709624 8361
13710921 25134
7217219 12865
13793108 189500
13710976 6683
13851856 12655
13711050 9157
13572626 9726
13710121 28178
13711614 12558
13711676 11038
13711818 7256
13711078 28807
7217232 23910
13550524 11209
13711696 13925
13712780 8207
13713471 295254
13715974 45423
13717602 7712
13715936 62354
13717414 55684
13713779 268222
13600951 214742
13718648 118192
13713870 86786
13712821 20945
13718655 66613
3663755 651802
13721296 52773
13683503 80183
13719335 223608
13684771 98091
13720125 328586
13722188 461308
13724973 841098
13723105 276008
13726846 220615
13723783 117095
13538383 120908
13724452 53049
13613034 215721
13722997 102228
13722889 104321
10568344 485071
13686359 485057
13726297 52286
13820543 485052
13820551 100358
13820558 90931
13729170 195507
13728031 344924
13715870 48931
13728976 216076
13727993 91341
13729063 98378
13728209 511955
13565222 90159
13538585 676040
13733210 213276
13733735 52402
13733188 121957
13733068 95193
13733533 259950
13732158 96040
13733582 316068
13732505 436243
13733029 307997
13732495 98443
13739045 485086
13578694 385817
3663756 858785
13736104 827518
13755512 622554
13737580 328783
13735624 613962
13735582 142312
13740084 207693
13739952 174582
13553500 35777
13740674 189526
13797427 196389
13740353 222332
13740199 399613
13741015 577422
13741271 325410
13741251 95588
13741241 76725
13741517 76774
13741286 218796
13741291 389369
13741419 145765
13741172 759166
13535253 30716
13581692 31361
13747045 30905
13746142 31171
13746099 234241
13742740 256851
13676890 181521
13676892 102720
13725219 905409
10612970 58042
13569763 318425
13743130 353351
13744791 53914
13744758 95295
13748117 110095
13748635 237700
13748659 189492
13747334 365527
13748755 136773
13748766 878565
13748982 226497
13749046 323373
13748864 99841
13749207 193339
13748966 43689
13749027 881164
13749131 841992
13749184 701273
13753180 178964
13751720 771031
13539184 842019
13750746 108582
13750601 534193
13751421 275751
13751944 922188
13751953 95249
13750877 218293
13753193 367521
13752974 290980
13752139 58407
13751735 102229
13754392 219934
13551780 204598
13593037 78186
13753492 614017
13755540 179103
13596044 344954
13564860 345263
13761673 98663
13762831 548760
13761844 361513
13759879 745065
13762724 345650
13760212 396746
13760547 213788
13761479 339967
13628684 301077
13621133 417362
13758659 105527
13756068 109598
13758196 399701
13755654 503442
13759894 101072
13642102 395220
13756918 353529
13559233 96284
13758097 5795
13763043 831730
13544339 610262
13765711 846159
13765949 321368
13765465 373057
13765872 332572
13764312 399695
13766215 93662
13763525 323504
13766784 581863
13764687 452491
13765274 207391
13766117 598824
13541101 399720
13769647 346293
13696567 345401
13768424 164118
13770539 363943
13770183 1010191
13768123 485199
13771131 419413
13769524 541679
13712375 578050
13642361 253286
13769917 385818
13775205 613873
13773638 828912
13775170 215090
13729081 331026
13725636 293450
13773499 1143615
13772977 629990
13772899 624440
13672978 444509
13719895 210927
13779430 151493
13781875 1217156
13777307 31829
13731059 8614
13782013 12104
13775464 24810
13782189 299764
13784760 340671
13783025 24916
13785344 51593
13660550 45299
13783909 29920
13784484 5087
13782086 14804
13695117 16018
13786748 296280
13786735 13588
13786407 9026
13540271 66614
13592055 9158
13786181 45018
13787469 11210
13786340 31716
13787507 12866
13785775 25250
13786365 13332
13785876 13194
13791048 30717
13791143 30991
13791210 31172
13790000 31259
13791037 13086
13790167 31362
13791311 6832
13643196 24304
13792992 7952
13795629 24515
13594059 8078
13792833 5655
13796001 8208
13792549 33674
13791908 9290
13794523 132109
13792602 509559
13656360 25366
13796027 10100
13796896 12454
13632121 10348
13807745 10546
13808273 10678
13807861 10924
13792771 12656
13568856 9723
13710768 25666
13808613 7261
13569559 14677
13826787 29036
13811535 14556
13788930 25768
13813643 26269
13562281 23656
13732278 23549
13724869 29254
13813291 26882
13779872 26476
13633427 26674
13606973 26781
13662392 52774
13821703 26981
13548491 27082
13681779 7121
13632956 29136
13783111 27187
13535209 11587
13543000 27279
13551641 27374
13552388 27489
13552991 11713
13749152 29727
13556413 28385
13557956 27688
13660119 27884
13565293 27993
13565813 11831
13565831 29823
13691175 11937
13594563 33574
13566673 23911
13568204 26161
13596552 68622
13581066 59890
13749372 7446
13610785 6517
13603406 756479
13791117 566279
13713081 135510
13642313 327306
13646447 660149
13664724 83929
13646742 441933
13543308 93766
13656719 130154
13674600 261556
13766407 776658
13795615 336190
13649320 96336
13743173 500884
13570445 20836
13655636 582426
13664409 102103
13665019 639225
13674113 580551
13667146 188375
13769173 376226
13669138 768270
13665405 963659
13695976 882781
13698868 692751
13709858 283554
13707864 450943
13711131 221881
13749828 503778
13749399 34561
13761985 321767
13761301 468936
13767347 493364
13778915 473439
13774629 397071
13791016 51776
13797132 1306087
13632055 338364
13792297 343904
13808025 493381
13801143 387542
13809159 340765
13766794 832596
13758233 1182548
13803285 102104
13817792 752434
13820677 591105
13712946 87261
13820002 339736
13810453 493380
12176404 493379
4969874 188261
13536920 493376
13540414 394368
13542002 897470
13543609 347382
13545871 193261
13556326 226287
13558829 325022
13559826 171248
13559945 400828
13559978 923722
13560037 1109958
13560406 386066
13562646 722019
13565020 613418
13566318 93767
13568544 58259
13581087 106507
13608338 913811
13586739 642477
13595358 218906
13696430 672742
13562836 672838
13603198 101550
13604623 133702
13607974 221210
13608343 1527353
13619109 393093
13620480 870863
13624343 532928
13624393 225446
13629668 323468
13630365 320383
13630972 562297
13631032 578102
13632249 99118
13632453 573858
13637065 329915
13641432 332345
13645600 554417
13646725 52147
13535756 346628
13641234 307045
13649087 327056
13655523 108491
13660067 701926
13664465 441527
13658700 657159
13665586 95894
13668616 573868
13606633 620595
13661626 99900
13653493 186180
13666869 331027
13665418 146381
13664899 100271
13707570 163481
13825178 101489
13678909 497290
13680947 841506
13769173 1535066
13681502 613335
13690591 335128
13690736 383707
13690911 355576
13691076 328944
13691083 621692
13703596 160909
13708016 487879
13708078 346564
13708083 275803
13708402 103865
13708484 295676
13708809 621385
13709781 83427
13709965 285563
13709970 147398
13712476 298106
13715427 107099
13729927 652381
13730333 938895
13732795 1385639
13732835 514420
13733483 94515
13733556 610285
13620609 428907
13741342 252341
13748524 487977
13748529 352695
13748675 824028
13748679 97743
13748683 673062
13748788 874198
13748876 306065
13749057 529455
10038870 699507
13749318 376169
13749354 344516
13749390 879260
13755628 643362
13756049 331073
13758287 678133
13759825 364152
13759879 102350
13764107 638481
13765822 62321
13610806 363584
13721693 35361
13773656 295918
13782115 464702
13782246 123271
13791225 346298
13791266 341740
13791379 606519
13791470 329134
13793118 97744
13734560 882825
13797314 238360
13807989 1256735
13808100 94804
13808872 764554
13808845 342528
13535970 764555
13613570 236712
13780517 681797
13750065 221258
13637788 196901
13639807 681300
13776551 161118
13821275 678489
13808508 49351
13768939 440314
13672172 550312
13797175 353426
13812840 550698
13787007 278626
13748993 338437
13824783 257077
13814575 339922
13651045 818653
13539529 866523
13575783 735322
13802049 147111
13781594 629850
13809785 328835
13814245 1029416
13644279 893990
4291706 949434
13800178 218240
13770756 626251
13800741 572787
13598953 110131
13814036 358957
13573581 2202661
13666104 277189
13791581 438817
13785608 496687
13691014 293485
13658821 864162
13787038 343905
13652434 62883
13820655 103447
13680894 334665
13649531 625241
13710478 186724
13724593 98719
22323625 672299
13686357 582710
13615700 93663
13661189 213789
13812118 444963
13725072 1219045
13690729 342011
13690028 542064
13813967 218294
13803363 607424
13734640 678357
13761418 753936
13820722 97571
13729776 142976
13612739 344643
13700143 332520
13801860 922189
13584515 615141
13821694 514838
13550147 336758
13764123 100092
13793270 115046
13606292 198350
13822102 99251
13802880 101439
13717665 677828
13802498 363881
13729635 1253790
13694810 95669
13765975 285537
13813942 172030
13803662 363670
13834399 91965
13589421 18194
13545035 523692
13544883 1659454
13550654 102533
13552989 363836
13554678 127170
13555258 730363
13558065 723394
13559592 109956
13812683 452906
13561427 638552
13566296 1312143
13568726 192154
13570751 553712
13560064 237825
13571951 662482
13573176 86472
13573717 123885
13577805 379696
13579900 267226
13582626 97672
13585196 144485
13592333 257150
13599413 901117
13592844 891428
13593526 52865
13602474 51361
13590019 1198618
13596208 42274
13599017 225326
13604529 1201336
13604861 276737
13682026 402991
13605961 41919
13608367 280483
13737172 395955
13813275 97808
13617786 49352
13616505 132182
13613581 108524
8090008 829422
13755324 358948
13755326 322431
13618750 681815
13628737 506635
13621021 578895
13624470 334005
13623234 336994
13616457 108585
13640022 346918
13636116 681869
13631386 52557
13634263 299424
13630604 98276
13632672 342455
13638526 178477
13640082 107610
13632407 146084
13657225 212156
13656669 364995
13641284 328908
13654929 334912
13654963 319356
13651543 332573
13657583 91342
13594782 307464
13662482 328837
13661298 381140
13659121 392221
13682488 90600
13657640 393696
13758877 98797
13660376 1019628
13659506 349911
13664470 872212
13666476 340672
13682356 506482
13678630 181815
13684684 1017561
13669946 79928
13554203 94296
13690248 844371
13668753 146871
13671576 627521
13671837 123141
13698829 49392
10037273 698350
13812569 108841
13695554 698588
10038100 150685
13692174 573977
13690656 697571
13691035 182166
13691721 627895
13694395 252046
13704419 663912
13703579 761292
13704952 92349
13704507 217566
13704956 1023317
13703111 91514
13703702 451847
13704894 295495
13706906 92931
13707593 863430
13706702 498355
13707501 98511
13822470 575449
13694672 317342
13656254 199065
13767853 218241
13691439 817711
13690414 218066
13694567 98935
13555637 101774
13696461 344794
13756426 189568
7217238 44788
13690065 189562
13710838 98798
13727408 93237
13823110 208220
13563835 857575
13671946 1249230
13661641 376076
13561160 783658
13785578 123142
13822530 224008
13830535 57930
13596829 47796
13547180 815750
13684279 217896
13791711 100051
13708506 1672505
13687622 331023
13824104 511637
13840795 329410
22323627 365153
13765943 109097
13627977 346531
13785890 353125
13801052 342946
13708425 344138
13782531 95424
13559879 85521
13620275 197393
13820283 1296490
13574240 399350
13562894 1735438
13649744 351862
13780591 1001333
13767544 109651
13789983 350445
13820806 94297
13837465 522951
13819411 527171
13823765 122869
13819492 36069
13572271 479262
13684305 263195
13804109 1696406
13823354 342402
13796248 609362
13732353 164896
13775960 873005
13798784 181623
13814558 432932
13831396 875080
13823865 891429
13766097 355534
13787279 661681
13813501 562146
13576483 512529
13695855 873260
13648908 362463
13793883 325411
13754775 2861
13830628 339992
13740315 363286
13719305 392222
13838827 83794
13638291 320674
13594992 331074
13762632 390788
13755768 336759
13797332 101898
13536734 635846
13641855 876751
13718771 554680
13755731 235332
13823593 566751
13670356 1200558
13822296 566228
13806090 514974
13831269 1055056
13790413 105528
13819629 582465
13820813 179011
13589384 199963
13690081 35778
13787070 1001638
13719453 189077
13822062 142166
13842808 80273
13791605 314617
13780529 144517
13618064 371900
13768035 479401
13690234 362921
13543018 65975
13714481 520697
13568912 345922
13558911 49393
13846962 581812
13573050 160956
13619260 155012
13564872 687344
13617647 230234
13758668 110989
13760940 479285
13563299 308367
13790350 793623
13831489 659848
13729958 52331
13831101 998841
13803805 634160
13670721 2150656
13793696 316439
10039305 19422
13848738 354565
13790600 348443
13802391 318471
13827656 766709
13781097 342241
13834352 50390
13837452 106762
13798914 280089
13790485 333205
13813492 41709
13831142 479292
13830818 43593
13802141 190417
13790626 181478
13848867 332521
13765500 1350269
13811915 432469
13538962 67560
13632789 393647
13574939 243348
13693209 1407007
13583858 627684
13732346 43573
13815360 470949
13854582 137888
13782364 448276
13837140 865698
13848720 329359
13697040 43510
13817918 180530
13803696 600966
13804623 200832
298331 200825
13658867 200826
13852020 537814
13537747 601013
13542930 679209
13671080 322955
13845198 96931
13831502 289224
13843608 96932
13561212 1042145
13847190 98315
13784034 51777
13841127 339475
13790293 241627
13714123 200829
13797368 200828
13841651 200827
13793651 200830
13765532 94688
13712302 126782
13687600 1597314
13655688 396611
13793242 288090
13790555 218798
13647997 175235
13837586 163681
13852042 178616
13729888 321551
13750651 91380
13820778 156267
13831171 51650
13611371 319014
13790606 224734
13798481 40362
13804285 395465
13733513 642955
13806145 95991
13764493 698589
13791700 323527
13542960 283028
13747245 52045
13796918 532184
13830307 396211
13858152 521136
13708557 340835
13802841 325283
13798436 392342
13850170 376498
13581975 462591
13759004 38139
7217230 571120
13822067 570373
13790378 867669
13611560 858162
13820336 291513
13842733 339827
13814746 51778
13693181 207245
13814132 445151
13830529 520820
13793606 859466
13834527 310315
13830301 570370
13803828 659932
13709999 256230
13797508 902354
13823562 39056
13767709 397389
13768259 100359
13697786 558978
13834618 911729
13781681 339195
4998623 774010
13564916 327726
13842621 888454
13831401 84946
13840717 433184
13842704 52191
13832433 668045
13803202 511270
13748332 86012
13620193 395841
13565547 566875
13738742 97536
13738199 255737
13831391 151052
13847260 333689
13697707 222179
13850221 162694
13729029 135609
13548881 243060
13826614 135881
13727520 65479
13842467 1088397
13615153 1043624
13835061 384163
13831285 317464
13832011 149278
13698286 622060
13855752 709455
13790644 332064
13831537 174712
13551399 354137
13779423 686492
13753734 526204
13769447 627857
13844151 627688
13834522 51238
8034515 126770
13830316 275436
13549963 344395
13852483 709454
13821321 278790
13841157 217839
13743577 809104
13738205 398155
13797170 397229
13756409 178829
13560851 497616
13844949 668046
13838733 658919
13793613 219988
13669981 385473
13797660 363242
13755396 649394
13831300 785989
13570915 365385
13623200 625934
13859872 464941
13641521 695071
13771069 47746
13841643 367176
13849392 178359
13840737 48775
13843595 178258
13725758 332422
13831321 96104
13737792 117507
13834856 393192
13801099 431325
13791613 291739
13537894 660081
13765588 996156
13790688 384484
13827847 188320
13744578 580476
13827682 905273
13726198 193419
10043048 1020463
13838183 867299
13815065 696761
13807257 94928
13860697 1401517
13705061 86851
13848672 313042
13798280 162645
13765982 397290
13850550 410104
13804367 213169
13865261 303222
13775976 362960
13806138 636958
13832209 624560
13563877 344035
13578272 895997
13587328 822644
13849249 889947
13849279 276659
13832506 783429
13738150 86014
13843585 98988
13844114 543844
13785514 399805
13832073 398095
13678940 952930
13837348 419472
13830270 331769
13837183 41920
13831764 96397
13849597 327865
13844187 353313
13783747 797617
13790592 224341
13776257 676188
13557382 368402
13732849 705385
13565669 593391
13825084 394901
13631944 642954
10043624 103163
13832358 1487121
13767042 94448
13863430 1488457
13746842 678801
13831641 225851
13831469 562511
13832821 365700
13790547 218800
13736280 946190
13790525 364373
13690645 116956
13800269 363127
13812811 1007114
13812043 200486
13718516 579809
13763811 332391
13865521 929454
13837578 322057
13865450 862480
13865220 393502
13778992 94691
13777131 105328
13623901 965582
13765603 505748
13724370 388414
13799258 1041811
13847590 108526
13833708 134867
13783150 138390
13800166 627231
13684046 505114
13833309 19423
13865693 607515
13838075 655233
13640831 657745
13615403 85577
13712974 323169
13843998 646530
13833017 236015
13795224 814807
13863454 298188
13790389 219699
13782906 109828
13604291 190650
13815509 420075
13724987 117898
13842170 230008
13843280 333751
13866013 300385
13838516 94690
13849533 332287
13833501 483228
13831944 683020
13767020 153438
13620244 723668
13851937 67053
13700508 207771
13872983 100870
13752009 780144
13855716 176955
13832903 332420
13790373 395771
13842351 320314
13763264 378822
13812702 297123
13733539 376286
13728112 938829
13760886 827716
13610492 929485
13764074 228367
13860627 347120
13833314 215408
13692234 341833
13848752 104609
13815533 622095
13642227 42386
13659308 907811
22323629 355723
13695274 433117
13798416 1063539
13865305 110318
13977570 400744
13669996 406216
13844667 412238
13730315 634370
13615968 142102
13863419 1040876
13832375 93598
13850703 224837
13866066 328877
13838401 105329
13572329 95481
13620294 96049
13737974 534086
13855646 194632
13869139 58120
13767944 635078
10043615 422567
13844555 660180
13822047 48773
13855422 291632
13865099 172846
13790520 419326
13832279 796912
13866059 345681
13865094 1076384
13849565 218486
13821400 623551
13696764 362114
13832475 506676
13849758 396561
13803964 332058
13841134 464928
13831451 393648
13540996 364065
13813840 359419
13700608 905411
13691130 877767
13852670 321641
13738272 1643208
