37257339 2455407
37350903 5879620
33742696 8060041
37446033 9474572
33953827 818725
37446253 7625501
37635619 8235566
37602240 9016436
37123290 1660512
37399530 1707776
37619645 895704
37619644 7498922
37619646 4918888
37446285 3443038
37543893 4650032
37632214 1664534
37543892 6985291
37109868 98723
37619188 665451
37619193 2853939
37294938 4427276
33644643 12962469
37652987 856956
37397406 1085987
37188386 291894
37127078 96109
33953797 7035105
33644644 12057824
37652405 289073
15174905 3014989
37404423 2302069
39253280 660945
37662440 5582918
37227849 13968939
37662439 2590388
37127440 5240304
37194570 1102658
37588149 5853477
37588148 1421252
37605104 287271
37403416 1760033
39253279 1808715
37203942 4471690
37090827 16394
37235572 1773245
37135759 5334963
37135763 1677289
37135754 883359
37135762 2822492
37135758 12135592
31938324 1634296
37360548 2609202
37360532 669402
37093073 4721225
37093074 3545041
37512887 3156651
37349477 6510979
37349478 52877
37349479 4933800
37194283 100633
37238187 5276230
37128047 14682192
33846319 2653115
37276143 1419141
37276139 295922
37605442 8330235
37605440 478800
37605441 16272
37560174 2951668
37635947 363011
37635948 961904
33953815 1563808
37371351 674829
37368917 326338
37368918 3538023
37368911 5360835
37368912 5532379
37368915 5857155
37368916 5470835
37386803 1786679
37409309 3259412
39253268 1777848
37148146 2722577
37367973 2388540
37193213 83258
37636558 6545776
37158464 2487352
37158465 5391394
37598221 5654376
37598220 8419091
37598219 1245735
37598214 7218150
37130656 10662429
37626076 16332
37499640 2419914
37499637 825284
37282075 7283040
37282062 9000430
37282063 1621023
37282068 3237172
37282061 3171674
37282076 2653223
37282065 4042877
37141583 1667169
37127028 9038859
37282064 16365
37282070 2396949
37282069 10271575
37540478 672745
37587282 390059
37587280 335882
37587283 2606010
37587286 7799972
37587281 3210993
37587279 2421621
37127027 3510916
37509352 1932562
37239100 1548581
37238970 2542606
37370519 6124279
37350607 5459504
37446103 906665
37089288 21609712
39253308 622868
37175536 2732291
37578557 886377
37369433 4698814
37369432 1497529
37494904 13396060
37130655 3879907
37409028 892375
37397615 100488
31931385 3329109
33742529 4659601
33807162 4056351
33955252 3124919
33742273 1150494
15966696 299923
31939419 1340745
15928158 3951771
15943944 8154305
15943427 3500625
37288312 3550605
15943868 5540962
37372685 6276260
33742244 2908781
15973555 361914
15920711 3952854
15943097 2522782
37288309 940897
37407398 2222739
37572019 191045
37281512 1194218
39253278 4476959
37406771 51855
37406770 1977557
37406768 475676
37406769 2750617
37329442 1594562
37281197 5036777
37294726 4116431
39253270 8480643
37446265 2357865
33953803 2386207
37618594 3928854
31934364 14157708
37618595 3026314
37618593 142753
37180594 2880557
37578556 3051307
39253290 1213149
37446303 1213164
39253289 1015998
37180593 853471
33953826 10662549
37446153 2299841
39253288 104239
39253294 1071120
37578555 1798100
37131600 2123455
37499276 1486130
35409304 2572024
33953783 1866840
37657070 3780416
37504985 2224368
37504984 2880599
37504986 2383287
31939403 1744711
37446104 659975
37446270 4488589
33742343 12366623
33742240 2364357
31930636 6509406
37188969 4430346
37655837 2559693
33742443 1662775
37412631 14116657
37316223 53056
37564488 5258378
37302449 1658298
37302448 3863527
33955140 922514
15926771 1788236
33990448 106949
33742329 930057
37141585 7842287
37654961 857267
33742344 1606817
33742237 1419685
37647396 3136961
37123417 2916162
33742236 388625
31936766 3609986
33742546 438737
37525734 922237
37141584 4365229
37656866 3185964
33742234 13914119
37446297 6419510
37119359 964443
33953843 9763839
33742513 2268215
31935899 2429835
37638720 2482010
37638721 2568958
37288310 857375
37622366 3648159
37638722 1186381
37108993 2281758
9566762 3882510
33742292 369680
33953785 865935
31937565 1893577
33742643 2613312
33742635 203930
33953830 6906150
33742636 1903084
37656345 3588894
33742330 1778840
37133268 4541298
37367555 3804957
33953822 5459547
37241921 611529
37241919 3747946
31934365 1677794
37241918 3850473
37241922 98054
37088254 828818
37658423 611527
33742242 1444123
33846304 3508897
33742297 14048960
33742361 339604
37419603 339917
37658424 95340
37499275 3527891
33742547 3605815
37357241 1071065
37369936 1732323
37659644 163635
33742532 3327448
33742279 882989
37446133 4199832
37419601 4471697
37416159 691799
31931080 8096434
31931079 593079
37336820 5028344
33742483 3601798
37405461 1569100
37446196 2919047
39253284 3942291
37241920 1470078
37123385 462747
37392722 1000178
37419602 437810
33742404 1470055
37405066 41342
33742544 1999479
37446298 142316
39253298 1999309
37608224 462879
37293463 1127505
31930785 462865
37352090 711548
37519423 2503
37519422 2057085
33953794 650265
31935185 1127307
33742423 325564
33742245 1582521
37634532 1420274
37446250 299357
33742291 1999463
33742380 462691
37134377 1127496
33953809 1184060
37522482 1127677
15963275 602882
15936619 1127561
37650518 462888
37492574 878473
39253297 462773
37650338 232098
37446075 711524
37134385 676537
37446076 1127466
33742221 711580
37446201 2057068
37204375 1470027
33559356 1127488
37204374 1127445
37134382 1127427
33742535 1127459
33222979 2502373
37198381 1660084
37198385 5594247
37198382 964181
37314938 986836
37314941 1803523
37314937 896102
37295026 400445
37134381 3329307
37379187 3421507
37379174 2538137
37369475 109201
37379181 4542131
37379175 316284
37379178 6847128
37379176 299438
37379177 7803651
37379186 3524101
37379179 3748860
37134378 3152495
37379171 5551808
37379170 7695573
37379172 2857500
37369474 1732917
15923125 3748914
15936606 2708081
37446207 6013044
15963277 1844674
15963279 7134648
15973236 7018423
37446134 804221
37134379 1474349
37446195 10662828
15963282 10662843
37212333 6585716
37212332 1945277
37446209 3810286
15963284 4412082
37661878 1696005
37660740 2339684
15963479 5281757
31939229 1730431
15963509 5463080
37134376 6773822
15963507 4584143
15963467 4286378
15963461 9128164
15963459 1776859
15963505 961119
15963286 2230833
15963439 11039834
15963290 4288431
33742632 2854238
15963529 892368
15963503 396288
15963525 825890
15963495 1256087
15917892 6318141
15919450 4480445
15942581 2591935
15922345 4063786
15922416 2216560
15922534 790676
37656233 765008
37178719 2062219
15922996 3923037
3213198 1106150
15963533 1433180
15963531 4063669
15909161 5943057
15963296 365226
15963298 3395492
15963303 676905
37505987 4827484
39253277 2484221
15963305 3629387
15963307 8227280
15956573 2850104
39253275 383729
15933255 4762658
15963453 2382233
15963451 435859
15963449 7769825
15956391 4135946
39253269 2169643
15963355 189874
15956533 2531613
15963392 919664
15962893 8053454
15961014 4394718
33742274 2447614
15963433 2535459
15963428 1301540
15962458 9604950
33953816 5967473
15972653 3184519
15964235 2055293
15963390 4431170
15963447 6007303
15963445 8754465
37446248 6363432
15929331 3325844
15975530 5951437
15963267 6016085
15963441 4132148
15955228 1681105
37203098 8584869
15963501 330653
33742239 6003506
37446093 2368952
15958330 663058
15963437 3847968
37446000 302449
37446272 3611227
37294837 14154416
37203097 320279
15963435 568302
15966041 1056137
15963443 7267728
33742426 2105421
15963309 5460747
37446211 10846048
15963472 4187496
37446224 333497
15929793 10662952
37203099 1731081
15966999 1343966
15917229 2650096
37446245 1806169
37386399 2542552
15948780 7077342
33742634 2922100
33742459 4941121
15961576 826506
33742235 905841
15963515 5508296
37203100 1657602
15963521 1599649
15963519 782418
37318285 6334468
15963517 1578467
15963313 1850982
15963315 2536583
33742264 1842651
33742249 2180534
15963477 1577504
15963457 669473
15963317 6628256
15963394 2483916
33644642 288577
33644641 1667621
15918455 909701
37634076 1577784
37446239 1189172
37606162 8460115
37634120 901908
37634121 389733
31930841 6734297
37300225 8399104
37604938 9531788
37604939 3530740
37604937 2820827
37604936 4956845
37301370 313812
37337179 1849580
37337180 329093
37337178 1531216
31937200 3270417
33742452 3799227
15908378 324365
15908212 3759380
33742633 1517835
33742296 5213347
33742375 1759933
33742489 6114500
33742277 2841068
33742232 6748450
33742298 8476924
31939805 334377
33742385 3457318
37446092 1421497
15943595 7127120
15943514 434040
15943489 1207191
15943527 3921145
15943539 7760528
15943545 158632
15943547 3329202
15943516 3923092
33561559 8229659
15961196 8206971
31936791 7244168
15930829 5072976
15944988 323774
37446304 900404
15903366 1687828
33747556 665287
31938915 190670
33781675 867894
2574169 3214639
15930151 874803
15930706 782462
31933764 11240994
33742577 759380
33742327 4134568
15937193 43402
37628767 850198
15936608 2574421
37662720 4412935
37578754 908260
37186826 1706213
33742233 1189929
33742583 5824379
33742350 1510280
33742345 2127916
33742460 5236323
33742397 2206107
35411368 5513571
33644371 6526836
15973563 1339765
37288311 4608519
33742351 4050510
15943573 1694018
15935942 3791170
37412759 10663105
15943439 2837421
15936588 2436269
15943495 1730793
37446057 1189930
37446301 2091590
15934512 1723207
31933011 2438564
37316576 1444992
15936621 832309
37170086 3016475
37240742 1363940
15936616 1856543
15942000 4011601
37240741 1489903
37446307 695832
15928046 2655024
15936614 4607490
37240740 1827074
37240746 2357656
33644648 3007044
37402554 1060554
33644645 5514255
37277691 4365280
15943168 4136035
15943399 1200644
37433985 3651618
37584573 1978756
37092218 3522596
37584547 5194782
37109269 2992935
37395213 3333035
37391292 1500656
15938561 1436511
37257184 50801
37095922 4427612
37257183 5261170
37257185 3962504
37302240 1438409
37316577 2289332
37446286 4505635
15943482 6220609
37126366 680960
37403505 301870
15941403 3075442
37446299 3566042
37289046 8024188
36017694 5991008
37620418 3418148
33953796 1605775
15943949 1725570
37116795 1249934
37252817 362880
37418306 1532657
15943951 5696008
15943429 103944
37659730 6783550
15943425 912257
37659729 2099661
37659728 7762129
37105096 4241654
37575944 4135723
15936612 2728965
15943808 4463626
15943575 5216849
15943356 1189689
15943530 1438398
15943533 4135669
15944118 4135670
37446036 3185392
15943536 596719
37396269 5310446
15943564 3186779
15944129 3846437
15943810 2132605
15943812 605130
15944177 3976389
15944139 2177700
37446091 3818847
37446090 3332639
37446039 879145
15943850 830506
15943834 427368
15943814 807419
15944189 1205529
37120736 4949064
37120737 313444
37548941 2934672
15906911 53650
37419236 860426
37212497 6992741
37492751 6129204
37492752 9004639
37510160 3952651
37090541 904797
37419237 2986753
15943522 6948720
15943889 1756085
33810814 4739918
15943816 6612012
15943549 221994
37294838 606661
37358657 486741
37583056 1687431
37446077 877679
15943920 860343
15943922 3928793
15943178 2130372
15943929 902138
15943935 2734259
15973561 870117
15931158 4975259
33742409 3126347
33953798 1755668
37622490 4374441
15943824 931798
37529712 4156610
15973547 4975268
15943554 4274973
37299349 915628
15943431 3861341
15943433 9601453
37446003 3653444
15936599 7456816
15943799 2286693
37140385 1830539
15943592 2904521
37214493 3415626
37364983 1968230
37446271 1082484
37364986 365399
37092332 4149028
37366670 316392
37122257 1939704
33564811 3223903
33564812 691234
33564810 11032278
37392008 10663337
37392009 6837423
33142413 2193004
33644640 4596077
33810805 1759993
37446183 876715
37424099 659240
37201817 2601265
37424098 1357157
37167396 4427477
15904743 3332537
15924363 1424472
33142361 606850
15919282 9727858
33953808 97213
37254361 7946122
37446188 6874856
37242019 7521416
15931237 7181635
37299435 2553782
15943525 3792906
15963523 8868060
37572696 5926786
37572701 1303614
15931258 10663373
37572694 3308235
15937125 11191239
37572695 1725228
37572699 928738
37572700 4702948
15931358 3883341
37572693 4516222
37572692 880184
15973541 2850146
15931271 2616580
37299350 1005141
15931190 10272002
15936586 5812123
15931273 227782
15931275 3549064
15931280 3549097
15931282 3549024
15931284 1708738
15931286 1491010
37298731 660947
33953807 1582349
15973534 10738359
15973543 1570371
15973549 7037075
15973545 6894160
15943093 603825
15943095 5939647
15973551 2473661
15973530 6513224
15942923 8595313
15973532 2867400
15973528 3317536
32835291 52006
15931222 869943
15931458 1728094
3807296 2962189
15931467 1003235
15973553 670084
37650653 669300
37234449 831470
33564228 392264
37094991 670163
15915960 3087421
15918765 3535404
37294069 2318554
37589821 928780
15920427 190762
37234446 1577257
37296391 5056152
33846316 908077
33683518 2557219
37446202 887484
37446203 396704
37446025 14179136
37446028 1008876
33742465 1722786
37446216 4446259
37358656 1067270
33953818 486274
37579618 2541782
37579617 908477
37579619 4516154
37579615 364902
37579616 2290860
37446249 1657885
37446191 7809799
33742340 1850788
33742440 629272
37446237 2485320
33742420 3398706
33742631 4488064
37446176 660219
33742278 388672
33742403 8510596
33742301 5396685
37212009 1710088
1924593 274343
33742299 326179
33742390 3152950
33742238 2582144
33953836 1702521
37615927 4394585
37600764 397434
37216949 2321517
39253276 1000955
37647322 2992905
37647323 2457578
33742362 376338
39253271 5042995
33953788 2820500
15917809 911479
37115504 5456078
33953831 10272064
33742228 2816702
33742305 1961524
37131578 3759258
37131577 1243699
37446208 947150
15936610 1633463
39253291 1961538
39253299 1647885
37446277 10212106
37446194 52296
15973234 860377
33742294 497785
37142736 676799
37142737 1183546
33953823 1540729
37142738 678530
15963469 1204077
37299348 2527347
33742383 4149823
33742384 1541740
33742256 2413634
31936330 726293
37446240 4596110
37446029 1624547
15931288 1443301
33578264 691243
37446096 9369640
37446107 1717425
31932170 1226374
33742287 1255287
37242340 4430638
37309032 3244653
37446181 2956293
37242342 7732544
37242343 611517
37446182 4427519
37242341 4196844
37242344 1189314
33742295 4609132
33742293 4670648
33742346 2322501
37300748 4274676
37199664 52340
37199663 1700728
37446238 362130
37089287 1693181
31932169 5411827
33953790 3318423
39253281 6625678
37654491 1349929
37654492 915234
37654493 915235
37259008 3262880
33953819 946220
31939308 21720913
33731886 10533790
31938747 3032965
33742484 1349930
15931290 1827207
37392725 3524477
33742641 2736005
33742227 6045354
37361307 867245
33742243 1657912
37526546 1848873
37446254 2846635
33742418 2396594
33742419 4436138
39253295 3643137
37551229 2917546
37615285 163112
37662355 1585575
33742333 3715775
37446020 5484944
37446258 324655
33742229 14154175
33742600 333667
33742312 5199041
33742548 2621664
33742250 4103877
37214642 5270310
33742302 3970765
33742429 4195867
37213111 1975063
37213114 2700091
33742257 2317572
33742609 2870448
33742225 786840
37446015 1230982
33742226 1530444
33742286 1799219
37307039 1646664
37307042 525307
37307045 1238825
37400985 1011206
37164398 2110065
37446280 1531006
37446084 730917
37157575 108788
37157578 2543041
37235083 319759
37157582 108416
37157600 1460400
37157597 3060833
37157588 754240
37157577 3304611
39253296 2782972
37157585 103367
37157583 2549443
37157569 323354
37157581 1783803
37157576 3941435
37157586 3474007
37157598 4188714
37235082 2395815
37157587 9306483
37157596 899511
33742630 1676210
37157572 2499404
33742378 2687
33742379 3462777
37179777 4274821
37179776 5481490
37402148 3637622
37446260 653212
37115621 1828384
37561767 364804
31930447 1620244
37623462 877744
37594301 402101
37562807 439332
37415892 24442485
37635559 3020761
37583324 3498350
37586151 1244584
37197242 7858074
37390556 644376
37125045 5369208
37501485 5313607
37550807 3102653
37550810 388380
37550809 1598784
37550808 7303642
37490342 714490
37398571 1954539
33846301 1761721
37106933 1207932
37106932 5156509
37407325 1663843
37659433 272587
37125009 500861
37125010 2602990
37257571 14096608
37257560 887713
37180422 4108388
37421193 18446
33644631 493186
37556193 8518630
37597311 8220391
37318842 3929102
37368573 7126055
37507178 1542908
37340707 8637000
37340706 1506448
33846311 3345312
37324563 3442109
37324562 12849322
37136301 3939506
37136313 5839901
37136302 3540309
37446126 2482199
33953789 1347282
37136294 5107287
37136332 1413382
37136337 4217852
37136316 3978296
37136312 1357425
37136086 5106761
37136309 3680465
37136295 1732696
37136338 6016083
37136299 1357435
37446206 618449
37136320 618455
37136336 618539
37136314 3620358
37136324 1520006
37136317 367839
37136329 8291429
37136323 1247811
37376478 6993873
37136335 5535624
37136315 959176
37500891 5535864
37136300 4858208
37136298 533529
37400315 2065
37400307 618430
37400297 322011
37400293 3703013
37400320 173695
37400294 618467
37400302 207359
33846312 925625
37632213 4365304
37115594 10359912
37606243 904584
37606242 3905117
37316038 226457
37316040 3628839
37316047 3689810
37316048 867501
37316037 33952
37420954 2535460
37206835 3842817
37505515 365154
37505516 1433476
37505514 2121678
37505510 3338527
37505513 3929106
37505507 3467220
37505511 5618530
37420955 7742094
37507832 1598305
37394618 3546787
33742261 1746726
37394625 2426324
37446115 2081900
37394624 6418491
37394623 5688491
37626342 859922
37626350 3577699
37178117 3174929
37626341 1708727
37626351 6854509
37626343 4479210
37660159 1539332
37660158 9217739
37660165 302680
37660164 2461078
39253283 1713909
39253282 1169438
37420956 2654838
37369726 2352982
37415613 3153052
37415612 4135932
37620519 5938487
33644639 497768
37403123 5839974
37206713 7762729
37206712 3132480
37635618 7228515
37635620 5505892
31938748 4698306
37446110 3864524
37543894 3094185
37662441 832391
37662437 3073044
37588150 2216278
37135755 4193530
37360520 7176199
32816340 3864545
37214643 1190967
33742624 513333
37136303 8207595
37407703 2949441
37400773 10663807
37282071 7412631
37622777 9204970
37622775 1004381
37136296 6473728
37402146 102617
33742430 7584769
37214489 3669536
37374867 3818449
37360549 1246394
37307035 3709902
37136928 384690
37229595 1721299
37368913 1722074
37446305 5636930
37395214 4532183
37512156 4379710
37316041 924520
37556354 1517336
37446013 3708876
37446124 1262625
37125630 1597416
33807004 2748039
37379182 7380243
37660162 2426338
37379184 11758680
37366663 2537345
37418310 7295883
37312940 8707170
37362590 8083520
37313392 3997036
15958043 3037019
37620991 4181565
37505508 388718
37213119 4542205
37360524 2819204
37316043 7016706
37626339 331478
37587284 2557484
37598215 2365881
37626337 924247
37389359 1576415
37339780 2528645
37623239 670619
37396267 4709477
33644649 389867
33644646 3883369
37136926 4212866
37214491 337593
33742280 1000524
37619191 6843794
33846335 3181633
37507179 608612
37543896 648882
37399531 7208704
37127081 1754948
37598217 3769011
37626471 2103872
37660226 663572
37619194 1797439
37555266 6751972
37623242 337587
37173084 2060657
37206714 7969031
33742581 219488
37619651 328797
33870012 892546
37214494 316165
37281500 2183870
37499638 3153822
37204376 1414594
37374819 328672
37309205 2719276
33742492 2270062
37307037 584388
37306942 1210052
37316049 2129396
37660160 534896
33742436 1413784
33742434 432475
37176901 19609
35097202 324255
33742471 688205
33742504 4505673
37339776 4505672
37339778 5323454
37406897 4772437
37227845 1402244
33841315 4811500
33742571 13301500
33742595 1023941
33742610 3267458
33742626 10272306
33742612 2069754
37148153 1004748
37282066 3839836
37340704 1005140
37282073 5551813
37239098 299548
37157579 4410738
37136330 270824
37136333 1779088
37136310 441692
37136307 5941105
37402144 2437532
37433123 77281
37403844 2707532
33731403 263199
33846313 1001369
37278242 4668853
37373151 1296712
33990178 3288227
37347615 95199
33742845 133872
33742931 634849
37556604 2568447
33742405 2435033
37652227 2435012
37389311 2600616
37650600 2568608
39253273 222070
39253302 2019404
39253304 1734517
33737055 1760053
37375009 3117384
33742853 2275153
37513419 5383533
33742957 7034784
33742321 360161
37446154 4218014
33742259 2772651
37446066 3711871
33742275 728073
37495426 1255536
37446112 3928538
37446131 2995295
37660764 7687300
37626346 3849853
37446135 893805
37395211 671548
37299391 6050108
37446283 7344001
35408303 67934
37230025 329138
37446071 3953603
33742506 3934319
37446149 2132743
37626344 10272820
33846305 827951
37446273 2892489
37446295 4144187
37500265 363357
15962092 5422946
37446278 5115350
37446101 5035069
37446058 1778799
37660760 3444043
33953781 679044
37446275 9127069
37446156 4420720
37090296 5708564
37617054 5427589
37446088 8437774
37660762 2573236
33742246 109952
37446031 5764432
37446099 6662940
33742288 861775
37446073 6359546
33742543 5999337
15963539 207622
15963537 2144191
37323049 861711
33953793 10386296
33953791 1974183
33953792 351442
37128046 6511355
33953817 943691
15963535 6155382
33953828 996415
15066760 8174618
33742545 6481661
33742306 21025476
37373551 943716
33953840 3524806
1584103 470808
37445999 98096
33742477 4007918
37157599 6948909
37395210 1813351
33742642 3891205
33644632 7125251
37248952 4835408
37248949 5906162
37248950 6360545
37446210 1521094
37248954 6155287
33953814 941376
37248953 3683630
37248951 1848859
33742262 3861685
37446302 803775
37369937 387769
37392562 3935777
39253272 6015447
33742449 10285815
31939574 5368231
33742263 2527565
33742328 5191530
37134380 5640479
33742514 7357089
37280002 7392907
37280001 119882
39253287 1812983
33742300 3469127
37400308 1074453
37446300 103141
37178902 2533375
37519424 3264297
33953842 1708258
37318286 1405708
37626352 896585
37398572 1724254
37592602 1723676
37446004 334544
37623241 1738092
37356271 6293297
37446261 8281132
37157584 5900489
33742248 9810510
37636557 9563916
37635617 1730933
37403550 1711976
33742251 2397816
37394626 17072
37446087 2300358
37137557 12086621
37620990 5899961
37446262 5549845
37636559 12986302
37446068 3237056
37446259 138761
37418307 3505185
37446225 1721841
33742258 4070170
37660805 2382929
33742222 953429
37446046 4153543
37509351 11348646
37407878 1730397
33953806 2298866
37413584 4025741
37316039 2609084
37386397 350263
37446030 2980828
33953829 3122284
33742374 877678
32813840 4389493
37281511 873891
33742307 3956878
33742536 2823946
37392563 5092655
15963288 302479
33953795 1975580
31934073 2574943
33742466 3184591
37117158 2570890
33742363 1940972
37625448 3917265
37400776 1829601
33742241 3996629
37386398 6586304
31931274 172385
37378020 870271
37379173 15132767
37502684 870602
37214488 898348
37395666 71211
37379180 323098
31934074 105240
37446255 2290559
37446223 1625679
37446114 1625716
37446236 6718599
37446290 1776671
37393374 9955934
37177752 105695
33742290 10712072
37216469 2407392
37658793 359232
37658159 2936167
33742349 829013
37176812 363417
37415893 2726690
33742457 2173446
33742455 5995408
33742453 1812358
37188501 1957319
33731575 671396
33742469 672382
33742498 3184927
37315182 160955
37307043 194489
37307033 3344013
37157589 396534
37307040 589179
33742563 6891204
33742565 1823320
33742569 3458715
33742567 863035
33742557 5598487
33742573 11019002
33742555 3073343
33742551 2499393
33742597 830191
37157567 4582172
33742601 608804
33742616 2553873
33742614 347718
33742618 4183833
33742603 8510342
33742622 8021683
33742607 1505010
33742605 1414252
37410925 9245995
37125628 1798685
37157573 1822118
37418107 3588885
856452 1671532
33742447 2793050
37512158 5574913
37094360 1702524
37402142 2538161
37402149 640266
33742432 4484452
37213115 4400219
38544894 1414698
37636555 1735460
37638825 6114306
37634940 1772945
37377793 2296871
37647814 6824370
37501828 6597664
37413636 2288237
37319364 3708793
37264285 2402017
37394621 1315634
37239096 6825216
37400300 97131
37446291 2293091
37213117 2105742
37619649 4659679
37418308 4090547
33846337 8604152
33742575 2749078
37123251 1659737
37364984 4671973
37157594 3178662
37136292 7623641
37093071 1543168
33742252 8161042
33564229 3335986
37314939 3180519
31938913 3526454
37309199 1582367
37518405 899478
37212560 4660471
33846302 878095
37122258 14157025
37392723 2425569
37572690 1266173
37493988 5776857
37411089 3637174
37651052 2355656
37092305 4032329
37646429 7410624
37240747 3185962
33784670 1445756
37137555 1932959
37386789 1708167
37318289 4556861
37128860 4081520
37087086 2596865
33742223 6476894
37446158 101607
37141514 7727688
37406217 2564579
37416160 2643764
37294067 2517135
37446256 6791600
37446226 53690
33742319 5743848
37656006 509501
37402391 4707672
33742461 3184499
33742407 2481201
37543233 1673146
37229494 2538402
37400316 932477
37592600 1706314
37135760 3628909
37446064 4092236
37317231 928285
33644633 3502744
37404996 4197673
37400305 2992509
33953786 3502725
37199665 1673682
33644359 909608
38544924 434569
33742825 99000
33742851 1001194
37190760 11812335
37541903 3328111
37424811 3357470
37360535 3389769
37360553 659901
37360528 7351957
33846323 3522700
33846331 5308047
38544868 1711993
37656879 7073614
14964724 2657424
37507833 1249063
37136083 5963127
37394619 2502495
15156935 1501510
37281508 5466680
37206838 2529479
29599874 4630692
37540238 669820
33742364 1414005
33742637 2554635
37389160 2635746
37389158 2010845
37418102 3539641
33565725 43108
33742722 7301057
37147316 3221679
37350468 5395450
47893777 868021
47893778 729854
37413638 568260
37365498 5245018
37424807 5426124
39253329 7821639
37517281 521251
37542905 557881
141061 443475
37598510 35385
37125703 3349320
37125705 2358906
37125701 5896239
37125707 587304
37197185 3401110
37197170 5289624
37197189 194605
37197172 3644977
37197168 1829450
37197183 946976
37197176 3406873
37197181 1452468
37197179 3194427
37197174 3584755
37197164 5516614
37197166 3943468
37247433 3524204
37247431 4682835
37285566 11003811
37616978 6977940
37266651 341089
37596635 3276463
37251075 660901
39253323 3073040
37283210 2854550
38544896 2608954
33742905 6143102
37197162 1458248
37499036 7082294
37378170 923534
47873302 2292611
37408345 2736352
37360543 9410283
37404294 14659942
37534158 2578309
37193207 2738900
37616604 3731673
37246205 5433009
37544950 2314940
37446094 946388
37230023 3656966
37512349 2611486
37446312 6694685
37517277 6572849
37337526 4494351
12512326 2557634
37587826 16356243
37319273 5964512
37618002 1750388
39253337 2820442
37248617 1202070
37446316 5600813
37193602 1667842
37397792 362276
37431915 5196355
37446055 3778533
37251375 7356285
37545653 6231525
39253292 11131384
37148151 6037383
15967232 5192316
37545657 11244152
37185856 19208530
37519534 32052938
31938619 3974927
37253860 5591626
37389999 5136149
37409760 11559991
37184578 7276614
37501203 5741465
37510280 5961101
37571253 7192227
37591962 1438847
33742515 5508582
37591951 7634475
37591970 1795181
37591966 5587985
37591976 15948986
37591968 7330850
37591974 1302972
37591964 27185096
37591972 674717
33742519 5482424
33742517 10378691
37276279 9363742
37127245 11261138
37176146 8309276
37446080 2610359
33742799 3815000
37560422 11264382
8851885 6852348
37646918 7390274
37255715 6238989
37365258 10119088
37127247 10868263
37506754 34565304
37660156 12827562
37294829 17863460
37230210 7434064
37320882 2832899
37257250 22482550
10928004 10928023
37246209 5288118
37552665 2719426
37552663 11278556
37602969 8227870
37349008 9538375
37598512 4076294
37645149 3484469
33742421 11281655
37228348 10133947
37245202 3285417
33742688 11821985
37145002 3214233
37119626 1377677
33742929 3572412
37543048 6933199
2605947 3238781
37592575 5423630
7589815 7589846
37210127 1208867
37210129 5997824
37588771 335144
37165581 13173547
33742869 3255172
37609229 5577667
37560172 6817757
33742873 10109475
37540872 9279872
37509366 10110030
37201120 22596238
37647467 4996862
37662131 8412854
33742424 11287454
37177322 10110241
37494947 7853353
37146236 1765089
37288850 1768618
37187904 26942812
33845519 33845520
37129330 3681433
37362767 8744133
38544880 4659468
33743000 6158255
37280699 5516845
37560271 37560272
37171194 27470382
37552526 10113929
37645599 11292655
37645603 16710613
37365260 7885430
37332614 11292666
37561702 7626934
37412847 1496805
37618000 7919984
37509162 10114317
37545661 2644352
37428583 2563932
37397992 25482400
37283124 3616390
37245226 7053884
37245234 6055461
37243437 11296000
37245208 5274416
37245236 3638580
37245210 5130753
37245212 19007785
37245214 23754676
37245216 6046088
37245218 8953938
37245220 8261619
37245222 6728495
37245224 11372793
37245228 9390516
37245230 376237
37245232 7297488
37228346 5248439
37541901 904042
37608502 908258
37608500 5776961
37403545 2573998
37511508 17995573
38544888 3966342
33742780 6428363
3260225 3192280
37416617 12264562
37375492 5135668
37127277 384693
37610101 6580200
37375494 92337
37545209 12824726
37610099 1380588
37413640 2959872
37540465 15233250
37185962 32193098
37350905 19939743
37105161 32569011
37234401 4691276
37266952 2546788
37193604 13166070
33742776 18823011
37261643 37261646
37507398 7603705
37413634 6668592
37592577 10365244
37592579 3469250
37592581 18082906
37592583 929747
33810145 9597965
37593000 7869182
37593002 842999
38544878 7535553
33742925 5119237
37323996 2073768
37508563 32196491
37534290 32114082
37146491 3189577
37632396 3914758
37632400 621388
37632402 6229706
37632398 5332909
37632394 3312126
37252561 12387286
37252557 14557581
37252563 15025109
37252559 11193810
37588232 14547514
37588218 11321134
37588222 2610728
37588234 21919197
37588238 102311
37588220 8458555
37588236 1590829
37588230 7690255
37588226 18189055
37588224 11306044
37588228 23758478
37247443 32035321
37247437 8258596
37247441 438529
37247439 23746504
37247445 8016564
37247435 826514
37197191 11306053
37246607 34572414
37246613 7969296
37246619 11306060
37246609 23754704
37246615 28825359
37246621 20489538
37246623 555808
37246605 4143103
37246617 2323522
37246611 5095064
37246028 5767449
37246024 6342927
37246026 9288336
37207355 20361196
37207365 35273505
37207357 3482131
37207361 12088771
37207359 3061587
37207367 2561010
37207363 26577610
37293518 2286667
37626945 11746876
37626948 12830864
37626941 6135848
37626943 3444873
37390717 27953143
38544890 6787941
37399409 15389737
37610097 2267911
37524910 5395059
37546489 8789038
37546487 9503923
37655140 4562464
37127275 4283790
37503037 2792914
37446228 951233
37446060 14868141
37446129 5626352
38544860 4208975
37555085 8542194
37193600 6206668
37193606 21831741
37627263 3275439
37405163 6227383
37549801 9415525
33742782 7827372
37148149 992289
37269422 8251626
37269426 11316258
37541905 7497308
37122509 10427613
33742820 8450978
37269959 1018315
33742766 4501258
37584101 3090904
37655142 11320899
33742859 20400589
37511891 9085431
37197187 5173573
37092631 16015993
33743006 31804090
37600115 14008886
37632392 8875682
37249520 3442413
37255697 31992564
37216893 17330028
37560420 36079360
37509165 3660621
37554879 11332389
37507095 235002
37446332 36079378
33742945 4190263
33742947 12112663
33953810 2295354
33953812 934516
33742841 544185
33742829 11335755
37119624 3441474
37501830 1704590
37096488 26406211
37423205 3192339
37314287 7210097
37305763 11336634
37631693 7478310
37109678 13445226
37128676 8749137
37128678 33700613
37402508 16016177
37402506 18910988
37529138 8241159
33742877 15205007
33742646 3328242
37656078 947941
37374478 1854596
37353454 191899
37521055 191874
37521053 3955631
37374482 2793848
37374484 51726
37353452 652173
37446184 651960
37446186 4011672
37446234 3589607
37446021 1580919
33742323 2661027
33742308 4017517
33742310 762931
34009592 904025
34009594 1049667
37318287 3528831
37374480 976477
37374486 2318872
37419361 365058
37521051 1502268
37146070 686590
37335052 2553868
37661480 1751015
33742648 664972
37373155 3687736
37134383 2566383
37446143 3940048
33742230 1125466
37212562 1494517
38544856 3998045
39253306 331240
33742254 1250163
37446197 4143891
37446214 2517380
37350213 98161
37547737 1853544
37543231 4121289
37446127 2993964
37446251 4569576
39253266 934513
37446141 168034
37446160 4896530
37446232 1148755
37446162 1718521
37446212 2272137
37446168 332915
37446145 1613607
37446137 690933
33953801 341838
33953799 2553090
37446166 1709278
37266941 812708
37543229 1381150
31936045 189100
37547735 320970
37446026 92367
37446139 890754
33953777 390125
37266943 99909
37446069 425291
37446009 99710
37446062 1465516
38544866 392096
33742313 342252
37446108 1229108
37446151 586891
33953820 805269
37543236 734359
37543233 1122923
33742416 2400592
37350217 300767
37437235 435698
37446047 771045
37350215 491321
37446053 1287802
37446051 1566808
37446049 1664604
37446192 2009636
37202895 3538913
33742325 1340598
37446199 665180
37202897 2044054
38544862 325885
37446018 1523591
37105794 30649
38544854 93774
37446221 1491096
37446016 1701304
37446241 3475174
37446268 290147
37446023 483431
37446147 700462
37266939 1461790
37446007 1091846
37446001 877057
37281278 1338870
37446105 2387589
37446266 961851
33742284 367522
33742282 2086838
37309203 234419
38544870 830735
33742475 1008223
33742473 2010966
37407701 202649
37582605 573004
37294274 471536
37645557 571607
37626348 1155715
33742502 524473
37247012 574404
37109866 1286698
37607358 1286664
33859168 572916
37369306 2656898
37203471 185675
37203622 481555
37201048 1012863
37138610 1470196
35071496 1388511
37365264 490704
37186117 475801
37190820 1148196
33742686 320476
37267679 90910
37193000 787695
33742885 947658
37179507 253510
33742706 1343185
33742726 366444
37267717 1468157
37267665 1288668
33742724 1009246
33742752 717909
37267659 1473288
37267661 714253
37267707 851309
15004822 314712
33742714 347573
15004824 714315
33742758 1332990
33742700 334247
31938916 1331326
37267685 473647
37267589 702305
37267677 717848
33742756 3963255
33742718 1259901
33742750 2043764
37267695 714260
37267713 1419054
37267683 573263
37267671 714061
37267715 1288716
33742708 196127
33742730 714239
33742712 1009266
33742734 45121
33742702 325629
37267709 393033
37267705 236443
37620800 1151506
37267853 255152
37267663 1112627
37267711 1911213
37267703 733265
33846341 384882
33742744 1676643
33742742 1646007
37267697 156975
33742736 469461
37267669 326877
37267693 1472593
33742728 257859
33742710 1528664
33742748 453358
37267701 275365
37267657 677826
33742746 863411
37267681 1460696
33742740 729530
37267691 1743489
37594090 2017599
37594092 2261033
37517273 964249
37365262 892660
35102457 363883
15039466 1720006
37637171 2780458
33742690 678177
37403124 748430
33742967 399076
37446281 316624
37446189 719552
37446011 1321858
37446179 654678
33742831 610987
33742650 325784
37446322 441685
37585031 1065660
37171192 959862
37206010 359426
37206012 2568337
33742963 572830
37541063 2156215
37373153 513242
33742965 549995
37128674 712539
37645601 527582
37619189 482228
37619196 854028
37149303 971445
33742698 176406
37513320 1716802
37252016 1140004
37268806 542817
37230487 2168123
4480970 395922
37363133 263895
37650796 778235
37517255 104839
37517279 107070
37388335 2568441
33742921 352110
37151157 3469437
37388330 2066091
37446040 862845
33742927 1083217
38544922 2018451
39253357 789739
39253349 830541
37259890 6822164
37228552 1191478
33742961 1132695
37190814 2840236
33742917 1664193
37128862 3237405
33742889 1595277
37249744 251518
37402766 431879
37543898 3077299
37176142 393204
37254488 1822282
37234868 579818
37397126 3313137
37397124 3613591
33743002 995895
33819587 1325237
37318265 1086348
37267673 849132
33742591 67055
33742490 1741494
33742639 3879977
37572697 2708296
37206751 746412
37141586 1030172
37619647 1482532
33742463 1701770
37529770 1402922
37136321 1560646
37234447 6616348
33742923 1452424
37400298 4609975
39253343 1749490
39253345 3338855
37644461 799560
37656530 414996
37188277 491070
37187902 954178
37187906 649404
37446082 2028006
37559898 743915
37353460 1105818
33742893 5914075
37548042 1750072
37127746 190183
37602241 549550
37657030 1536422
37657032 4568682
37657028 3821056
37562032 1100848
37645605 749377
37096490 4730574
37249742 1237315
37204704 3073439
37374130 3476368
37507093 2164952
37307031 2497092
33846317 1207599
33742533 2497054
15937014 1632436
39253353 996188
37294580 2757450
37559916 571901
37508254 3446220
37607922 2652973
33742628 1340458
37412544 1771760
37412546 897578
37412548 1315869
37280688 14901808
37165308 1286968
37607848 382911
37348008 1287020
37615370 1011200
37446122 1415208
39253300 407488
37093213 79066
37093217 2047780
37093215 2577650
37093211 3268948
37658791 1757111
37658789 83946
37446308 2412906
37446172 945725
37446037 907810
33742738 1019068
37267699 3051214
37596467 4977054
37122353 8373929
37619653 3526164
37541899 3480695
37516320 1600673
37374132 324707
37126932 1083367
37627455 2935308
37627457 1725248
37627459 2655504
37347473 906789
37650772 603140
37650800 830368
37267667 6365616
37393518 1183005
37198383 2037367
37446293 437125
37349952 749177
37349954 3062075
37280694 145054
37576490 3355685
37576488 2771891
33742992 1165889
37128795 94972
37630919 1993430
38544928 93550
37507097 1016923
37528157 1537716
37549535 460211
37400051 326809
37426201 203519
33742768 1401941
33742754 1749690
33742334 604453
33742539 2221415
33742537 1123151
37207436 610528
37108652 487451
37628789 527874
37108656 610515
37187379 527816
39253351 107526
38544916 2324614
37644535 487020
37645875 9532733
37149737 1794025
33846339 209323
33846347 438233
37267687 1836242
37267689 1416831
33846345 2860638
37307029 2771920
37147613 2016104
37401813 3889386
37643714 490043
33742593 904634
33742347 1675072
37559910 998624
37508258 1724797
37559900 1690924
37559918 928089
37559896 684783
37621852 3375746
37621854 907589
37559912 505813
37559902 1612070
37559904 2548782
37559920 1040593
37559914 886453
37559906 6072362
37135213 2274985
37591898 1340128
39253339 336536
37273418 3977517
37273420 809506
33742682 359935
37593850 1881857
37508260 1310962
39253309 2576939
37571263 6303680
37559210 6325417
37559204 1243288
37559206 961598
37559208 100056
33742788 1598508
37151159 3984034
37149399 961561
37593626 2426415
37593628 923174
37593420 1169942
37496054 392304
37496056 1852815
37496050 2764498
37496062 1176553
37496060 979972
37496052 961503
35072900 1315831
37150653 411602
37150662 899240
37150666 424693
37150657 2316370
37638423 1043656
37372107 364384
37087816 171898
34015364 2440532
37372430 138365
37141166 602537
37141154 883816
33819585 1396707
37141156 1169971
37141164 1169919
15946544 1939002
15933802 2474286
37626532 1559965
37150944 856327
37150942 1994387
37150946 1066936
37571261 92402
33819591 980032
33819589 424643
37571259 2042087
37571257 1507284
37571277 856263
37423193 678137
37148440 85932
37149297 1750620
37149265 606687
37149295 1863344
37149301 915963
37122435 2523537
37214927 1938408
37214929 109747
37598469 1223212
37173412 1345572
37173410 1122855
37446243 1122664
38544864 1671213
37446217 2179876
37446263 1169991
37143018 1567000
37143028 3138390
37143024 1033289
37143008 859188
33810808 904669
37403838 1838382
37656612 109308
35098735 2557972
31931965 2930003
37563721 929741
37446356 2300431
934114 1759492
37397751 1677711
33859174 1981351
37397749 4083533
37397755 2419922
37149008 926825
37587818 8918771
33742951 4370103
37446042 2293365
37446358 2945395
37587814 671145
33742943 672446
39253341 1122680
37587836 3845529
37607926 685620
37149401 3196197
33742971 881626
37603122 2293302
37603124 1005019
37122653 781835
37587834 1216515
37165546 1941859
33953832 1962459
33953779 1481879
37446120 866821
37587842 696414
37179521 2764467
33742656 1662922
33742939 1994406
33742941 360580
37587830 1625701
339802 930213
37587840 892939
37587832 950872
37587816 459854
37587828 1742435
37587820 459867
37587822 631265
34042766 3923368
33742949 1617937
37587824 3508858
37446354 1401305
37446116 7169851
37446078 4005906
37543238 3069340
37587838 1248694
37446118 1994323
37446005 1394106
37446328 2389811
37446219 2426445
37146799 1176534
37146797 252248
37146795 916539
37152085 1067109
37625263 899479
37625261 28819
15173207 5799360
37622738 2533428
37140013 2523698
33810124 1793060
37140011 2050153
37140015 4127889
37140003 671680
37627461 1067092
37143012 7622681
37517259 1278627
37296688 2104193
33742823 3945961
37394616 1513526
37150649 3316786
33780094 3373790
33742356 2454158
37326421 333957
33742530 656336
37571255 1285064
33859172 1489115
37540678 2381806
37257556 1779557
37648109 1309396
29600122 2523540
37446336 411630
33742303 3082243
33742315 664095
37644533 3113331
37371942 1673185
31932240 884141
33742500 194201
37300446 1312862
37360190 3119036
37656528 3122584
37108654 2160063
33742549 2381807
37329890 3119997
37594094 2429765
37552992 1347393
37126934 1737813
37615961 927301
37152083 7960738
37615959 105652
37147611 379816
33742732 4123429
37141162 1949457
37422968 3268850
37397794 6032453
37317414 1653789
37541059 3077576
37541061 226608
37167212 4387857
37397753 5166366
33742937 443978
37337129 1743699
39253347 9376539
37140017 868523
37140005 3019560
37140007 440728
33810817 1743277
37140001 7833909
37143010 3453747
37139999 2478927
37140009 49071
37605243 334576
37143016 518417
37150664 939545
37150659 4106095
37150651 1675053
37150655 518524
39253355 3939073
37124651 379358
37372111 325626
37372109 1853542
37143014 7617010
33742977 940343
35073018 2969038
37141160 436576
37141158 435694
15938916 1939893
15939723 1453613
15933808 291608
15933919 2167140
37419012 3234265
37571279 2564757
37571273 890755
37571267 5241783
37571281 7034247
37571269 2540287
37571271 3657286
37571245 704719
33742855 2279119
37560269 1343722
37394500 2135563
37394502 361903
37394498 3257920
33742559 436922
2574170 1113833
37114148 1994730
33742716 2623282
37165802 488168
37206836 3650632
37619378 1514581
37446338 3293960
37424813 946008
37360557 5696999
37360545 2656438
37401030 2542920
33846296 2577824
37405161 2279470
37348006 2270579
33742510 707280
37248619 401100
37267721 2890125
37377132 1725783
38544926 2993471
37615253 924776
37510365 892316
37560274 4009725
37165579 338586
929987 1750276
37598471 2247993
37356236 594143
37181271 19047
37446170 694320
37446164 1969002
37350180 901512
37399534 2403461
33742973 3328655
37565928 672539
37493144 389274
37517261 2481035
33742668 348067
33742774 1313637
33742762 1854418
37337528 387075
33742370 3497141
37571247 1014048
37615368 1045820
37324212 1198291
37540236 1021291
37540234 723404
37446314 2613974
37108650 2589097
37373094 502218
33810121 1057156
37341170 2585818
38544908 1036253
37656622 4004593
37353458 337461
37304640 3641282
37423217 2035224
38544900 1854318
33742899 6634062
33742891 578135
33846329 874155
37139234 1517828
15949661 2455268
37555087 334013
37412389 7174656
37360533 251348
37360539 5402855
37360195 867038
33742812 5050060
33742219 257181
33742849 5785901
33742897 800277
37416014 1873774
37416016 1114809
37625511 3374471
33742376 2102000
37257569 1659874
33646066 1116245
37360199 815138
37181252 134130
33645275 455367
33742584 850117
37423215 2528125
37423213 1440750
33742586 129172
37193359 1005585
29600219 891198
33810810 2140731
37403836 2031053
37403846 109748
37403840 1116318
33810806 1709450
33742391 2764018
33742450 1721234
35082137 2867064
33742561 2029094
37269424 3042370
37326413 2793895
37656618 1988217
37656616 1617941
37656624 88142
37656626 94306
37656614 582582
37136325 455438
37400313 423377
37326415 348881
37400303 1114826
37400318 455457
37400311 903936
37400295 2651910
33742704 1484973
37152741 3367898
37257558 2028934
37631691 1795751
37143004 2772566
37141170 532265
33742979 2791607
37510624 1923096
37571251 3100115
37571275 1996195
37423209 2758836
37423201 2086714
33742366 708374
33742998 1313679
37148434 345419
37148442 1629169
33646088 2598914
37149299 3350667
37615963 1790289
37165804 1621829
37165800 325772
37165806 481253
37656620 2031714
33742764 94308
37277297 2791594
37139587 186946
33953804 1792842
33742810 582282
37213112 5346418
37314291 8386601
37517265 2554636
37183897 2270854
37249720 3046013
37249716 2157210
37249722 3027964
37565926 3482934
37571283 6450311
31935020 677918
33742881 947910
33742521 98595
37314293 1721960
37396748 6538774
37620798 827822
33846354 1452837
37650798 232900
37626618 511963
37120075 3117966
37509696 2764992
37509692 1775158
37509702 1777815
37509688 915807
37509690 2725139
37499395 268578
37173408 7496836
37375498 1580822
37375496 2921222
33742895 1705789
37509698 3634212
37571249 2915115
37325181 914258
37148444 2220973
37193121 998422
33742975 2310182
33742692 3176540
38544876 2318088
37446342 1215068
37446324 2943919
37446310 2493654
37258857 3530578
37183440 3940615
37519189 4439555
37377681 751751
37373872 7715079
37368919 2814913
37353456 4708754
33742676 1210240
33742654 766799
37613718 785591
33855384 324938
37620971 2516669
37253856 1019384
37437240 622866
37446348 965926
33742919 3333140
38544892 161514
37326417 3402091
37248398 2123359
37607850 3765939
33846309 1570890
38544882 1161342
38544874 144892
37276669 174890
38544902 660086
37335246 2896593
37373159 3356146
33742818 2896583
37172572 2004671
38544884 6744281
37516506 4605201
37547172 1675252
37143022 764266
37517263 3352480
37517269 3313575
37517253 3415181
37517267 3201001
33846307 2718516
33742368 2864458
37257554 2408656
37501633 2766604
37565922 762130
33732889 2945647
33772037 2160201
37626353 2510737
33742994 1387011
37510626 2408661
37143006 3089303
37571265 218238
37148438 3736244
37148436 123575
37089931 342797
37143020 2638190
33742720 349462
37545655 3991895
37172568 2397871
37391383 7630052
37391387 3172462
37391385 2364451
37336745 11820354
37499010 5579016
37185345 1855479
33742843 2925934
37360136 3577998
37446318 3207708
37446326 3223350
38544920 7119221
37241806 2185226
37509700 5886526
37509694 3653463
33742410 2529533
33742414 383701
33742909 8354017
33742541 329465
33742412 860053
33742793 9618251
33742816 2043275
37565311 1788577
37517271 3320040
37276202 63532
37338739 2078277
37653393 4014142
37118785 879935
33742814 1597082
33742317 4258455
33742381 1945958
339853 930242
37254013 3243642
37281983 2333880
37630819 1559969
37330241 1787794
37519036 1671667
37517275 874808
37319690 1617620
37592395 1867768
37379800 341500
33742666 1779941
33742670 1247404
37332075 5760275
37332077 2681125
37190818 1731791
37607360 5877055
37446085 1571203
37546219 5328223
37559908 11694447
33742694 1724750
33742372 7725670
37659734 6524881
37515104 437954
37242684 3481738
37393605 1565512
37393603 1411065
37336747 2559437
47893779 775673
37511158 436874
33742393 1119380
37420040 1119397
37446177 457529
33742959 3541150
37560276 960481
33742911 1885037
33742913 3633502
33742915 1968203
33742791 2760953
33742789 1710548
37620056 3036600
37360551 256824
37360522 3784282
37643708 4372580
37446360 6039306
37643712 365383
37643710 4481262
37643716 2296975
37293708 3032895
37128864 438344
37588188 1401339
37329768 953268
37331178 2957069
37331176 950135
37331174 1771339
37331172 2254913
33742990 791779
33742778 2032136
33742784 207199
33742786 853158
39253311 2226771
33742674 421108
37186806 1640914
37559710 1273536
37559712 3785503
33742427 2004582
33742620 883107
33742553 1160170
33742444 8025858
37589475 4817228
37541897 448314
37090483 3368870
918636 1725806
37607924 3116952
37366098 279972
33742837 2528234
33742839 2725540
33742770 1856535
37446344 360943
37446352 280011
33742833 2048461
33742835 1689149
33742338 911698
39253315 1706391
33742907 2808676
37140641 2945769
37249514 443491
37379168 2793175
37446097 279617
33742336 1574539
33742467 2434247
38544912 326083
38544914 296009
37257563 1727031
37118672 1657600
37118668 1726679
37118670 2101438
37546223 1433845
37546221 3651407
38544904 887348
37150815 7994165
37657026 3702785
38544906 103945
37565924 3956759
37141168 1576784
37141150 4075217
37360541 6065313
37662637 884023
37413462 5699730
37651436 1001188
37249718 443897
37249714 675360
37369350 1708569
37369348 1023058
37552449 436248
37114151 1866772
37413460 2397586
33742996 2160184
37246203 915164
33742331 3962562
33742386 1960034
37314289 5953977
38544872 676939
37551156 381741
38544910 4029629
37609256 1458501
37419010 787363
37105845 2461454
37266872 3321384
33846349 2858584
37145000 2049241
33742508 2502590
37336749 3685165
37339694 1777383
37172570 627258
37268272 190225
37129480 3964282
37629871 2232787
37147318 2290536
37613720 1992069
37144998 1785633
37145006 2572943
33731611 962308
39253335 626752
39253333 3665526
33742901 603792
33742684 626780
37105055 4656575
37119379 2219583
37541907 1733115
33742827 1317464
37326419 1944776
33562783 5280108
39253331 3249231
37646021 680779
33742352 1853682
38544858 1724728
37446174 1916737
39253285 3347556
37446246 2654538
33742265 3055314
33742267 1790632
33742271 998855
33742269 1811811
37446034 1806970
37446230 1111057
37253989 2988727
37517257 2844371
37592714 3842010
37605443 4753554
37407699 395426
33742955 12031266
37548197 6310212
37114622 2513180
37403842 1714133
37503035 1908411
37140219 1596462
37374451 1693112
37369410 4152810
33742772 3357142
37123620 1239493
37326423 220639
37369731 3756868
37369735 325179
37369737 3262395
37369729 3505616
37369724 1034459
37369727 1834587
37369733 3520312
37369739 2774378
33810812 2774052
37227847 3502745
37109864 3690581
37257567 3766363
37424809 467880
33742523 509854
33743004 2560512
37360537 2463120
37360526 918422
33858997 2007494
33846325 3034395
33846333 3766481
37423199 997583
37423197 961087
37193357 2362769
37257561 820717
37193355 2007171
37193226 1804715
37545659 3357536
37648107 1459978
28407908 659529
37127079 3756889
37332015 2286542
37658012 720684
37378002 1005188
33742986 218315
37658004 300452
37249798 1591256
37658016 655764
37658006 3347905
37658014 2118545
37658008 3586396
33742984 986414
37658010 2824245
37371940 3357203
15143911 1109638
37335004 3766311
37335006 867979
37404384 218836
3344199 1135546
37136318 3641669
37507442 1302013
37300444 671104
37576670 1030409
37400053 2774409
37136305 2500100
37316045 3357479
33742680 3766547
33742525 618242
37109515 2544392
37538063 2007095
37423207 4560904
37596023 2355920
37655144 4299038
38544886 1743540
37267675 4289365
37531992 13346319
37545161 510597
39253313 1799012
33810815 2370958
39253319 6085494
929981 1750261
37552661 2290994
37136327 1659515
37414418 2536516
33742808 5218687
37198609 4195097
37198611 3858052
37256715 400250
37249518 1463886
37351163 764039
37501140 51731
37596514 660628
37408347 2876
33644635 1718437
37170178 1405414
37253858 1369617
37446350 365539
33742664 1006879
33742660 1954284
33742658 956163
33742662 866318
33742847 3168718
33742672 1696235
37309201 2318453
37446320 3932353
37446330 875748
37446346 890828
37446340 361654
37258691 12596689
39253321 1456541
37511419 7566251
33810106 1406701
37267719 2559173
33855382 3750714
37257248 5147506
37603615 6170270
37179723 4684179
37423203 899955
37644537 301555
37246207 4212183
37412845 3439229
37526248 2586871
37500669 3765824
33855380 1108461
33742797 383867
33742883 1827618
33742760 222000
33742801 1612814
33742803 332093
33742795 2502425
33742875 908463
33742863 136080
33742867 852751
33742887 906967
33742879 1077305
37388332 2773049
33742644 3617478
37629832 3617613
38544918 2313374
33742953 946163
37105843 810947
37386845 892104
37166382 11546536
37166380 2324925
37515796 2378112
37648358 1686013
33846343 663750
37186562 2275834
37190816 66923
37169845 5018163
33742678 1946648
37656610 731092
15066499 1671604
15058615 10125235
37394549 1851462
33742395 3031098
33742478 5611859
37390254 5215363
37150516 1841970
37446288 1749196
37397966 2555255
37397968 1197782
37367754 678851
37349950 1545723
37184489 1582369
37517333 893179
33742589 953597
33937419 1364693
37390252 6397802
37390250 84124
37390248 2934468
37390246 218721
37368603 8062910
15916737 6608734
37422985 2373226
15155399 539951
33742441 5310611
29594540 6037470
37157570 963294
37644531 3222054
37548195 988736
37542836 2655987
33742969 7660910
37130425 2253680
37136290 945211
37545524 2633642
37141152 597171
37508250 3818214
37508252 9316126
37508256 1257187
37508262 5641505
37377677 388209
37377679 6117697
37510241 1406743
37596744 1785325
37145004 385936
37628869 207766
37650731 2299237
37501201 337735
37246176 3520922
33742388 408306
37313496 1020003
33990180 108198
37183899 12261434
37183901 4632756
37183903 11641656
33742485 3511078
37413907 218723
37587121 2290119
37583212 887293
37396850 851763
37633978 359236
37601798 517591
37399972 867887
33742935 2343001
37616718 4363738
37276277 2315346
37088189 7327674
33859170 2831708
37373157 6805821
37446204 4192249
37145008 580159
37606033 3194505
37563252 1716266
33742865 106736
33742871 2479386
33742527 751568
37141849 2765762
33742861 3354293
37229788 345939
33742438 6482735
37506758 3898049
33742988 880169
37506760 2917544
37637554 1639133
37360555 5660827
37360530 5443649
37423211 7830134
37423195 901806
37193361 907949
37257565 9276036
33742494 8965508
33742496 906872
37258900 906482
37147609 6128011
39253325 1443080
37123358 4358202
37118674 107785
37502397 9863055
37249158 5168183
37446334 1948552
37336751 1948468
37245238 859811
37245242 3754473
37245240 2484106
37088931 856950
37176144 537032
37280690 7527471
33742857 3714230
37576672 2246629
37170180 19658599
37143026 36142
33742354 6986086
37249771 2634138
37157986 1703968
39253317 3366536
39253327 6257338
37175407 9467506
37661259 3747854
33742933 607359
33742903 6661558
37195175 5032265
37249516 2876770
37172292 12310577
37123415 441388
37619376 4039364
37253987 5634769
38544898 6195509
37301187 1545241
37114550 369954
37376081 3229239
37120077 3214949
37227504 5274889
37172294 252086
37595330 2956400
33841362 8501944
37373149 8784185
33742652 5823021
37506756 5078809
37202798 2300498
33846327 1579251
37375490 5839743
37329562 1482311
33841927 4082143
33742401 11660710
33742398 3468930
