29585225 29585227
32791373 32791377
29603928 114019
33839889 33839891
33834492 33834494
37411083 37411084
33563912 1112318
32791485 3635457
15367110 3167805
32791436 22429558
37507918 1152197
33943863 2403091
32791474 2870853
32791462 2569804
33990944 33990946
37199035 37199037
33943707 1124709
1742151 2571552
34011520 34011521
1182635 2055489
37151112 37151114
32791476 2141523
29600381 3065320
34011523 34011524
34011518 34011519
33943780 2886125
33736430 421937
32791354 1061987
32791469 32791471
37122534 13478660
32791405 32791407
32791401 32791402
32791403 32791404
37403464 37403466
33576286 528253
33646126 55337
33771896 55338
14817679 219774
33732260 363500
15177418 3168897
15550480 3500473
33732424 3500511
33732267 96281
4076068 1420757
14800202 897468
34055785 487293
33840715 2436300
33732494 52449
33732174 3842049
10089566 6248541
5925201 960386
15081240 92368
33839689 374496
33840539 97966
37206768 360812
33839600 94513
15449421 99520
32171822 126905
33576449 119556
33576495 97406
33839645 429253
33840835 240514
33732055 345721
33839959 378676
33840398 93116
33840072 55339
33839931 267323
33802764 270892
33772162 41541
33643690 260843
34035306 339675
33840677 1799219
3079285 70616
37300710 62372
3677702 134199
4519840 93763
4519838 75157
2869993 102227
33772029 346296
33840568 127777
34035482 67461
33563797 2892489
4356309 4420720
34011423 5427589
33809857 1611497
7312955 7312965
33840062 25252433
33732556 7385643
33732328 6359546
37088440 13659036
9435267 9435283
7842864 607429
33732522 5640479
33563786 2533375
3814430 3264297
3012309 1724254
3419945 1738092
33840537 320856
32791393 226588
3879130 3479578
2988433 172287
33732289 524081
33840746 13816
33840487 125121
10059905 1210351
2573377 100050
33643814 369116
2917823 1403
1750815 2574492
37394545 330879
37398475 94441
37398472 110313
7796053 2008457
3280052 310730
34055783 41577
3153780 122644
33563751 98990
32791418 142164
33951984 17122
33952019 87869
33952002 112353
2386201 252442
33731678 1621
33989775 97968
3153826 313466
15926903 109872
33802698 1552668
33643741 3319568
33989849 144659
37360178 383150
33840011 53912
33840645 31170
33732229 137994
33563689 77299
33576566 2051
33732365 189083
33732168 362064
2573364 53309
2183874 220047
7646919 192467
33732354 128627
11269003 265798
33839849 199475
33839881 949665
33839933 95540
37206761 1653648
34035382 770066
34035384 213363
31939552 416660
3150563 848933
1306406 322454
5538555 596693
33732470 2495884
33564316 356962
3672909 3950005
3150562 1674603
33840379 134384
6338410 42383
33951936 321575
33643706 70130
34011420 576789
37507311 1149511
33840284 1108232
33802786 432984
33576420 102869
33840782 338363
15926924 642107
33732737 215258
33840009 1059316
33809828 404560
29606524 156326
15444929 52505
33576197 215179
33839863 336477
33563779 685833
37507146 107758
1300481 170776
33576438 112766
33839963 486481
29588718 218488
3809520 356312
10077497 390995
33732202 103540
3419675 595951
33732746 325865
33840613 52867
32791505 109136
33850828 101773
2264476 508759
33809927 6066880
15158257 352627
33563773 1568754
33839602 137091
33643721 2862644
33802748 2843720
34035455 11803786
37326307 4410879
33854287 395329
34035284 824304
33854345 1208778
33809908 4550428
33809809 824027
33840615 442366
2385634 3078599
33809827 10673424
15945374 6542255
33576472 867739
33840674 3500809
33839574 104494
33564315 2658334
33839580 4270372
33732404 443475
33732266 12674748
33840132 3608328
33839902 2350263
34035315 7040667
5134554 5134626
5134555 4474122
33989821 25282554
5134627 5134703
33989822 4262396
5134555 5134628
33840808 104318
33839581 280588
33771633 107816
5701834 5701854
33840594 340407
33840752 3501116
33732713 5226692
33840453 955770
33643822 3642907
33643742 218571
33643710 1694543
33854341 1692793
33839806 330019
33839938 127306
32791482 1489902
33576478 100865
37360289 227444
33731406 124601
3683029 53235
33732325 207674
1486204 99466
32791362 338367
32791370 109361
33809848 92391
33731942 248043
33643636 95477
33683398 159430
32791382 335602
33643700 121061
29597433 413231
32791348 295527
33646140 105965
33643719 142296
33643717 2765
15025909 46551
33771884 99329
15096660 539310
34035298 6290329
15926917 478401
33732203 852853
33646133 136229
15158282 266066
33646110 98089
33771730 451865
33646169 85355
33643765 248635
33839641 462428
33840440 98090
33732707 371696
37507153 65259
15165571 333406
15065089 70132
32791379 445273
33646117 361082
33732166 235554
34011429 228832
32791495 50641
33732442 867410
33732465 36140
29592992 143678
15064864 79062
33840373 95844
33576295 218351
33576476 146505
32872861 864661
1592440 43792
33840133 857591
15168554 109953
33840292 170566
33576192 5574
33576463 121432
37507132 104605
33840246 94291
33576509 109557
33802749 4670760
13070508 790297
2353828 99638
32791416 35770
33840057 910410
33811917 1520566
33839723 3597261
37600611 4936661
33839854 6959829
3976066 2218511
14820896 7840493
33643797 3459835
4208346 3659040
33840217 216889
33839951 660888
33643815 14174560
5077197 905091
5077196 2281431
33809942 19883595
5077195 5077222
33839721 100560
33828776 442889
1866960 2666432
33563747 8067781
33563736 1301541
33563645 8555297
32791491 296411
33563748 5948063
33563703 3075374
33732435 6228315
33563762 5807827
37360176 325747
33840832 54106
33563702 883985
7595996 7596022
33576165 98440
33563664 15578094
33563676 2213153
33563675 2707008
33563826 11139990
33576458 129066
2880874 3428295
37158330 11818730
33563788 1565872
11503068 2465915
11503067 3298062
11503069 9006783
33840084 226083
37309180 4666061
33563660 5241175
33989837 625460
15548024 291056
33840141 47642
33840689 143461
33840433 500374
33802685 549879
34035364 236667
33576137 344610
32790781 221631
33683375 324840
33839648 21100
11606406 603787
33732632 8699566
33563776 441222
37494920 729184
33839900 101649
15927108 79784
33772056 80182
33955700 53973
33854312 288721
31190033 1625
33856638 102808
33683707 142932
33562129 460251
32791466 78774
33840753 591552
33840661 4320727
33840349 1455540
37123281 5424893
33839711 10701264
33732689 4654926
11456555 6906204
33732637 5165569
4012062 3651658
33643722 6739032
33732112 1950778
33854286 3647359
33643762 1015383
33643715 5188709
33643714 4105096
33732655 4321427
4012060 3227461
33643785 787849
33732620 4231122
33989825 5029581
33732628 6404081
33732536 13012088
33732542 8812682
33732535 2448750
33732562 5222583
33732532 106551
33732609 1756253
33937199 3384415
33951971 3135660
34011428 1702366
34011416 1635825
34035272 4937895
34035273 4068888
33839984 3017850
33839982 10288654
33840781 3268237
33839983 2178636
37123272 6833615
33839962 1833603
37123276 225806
37123275 848507
37123277 2992001
37123284 787826
33732220 2576083
37123282 226294
37123283 3602024
37123274 3122536
37123273 578009
33732538 10701493
33732687 1718938
33732611 3862929
33732469 4010726
33732420 1757626
4012061 1043922
34011427 898400
34011426 4271941
33643786 779171
33643821 3226905
33732493 4401722
33732684 3093798
33732549 10701573
33732619 3702936
34035393 5809306
33732148 14202553
14832484 756012
33840015 359362
9151788 3447945
9151789 4195155
33951998 5116377
32791392 1643071
33732622 349196
33563657 3628694
10383675 1421043
33809830 3600129
12814295 7015910
33840714 3258772
33840533 6450491
33840444 5695981
2869506 2921661
10787081 4779292
33563630 11338762
33732601 190937
29604920 199766
33952034 949381
33854323 98661
33802753 301228
3150564 2070542
15354161 2916012
33840508 72676
3991794 2103792
10082028 3926078
14744421 3580112
4356311 584549
3550315 100677
33841657 1835426
33732659 6403056
33732625 1445706
33854308 233797
29589032 716297
29594878 710951
8445761 3271259
2582584 60164
33936520 2870456
1310579 2183916
2181179 2918874
7312954 3359152
33732076 4044745
33840589 6014447
33643794 687982
3843580 4082284
29605832 653
3550145 3894973
3550146 3894974
3550147 2097920
3672910 3972158
33732676 3624253
33643804 7113461
31937460 462925
37326617 383367
33809943 261454
32800982 168953
11491472 225048
37380023 204497
15550481 6125546
5406238 1581223
15932031 9447289
33643702 101598
33732667 93596
32829306 407821
33562147 52563
7595995 1664998
33840337 158181
4398781 4451279
14877296 1801471
33563649 3610253
33811913 218292
33776161 1627
33850824 333037
34035429 58553
33802751 905561
33840830 2185571
33809955 661312
1304594 2182496
1304595 2182497
33732722 6609691
33809885 3683903
33732130 7633076
33732484 3861886
33809910 10747048
33809804 1313734
33859012 12064919
33643712 10747104
33809852 3600287
1305376 2182814
15937850 825998
1302829 652033
1302828 2181587
33732095 2405475
34035352 1741174
33839672 1707460
1307978 2183440
37386232 6070802
37386255 2219880
1307980 2183441
33839844 8419098
37386242 3913628
37386243 1771765
37386244 7109107
37386236 1245510
37386237 2159080
37386245 522817
37386246 3814142
37386240 1856858
37386241 15463657
37386238 15231486
37386247 752032
37386248 21105338
37386249 135625
1741880 2571325
37386231 9240455
37386250 13623211
37386234 6121234
37386251 10747422
37386239 8156205
37386233 1350199
37386253 589041
1307981 609851
37386235 8878610
37386254 10747521
37386252 1321761
2182254 2920127
33809892 50959
29593878 428797
33683373 96046
537655 189254
29593876 141995
33809938 224122
32790777 530058
33809797 170047
11299323 341749
33839637 190194
34035458 3265978
14877297 3436407
33809854 865878
15367115 604127
33803711 499902
33840106 3893356
33643798 2853976
37088438 4923057
10382422 924276
33989864 10299499
37507921 500045
11269906 6447677
11953471 3717731
33840816 3962320
33854283 1033480
33732551 3319350
37338086 5885929
33840570 1790631
37338087 10300293
37338088 3165781
37338089 2208654
37338090 758292
37338091 4448153
37338092 4394309
37338093 330042
37338096 1150022
37338097 4033449
37338098 9399118
37338103 4054437
37338099 949562
37338104 3087179
37338100 2799094
37338105 1602133
37338101 3408764
37338102 7303905
37338106 6717029
37338107 1283008
37338108 1755531
37338109 1287563
37338110 3947538
37338111 314135
37338116 819480
37338112 7297275
37338113 5899461
37338117 4370259
37338114 2566353
37338118 819474
37338115 1391028
37338119 2523780
37338120 1755478
37338122 4281794
37338121 14542066
37338123 8801666
3260557 2386597
3239220 2552878
33989830 19032503
34035485 2629746
33840210 180832
5870485 729024
11921983 975497
11921981 2766480
33854346 12752532
33840450 31005851
5077232 5077255
37494919 6571248
37088439 10776886
11273072 7118302
33802674 4194021
6418079 3233283
37367085 1491984
2988525 665625
4086141 228758
33643813 941065
1741102 2570981
34055782 3691513
2869647 3419911
33809856 8761509
33952038 28034230
11721462 6587073
33732521 6189102
37198583 1468906
33732467 8249656
34035391 3842536
33952195 393645
33994136 52869
6813478 44907
33802737 67174
2386204 3079357
33839960 2536288
33840387 1956095
33840385 9150853
33840384 7529454
33840386 5255820
32791390 848845
33732370 153674
33563608 4937906
33563699 4614224
33563658 14653230
31930168 2536267
15155921 10304959
2573921 2420483
2815207 248621
37143249 228736
33834881 109362
34011564 766402
6813451 376075
3687344 3982693
33732688 3730370
2917878 220722
1744679 1094761
33820752 1277610
33643824 5105841
37368207 313499
33944115 23134
5406237 282591
3419229 141402
12462858 5877346
34035345 213165
37496371 17120
34038811 1095365
34019463 1003389
37125854 776684
37242424 1433220
15663628 849664
34019464 731515
37349979 731515
33994198 959504
33990578 509700
3420087 3804731
34035336 1705299
33732200 37053
33951988 902526
33951997 5825832
33952012 5118959
33952013 12415862
33951982 852592
33952009 6047911
11304826 7770005
5185601 161412
2606287 53242
33563737 5940762
37400167 3501308
2880408 603933
33563838 736958
2919099 231113
37135588 712217
33643746 677569
14781073 1738153
33952969 7748460
3833145 898778
11535566 6844017
1751932 2574937
31931138 363896
33839732 3844177
33840108 26414126
34011419 651309
2919100 3458468
6927718 216884
11966111 395920
15390114 185059
33563679 286310
3239328 221493
37403675 1900623
33989842 440282
34035274 677439
34035269 939361
37109043 2288912
34035308 318701
33811927 138094
34035277 367380
33732568 736969
2917877 476751
33732330 1048751
8276277 5543
3012036 448683
3012032 50848
9435265 398210
33840267 1596852
5488328 292798
33840154 70337
33732319 108319
33840481 643886
33732280 98222
6374546 971803
6374547 2475877
6374545 346297
14798967 1394702
11252678 517069
33732720 648148
33840632 763319
33840634 132714
34035301 50518
5663746 505294
11466732 1903304
33840684 829496
33732082 827485
3209985 53647
34035356 1242012
11453268 324799
33732306 367403
5653650 724097
33732701 1770578
33732759 1152785
5653649 763330
33802760 638684
2880875 1778801
33854335 889323
33809918 395717
2880877 874784
11501688 424319
33840239 639403
33732264 387151
33732302 877108
33732732 675972
33732475 824522
33732080 965044
33732086 230896
10943022 66925
10943023 316281
9148298 878091
37507159 150516
33732196 270658
33952945 360353
37507151 2337713
33732363 1271229
33854331 1433355
33732317 1772942
37507140 799276
33732311 1005097
5575150 3653153
33732102 1264777
33840295 851693
33839609 565727
33951943 1054633
37507138 333788
33732275 108306
33732337 103630
34035327 785483
33732350 726614
33732339 349523
33732346 665713
33732412 831466
33732452 826593
33732077 1060069
34035291 1508031
33809876 943364
33809883 230553
33732342 325719
33732348 1877809
34035304 447683
33732344 2083331
6264983 3330681
33840442 1506443
33809878 667094
33854337 1088778
33732368 453109
33732373 2418465
33952947 1400980
37507142 863412
33732084 836287
37507149 328478
33732116 230995
33732651 789680
34035459 336474
33840411 598251
34035439 2489408
37507135 939930
33840413 361760
37507155 1063719
33840429 19042
34035441 542796
33854325 230687
34035461 1183049
34035443 361945
33952020 318640
34035496 861813
33732118 825763
33732665 198837
33840463 632079
33840512 140188
33840446 1796671
33839675 342239
33840549 35773
33840436 3509368
34035466 202482
34035318 3075701
2984643 83426
11473630 2804520
11473631 332346
33840130 1690821
33840703 1024767
15926870 632657
37206766 95801
10784224 856700
10854568 1842943
33732262 2517130
2573924 123343
3879106 753956
3239329 207636
11276797 657744
11276798 878896
2919911 857686
33563740 1615853
15918819 226888
3101367 84111
33563632 878077
2574135 632505
2574136 665497
8124292 2544044
14794252 3748285
11453269 158676
11453270 509558
14836644 3332603
33840215 1003192
33840021 8077473
33989831 4203559
37368411 2250976
37368406 2587752
33952000 1612843
33951951 830792
33952025 98510
33952023 325508
33951952 4353040
33952032 1753147
33952030 333657
33951992 999698
33951989 2249439
33951979 2860463
33951972 798798
33951966 638211
33952005 193522
33951995 51074
33951967 1008997
33951961 3282639
33951986 677603
33951954 641117
33951974 2314263
33951964 3217833
33951990 975951
3382977 334616
3382979 506781
3382980 1652509
37368394 988907
37368396 1291646
37368398 1567490
37368400 900925
37368404 2598941
33809832 830914
33937179 28082
37368402 2098882
33951987 575837
37368418 2113380
37368420 451448
37368410 859872
37368415 331846
33951981 99037
37368422 1105404
37368408 101165
37368416 1105365
37368413 1104265
33952008 352597
33951956 107184
33563738 4411299
2183873 690287
33563783 193262
33563718 1956576
33563683 341487
3074986 906009
33840580 662982
9837935 226735
33643692 4023466
6538063 216467
6538064 247212
4119377 538058
4119375 546874
33643773 216389
33802722 395839
11188695 5427254
33732627 2446852
33563749 216475
33732631 1732586
10392644 263569
10392645 755676
10392646 830319
14803657 774488
3861072 749511
6034244 332901
14797605 445993
11555620 320379
13075333 5409930
11208437 53243
12571206 320098
7275918 1526284
33732414 97703
2815106 2376858
3050997 325282
14850418 1358150
11269907 334004
10061851 1269262
5550617 3209183
33732661 3532423
10061852 1489729
3236919 2608807
3236920 907911
33563731 1819048
37507309 843215
3209285 2025398
6069201 1400534
33732458 245374
6069202 1801342
33732406 367329
4356308 1246431
33732725 995704
5043703 1653866
4145554 397072
2181180 879509
33643716 3803738
37319970 360447
2200574 2938782
2200575 280589
5639067 932590
5639069 5401609
33802779 1938361
37391343 3945695
33732332 640976
37326301 1738719
33839611 1680397
33732393 329133
33840497 2312911
33840499 396654
33809868 876350
33765608 324800
33563767 755521
33563694 122267
37125001 353425
12467735 897235
33840457 1634003
2719262 2311962
34035427 2083558
33732579 9780180
6333992 843010
2815148 669611
37507130 2475689
34035305 142892
33732341 1054634
14857835 1488194
31930897 3665802
10064708 1199933
3666399 565728
11544652 82782
33840561 2738213
33840678 120906
14541107 287955
14541106 3191184
11633594 90300
2582585 930620
2582586 346485
33563833 1466885
33563834 340411
33839829 2134060
33840675 293977
33839670 324458
33840102 658235
33840081 253825
33839839 436974
2181221 859803
33840761 767598
37151081 226286
37151074 953591
33809880 616702
33840051 1569965
33732497 1140124
3279901 3715178
33943649 196375
33840605 722799
33732172 2389596
33840514 2204357
33643699 337117
1756199 607335
33563665 1466626
33563662 11039
3501441 850338
10059625 1546850
34035498 673004
15474109 463528
14835201 1105085
10089567 540080
14791156 309660
33732110 1680505
10819391 41211
9887171 237997
33732089 861207
33732434 471568
33854302 370523
37387373 1002736
37276138 804633
3804562 573079
3804563 606791
34035411 1616750
33839835 1495598
3804687 1660603
33839895 425778
33839909 510018
33643805 2428612
33840564 146622
2606678 278355
11921135 979282
11167767 1973408
4154069 253594
15276379 50849
2984567 1094298
2984566 2313011
11233467 367138
11456556 1755500
33952960 17123
32783808 105581
33732216 1042611
2917876 312628
11265348 1387281
10846407 1474809
15636805 1387316
6078857 923437
6078856 587004
15268759 1618706
15268758 811006
33854296 917958
37496374 329089
1306407 1672975
3428349 177574
33854306 1028747
14797491 1308826
33952985 576241
33563756 95541
3239221 322404
33840559 408665
3419707 352096
33840001 862937
33839870 1854152
33989851 376172
34035386 1283804
37365227 313989
33732454 300803
3310879 107910
3310878 1606302
10077496 688398
3419811 1925230
15268760 5810310
37496369 1740828
14825524 1420302
7026203 698442
33732272 1277266
33732473 3677002
10773136 1406651
10773135 328135
3310905 1040483
14841973 334038
13074565 594405
13074566 6372
33840006 351859
33840049 123617
33839878 946936
36759983 477580
10798108 916472
10830544 521135
10806015 309004
11167347 450899
5125188 1927990
2561866 854644
34035446 445150
3261525 333658
37369325 333535
33952974 105418
37496366 40039
37584666 202837
34035425 1344003
33840221 135079
33840219 109822
7533976 513048
14859047 1711766
34035405 49104
33809958 331847
33732046 547414
33732042 988660
33732756 1404662
3214554 2312645
3214555 308430
10865007 580907
37128987 188663
37625466 580900
33643826 580882
33854304 97635
14832372 142425
14832373 891939
3460991 142625
8219424 1414
8219422 2303979
8219423 1989810
12416250 1424436
34035490 1754844
3780203 811469
14810916 142814
10790922 1613376
14852043 815552
3239199 1933099
9066750 618174
1753740 97816
3991795 861094
2181980 495512
14859709 335233
14859708 838264
5077231 658821
5077233 811493
33840214 655739
3858904 602922
3858905 594789
9412874 935608
9412857 598861
33732715 598915
7796055 598808
7796054 883244
33643760 598954
12591679 320407
10416514 699854
15367592 1405596
14797081 1023999
3965736 598963
9334696 1083424
9334695 159771
11439951 436353
6677480 159840
33840776 39414
3187802 3647373
3187804 1334963
34035469 824428
6636695 3168565
33732190 1268767
33732389 339741
33809930 1025303
33732395 1090793
33839955 1615676
33732444 798002
10777215 2396816
5185600 598974
6317017 2503537
5179190 678932
33732252 405527
2880672 3189593
2880671 2329161
33854344 1934634
3737012 1027370
11639292 954071
3668584 93477
3668585 3329826
4076067 2952909
2602847 3236945
34035409 1836384
3209284 2249701
33732450 866131
3501442 1162852
33840602 1162826
14783898 1110397
14783900 2081263
14783899 2795401
33732723 68938
3647430 2141779
33952975 2220104
3879127 677965
4746707 995954
10387416 2331311
10387417 511545
10786657 1764158
33732300 1002962
6238725 18442
2382753 1589075
2382754 3074071
37128985 913893
37128983 2507003
11239885 825897
3833644 165498
37625461 2943705
3666072 1426846
37625463 598925
3666070 698343
11418567 2141727
8041157 698578
37088441 724094
33772287 1126337
6192047 1972094
11402911 92145
2719059 260998
33834637 502168
3220639 541037
33989859 215723
33989862 856660
5549075 1602035
5549078 2511039
33952979 391140
33732500 1716599
3903038 1852485
33840700 2154005
3903032 3769687
33952007 870529
15644666 1323885
11921982 678179
15474539 288095
10870047 1277391
33643783 1459371
9550214 47041
33732126 907049
9550213 527000
37416573 379927
9550215 642144
12400874 390120
33563820 108275
33732402 554537
8493726 2018779
8493724 354461
10054316 864938
7885169 2010669
6264982 663961
33840803 500848
33840717 521242
14850789 283718
1740765 1829879
11338840 2344542
3047552 1025189
11982635 3330175
33732214 660450
33732378 829423
34035475 1958369
33840469 1524054
33840354 288086
8810493 717339
2719030 1109056
33732234 664350
33732439 98045
33732243 2990506
33732170 2717243
33732188 3364700
33732334 1535772
33732372 143276
33839885 1029091
10398286 856946
10917777 95006
37242256 604356
33732503 1309371
7628128 1579290
7628126 1617195
6538065 600118
1450965 1981149
2449782 642878
33840382 321666
11403914 1008019
37543871 222897
34035332 440317
9412705 1706375
33840356 2047096
8133380 2138694
7385144 830116
33840520 380815
7385142 778993
37396439 1416978
3953919 1555351
14816041 2717307
14816040 2807583
33840491 1400982
33840368 354570
33563661 909767
3187803 897710
9365833 1311330
9365830 1476595
37198066 803608
8641852 884021
3976065 363005
3976064 395765
11188694 932093
37365503 917183
33732727 2499601
1945467 1476624
6844674 135013
14826249 881069
33840389 438677
33839613 103416
33840640 1415705
33840119 511956
33840607 166427
2606285 307017
3428317 1706089
3428316 2348164
6187358 785402
33732545 1824451
33840585 2288333
3051239 352064
3051240 352269
11922035 352243
37240088 299913
9659410 95252
33809861 290225
2988526 671844
34035435 2028081
33563686 1340800
33840572 2467018
37496376 2338155
33840039 644129
10074556 447988
4054407 335396
12920032 1537983
10937005 401669
4337613 961437
14826847 2203424
3463576 700012
11500942 329031
11500941 2407444
11500940 2791120
33840778 2779194
8805445 394312
13207913 30812
13207912 1615494
12489444 868045
12489445 940104
12489443 1026003
2606844 1260229
15470928 2405550
11264018 813010
33840552 323376
33840805 411659
33840365 1156250
37605399 1632641
33839899 2912074
6562507 2323959
33840037 828128
33840163 2553219
11156872 836788
33840035 1527572
33840261 957481
33839809 1701852
34035281 1745585
34035480 2137484
33952970 417784
34035418 603604
34035420 2710887
34035478 1480532
33989818 1074272
37145030 2137496
33840555 3294513
33839865 2348237
33840325 2067166
33840323 340836
33839575 350479
33840327 208772
33840321 1356875
33839654 1545057
33839803 904673
33840350 668249
33840625 917671
6748712 662611
33732385 387543
3419723 396093
3419724 323816
6085616 1687229
7740389 328299
11106966 709802
11106967 88138
6388534 2943692
8305688 102344
11273073 320317
10962291 830441
4011140 2472693
12567553 339833
12567552 3478882
13091210 2626137
10962292 962581
10385473 955371
33840749 1581296
33732430 1156209
33854320 3380768
33839905 401124
33732270 912631
33840793 2137629
32816058 160655
11193990 900057
37398555 3430226
33809823 1684838
15905611 1865545
33854327 362394
37145037 1312481
33840033 142334
33854316 63172
33840047 193218
33839997 334620
33839605 1260203
33840330 1056124
33840298 1210101
33840726 2348220
33839717 1691137
33839994 1377749
37145032 945705
33839756 1034662
33840363 289063
33839664 420515
33840773 926522
33840366 910283
33840621 1423397
33839666 343573
34035389 2606569
31047979 161796
33732456 955934
11377644 101777
33732718 623262
33840623 958348
33839686 1095602
33839598 283934
33840339 96572
33809865 1712992
33802744 539949
33732151 376171
5361704 376227
2988779 2352167
4139004 338721
11922806 687336
15173828 62429
33732448 123618
33732140 545876
33732231 488733
33732079 1025109
37175547 511070
22286357 143215
22286356 660625
12644055 490159
3459997 92465
9472964 1002333
10388036 1152840
3666133 103417
2869809 376546
33809923 376532
33840405 1019515
11998749 242452
2919052 659896
33952967 1287573
34035329 997393
33809874 1564746
1750817 431345
2528594 2857265
14834777 1392791
11998747 110315
12744946 615905
10846574 642791
29603930 313733
33840592 665646
8104365 861770
10707395 665217
11998748 340600
10707394 515408
12806825 430715
6523158 185481
14842158 572486
3291032 515386
14809872 73594
14809871 987044
3903088 759703
33732703 1031550
33732515 1271925
3382715 1810605
2606871 292847
2606872 1831920
2893864 445154
9836998 1075399
6534073 391002
7312341 812131
4856894 807213
14801751 910141
3419801 1613560
3461126 1444350
37229337 1288447
11953472 335759
33732223 1641756
11222669 1023904
11222668 868500
3170522 693813
33731977 94386
14827455 56475
33937195 2183319
37282002 1771009
33937177 1018608
33937183 343908
33937188 513241
33937209 2214202
33937208 463755
33937186 2054843
33732663 1948624
14817518 2117419
33772714 276394
3310959 2219716
3814659 1353029
33732304 624510
33840167 1344991
3310957 1711082
33839726 675951
33839897 1020370
3310958 1182481
10848387 353359
11786794 694272
33732059 1282544
6364780 56516
9467718 584621
33732505 1152878
9467717 2722171
9467719 97574
2984895 726890
33576461 940799
33840770 1581226
33839943 1249426
33839949 2715052
15934247 148294
10849768 2039559
10849766 676005
14862969 96051
10949717 1449719
5105300 1640886
33840596 1061070
33809825 102582
33840165 358701
11002218 921221
33732070 518038
33840526 1167616
33809950 2190490
5410785 1477450
33732741 161121
3419674 857346
12935616 1031318
3419289 2404623
3419290 206066
8926541 856241
14817519 477243
11504856 619131
4183211 154881
3051216 111530
3051215 257384
15520633 987315
6587277 1425338
8768831 862016
37587260 896950
33854333 553833
33840791 1425408
33732088 232842
33732248 157228
33732375 1128562
33839980 743616
1743652 1039224
33840129 849715
33839684 476808
33732049 251161
33809799 256650
33732108 95151
33840438 195729
33732221 3422827
33732250 3591519
14840583 1811590
11283850 908631
4011153 1167636
5788893 693776
3419378 782285
14796408 2130363
2606549 463555
2606233 221560
9597311 449071
12446080 635712
14823590 364700
33563742 3121253
33563818 884240
33563777 377168
33563734 53980
33563706 53916
33563637 1606731
33563732 3333020
15918861 1007267
33563655 407382
7577333 345074
33563651 1256975
8803289 957155
5815754 1667910
5815752 2039606
33732352 882043
33732057 3329299
33802746 3268831
33989826 1771673
3458446 711672
33840603 729286
3458444 3436435
2606753 1198035
33732308 325151
15064379 263436
3461061 1521585
3461062 2380998
11275234 2358330
3461063 1489487
33732440 1103325
10870375 2249910
10870376 149751
10870374 2540793
11311270 922379
33809909 883240
33732513 1842723
6884107 345749
9822132 1370682
9822134 509598
12705012 223813
6942008 1862008
8111332 403055
14846627 1717346
14846628 2576828
37366203 1291588
37366204 2606095
13205675 1308534
33854300 1113134
33840254 213502
5746445 384110
33732476 765392
8645359 2069147
7317255 961402
11275066 892545
10382421 945238
8836264 652172
7577334 1655157
10851336 1246505
33951969 135432
33732186 1771886
2357310 848306
3073701 110792
33732516 931784
33732068 1779204
33772145 3554567
33732158 913632
33732380 290779
33732361 1719170
33732106 1488393
34035357 537646
33989871 488841
10387232 1096076
14863082 850093
3216465 901312
3051288 1711502
2880789 672354
2880787 828913
33840590 269785
9659408 97378
33809947 164078
33732210 5597
33732409 358555
11377643 935385
33732356 2991200
33732418 253134
33732122 2995103
11377645 1440804
33732227 3120046
5501876 879288
5488329 1896117
2270070 537601
2270068 1727213
3419646 676802
33732194 3647636
6465982 1699317
6465981 394323
34035472 873855
33840345 1382317
14818228 194469
2666352 318586
33732198 121189
33732061 72284
34035296 36474
3419425 5160
3419424 84855
3419426 94643
33840135 314744
37318840 350157
33732149 237605
34035398 240413
33563697 321766
33840258 128344
33937163 101897
33854294 385926
5038494 186118
37151078 430834
8133377 17961
33732754 442421
2988406 19419
32791507 51648
33840137 199191
33839650 56781
37135578 51520
33839784 72376
33840751 72377
33809792 57299
15938505 72378
2984709 72379
15927281 72380
33840819 249565
33563717 1248774
37403097 55532
31938663 386761
33732226 2873555
33732212 971039
33732617 943400
15902733 1002247
3683027 810011
34035413 1603012
3917386 657957
33839887 2147926
34011414 508308
37507691 1708581
33732274 765624
33840087 693676
11535567 405087
8809504 1850733
8641853 208982
33563636 1538825
10382420 52515
14795003 187201
33840252 644456
33683369 2777911
33683371 443338
33683389 236837
34035350 221501
34035347 2125436
33683385 175954
33683387 306996
33683381 354502
33683379 486420
33683396 333042
37145028 118784
37145034 3105709
33683399 343876
37145026 3596192
33683394 954215
33784559 650903
33732255 328105
3100775 366392
33732094 1727009
5550618 1749032
33732257 854198
34035316 593434
11875533 911998
33643781 3212181
10059627 3712952
33802761 1675153
11275067 4890591
4746708 4747785
29585217 631215
33840054 82272
3683028 3979116
11279461 296542
4090306 443471
33732233 3148424
3565323 1700685
33840243 668569
33643793 504308
34035310 224522
33732411 2273500
33643768 1595981
37109042 1640518
14820140 2543823
33563653 51717
33563830 135244
33563704 57066
33563720 21710
2984708 146736
33563667 35679
33563634 396895
33563722 48506
33856381 60040
33839874 104829
33646165 129480
33840224 71955
33840191 116944
33809837 72285
3212324 92138
33840231 51996
32829309 66524
33732235 19408
33839680 78076
1250789 94380
15144121 54559
29595071 44159
34035494 20887
33840743 38439
33732285 43717
37648020 25483
33771630 32026
33840476 42504
33646094 27081
33840785 32118
6142952 29919
33839620 10440
6813480 27186
37398096 11586
33802695 273132
33643729 13193
33732104 10545
33853084 50508
6317018 10254
37608732 16017
37562640 67747
33732293 226585
33643621 149816
33732478 9726
33732709 11830
33732735 28178
5701836 12558
33732160 201264
8227789 7256
6927719 28807
33809896 32714
33809898 13925
33809902 31715
6333991 24603
11555621 2508
33732154 139708
6942006 62354
33839702 236759
3550241 214742
33563812 109520
33563746 189681
33563681 651802
33563781 84857
33732761 162950
37606223 80183
4208347 219573
33643708 16182
33989869 15333
34035293 37672
37414322 54415
33577355 1409
33840704 37582
47894304 136773
37135584 22245
33562029 201485
47894305 503442
33840091 42805
37135586 21167
34035325 104607
33643800 46167
34035370 12037
37135580 68554
37135582 322788
33840182 261451
33839855 42613
33643854 187513
1251002 187524
1251004 1401
2353556 51078
33732335 51994
33565553 80515
33839715 99523
33840019 51079
33840207 104463
33839742 597428
33840686 80303
33840600 360804
33839924 37361
33840093 50519
33840492 36679
11304827 621692
33839941 168670
33952988 937114
33563752 756942
6942007 145939
3550239 399541
33840126 152377
15927454 147398
15950124 52923
2109104 107099
2880638 1516
2129165 144988
33809870 338860
33840643 54406
33840651 218291
33853205 233106
33840546 54792
34035323 181422
33839658 19587
33854314 324240
33850127 98092
33840510 215182
47894306 142976
33839682 36680
33839668 218797
33840788 330818
33839616 149474
33839790 104404
33839907 423710
33839662 148382
33840431 144989
33839967 54660
3858906 234127
33839816 224633
33839842 83634
33840502 445147
37123279 225052
33839572 336722
33839594 100776
33834756 180683
33732383 18252
33839922 36477
35102382 575449
37123278 155437
33835262 35463
33839758 92198
2876534 98444
37122457 18045
33839859 387913
33732098 22250
33839729 54526
33839719 22824
33578647 566875
33840063 46497
33839713 209388
33839953 160657
33840578 56308
33840110 16635
2386205 97306
33734934 37362
33732739 219936
2719026 228940
11156873 96438
33840236 52566
33732387 308519
1743418 189310
33732460 105326
33683401 1631
13207960 44313
29606511 39295
33839639 39297
33732400 39298
33854318 103377
33772252 52567
33643723 47365
33850833 1411
2353829 125276
32791493 43407
1740094 180835
13384473 204540
47894307 321688
33989855 132493
33952197 459910
512985 945921
33952199 316724
33839872 200308
33839893 88202
33561356 35962
4543803 62878
33643744 608579
33771938 52666
32791344 72775
33803717 189168
33137175 238003
15927539 75379
33850863 365151
33646106 117555
33850934 102963
14832374 835141
32790779 280773
33840282 190353
33576266 109099
32815630 237960
33840279 331028
2880705 82054
33839937 73593
33576409 214574
32791397 233431
33643754 51719
6142951 691226
721935 578445
2880710 36248
33839946 43643
3175214 507687
33840591 51431
33840286 43216
33839958 185072
33840734 620537
37193174 54315
3047446 40899
15939951 141926
33840671 93664
33576441 154866
33859010 289323
33840343 211750
33840114 1402
33839837 207727
356385 225044
33643624 40834
37619159 153672
32791440 96823
33576399 107608
33840694 16409
33576394 1607
33839633 51069
33840709 146125
8240065 83931
2528553 257215
33840198 328780
3969000 218290
33731563 41921
2840019 222322
47894310 377302
33840068 216942
33840124 102919
37507895 104471
33840403 193101
33859013 202406
33840341 92865
33952191 339009
3805532 530843
37623996 52832
10692607 218418
10692609 76693
37552868 123905
5925200 179708
37552865 119440
35408273 4974287
15148929 98380
2269983 141377
29586648 614496
33859071 394654
33643812 1574103
33643752 1574746
33643753 1574755
33732075 1997205
33840146 1125414
33840202 1574094
33802717 1983246
33809882 1307279
37349016 2433797
33732179 237895
34011425 2929879
33643696 6241829
37349015 675614
33643808 3597313
33809932 1400482
33809819 326083
33859008 296009
6575550 119475
33809802 664791
33802692 1727031
33732157 1248777
33732137 1811393
33732136 1657600
37349023 1726679
37349025 2101438
37349021 1433845
37349024 3651407
37349019 955718
37349020 831230
33643799 880196
33643832 887348
33732129 3702785
33732254 1568645
6078837 103945
6078836 3956759
33839961 1576784
3833113 4075217
33732074 6065313
3031780 674776
9162687 884023
37507690 443897
33643809 995079
3833147 388323
33840756 1708569
1751928 1023058
33732643 2160009
34035417 1674752
6078835 6078850
33732051 692110
33857095 926088
33840095 101656
33802688 3220242
33732670 2665994
3239330 3687373
33732683 9772950
33732544 436248
33732586 674819
33732674 3523665
33732560 109987
33732638 396414
33563817 6544884
33563805 3290936
33563765 2645477
33563772 272209
33840821 1053977
33840822 990476
33563775 288839
33563724 2212436
33563792 3590777
33839628 2521368
11932216 1270846
34035510 2089875
37490337 301231
33840576 1007117
33840817 251129
14806776 2654494
9151787 1326260
10777813 828720
10777814 2086495
33840483 913322
33840485 1700350
33840523 3864995
33840723 787694
2269999 2988283
33937171 5728277
33937204 326905
33937173 438477
33937175 672302
33839746 2694173
33937202 1738561
33937167 6284584
33937200 5431844
33937165 1563859
33937181 805330
33643731 2459947
14861995 3837328
37326303 2350029
33732590 702607
33809810 1523280
33809812 2992308
33732246 2522219
33839709 8922744
33839903 2655844
33840448 5073624
33840732 5653107
33732698 5688711
33683391 1727316
33563801 2540391
33563678 5213454
33563809 877055
33563799 3104348
33563795 2292040
33563770 2536323
33563791 52937
33563810 4240778
33563763 5382503
33563769 3569181
33563793 2635582
33563804 1738251
33563835 859474
37648018 105278
33839913 2656651
33840653 3328405
33802721 1716650
33802740 1003974
33839906 3686938
33802752 3605507
3878814 922834
3878812 385576
2880601 2232910
3428116 1813123
10849513 7380944
2288072 2593516
2288073 998423
33840151 741231
3047596 3547961
3047597 902856
3047595 2319887
33840496 2777463
11555618 973012
12571204 34388
31933376 1536322
32791395 3271653
34035267 6492725
33732537 2408223
34035474 5038458
2984582 3501258
37507148 1357012
34035331 286847
34035502 2127606
34035500 4160053
33732296 510678
34035276 2192936
37507137 1896818
37507134 1692263
33732162 8544681
33732639 1796959
33732647 7560195
33840409 366165
34035311 8931922
33732431 194482
2917821 3457641
2917826 3018215
33840712 1438684
14820897 10284436
3050996 324766
34035492 5207803
33732644 367754
33732606 9902526
3050998 1328271
9017037 1907215
14807819 1305469
14838102 2357245
33840008 6705115
33839748 1622933
33840003 51661
33840170 312784
3804686 1871712
33839751 3326916
33839818 11622752
33840249 3323591
3804685 4051246
33840112 2912109
33840169 4567527
33840711 948536
33840160 3207015
33840563 2685794
33840213 2586500
33840461 3551577
33839811 2503455
33840044 2748709
33840655 4662588
15276381 11404328
15276380 2749063
2984568 299663
33732524 1975715
4167909 3755784
12407157 620905
33563814 1438963
33563807 1974669
33840544 2277166
31194638 9902567
33839679 100313
33840263 3328477
33840101 806372
33840139 2440240
33840096 10181372
33840314 1845612
33840118 1701175
756627 1539154
15078196 3552873
33732656 1784084
33840515 1581177
33839647 928186
33840113 9262757
33840059 3468552
33937161 13244468
33840445 3643648
33840329 859315
1756200 1768138
33563677 3161608
33563754 2973563
33563825 394616
33563823 444231
33563684 15624414
33563808 2267659
1866959 2056713
33563712 6151005
33732207 98041
33563768 5511651
33563641 322063
33563829 604010
5870482 2518082
5870484 759758
33840829 1095375
2606198 3238917
14825582 7189261
33643816 19011
2382752 3074068
2269998 2988281
33563832 2977937
33563691 2179537
33563758 1634164
37627043 5623934
2869507 2730514
33840316 2221611
33732682 3116403
33732277 3121045
10378033 2295712
8108259 3236385
8108260 2053851
8108261 3685224
2988760 3445269
3503758 3762347
33643829 1249680
10059626 2580103
33732594 2568246
33732635 427708
33732559 3080112
33732295 4035266
33840742 1785604
33732360 2317823
34035423 384866
33732558 1851466
33732614 787367
33732485 4029629
33732259 3359620
33732730 926689
33802693 787363
33840480 3275465
33732096 332250
10855749 2403546
33839853 2084774
33839608 3445615
33840071 3381375
33840226 3819982
33839868 3381380
33840545 3242429
33840659 867197
2815208 608013
3647434 1181209
33840201 233435
33840223 1785624
15474210 299781
15474211 2210878
3419725 432257
33732675 1696095
33732653 831364
33732462 3080129
33952954 3373798
33989833 2730532
3008983 3445596
3008984 2433557
3008954 2311473
33951960 3596491
37496365 1584407
37496367 462559
33854339 736781
33854293 3317183
14793049 3762352
14793048 314247
2382560 824740
33732731 3477402
2988405 3115978
33563822 462631
3153827 1127121
3311082 3734173
33839767 3116460
34035456 2916095
33840066 462637
33840713 462593
33839979 421096
3310877 2065674
3419810 2075674
3419812 3310148
3012062 3321403
33732550 230456
33732649 2747121
3012063 790129
33732680 3236446
33732533 2813263
10773134 2846497
33839593 2382324
33840780 462571
14841972 462503
11919836 2904715
37660955 462581
11919834 462647
10798110 948918
10798109 1138821
3047666 2991990
2382562 1811636
33840419 3179710
8454073 3569845
8454074 2049243
34035445 2325808
33854343 941516
34035487 462551
34035295 1855301
32791346 338369
33809805 152252
33840693 3381326
33840157 1640471
33840150 1491863
33840271 1407569
33840582 3596450
33840462 2813309
33840528 1513953
33840535 821371
33840174 2602232
33732598 1785652
33732329 1390275
33732588 2755606
33854329 1778800
33732437 1156444
33732599 3381336
15564402 3349592
6677481 2540227
6677482 2732851
8641854 3477411
4026015 2502397
2869558 3419855
2869557 2267822
11362401 1289809
11362399 1708381
33840128 1959329
11362400 1579851
33840427 218519
33802754 899325
33840290 2429864
33839796 3569835
11921836 830471
11921835 3057238
14790661 497291
33563648 2813236
33563730 3767943
33840692 2163604
11570981 2197613
33683378 3321108
34035322 2946698
6636694 3007037
34011413 1181238
33839940 1376867
3809519 1419532
33840534 45586
33840800 664922
33840639 660644
3809521 1685451
33839892 3116451
33839945 3116017
33840567 2905116
3214573 3359608
33563794 1436857
5179188 393381
33840799 1005973
33840359 3237281
2880670 3428142
33840825 1362860
3551834 3896153
28749133 380763
11269005 3665474
33840376 6802250
3075869 2921795
11922037 2306580
15031688 41923
1945466 1771204
3051238 3550203
9659409 101076
33563774 3968973
237492 293393
33771352 1309503
33732487 1702682
33732695 8995206
33839604 2190044
34035534 681089
37194566 1000907
1305375 791780
33563755 225534
33563700 904526
33563837 1438222
33563815 191729
33563836 4409249
33809954 226290
33563650 3182328
33563669 1487253
15919276 2106873
33563708 2748488
33563710 1537888
33563688 10312582
33563715 8836535
33563673 1720244
11616330 1970545
33840611 108720
33732514 7358578
33840428 3561901
33952016 3820172
33989838 2275356
3458445 3435180
10949716 102252
33840203 2582621
3434953 1402394
33840736 325120
8805448 289325
3968375 3233792
3968371 2271503
33840275 685623
3833146 2047862
33840260 4432101
11156871 2633015
33840248 2748437
33770056 3500661
14862633 8598136
33732472 2554859
37145025 1048714
34035514 3049804
33809796 3400709
33854282 10694243
33840244 807614
37145036 876853
33840276 3859175
34035503 893455
34035511 876193
33839999 358427
33840654 1787181
33840627 1852551
1486132 62428
1486109 333654
33840475 941806
33840566 4111030
33840826 2812298
33840522 2755849
33840529 2338344
33840041 1180406
3419758 1856434
37417580 1000218
33839873 3363660
1741728 2002337
33809835 425369
34035450 3467421
33732224 1114926
3926330 316777
14823549 1070949
3211427 3048810
3051217 3550198
33840024 871728
33732251 874136
14840582 3355767
2607040 1720663
14830073 1872094
12965952 2793139
12965953 4032091
33840823 2958236
37509186 947509
33840759 1721612
33840812 3760556
33840767 1689645
33840765 3038361
33840424 994589
33839777 1651288
15927244 162976
3047621 3547971
47894313 225055
723905 95426
33840504 1853682
15174140 139148
34035265 52570
15162117 164511
33576379 196376
33563827 85429
33643727 280821
1742092 84327
33732100 99583
33646135 901052
33732463 38064
33732297 18476
33840333 37923
346631 288537
47894314 276658
15177673 326800
29605966 157952
29606545 580659
29600538 99584
33732525 377652
29594581 94298
15175285 22251
29594545 180837
33732310 4013018
33839596 1830371
3214556 1752557
15474484 1789599
11418568 2237456
10370908 3015023
2719060 393384
2719061 3310709
33839845 644458
9435264 9164796
33643831 14828644
33840420 6743662
14819144 4446235
14819143 2323556
33732624 3750714
3903037 2513348
33809913 879765
33840315 822571
33809921 5147506
10870045 376364
33732717 198815
10870044 9766301
29593699 554795
5927041 1244005
5927040 1244035
6072040 1244017
11606407 550752
11606408 550541
3913512 549210
11159325 550055
11159326 1319779
34035508 2085985
33840090 4698087
33840089 667809
33839786 2592251
33840360 866853
33840801 757896
33840802 1756216
33839571 882475
33839696 262936
33839697 262939
33839624 6176054
33840536 2991247
33683393 5503845
37494922 8205091
33839695 9313459
33840790 3246100
33839698 2588756
33840673 69170
2880642 3015134
33839619 2900361
33840769 51963
33840421 436921
33840422 2894515
33840423 58210
33732636 3081460
33840060 4704726
33840435 4710677
33840388 1203203
34035394 98049
33952965 1792248
33840362 4720491
33732585 100368
33952961 217871
33732580 3010285
33732507 2192613
33732621 316796
33732408 1421496
34035416 663879
34035377 3640762
33732734 7315479
33732153 746945
33732745 4031309
33732510 5835746
34035363 6212514
34035360 920479
8810492 1199834
33840725 5304480
33732749 1862360
33952981 389768
33732612 672407
33732604 98329
33732554 53886
37607337 1677414
33952036 1898615
33732577 938691
33732575 9640812
2719031 366193
14816464 892544
3501222 648941
33732519 1530687
10787080 1002734
37623218 2937231
37623219 961019
34055780 2356040
37623220 3260105
15065990 121325
8133381 390881
33937190 10279830
14779950 2132841
14779949 2567291
14779948 1625317
5031592 882582
14780259 3367464
33937169 9611683
11361239 5236509
11361240 1909327
11361241 2733288
37240897 863798
37240898 395228
29593709 152411
10380370 1799734
3383090 3780435
3814429 407457
14798965 1711299
33854281 365104
33989858 365049
7317253 908537
3524542 3260452
37405964 3121295
6355849 1712612
29593870 364998
5815753 950942
33732630 2211547
33732616 10353435
14807294 436800
33840173 92291
33840209 3443645
33839841 1795682
33839820 9244102
33839851 7622682
33839948 1673080
33839755 2271053
33809901 948538
33839644 5619773
33840361 2289184
14832813 2448189
14744423 3118347
14744422 4162466
3501417 2714112
33839801 106484
33840682 218197
10385471 83441
10385472 455581
11193987 4747079
14786969 1711599
12334669 3113017
12334670 651434
13207962 4755323
33989865 4756160
37560162 329522
2357308 676548
2357309 2310984
33732582 891182
33732397 3803437
33809801 765481
33840479 306362
33840571 3860139
33732640 1000204
32791497 1724337
33840397 861393
33732602 1593025
34035279 3755516
33732573 4388742
33840598 5287524
32791379 393463
33809916 2063263
34011431 4974151
37423700 4678277
33839656 2296747
33732067 2296687
14821639 871142
33952962 386019
33854340 94752
33840394 1711885
3100773 1776058
33732508 859312
33732615 859060
33732645 10353492
33732552 10717786
33732555 2526831
37419591 2437467
33937170 13276445
37389122 5696617
33839867 1079234
12920034 3501972
34035376 7362438
14996213 63648
2919054 895952
33840393 324000
33802730 11629096
29593705 52404
29593880 93376
6941982 5919422
29600587 103482
10786672 9612759
11953473 6024494
6927720 2857969
8493725 997380
2814764 2528311
33732706 2019759
33732492 1020470
33732567 1765693
12464309 5268326
7956465 202112
11648610 7196205
4746706 1724162
9412873 9412887
34035401 3752520
1396226 824611
10383676 792087
3834339 4076024
8240066 8240090
14825833 3840811
4170033 4297782
4298116 1038669
10087956 3660400
10087955 5933484
10056192 6192720
10056190 5032660
34035509 4684179
5701835 819803
33575983 40952
9162874 1757370
5927073 677540
10381935 3028305
37379340 3885571
10381937 879334
10381936 321460
3858748 931910
3858747 1415379
4076066 3858967
37354176 3535150
2869219 3217458
2869222 706383
33859009 1748116
33643787 2332752
33732705 2509334
34035321 3042259
33809859 3661858
37349022 2224290
6575551 1693250
37349014 888450
33840748 2578091
33643792 1707442
33854292 1465223
33809836 673948
34011422 2615898
33732133 1489156
34035359 3177094
33732135 1314427
33732316 147798
33732134 2946869
34035506 2373989
33732131 4371300
33732132 3641232
33809818 3177052
33809952 3204622
33840042 1670633
33809817 154270
33839660 2630961
33809803 325428
33840070 3559697
33840831 2344016
33809911 2596079
33809831 3184968
34035397 2373997
6575552 523076
34035368 4126763
37349017 2561330
2573922 1228558
2602849 2877503
2606408 1614165
2606407 2224300
2606409 1516698
2606959 1524665
37406008 3143013
14817680 1153841
14817678 2169123
34035431 1633754
3879108 102926
15361574 690382
15361573 1635163
33563693 360188
11918387 1397439
10068161 1706416
11501689 1848872
14817257 1153848
33732242 923726
33840599 3241363
14788737 1228557
34035283 2463999
33643790 45765
33771748 148093
33802766 103861
47894315 651951
11564926 677416
37625465 1356972
33809915 13423684
37657191 396008
33854349 824713
33732546 216933
37657195 272533
33732629 331464
14868796 2560763
11389593 1648320
11389591 4237108
3419827 3804603
33732623 887885
33809961 2267908
37309182 3983568
33732700 51448
33563757 2464164
4119374 1301228
33802772 4381737
29586649 3067096
3428118 1745030
37406009 220727
33732654 8483960
3503759 3860979
12571205 4483579
2815147 2217191
14832905 366048
33732669 4535273
7847148 1635655
2988636 3341859
2988589 3503739
2988587 2299651
14790953 4081342
10061853 2040477
14838103 3262057
7720821 3523759
7720820 363405
4167908 3387514
33809960 361990
34035507 2540422
33952949 1692885
33839819 1394160
37151071 320036
33952950 744310
2181220 2918889
37151080 4924043
1756203 1573255
33732729 6013610
3501443 471815
33732574 4553078
14835202 8539765
2606196 607373
33732256 856725
14825583 4192756
3647433 3958400
37350683 2321811
11473632 7308555
3008985 1614268
3008956 1854444
37496373 2721076
33952957 2538250
2919104 1706413
37496375 906667
37496368 480563
33952958 1832232
37496364 1850060
33874405 272751
10370062 471832
10370063 4710688
33732673 3118623
33732603 3921654
33732581 76049
11311305 837435
3419614 944845
10865008 2370070
14820405 1400915
3833646 2491323
37662383 4277611
3833645 1573262
3666071 1025190
11418569 1156030
8392495 8392504
3220652 907684
9031863 2803033
37600885 4627627
33952963 6604514
3428485 314119
3428484 3809488
7628127 5262085
33732610 3423559
11920761 987896
11920760 480497
7385143 2574850
5031594 2989269
5031593 3143110
33937198 1614277
14835323 3332147
37088863 2503109
37620528 83131
14781504 2418087
37354204 9809534
5179189 1673916
37354205 5882856
37354206 316736
3551836 912722
11922036 7000594
33809850 3387542
6318143 6318162
37584859 624321
33809844 1086267
6318142 2491350
37584858 471899
6318140 3107616
37552870 3662036
5925202 698508
33840171 2491364
37367084 1191414
3968376 261716
33732282 1285984
37605398 7716974
33732520 286492
33840088 2852083
14862632 880004
2606611 3239093
2606612 3239095
3073703 105915
3073702 294002
10386424 922164
10386425 1674749
33952953 801245
14822786 2344366
2270069 2988797
3216464 901897
37389121 1648248
33732678 3702326
33951963 5854501
3833114 391925
10387415 5695799
33732547 888009
14801610 890549
14834778 170124
14834779 2638479
3666132 3968703
3666134 338059
2869810 837443
33952964 3124743
37389449 830025
37140393 3261976
33952966 1302714
37367961 673173
2528592 3187880
2528591 2432705
37367958 2374503
33839622 2561268
33809851 2561279
12806826 50401
37620000 442062
14833124 5978689
37417577 3042497
37417574 936844
37417578 53200
37417579 3042518
3690337 782599
10771969 3112872
1741727 2571301
33840501 389777
33952987 1832192
37109036 275912
37206210 1849342
33840807 4134830
3419676 2037243
33809937 995598
3978429 2638495
14823550 480578
14823548 1454016
2815051 1841615
33951976 50954
3955946 4153272
33732605 674444
37305640 2573592
37305642 2753426
33732313 674955
33577306 333465
37305646 2456397
37305641 3690334
37305649 939093
37305645 659342
33840145 2439971
33840162 1199039
37305650 2344379
33563803 876529
11266861 939180
14830072 2157807
3677700 3369681
10393370 1204988
10393371 2498227
10393372 1722605
11656669 2803046
33839744 3609197
33840588 12140392
33809834 2680289
33809860 2212903
33809814 3205668
33809853 1155873
33840032 2638416
10067596 1641764
33809953 767462
34035290 5129596
33989845 95771
33840760 2205292
33840056 1120575
37372963 1302900
33809843 4193825
33839972 3328904
33840381 1001365
33840297 1156058
33839653 7043546
33840548 837375
33989844 4705435
33732587 985501
37372962 1832218
10067594 2783056
10067595 5725056
33732758 1512360
33840278 2344384
33809928 66553
33809957 2655842
33989857 9147145
34035505 595891
33839795 2683043
33840307 783613
33840300 1563753
33840301 1849385
33840302 2422892
33840303 4254847
33840304 2180741
33840305 1420446
33840306 821229
33809941 1632848
33840281 694439
34035353 2491344
33839745 1498563
37126105 3365944
37126106 2398035
37126108 1512370
33732209 11632579
37126104 1737382
37126107 8965507
33732105 931268
34035454 13850984
33839800 5757043
33839799 837462
37126109 52612
6463094 1512378
33839973 2192163
33802724 891376
6463096 1573242
33840190 3042523
33840189 1085279
33840023 2561287
6463095 6463112
8659802 2027840
6288120 360999
6288119 2992746
11443385 9165814
11443386 831038
37402356 3270616
11851449 2344391
3571994 2721087
3571995 3005299
33732566 1141918
14784796 4465076
14784797 5081098
33840408 3962544
10692608 879025
37598061 957174
33732584 890495
14848406 1686367
12353337 2512396
33840577 395886
33840121 1733374
8803288 8803312
8803290 2820788
10048928 3136812
37506814 8383784
2606961 3239178
2606960 3239177
14817258 4013159
33732607 2346726
37490339 5746334
33732509 1156010
37490338 4401339
3419825 2987019
3419826 3804602
10849514 691806
37338925 1517832
14807821 1291326
14807820 13841834
6088795 1648256
37151077 15305456
37151076 695660
37606222 1059565
3428350 97419
10370065 3662045
33732671 3563917
37206685 837472
8810494 1566383
33854348 5030191
4026016 1737354
2869559 1675413
11570980 1656648
33563729 5818802
33809929 4551553
6636697 2556629
37600610 9473964
33839957 255216
37552867 1614304
3383091 837334
37202740 1518998
33840018 2156723
2182256 1141988
532835 1244828
33732548 1249728
11930172 2820796
2606754 2464155
33840415 54213
11193991 6434096
33643747 1752358
33732691 324002
11266862 3424693
37109041 812216
33840787 899081
3690335 856481
2984768 3501398
14826367 6098698
10071942 2638383
14843122 4001137
14843121 3702348
12045159 1598944
3047649 480603
11204478 3563666
10858421 306352
10858419 5666804
14820261 2666420
6345331 2064195
2988542 2102512
14657169 3019555
10387730 553312
14834656 1347851
2287872 109395
14825860 1648339
14807295 5897648
9412706 7164534
33732531 2027830
3310904 1746664
11279460 1552792
33809949 6537799
8306603 5403760
34035448 3686843
33732540 2834844
33809886 2216873
34035470 3067077
7078415 3387536
37540509 5149297
33840177 1552808
7078416 5715237
7078417 195249
14832814 3262032
33732181 3946146
34035395 328790
33951994 19125658
33951999 1614316
33840827 7736210
33840551 1797799
33850955 2432712
2666354 3280152
33732685 255529
33732146 11632793
37619996 3327700
37620001 2498282
722501 1483261
33732218 6552023
34035437 21921
33840489 1155880
33840797 1480423
33840795 3090092
34035463 1512353
34035488 328156
722502 1483264
33732696 1738293
34035407 193047
33732527 3955560
33840518 1307912
33840542 1582531
37619998 1662855
33840833 886031
33840516 2299804
722500 1483257
33732480 866427
33732743 480621
33732291 500063
3677699 3975103
33840319 327221
34035512 1089823
6074454 5345158
6074457 2374488
33834707 6577970
33840274 316657
8249919 8249939
3047622 3547972
33732692 1545739
6418081 3537245
3079284 3568933
33952972 3418070
11497359 2181928
33809912 896587
33732056 4015826
33937193 480516
3012059 980447
33732113 1797677
14985200 694462
8805446 6237742
33732238 1307694
33732571 3847603
33840196 2895123
33731714 2289282
37398558 1186002
33751511 109095
3906189 75546
33850796 121324
33951958 150245
33840619 115189
33840698 49494
33839992 258100
33732490 18049
33859015 257078
33840574 362868
33809925 142371
33840347 451749
33840352 157953
33839625 220315
33839673 291891
33952951 103693
15453449 50035
33809945 891481
33840629 110789
15294971 905527
33839778 386860
33643757 322226
33839812 170470
37326619 237778
34035433 40041
10777216 101005
33839752 339994
34035378 326290
34035402 498008
33732405 45733
33839740 391909
33840025 792732
33802718 35964
33839974 630970
33732138 98446
33809894 659788
33809888 326585
3428351 678849
14844868 2252090
33732543 3381749
33732502 1516622
10427525 3906559
33732626 3723981
33732591 1397
33732608 855938
37365225 1158063
37365226 8690628
33952959 878416
3310906 1121962
8108240 893005
8108241 1025939
15927497 318509
11919837 152683
14791168 947814
2988349 3323147
33809959 481977
33732633 2998408
3261524 3702088
33732421 3743398
37369327 3309756
33989846 859677
33809933 995703
3261523 2935426
3780202 2585798
33989868 3772459
37659805 1719070
15927048 501544
2607030 1393905
9066751 4201644
14685297 811958
12422107 1969789
12422106 2986813
33732499 3955727
2181979 2655327
2181981 1732612
1486311 1574966
1486309 1393914
1486310 2353795
37587162 3061679
33840309 345526
12963226 2792593
14834376 923777
33643756 1763006
37183331 1993556
14859843 3323154
1945468 1451731
33732672 2452120
14791691 1429561
33809890 355757
9365832 809607
37198071 387916
37198070 1429638
37198069 360733
37198068 1429665
33937197 1569235
11279459 1429685
33732613 1429723
37151072 481991
12973772 2220683
6844673 1429833
37158329 1429846
33989835 1429861
34035374 2301945
6844675 2266569
37175770 1429909
37305643 481993
13205676 316484
13205677 1719632
3187724 2172867
37194565 996732
33840061 606587
34035400 365389
8824758 3180438
1743653 448649
8824757 3258623
33732679 1732838
7317254 397548
33732714 97463
33732726 326816
14840262 2479064
33809867 1302902
33839861 339201
2666353 3280151
11930171 86022
3977606 2512112
3977605 3476551
37655521 694444
10949720 3624173
10785801 2060718
33854284 97971
2606974 1522398
33643693 896635
37398557 439129
33732539 1598394
37366016 3196777
12334671 3421130
33840416 3772596
33809917 3294691
3687348 901784
3687347 2387131
33839792 97380
33771766 619787
34035414 433467
33937184 341486
37326308 1458486
33643713 194271
34035343 2071986
34035341 782487
34035337 21820
34035339 663457
2919053 636304
33839857 551832
33840719 233078
33732092 303094
33839677 540443
37109039 735082
34035372 91210
33732426 547958
33643788 320823
37109037 831387
33643802 197029
33732245 1811693
33732127 2623217
33839788 135340
37326310 640882
33840099 162238
33854290 142181
37206764 481995
33809807 95195
33840730 217267
33840649 3075105
33809863 353353
33840609 708932
33839831 5794
33643737 99332
34035451 55147
33839273 95004
33802762 445533
33839928 1164111
33683383 1269906
33840317 813830
33732358 721066
33842200 217716
33732323 294437
33732428 77957
33840013 164742
33839911 917212
33732192 144457
33732144 86211
33732321 147043
33643777 132183
33732124 52405
33643748 343182
33732065 116255
33809821 312778
15036005 65063
33732711 745628
33732641 159033
33839629 1055057
33732422 1245069
37326305 53192
33563713 47364
2984725 171917
2181178 132665
33840763 40042
3220649 2050
15928508 90336
37505466 94446
33937191 157102
33989839 134123
15927780 22252
3212317 126396
1450966 227537
3584342 565435
33643739 36009
33643740 218734
33850571 196319
33802703 50088
33952193 597762
33643769 41925
33840235 677515
33952039 603643
33839780 3201040
33989823 1057018
33840294 2797930
33989841 433712
33840156 3322783
33952035 3293527
33989843 921369
33643763 1243156
34035334 1918449
33643704 3670118
33839712 1918423
33840265 1420831
33839688 2897352
33839631 1967462
33952014 3293612
33839773 1095957
33951949 805514
33839797 2387459
33839781 2497116
33952011 944494
33989834 1811947
33952018 1711958
33809962 2695067
33952978 659854
33951985 1298391
33989854 2392304
33951942 2695123
33951947 3027042
33859018 1778907
37319902 140469
33952010 1645400
33802682 65884
33989853 3353878
33840474 1056939
33840745 884161
33840212 225450
33802690 2478460
33840022 388664
33952029 1586208
33840007 2504800
33840109 2284971
33840747 3631173
33840824 547438
33951941 3160763
33951945 510088
33839691 2000168
33840681 1918477
33840396 1961821
33802705 207733
33839692 1918383
33802759 2218432
33802712 1316681
33840078 2955480
33802758 6248066
33840616 1056949
33802677 1282397
34035493 562579
33937207 2632283
33839930 100481
33802727 3160744
33802778 217107
33839985 892439
33802700 316305
33802684 1056965
33840467 3047648
33839738 936556
33839569 2695092
33839990 875011
33839567 2459515
33840667 395521
33840525 3562847
33839570 1057006
33859017 1222363
33840663 664278
33839774 1660011
33840739 566453
33839996 2435659
33840395 332830
33839828 3216945
33839728 1918429
33839565 2487959
33840670 3353885
33839591 1847444
33839566 3360287
33839986 781289
33840250 63170
33839852 3081154
33840553 402252
33840631 1754795
33839989 103415
33840737 2564225
33840468 1584237
34035313 300305
34035477 2769044
34035349 8314535
33839657 1445305
33840172 800541
33839706 2892243
33802707 3160769
33839964 1918358
33839587 1856277
33802713 1687903
33840757 326803
33840459 207567
33840665 1730200
33952027 1586249
33951948 2635925
34035335 3160732
37319882 289902
33840741 2525406
33839827 1585245
33840772 386334
33840238 363499
33840583 1809402
33840738 3216931
33839782 2552947
33840669 1513740
37319886 1645441
33839632 360822
33840426 437814
37319881 3483492
33839588 2224141
33840506 1918391
33840507 2275416
33839704 1566015
33839915 3602660
33839563 1637650
33839564 790946
33839568 3371671
33839586 3570284
33802668 1722636
33802669 1757086
33802670 1854321
11614158 1586241
33802668 335592
33802679 1056973
33839708 2487990
33840584 2695250
11614156 3570271
33840505 358977
33840270 78425
33839705 944615
37319893 2497108
33839578 1259975
11614157 1042231
33840617 49864
33840161 2000178
33802755 2797946
33839921 2497134
33840425 2430817
33839560 3398031
33840378 3160781
33839562 3322806
33840251 2914440
33802672 1045605
33840269 2175395
33802671 2220468
33839926 3371662
33802785 1611910
33839592 849210
33839585 3216906
33802699 1952559
33802716 226747
33840079 2357377
33840075 1096883
33840065 3570236
33840691 336585
33839768 2955466
33839769 2398103
37319891 3723316
33802666 2387469
33802728 417435
33840471 2254858
33839589 2487953
33840668 1128414
33840775 4194047
33839987 2328451
33840308 1853792
33839770 2577695
33839991 1700635
33840043 1645418
33839584 1663471
33840664 1045845
33840666 757473
33839707 3293577
33840076 1501772
34035453 2488007
33840541 3631127
33802708 3631168
33839914 3293555
33839590 1918367
33839787 3293488
33840053 52783
33839615 1131024
33840153 3293541
33840740 3660140
33840554 3080272
33840188 2695104
33839988 3483498
33840187 3293492
33839636 980221
33802706 3059838
33840472 419419
33840473 1798184
33840149 999536
33802709 52663
33839771 2407879
33802777 1771613
33802667 3582206
33839737 3709413
33951939 3160727
33732048 2695076
33840358 3501526
37319901 102185
33951938 3293596
33802714 1960087
33840680 3670111
33840332 2769051
33802773 2797958
33840706 2488043
34035314 1918340
33839927 633294
34035320 6288334
33840618 3126662
34011424 3631156
33840702 3483508
33951940 3647302
34011418 1694093
34035287 2552950
33839701 1641235
34011417 1850934
33839772 1735441
33840377 3501513
34035465 1799641
33839918 3293479
33840291 1528682
33643820 419176
33839700 2224149
33839815 1712899
34035285 333619
33952956 1341969
33839561 299553
33951950 2497141
33952022 1249123
33952028 360944
34035422 963349
33802757 2732397
33802691 979705
34035367 1674209
33839699 326797
33840696 857084
33839916 395967
33840273 1918419
33643830 2732370
33802681 2488048
33643705 3723287
33840004 5628661
33840005 2738241
34035289 857344
33802774 3081172
33840077 3483502
34035303 2769025
33802739 2955474
33802768 3631178
33840697 1701828
34035286 3160837
37319894 1658971
33839919 2601207
33840040 1004629
33840080 1166455
33802729 1693089
33840707 3293520
33839764 1964244
33802697 870745
33839661 3570263
33802741 3081178
33839920 34629
33952955 619728
33840460 3234812
34035280 678980
33839761 4236609
33937162 13761412
33839783 644250
33802673 4129977
33839971 1987377
33802678 2379705
33802771 1189255
33840708 137096
33840083 137141
37319887 136820
33839733 3262406
33840587 136938
33802680 913628
33839607 5904771
33839848 136776
33839583 9235484
37319883 137032
33840336 1567210
37319884 2934652
33839884 4052843
37319900 384506
33802683 137195
33802715 4409477
33839776 137283
33840407 5776267
33840055 7961078
33839814 428699
33840152 5696697
33840074 2619838
34035468 3197418
34035288 11641056
33802701 1803854
33840311 194018
33840289 340214
33802756 226912
33840721 1848616
37319888 828228
33840722 1394011
37319896 355399
33840466 1717065
33840662 95639
33802702 7467031
37319899 34543
33839880 5331624
33840837 2697906
33839627 2043460
37319889 2804979
33839739 592255
33839754 583017
37319897 1171261
37319885 1171222
37319898 2533529
37319895 100136
33839597 101299
33840000 1059427
33840660 1139163
33952977 230109
33840272 8540607
33839775 2459631
33840683 5711068
33809820 2335593
34035484 214447
34035375 1090910
33951946 3459896
34055779 3088559
33643764 1660612
33839652 2043437
37319892 1171244
33839579 1466134
33839577 5398792
34035388 4093009
33839917 9599336
37319890 3864758
33840642 2218319
33952976 1830840
34035355 1586268
33802676 362461
34035299 278906
34035300 1596714
33839760 10065263
33802689 427747
33839750 102345
33839763 2436536
33839762 7583698
34035501 5451309
33952015 4985800
33732634 8957718
33643828 51591
33732690 52833
33809920 6925517
11921837 7779225
2869221 1568493
14273109 34560
3965738 1873089
11213638 4764161
13111100 917564
12353338 953231
10387231 10387247
10387228 2970812
37229339 1603074
37282004 1307814
33937206 1376698
37282007 2192157
37282001 1017966
37282005 1702800
37406077 3057974
3211425 1327167
33840811 3139679
1752022 2574956
33840230 6249635
1752021 1000186
1752023 2574957
33802745 2658416
33839805 3926044
37308723 3830994
33809906 7141608
33809858 2453525
37587262 893405
33809900 2233566
2607039 19601
3550240 19574
2385632 19575
3879107 110794
33839798 1024467
3887062 356557
3887061 3008186
34035354 2489743
11275068 6180936
11311304 1586264
2182105 2919949
33989824 340685
33643771 70134
33643697 40953
33840312 363944
7853110 99707
33839935 99901
33937211 213509
33802720 22169
33840016 67340
33840158 156941
33643733 827715
33839876 120910
33839833 242693
33840758 99403
33802820 1693159
15171251 149714
37315902 213940
2288075 343183
2984840 163482
33840122 121586
10050886 607514
3008757 103631
8227790 94447
33840728 217005
7853111 362393
2814763 120860
33839765 151190
33809956 424751
33732381 152146
33839693 193264
33802781 48010
33809731 54895
33840647 232959
33840494 191090
11159327 150832
1486103 218186
34035404 6351
37198568 314876
33643775 52229
10368003 40984
33809839 340096
33732205 345000
33809794 283287
3833115 328983
33643779 315623
33989847 147591
33839734 728125
37305638 878566
33989866 100439
15004392 93547
33840636 674553
33850724 228219
33840372 579504
33732287 1001334
33732177 432025
33802775 1981967
33563785 8730
33802725 43324
33952983 317139
3074985 6349
3100776 110309
3428314 333821
33809935 859510
33809889 874961
33809907 97170
3550259 199883
33732446 876993
33840233 219106
33840455 1687510
11504855 135801
37093010 340664
33732398 2115502
33809904 940030
37093008 170981
6264984 191581
7132179 378673
33840147 429254
37389579 191143
7827913 159425
7132176 679142
2382561 675593
33809815 226885
34035380 352198
13205174 401920
14832812 504611
12731702 332681
33732694 370789
9170369 348436
3861073 1591886
5788892 52001
33854632 96439
1182637 296708
1866835 344721
532837 830440
532836 365740
33951983 1756661
2880760 1776707
2880754 743918
37417575 1045958
33732183 954875
5927042 552701
11266860 524750
33563744 364699
3075863 927693
3214572 17884
3834323 339582
3153825 1552965
33802742 223645
33854298 195580
15918986 730480
3216462 172585
6362994 109139
33563646 284183
14788973 1069465
33643806 1277806
33839965 361649
8295415 1277807
2181219 915565
37367959 101776
33643818 191879
37198566 41515
3804564 104232
33732314 102180
33643725 98381
34035361 148935
37402357 51083
4337612 314436
1297503 547291
33854288 91625
3834338 474067
6418080 120911
2385288 110009
10680840 786434
33732044 507357
6088794 150971
6031072 363578
2606096 550770
3031761 101653
2538826 152008
31936758 118658
33732750 151770
7842863 556258
33732263 830342
33643750 179912
3239224 354373
33732326 1488251
33856656 91018
5639068 246219
8519985 663744
7842862 153454
33839978 334359
3227843 107534
33732142 2533473
33840241 100361
3227840 802542
3031781 52332
33840557 7953
3227844 68452
5933016 463595
33732529 1554381
33839969 939336
33839970 172686
33802750 1798292
1766246 848378
33802687 892548
33840818 5707210
33989861 6269404
33840755 958394
33989836 996458
34035271 1903162
33989820 1117865
33840288 7147497
3211426 3665987
12920033 1527509
34035515 50755
34035486 78075
15113518 309694
3209937 1064465
33802710 108414
32817063 17879
33809841 350628
33565519 103242
33943651 345527
33732391 142654
34019455 657252
9412872 171614
33839977 323993
9237922 253354
33840370 652954
33840614 333791
1741107 2570984
33732063 1022859
33732752 322644
33732120 88042
37507157 631878
33732278 831887
37507144 102106
33840451 15211
9389032 216474
33952003 1340493
33989828 249074
14798966 24604
37369323 173635
3236918 53477
1866961 790345
37398477 226889
33563639 291874
33840266 809696
3780204 1578153
2988404 62374
13395044 213280
15081236 50137
33840143 117407
33559019 282560
2176831 338572
33732283 545420
33732240 56033
37417581 464494
33840256 5237823
33732090 230856
33731990 230921
2264466 40038
33840809 109599
15903964 56115
15939592 251737
33839883 246283
33802769 319683
33854321 141257
33802719 177174
33802783 99780
33840656 393094
33809872 259952
33732053 319308
32791502 76676
33840104 112307
33683403 62332
33643735 222336
33839359 433119
33731599 1311728
15926914 201210
33732416 229559
33732072 543938
32791499 642504
32791464 606438
14972364 196853
29589547 406859
