32106761 55338
32082425 96281
31787541 161229
32095548 640881
36073317 342103
33730458 101822
28917666 261961
32034372 1578154
28967924 924181
15318573 143626
33797339 360321
32200993 660553
28790672 41934
28989254 39289
32159228 1198847
34031261 359078
28809589 512145
14929465 270892
31791599 339518
32058517 186593
28858916 347078
32011059 348155
30683738 417138
36076250 339675
28884452 112008
32062859 955936
36086254 445495
36106704 598860
32167861 77153
32585981 97967
28913312 188937
35353995 19581
28836949 1216584
34095910 236476
34125122 246840
32111899 604099
32046563 42323
36550298 277709
32610066 98226
28825619 219887
34033061 1052628
32085681 230942
36094262 846343
32113610 92426
31942525 192886
11809316 349701
32566199 96101
28981012 701939
34121405 2862312
36083970 905756
28830432 94963
32567590 825191
36078464 1751460
32064541 1025492
32168667 83919
15069909 721721
28906498 1191714
28935857 346764
28916982 270168
28842736 1180284
28935842 17122
36075597 101034
28838992 48859
33691606 444620
28858112 721241
36546499 220957
28909834 376224
31797068 362517
28858394 376362
32073862 71954
36076701 376168
32015729 101772
31948990 108584
28792935 394859
13517188 383150
36073604 31170
31946846 2189241
36106117 622370
675177 763413
21977106 276032
28821693 216887
36075224 333369
32066791 365906
28791935 946161
39927820 1149511
28927877 102869
32040480 1059316
31777826 307295
32087309 1228653
28811200 218183
14923154 53601
28816820 112766
31980170 595951
32159151 325865
28819582 463743
32571615 508759
28810147 70535
28956166 873342
675761 103289
28818340 393971
32588335 253506
32601943 354945
28936208 678955
28831485 34874
32146311 572575
32575178 1667789
28811069 92428
32067464 1180000
39930602 226732
28858141 572625
28888353 78118
32561788 610527
32105948 686491
28862978 127306
39930562 95667
32560309 128949
33813461 1530750
36100065 334002
28956036 50955
32058614 318507
14929709 95543
28876310 123300
28858357 397490
4983783 131194
29712055 669014
30712186 6476005
32141164 104604
32576106 664375
32129528 502549
32186402 922380
33997461 40152
28787047 63457
31945028 322402
39932394 470348
13444300 470118
13502307 366445
13521164 870490
10274755 662981
13442949 674089
32072177 939219
28907897 248607
28907895 350373
39927369 323372
28944912 660080
32603984 346919
39932661 852853
31954627 1135017
31943601 468523
32007506 248635
32077181 1618558
28830236 652871
32569801 333406
28864744 945467
4917489 506201
32073342 1007113
13367040 172043
32193189 28569
28885493 164248
1676230 86551
32075398 354568
32177941 1397676
28915573 341071
31993699 453418
31790858 63517
2123929 212532
28830618 94291
36083375 619125
32610326 807202
39931304 726292
28803392 591305
28952938 83348
28933258 1196452
28947554 106430
339234 929449
31946187 342943
13516333 334614
28958496 1008398
2478426 111529
3010179 347813
32193052 406784
36547735 707887
28920810 230165
14534791 142623
32166106 18886
28849572 313967
31947391 274405
32128140 927793
28929963 385732
32072161 98760
33815453 867237
28980934 361949
39931656 713211
28843451 649577
28916428 890402
36546619 893058
28791959 148092
28915543 102669
32566728 386173
32178299 927691
32116992 892906
28918661 115808
32081848 1254999
28894779 924356
32166859 871265
28936188 489360
32601872 534534
28796948 95891
28919920 99899
32602899 345893
28912016 396330
28929618 1216792
33832185 904795
32177102 335680
3172414 2539897
13411166 192468
32575501 1060308
31946236 543728
32565764 361038
28802816 21573
39349529 531359
30705792 1094364
28911117 705725
28806785 5749
32201938 677176
33797417 1094408
28928069 19968
32560164 306744
28943043 222730
32160476 604481
28914688 1623
32176082 434201
32119991 194014
32149134 345071
28900903 332711
28831351 27590
28859425 1657721
32014333 385571
32153919 404805
32568904 291547
1662699 1222488
32131061 651076
32172483 919543
28821218 2071534
28843078 213164
33794589 350948
28894651 901168
28953378 1692249
15039851 59973
21942169 394365
28801299 634725
32573424 852561
33797154 98440
2279424 690734
32210306 758311
28807086 1407780
33707562 92348
28796005 598805
28916329 1031314
895911 376406
32091342 202836
28829119 333691
32169545 280250
28837886 2267864
31966411 388653
28912664 120831
32190790 321835
36103110 402828
28892554 445640
32588212 505988
28789173 586485
32096463 1202844
28917783 796246
39931666 144985
36085862 666289
28930016 715389
28954296 612244
32179840 889441
32133008 374070
28856948 715417
28920225 395954
32037813 810256
15249020 738834
15253698 160371
28910961 351357
32145546 278008
34094410 905189
36542966 632268
32180054 115190
32208766 209403
28935369 71835
28882269 663558
32180246 487219
28916852 650820
28975506 1735693
35353625 861952
36106835 395509
28923762 862789
39346446 867802
32188664 604870
32101224 1222489
31989430 51908
28918668 398052
28909196 671234
36097902 1000717
28936056 122363
28806825 131781
31799314 294529
28949940 105472
28923676 130949
32586228 885093
28783472 2289607
30665815 4122435
39933135 949513
32103508 1980856
34018778 407934
33832215 43215
28826877 1403982
28923398 2220868
32105990 391402
31943454 340093
28968168 3862627
14922605 322284
32036344 810324
32603639 675509
34052853 590642
32141630 516522
33813222 441876
32584368 3026646
39349221 525827
36093950 86548
28829153 1026304
28928083 1312344
32095099 1537640
33787269 209341
28935860 874109
32072679 154331
28811320 698688
28828086 930130
32026249 1034956
28804491 226189
28935636 78210
28978841 1232390
28915091 893481
32010533 875647
28819328 25364
14704339 240649
28985928 174443
28876238 316854
13442947 56927
14992680 1711500
32054121 4703402
28848539 205585
33693538 428926
13440176 3009798
35353933 215784
35354234 16162
28856996 1977252
32095081 233845
28858705 412412
28805891 512876
32069491 1093935
28928088 716377
36076074 1829219
33705222 327353
34128492 901048
28801794 1673244
362731 961553
32142405 960382
28825630 234444
28967854 581833
28950754 108556
28804446 2203855
28829117 2620778
28917512 482842
22001274 70133
28923574 1037212
39917756 20034
28814003 94745
34050867 474845
32182047 97458
39346381 355299
31949498 1043924
31999765 2132838
32608689 590275
32602934 136261
36085949 664439
28967861 608195
32201436 698007
32111651 897831
32604181 109042
31955444 199936
32578464 220185
39929837 415691
28791975 1657773
32045880 522783
28982291 99945
28981005 63255
28917663 345072
33813243 422225
32582579 2685
41655224 853539
39917389 2014301
40022877 386806
33815003 109689
35354015 1578027
28917549 1849471
28827800 322302
28909843 2737978
32113748 1145618
35354109 931932
32180968 1760311
1708824 218570
28831724 338795
28973698 606437
33706814 158181
28928097 391205
31801303 2509140
33787002 825490
28833716 320897
15254434 1396429
28803945 1605477
32189810 2049588
32571068 391203
28935930 93764
32121429 155304
39930098 789065
28830641 98034
28936320 438334
28927983 604127
28980939 909131
31814732 327666
28903642 1029895
32073337 2694489
35354075 2638864
36078293 721244
28920121 2585987
32602042 831606
28884727 646600
36102423 1249951
28916194 1536616
28935987 775590
28936254 212531
32143706 309533
33567230 2394777
32100421 121785
28955665 551500
15460726 414007
13400053 515800
32136777 234632
13522413 41916
28927987 39812
32595352 97505
15536210 678244
32143005 44907
33682097 1448030
28929941 5459
28916263 3844995
31810663 883868
39918130 360726
28916802 1427175
32038947 153674
31997490 1578880
28809179 1428817
32211259 1207058
3610614 158182
28784849 370216
28984367 1429481
15043069 258011
28843139 861991
13479292 898233
31802099 1795676
32171370 604838
31778069 35869
28830653 669996
31946543 108248
31802226 987561
32174385 383442
28989509 322261
28806758 236760
14928248 137477
32189235 917464
28797056 219723
32569691 964061
13514427 1870304
28864525 1675050
33966524 541470
33711130 525828
28824562 1353426
32083850 598790
31967955 710874
32135048 1725849
32603632 1572935
21633968 378639
39346493 940729
28960037 898680
28824672 2460987
28951047 1006876
32147179 510350
675195 1201614
28905723 1120672
28936391 1397243
15162347 660992
28988259 546855
14968769 2937161
33797566 2128546
32064104 1320104
28962923 945580
13410020 952806
32056952 1245302
28935301 4393966
28990190 361465
39928855 316790
28864843 1566456
36075039 546528
28870212 897709
31942798 863102
34018476 902401
31946896 464085
28809880 100091
31943528 776684
28956031 779141
32009672 615071
34088351 1761868
28788717 161358
31942894 800161
2992998 1031139
3507958 807280
3863017 573738
4092904 319353
4241199 397424
4345274 85916
4412843 97974
28788652 2479476
32597668 105580
28947897 2404372
35353730 710602
36101213 8360
36103114 971327
101376 332652
32152597 91733
34086712 2261212
28796857 1852188
32569754 3205
32126489 344758
28905962 479440
28857009 185059
28917649 476751
32041245 971803
31948873 53647
28986067 395717
14289317 139279
32076467 2489408
28917460 95801
28953424 2860463
31998490 677603
13483259 1652509
32099428 1105404
33814666 97703
28935900 3945695
33786727 94288
28892526 105187
31980785 1569965
39933513 2389596
28830502 2204357
33692130 126216
32063080 1680505
28831602 243050
32083087 1660603
28788378 425778
30676674 18200587
31944221 947656
28981145 343225
32563880 193783
32066056 171964
28986894 991610
32122920 878207
30628151 6222649
22172682 131815
28985544 169953
32098479 175184
13354230 102744
28979526 811006
28811220 912675
33716972 862937
33707804 1420302
13394151 219824
28811333 318901
32189834 1142849
33816657 1151848
15249875 954070
34052855 1101824
32129523 869070
28822918 659192
36542677 97376
28927992 5460
32118346 189680
31979508 365046
31812393 15451
32175547 213070
28892539 841395
28928050 180589
28831585 428309
28810659 593052
36104810 1055132
28806832 343902
28958574 1237215
28849779 96999
33814619 2354131
28864247 682367
36077361 312629
28894726 2396727
28783681 481265
28950442 909555
28916513 719895
30630632 607303
32109550 366034
31804734 511735
32048469 911939
31994588 1564261
6992253 1716922
28918588 362166
31946433 100778
33797376 2912420
31805003 1203267
28811325 1087841
28851850 582703
32573816 1225567
32595895 1122647
33703172 128212
28926072 102397
32132026 696264
32203057 1357720
28841869 1414522
39932665 702189
28923582 972759
32164050 893222
32016879 315282
32205268 213512
28916889 316557
28918536 85493
28830772 857913
32582405 224070
32599352 998470
32182911 181839
32188560 924022
32587082 2376584
32190828 301226
28947430 2884114
36075276 3150756
33813514 95849
36074592 1689816
28927958 860214
32065232 177132
39933211 330182
32059576 333540
36087521 52916
39345709 865131
31800517 1430929
15258752 715257
28896722 1431197
35353866 830340
39927018 964327
32034088 1096852
28973004 309852
28935386 344923
28844262 330067
32081840 647425
32610392 1471193
32601780 480820
32573637 1121974
32598665 1570463
28923562 299594
28788132 60455
28827711 392049
31954854 99172
32190805 799319
28834234 105188
28931329 103060
31806002 2345157
28885035 1918259
15536255 1058590
31947520 454949
31798750 677886
32080748 647504
32058863 1055223
28855502 908225
28926338 107719
31944538 100733
28856024 40983
32132005 1030757
28936338 1003929
32181697 529454
31957813 609041
36074947 20942
36084244 1055224
28930045 362659
32598583 2382129
31964755 332944
28986625 200309
28883918 585537
28926101 155901
28926064 678825
28926082 1126146
28792088 1021877
32565916 549551
28952301 2201411
28980583 289473
33813331 3034188
32161059 705281
28810651 22247
39929178 1417156
33837212 654707
32003186 652252
32209163 2697904
32563890 83125
32604437 1171277
32568908 917670
32109775 1255369
36104910 1243690
32568621 1300968
32605527 1921131
32578468 288205
32141040 1776667
36105417 1737645
36094372 782547
28917730 721924
32068412 518080
32019166 141887
33813368 326799
33814502 3315500
31944795 946438
28784822 906957
36105382 345109
31949326 499216
31958607 433390
32136195 662808
368792 967989
32562451 1042262
36096093 252420
28927952 1054830
28934404 1687074
33703784 1067737
32024813 894644
33791475 1366208
32600820 195366
32003617 366606
32167560 883599
32607500 649606
32014302 100319
13369439 446268
36102359 2988432
33647214 504306
32147968 879139
14534008 668961
32588935 689453
33693542 324554
31806373 427353
32074921 194474
28934997 312583
32031376 52724
34127401 1072752
28884308 790264
33698275 1168954
28920308 384101
13432268 848478
28838820 94890
28846503 964312
28958610 3042637
28815467 3178276
5689976 856395
28972996 35265
28958383 52917
39346463 226491
33966431 409262
32175019 5463
31981716 879692
32561389 93430
32116340 106978
39345137 746946
32034391 896062
28923862 349193
31789185 1079411
34128311 872350
28788964 533027
2127730 1561842
28800829 83296
28978773 90335
28936282 323632
32134582 2948843
28793586 1625566
15088717 149569
39932048 1384982
36075123 881147
14656725 348548
32032810 1968024
34043549 213869
370723 901602
36538284 1413681
33797439 98437
32124957 17197
28884325 519482
32567300 2560675
32159633 328881
28806205 1667149
28929799 95479
32561846 769383
32205042 2192769
28928112 858323
28825553 653905
31995085 243994
32568920 2585954
28980921 323881
31961663 1618105
28884153 2016736
31999000 780031
31977611 787147
33710508 899989
32191222 224423
30629751 944426
13297205 13297224
32595324 1739586
31998162 1844116
28867807 3308716
39930628 2370606
32059722 774899
28915649 393913
28939397 3198373
28794958 923920
28857487 1095057
31800099 349104
28882535 656052
32059729 218181
28818046 2297692
28876240 938089
31945871 628554
32580559 880513
30667890 2611068
33705684 38742
28792064 3368163
45314552 6086549
28918737 347976
28811056 339645
31796090 889480
28933907 1660451
28809972 342794
32175682 462329
32169913 1774658
28842883 2689034
32136052 1126306
32068152 2318567
28813600 105683
28975432 3377220
28825559 357442
33837321 93543
33997268 447555
28825457 1437750
28838486 1420772
32572116 1671255
22106987 22107010
28946594 174404
36103173 220050
33650108 672615
31817857 229904
32085794 1015134
28981063 1413
39932535 14225
32599166 48326
34118894 34118896
28889298 28889321
32048357 32048360
28889374 28889391
28905976 2864
28820918 992168
32019043 965464
28923314 225232
36540285 1444576
40022862 40022865
39918421 39918423
39930695 141726
32187753 312584
32161178 32161189
34051046 34051050
39931317 714483
39917660 39917663
39930422 39930425
33797664 53832
36084133 34875
33862919 199695
32570628 195704
34095878 327530
33836159 308520
36077900 111157
28809966 205717
28881781 339832
28982353 1432259
32062426 341567
32128119 2586929
28858526 3149163
32161008 903636
31807227 689374
32162373 1256477
32002148 1534561
28892572 1354042
33813386 811469
13413026 961052
39932623 598915
28985605 883244
28928060 598954
32181218 678932
36081091 2482951
32091218 866131
28985582 1162826
28934752 68938
14923186 2220104
32015384 530424
28819486 1126337
28983634 810080
32143172 698013
31807539 1600604
28826245 1277391
28978778 527000
32025624 3246382
28857159 1772258
28956145 1476613
28914437 2717243
28806279 1029091
32171434 1981149
28804499 116950
28955808 135066
32586678 135013
32606871 103416
32608530 511956
31997594 1032757
33706504 524449
32142651 2348164
32178798 1824451
28792336 1811933
32142790 345398
32145416 1632641
28900864 340836
28830512 88039
32051063 387543
33997563 105526
32201623 3478882
39931678 1581296
15249387 394895
28820032 160655
32568913 900057
32605889 142334
28876242 1377749
28938128 289063
31966081 955934
36075408 338721
33685736 47072
28979538 3017126
32602810 293446
36093004 759697
32583062 1566952
28916236 51837
32137623 396297
33704980 1340651
32144935 490159
32609915 572468
32609375 1152840
32096071 376546
32589673 376532
36075915 997393
28952103 615905
32127775 642791
28892344 352270
36079716 637800
36102565 1810605
39927329 1075399
13484008 219835
13484013 1613560
32082517 1444350
28816812 2024392
32037610 2032887
32203980 336222
32123338 1641756
13394706 1948624
28934718 868501
28936380 2203626
28836999 2128464
28904272 2592169
32605669 918157
28918303 320962
28847940 345205
32184461 1702571
28792902 17881
31954554 211648
34086809 206335
36547737 206066
28905785 477243
28935797 987315
31948584 1811590
31817383 97201
32147737 3333020
32609360 2039606
32147442 1341913
32201269 2039564
33813251 325151
28979576 214267
28916401 362122
32031195 1711645
28929076 1255249
32587291 631423
28917527 395316
36075729 831693
6837387 348277
28952163 2358330
32067616 384110
28791221 1660464
32149560 1853415
28791607 933930
28811158 1321688
32017050 101493
28917521 907561
36078396 608233
32013435 606769
32588443 1028883
32560554 148334
32033650 1492041
32189314 141979
28842969 35682
28928121 723159
32189994 249794
32149795 1020427
28784606 1653516
28928126 414989
33794994 308695
5495215 58968
28952237 805519
28962886 308708
28857418 105332
28942921 270991
28920066 899123
36078491 955092
28917566 1341330
36077696 3177698
32178685 1619755
28806705 272437
32170862 994783
28980998 246536
33814773 1568273
28923636 364582
33814559 684128
28935697 363839
28911365 36218
32208740 122803
28858552 889711
32581404 340097
32142387 1186793
31979867 2991200
11833301 873855
28986972 79956
14279908 2901952
28912656 345114
28936789 995554
28826784 107625
28936246 2687123
28923584 2435744
28929705 963532
32005361 52838
28917119 227036
32151204 2193003
28936287 697809
36106959 202443
28816800 1711974
33814414 1398318
39931931 651061
33966805 994982
28901403 2205354
28929019 1425145
907040 1425172
28916763 850195
32152128 701770
28928385 2090130
36076292 685294
28955605 1085629
31997262 405448
36080017 1455749
28735112 656000
34094262 1707792
31942260 404746
32005395 215891
32084277 961059
28799057 1021730
28930076 293696
32017697 224128
28973008 102675
28912487 2198574
28926513 701867
32587110 175368
36105943 1419531
33696349 3729221
32056972 333694
32568612 911966
28834361 1000764
33814655 1299390
32104017 471217
28936290 2917938
31945753 3065057
36550432 2552495
28912481 344677
28804009 598697
32187171 862363
28804875 100906
32152807 1324628
39930584 358962
31784065 3043279
32605268 502911
32107248 1812865
31956126 4866585
32153059 346624
28943353 1549768
28857098 700276
32083118 1003030
32608631 392146
13095804 1704662
8132690 222066
36080972 622838
39931306 677538
32576480 116090
32153243 897341
28928623 3274215
12108598 435837
32569201 407855
32565942 831467
28955237 2449890
28873532 1201038
28949004 2880810
28872336 1596889
28951077 3947379
33813229 927271
28857838 318475
28809591 1560388
28973694 602309
28859607 721886
28980973 858762
31811433 3925396
33814981 265418
32041713 1746173
28789495 1745811
13394711 979551
31947029 3194208
32179587 221880
32193085 3202975
28787730 315877
28936611 808054
31810066 1542692
28831555 2138797
33815938 657
34128439 945240
33858479 2212121
31975647 1601232
32196389 1083529
28978757 828051
32094247 393102
13502223 819485
39344169 119640
28793347 191421
15440737 934417
3525944 99326
28876244 1362401
28946441 668340
28843550 226892
101186 261710
32561855 342668
32016021 2028125
28954808 364254
28934768 1708552
36087103 677075
28823318 1263604
13365138 3355976
39928251 2865317
32091350 654898
28928915 1456629
31945563 907912
32005858 242203
28918626 1019818
28923588 873380
39348618 120717
36091202 481481
31968162 2416253
28920337 899208
33814592 2397756
32563447 2666371
363490 962404
36104988 1977595
32602792 3500882
28781860 902063
32103983 2067354
28970868 190196
39917799 249895
28915691 1419487
39346355 639292
36073776 2555144
32038732 1220549
28982819 637468
28792922 224740
28802498 162845
33813649 177944
28928133 332424
32197504 175908
32563160 1025754
32113447 316859
28835909 171501
28809596 996286
32564235 1676127
33655739 1306640
32561851 897786
14534809 506384
32171069 913483
3841997 329036
28784865 186118
28788171 700417
28848502 17961
363483 346917
33813260 1708594
32141601 605697
33813376 1949289
32153594 1049324
28883874 848729
32110267 108203
28848501 51648
32070197 925141
28801345 1198356
32086505 442287
28905401 2455513
39929866 740912
28929657 740928
31976973 199191
15067188 4012901
28810097 213071
31873658 468607
34127546 597716
32606447 2849301
39932806 597673
28953466 1038215
6540744 597614
28800798 886398
32021821 4877899
28930087 1450718
32585720 1186078
28947483 658964
41478318 597699
28914858 597516
28974304 400523
28830807 2655976
28827088 332425
32070079 1724517
32172362 892663
33832155 1634907
36075287 741086
32171612 343992
33813373 2091249
22187006 1206679
33814615 361810
28919986 2320558
32587818 97043
32163853 388750
30630611 94851
33682801 1091767
32163740 3477197
28856369 2051346
36554778 51520
32161786 1338239
34127500 2209912
36077852 1510762
32136793 2329211
15037111 1391405
32142842 190416
33862563 434763
28958588 397232
28967739 874156
39924542 2265095
32084405 2502806
32600390 2229144
32202489 1516895
32584739 859057
32128112 348588
28917516 53976
32005265 914950
32185066 2871589
28800765 1056554
28978905 2134519
28834297 1893196
33703729 2531696
36099123 314050
2989408 3504249
2270195 1040912
2270217 2713865
28905239 2049463
32166130 4003878
35353868 1026232
32200236 2061
2127732 404195
31959121 348877
28810760 863824
22129924 900747
28820906 1715116
31799189 1312419
32075314 1451437
28793093 506145
28936490 397039
32602395 2809010
32579078 4185788
28928062 2134419
28918454 862029
39349904 1045358
28816064 1510730
30997842 206177
39917136 915750
30652969 1676140
33684759 1745104
28883901 203207
32585935 895744
28985454 927049
28918549 374089
28935619 1974242
28917380 2728035
45315193 72375
28936382 96486
33814380 1323477
32169048 2604423
32098517 344425
28828983 107144
28784777 1510673
28830830 648325
754234 832046
259399 389338
32582145 2587967
32206907 917332
32167855 1104631
32203016 1510653
31942734 1343604
33813282 2063658
28978929 3488423
28918180 2525686
32059421 2503015
33813560 922507
32609616 1195790
32585997 78060
32155841 2221317
32587229 330100
39918857 3565413
28947154 1798257
36074090 1296656
32584210 2027040
32014505 1436775
28950258 105848
33813211 1358508
36091391 913006
32190119 665289
36101747 912591
31802690 1883273
31965897 461702
32190495 1420479
28811038 396383
3009945 633762
39931005 716099
28842922 889191
35354071 1436795
28857449 1458590
33929553 402171
32191358 2961602
30682752 1391171
28856298 1330813
32105385 2027007
28892326 909005
28878457 953723
32563859 442985
31995046 188506
7780833 2457476
28980950 215094
33815662 2357442
31946312 1940710
28864978 2285310
28916397 3369769
32081603 1696094
32563831 608347
28842958 1659889
33796504 2538244
32193393 509768
36543129 1344322
28876274 651678
32193398 52192
32193402 288915
28876221 332657
790016 1425675
28912453 1828548
32058168 1140081
32165719 127911
32110029 625825
32565333 385184
28923347 1248774
32595884 1841177
36546490 2905629
32102814 2306165
32183970 829522
28815700 898276
31786728 392885
35354040 332986
32179288 1319388
28885655 3424437
32046947 663178
13503137 971039
28830712 657957
32058103 455041
36076918 644456
36077099 3212181
32190528 3979116
28895230 1723943
32595299 2356490
28935028 198387
28813501 1381207
31814259 1090042
33813381 1724980
33706028 863727
28791787 291720
28812317 1198303
28915062 658158
36077073 336226
32005918 351531
31960066 2997741
31997115 1887099
28843961 3102092
28918483 946444
28802400 2415006
32598729 962755
36082940 2564441
28935418 344568
32054250 3627347
28821791 1402392
36540126 4892250
32195656 2529015
14915968 3328928
39932759 640863
32061210 861647
28916220 980192
32203630 1529352
900615 1711006
32181600 318375
28902450 2418894
32566983 100176
28905843 2505369
28928071 1665859
28915318 1338053
28876465 172771
28944920 1720403
35354132 1303333
39930558 2491026
28888360 433867
28825445 1707413
32094005 413816
32137346 127616
32150399 659969
28947425 1447716
32179601 1447886
31945960 189085
32568058 594824
28834316 384172
15414849 857149
36075244 43548
41658237 1544575
31815454 633997
28800769 2127551
28901010 1510945
36103315 202919
32037825 2084087
28980928 620103
32588455 892317
32204447 21710
34094051 663210
28955764 2757126
32110998 323778
32563838 2734512
28810666 108878
31975798 1432352
28839120 364448
28804505 3853216
32178049 1290788
34119054 848527
39930697 316430
32177217 106630
32584712 2485252
39917138 109876
32181186 242331
36096499 45112
32008644 1104280
13496636 332550
28928840 353247
28846946 1074448
28800773 688811
33709774 739899
32607143 1332235
31972095 965051
28884157 739872
32568348 1845170
14364056 880388
28816700 332578
28818145 1776423
28811086 910140
32568889 100524
33813629 654795
28802798 363293
32068525 3523667
36104482 298977
32585748 1438115
32091662 622595
31959090 1510962
32090203 373219
28838908 495083
28876235 739896
28988882 214399
28789093 3288617
28989488 1394750
32035082 1184517
32165555 3648216
28912472 1724306
32145316 3387832
11578846 448014
32077604 332858
36102364 4889178
32607638 1401889
32021749 1447125
28873710 2513188
33650538 373484
28928166 191871
28928117 1976173
28928184 4274491
36074889 681728
2289888 216737
32010844 3268913
33813475 671652
28788555 385537
32141385 176069
32169820 141781
33815266 998848
33966873 193212
32586607 1340031
32199502 650219
28956046 274625
28919958 1338570
31981918 877721
36077678 1304588
33650125 344569
32587266 1415039
28805950 1104618
32019049 390121
28843551 325328
32023415 2477424
28914268 1417760
31996045 1968990
33694429 849864
32003196 1223709
32589388 2500484
32570632 3215874
28890756 1238417
28813912 2409675
32147280 2206675
33699527 312671
28935795 754245
33711957 740388
32121818 1819680
33706488 341571
32563299 954064
28888315 2661076
157882 340139
31959455 294244
39917898 546779
36091732 2118809
28802813 2773970
28948908 1576179
28988783 1049755
32067545 301551
31953448 249870
33699506 399384
41658581 317803
32131318 1700458
28919779 987636
28822155 2120827
28947436 1621743
28830724 3669575
32087080 741050
28823532 442848
28830591 2656205
33711970 2729570
32083611 740206
28858572 1450773
28967867 2179499
32180576 880049
39931609 216946
31977679 547556
28958550 3477653
28888340 1415332
32018806 661909
31980426 537146
101378 218302
13436089 3056418
31791998 739659
28800756 502287
32149836 696827
14668187 262005
36087469 1968842
28918828 1104409
33796194 404994
32603568 357843
28986070 2573317
33719082 1642490
28843029 960935
32129830 3073656
32120459 861215
32090103 551723
13392536 926851
28834347 734036
28936330 1274618
32567607 90254
28833773 180348
3841987 291849
28797509 1086076
28987940 1465622
28884173 213284
32208745 1543060
25401163 539495
36086810 2257710
28928202 562161
13281608 358949
39928566 2887971
28947289 360576
28819371 193650
28819369 98896
28975477 385868
32193219 18423
28819373 298074
32566641 1671223
32135430 53114
28912683 914484
36098375 2262550
32186638 223920
28928206 271664
28968039 303065
39928569 2929989
28884473 945445
28781795 352020
36081925 2876158
28928025 638957
31808061 4494370
28858507 1024530
28793217 2629666
32017344 1680776
32133167 779319
28958468 51833
31989156 2149810
28846513 1771978
13508505 2071922
28788579 217376
32033574 61752
32097801 124987
32073735 391819
28928319 1166276
28935341 956882
28821090 2657942
28928295 1595355
36078167 1223634
28929736 624237
3118412 3597767
32084022 2208114
28816690 1754373
32584537 95949
33813354 4375918
31779718 52726
32585780 3175083
32003504 86011
32606911 48779
33792218 579245
32565770 2846307
33685108 4875136
32068518 859986
32569743 407181
32576965 489634
3482116 2390750
28960031 1694230
28909243 565997
14376330 65040
28935863 2136471
28932396 1449670
32169786 1649717
32584720 669430
28917843 204156
36077759 347575
33814635 220363
28937168 1816088
36102300 49228
28929947 930100
35353723 165349
28985556 101597
31785878 1328757
32042396 355932
31787442 1574177
13405406 616442
31790815 2505578
877016 1694186
13522429 1937539
36105327 443682
31950243 109243
32159862 278948
31798956 2472996
32094992 1993017
28835458 361088
13408646 631823
104454 336601
15251268 1776864
28889734 1382096
1730543 871343
28924243 406119
393785 890894
28888551 1439683
39931506 1367739
28794079 1976073
28915642 2083052
32150763 1904897
39925726 289158
39932667 102298
4987211 1672353
32027925 908674
13405908 701157
4970437 2216711
1394323 1452826
28784995 1002
28787215 13085
32157833 13193
33797184 8361
13481412 226585
28914717 14342
1396321 9157
32010629 12453
32569185 223608
32561835 211832
32560078 18305
31780825 48931
28981482 1400021
28986433 385817
32012091 858785
39930524 136773
28849537 322954
32061919 323373
28798907 193339
32022036 701273
39926166 124798
13508412 4175655
15206542 1148056
13409944 4847932
28819980 399701
13443786 2511601
28927022 898592
28942390 1686250
32608314 353529
31800375 1860670
32098989 1308794
31946547 332421
22050645 1002539
13502319 1261178
28919677 676289
28965402 615944
28924191 869053
31782190 96399
28926528 95598
53220 219939
28787986 1805854
11821228 3243561
31780966 723156
28870338 318541
28924181 2084298
28954308 3154384
33701825 887736
28919916 213821
32062701 434068
28980018 2225065
34129392 4028595
6846060 3197347
922635 1583506
96527 324242
31804466 1913328
28832110 1500354
32596027 3276751
3522727 331026
32594627 649578
31806032 1967080
3958480 629990
32561575 52190
32158992 444509
28837788 1396
36547333 1256976
10599708 3060797
21982401 1406652
28822698 2220397
32103423 955940
28822179 809900
7047742 4093262
28928703 1402028
28989816 55002
32566364 1708227
28785727 3118335
28924247 404575
281649 791075
1584481 1034649
650446 634573
28967479 1003234
28927062 1153626
32014551 31716
14204414 325024
10627013 405548
13502024 4864087
13422336 167461
28819500 1394807
32182876 30717
32596204 790984
28874451 5544
1401881 1672078
32585858 31172
28924263 695591
28834218 53654
31942185 2739034
31962349 4865725
28783757 208028
36076369 24216
28794537 139438
32101515 944651
39933073 2989601
35353607 7952
13514170 774293
28869937 2279381
32597184 1856623
31805670 3181961
28819406 2660713
107593 351971
31815146 1613459
32143933 3540020
31805726 877592
28841404 9967
34118957 1582504
28974364 95720
28924185 2112404
28869060 1462795
28891584 1666239
32138452 862912
13428807 136674
28894299 76284
31966090 2289402
36094674 1427515
13487790 23549
898189 369159
39350145 2438539
13502336 685610
877018 343033
32151610 348154
34121203 2353969
28978599 3938350
677469 1420506
3508948 2359216
28974933 1713761
28864644 11713
31800745 741596
32167946 4872516
28989498 625082
28989494 2920363
14493121 2502589
14974645 3193041
53240 220316
39927441 4873005
28924188 394211
31999234 4873281
4460751 1224296
39932021 291610
28927863 2830368
15148756 2312983
32191294 2638866
28955147 4873840
28902421 3751290
39926249 1581758
28820649 4874092
3509283 800273
39918847 891575
28924200 396252
31967052 3691905
13434943 3245126
28944535 1554808
28851982 1041756
13487148 4458585
28809499 430459
32017749 376226
31969161 242635
31782111 822986
13440500 1805689
40653501 2048284
32160008 286618
32187519 36588
4234719 1274922
28918879 1188908
28789238 221881
31794579 1597025
1401887 333452
28953929 493282
28912813 1175525
31781655 1400064
28931353 451723
28800921 1004880
13491613 352443
13436219 760153
1867730 333069
28933557 333339
28989817 220816
28972778 3141833
28932905 271170
39931525 3510205
32049146 1117257
28939535 1357994
34119450 385734
32097193 691495
39924839 625122
28983551 440446
28926983 792733
32177518 197794
13500019 2508851
13478840 3108317
39918444 915927
28806674 863767
28884216 193261
281648 500441
32186892 2991496
28930779 537643
32605765 1801305
28973439 1309249
32599475 330352
31979286 1374838
39346088 959706
101800 142500
13495983 2215257
28810713 51834
13503594 103065
31794597 4376561
2198146 324500
1854657 905550
3969747 254689
28987885 3158092
28963823 824254
337114 923308
31963029 342236
28928005 133703
28928029 3016976
13513778 2759859
39930595 1008155
28781783 100563
31942669 819508
4081310 366448
28868821 1485658
28984384 2163308
32018835 578102
32057630 1414100
31801697 686726
28902824 1328247
13522430 2108031
14529620 110342
1694132 544808
32060013 2144233
13510147 1365408
31961957 701120
31967968 831443
28888743 1489954
13495668 2268646
39918172 1005752
32076588 2108032
660598 306764
28793118 745356
11932049 93713
34095702 573868
6837386 1486198
922441 1708579
31800671 1536981
13481162 2839693
31787781 2595944
31996777 50519
22123062 37366
28807602 1085996
39930515 3863238
30668835 1567257
32019453 102040
28919686 2641273
28822943 487947
13445927 487977
28918425 97743
28956170 306065
22201689 344516
39346245 1080991
33944852 1912957
33944854 339520
39426083 523308
32563896 97744
28925913 179292
30668786 2134452
33719137 775021
32179432 893204
28978782 550698
32121883 893990
32095467 98719
35353848 1719515
13506653 542064
28813588 96437
15460351 101439
28905692 677828
36101786 1253790
13499942 638552
32579004 276737
28936345 41919
32143867 4895749
30668850 4896185
28981743 681902
30684895 2748731
31793756 672837
34087262 364995
31783389 319356
35353895 276368
3884945 333214
13372045 328836
32187693 908743
32606799 572444
13411105 765034
30667535 291880
101476 21890
41654150 527359
999922 171114
31951373 127329
32599192 344329
4987213 3038609
32182670 358958
28865417 18419
32172076 97506
32170228 90600
34018488 466754
28821511 975546
940516 391311
32063667 790526
6846068 1498463
32023393 98798
28787155 349106
33787131 1005420
33792824 479262
32068550 873005
28912037 181623
28971390 856191
39345153 1420132
28803718 1242534
4987208 1235284
15252607 312623
28831595 479292
32604718 190417
28934858 181478
31802658 1993173
28910102 1730237
32597984 1042145
28844887 396611
32163538 321551
39346839 156267
28943002 698589
28883599 38139
31991278 570373
28821488 310435
32172673 207245
22285278 659932
28936714 256230
1416840 1470931
31807237 1128851
32137357 396413
351694 940111
28809141 65479
28935802 174712
32024329 627688
28955480 365834
35353997 123948
39346200 1742902
39919367 956321
39933271 961091
32588838 907566
32153798 178151
39930257 178144
32079288 2759116
28827327 1342693
28865747 540565
32070686 905273
32055810 358492
32024467 1020463
31809381 1996390
31810172 480138
22072994 2766114
31790005 1129615
790864 1579714
31797858 1800335
28980072 532780
32570218 548467
28842447 1521259
28981136 38075
30489711 624560
28981203 434811
45329955 243471
32018366 1138581
34119489 670485
32028071 361717
28819426 419090
13486650 1047216
31783944 227102
31812074 1649205
22196795 255152
28834518 247422
33714715 96397
32609385 353313
31979670 186826
28962112 1155331
31805699 253682
36080447 1487121
39346481 678801
32023076 218800
33878607 1146796
32070749 443481
35353632 579809
2912133 327533
13482692 1898726
31943091 879261
32053711 436106
28856421 1676704
28916413 108526
28810127 37362
28844506 2028476
28870462 301784
511950 1207176
28810228 1429090
15100344 1676717
31780850 1845348
33704800 1062102
32095580 537533
28906189 214575
6482443 1923595
28972925 420075
28988466 888109
28794921 2780458
28885160 1184156
36073530 300385
31780515 678177
32146364 896952
28930079 1199999
4941433 332287
664444 337017
28852077 1628133
28938016 153438
1772990 975606
32106022 780144
28938524 507128
28821670 831431
31942831 2346846
31977182 2842826
28945920 397319
32160500 1352058
32168355 2337585
5868328 1634599
32590418 1164571
28948723 715017
33682173 104609
32069103 110318
34051667 1523096
28876689 3019740
28934895 412238
13489554 994688
32059411 634370
32133703 1040876
33684419 715101
32017924 1268785
31985991 407134
31780137 714934
33698211 1716921
41657293 337644
32564621 19606
30679422 1349122
41655018 2151018
32191031 610978
32030915 1798816
33928257 447110
32032030 316624
36085583 464836
30678770 256947
36538627 567167
31980249 1798180
32057992 162578
32066458 1268275
32600912 1334187
33699438 1110001
28783654 1180513
41657197 216227
32563562 607758
30658075 1268405
33677369 2168281
32602669 312436
35354122 3750225
28810454 2435215
41655321 1205341
31757186 348387
28884035 46532
28960022 1656224
22275154 1026098
32195876 662896
28815832 305484
30668733 856490
32182718 881183
28934910 328785
28789260 871199
31970630 599341
33923173 2407758
32111455 828338
329185 228463
32175898 742107
32568188 873942
33714925 979229
47879985 254828
28793599 1164861
33861878 412619
33700730 111057
36093834 656123
22271279 1004635
1579703 798387
29706087 1739
13476438 576328
22254922 775058
33946001 1224319
32055802 291478
39927876 807314
33682137 666182
30491184 223817
30490919 3143712
32013113 651170
32107494 177771
32025658 3613552
32025684 2707208
30489102 894721
32179166 887973
28984347 334944
28984273 1733578
32175393 2543291
28984305 2147427
28961901 10793071
28984357 1470837
33861353 821117
28796265 741785
30716866 361585
31942783 1628453
31791440 3215467
28905817 343709
32083282 9304575
32192841 853286
31796926 976532
28865278 952782
28804177 807289
665896 1340419
13502371 202842
28933520 696525
10485547 862845
28831057 6822164
28927978 1724516
13492325 2145493
31956664 863797
36540972 3071812
32005559 2783768
31786540 1191460
32584024 2122846
32072374 213519
28935487 1481171
32075938 6211671
39929226 2497961
39923138 1710332
13289892 52230
28948167 1506190
3124955 877591
14376331 622225
28937338 672814
28894590 1654971
28862998 1921912
11830487 1569101
32101532 1119593
28788358 1579420
33685643 2840236
28904421 628418
31964717 1976340
30490633 590807
33931327 3532806
32194259 2855643
32110488 809611
33837276 7939366
31946385 875726
32170110 1776710
34019051 52577
31945391 4027605
36098564 4528944
28809648 7845203
6816924 5195931
32187821 628604
28819724 5968194
34018732 329678
32082430 3735692
32158902 393948
28913374 3340112
32135014 7340622
32173955 4678109
32032978 1685859
28793248 99045
31956726 2310247
32025408 286404
32161999 1719465
36074285 3668872
31967553 316894
32064134 274532
28784782 345956
28986628 1225853
28911003 1722753
32060200 219547
28963758 408026
32078916 1033532
32160238 2781914
32025575 675375
31975637 191014
33650305 27689
32045011 934543
41657223 2180892
36099236 4284417
36095571 4747288
31948185 8117610
39919439 2939430
28854666 3387195
32203100 1221716
28905354 53858
32189439 922130
32117460 3821056
33813254 324698
28843437 53915
32104027 332286
32096279 4727856
32110023 1705612
32052151 1608913
28792949 452688
32171646 339067
32191569 5214751
32186517 355492
33814874 810813
32576757 2142913
28792976 448219
33814648 432738
15536755 1304086
28905885 382266
30686286 2918006
39919050 565259
32568091 387630
32146473 1005232
32609550 119698
31943183 3216877
33799903 1860795
22222337 2757450
28916661 104744
39929859 354665
32045651 2991380
28951327 382911
28934059 3605453
36101039 1407416
34013460 3068623
36542816 3898076
28831080 325167
28894409 634665
28828524 2876110
32111461 5153361
4278516 2853134
31786649 620307
22252482 1145487
32139727 1293677
22268867 503159
30621388 641986
28935810 96769
32107274 756189
30629201 1531976
30666777 347026
30717431 6023134
30690729 1487158
36079358 393581
30629212 2442757
30614146 2436716
32006347 447165
30645818 2720651
30674967 918623
30628227 9100096
30652898 953513
30678694 3022521
30683417 6375835
31791490 1169568
30660190 927694
30697094 1339179
30714652 2797222
30668647 1994857
30616182 2335108
30681683 2223408
30692127 487369
30676660 2043894
30676846 1165355
30635740 2367770
30717527 1183005
28945843 319817
30683776 1069628
30642060 487269
30706176 95245
15114321 831182
30670285 1254205
32584542 1754467
28815972 656318
30636093 487340
30621396 1393213
30663745 1165862
47880325 487294
30717439 657588
30614427 909345
30614770 2221415
5270229 610528
30649773 2041878
34043518 274265
30665543 2462795
30655694 527862
28911032 132785
30628375 882911
30628427 1448375
30611731 2041898
30605668 389781
30657654 412153
25396505 302674
28914939 235512
30652035 1820069
14975762 174541
30697035 2680957
30629284 351750
30662871 899935
5270228 899935
30662967 1836242
30676437 940588
30629291 1169859
30714675 460230
30698892 3375775
30635931 1465458
30628817 2050575
30645643 1465465
30711773 2708538
30629305 332431
30629316 1781115
30684678 338868
30629319 1513086
30674271 1993436
30685599 856662
30629600 891228
30653725 1850737
30662896 1852636
30634375 1595754
30642308 5084610
28986959 335704
30714901 5458682
36079795 815206
30718227 436512
33944509 1166149
30655660 2274985
30720721 2272331
30629345 2708012
30671952 1376603
30665999 2607038
30672023 3844798
30636723 2517891
32026928 100437
30633715 1455474
30642334 2104274
30611750 6199220
30686093 908778
30686096 653283
30706205 3488424
30662903 892659
30629348 801085
30641913 1886343
30671995 1780081
30695030 1488258
30686176 929388
30643725 2459942
30676920 961533
30644156 1965558
30647384 1506551
30611872 961561
30712211 923174
30651103 1169942
30676343 357301
30686122 2073012
30656005 411602
30644159 424693
30697102 1929821
30629454 1021244
30686149 883816
45331138 1169971
30677781 1939002
30631431 1293204
30677261 1750620
30622267 606687
30676856 1863344
30666399 1122837
30721522 883645
32048057 1840063
31963348 3631084
30660339 1994456
30621194 459823
30662657 868476
30629460 109889
30710428 907119
30620519 1994411
30639754 1981346
30629513 919659
30714479 364591
30647662 1096158
30717506 1595718
30659286 2211764
30621480 663746
30714482 3725660
30608255 960056
47967291 1755667
28865047 735897
30679378 1981351
30676055 1122795
45856656 2049027
30682078 4083533
30721528 3134047
30682371 1582485
30642322 3476621
30713139 2209100
30610658 655684
30634409 3476680
30670323 497628
30721535 1021522
30654104 8918771
33815653 16633
30682544 671145
30629571 364392
30714437 2293302
30608165 781835
30670370 2357466
30629543 866637
30714631 12112
201935 606392
30629553 2945369
30670431 3070814
30676819 2231416
2534717 1337220
30663031 2764487
30695373 437734
30673286 724522
32175603 199854
33648687 4171465
30621541 459867
30706156 460554
30652068 364280
30660673 1797094
30697089 2850788
30685618 2705916
30657745 1658443
30712201 911289
30634421 1730645
30615210 1029901
30662311 1946755
30633782 1122782
30691596 1027898
30617795 3433978
28826869 158339
41658732 369715
30629632 190429
33778393 388795
30642354 117042
30673779 1842195
30622573 2487792
30635822 2550544
30717537 3847245
30634436 875520
30706216 899479
30629518 103194
30669541 2523698
33813615 88202
30629507 318240
30629659 829794
32208751 394724
30659296 6747968
44228362 135344
30629662 155246
30634053 1765023
30700761 590941
30644484 2217683
30679864 13205654
30654114 2723440
31991960 198013
30652062 344684
30684384 2672250
30712224 1965801
30638186 901101
30706232 3252048
30676862 939092
30611833 11942417
30617663 1487799
30663198 2920389
30709576 946007
32075790 5159
30642324 1309026
28878417 71836
30706186 1094771
30682855 7024768
30700001 651365
30615036 1488352
30671061 6847748
21638859 9757150
28902358 552639
30626874 658449
30653923 6464742
30700772 1658299
30663067 2074842
30668781 343678
30634314 4454857
47967292 3563209
30616226 3558867
28984072 147571
30629521 2523540
30645685 343737
30671069 1673122
13305533 3500734
30629574 1968202
30700430 73235
41338402 925091
30629466 1163833
47771843 934015
30668934 2517724
30672702 2801372
36096160 622713
32574363 191512
30668948 952108
30695818 3662251
28935390 883710
30684204 908490
30624099 662460
30667974 105652
25396465 2875476
30652433 3924066
30624805 6024238
28791838 312776
30663102 2517678
30629748 487771
30616207 800165
30621616 342674
30668860 978898
30636757 6616844
30629620 1166350
30674412 437501
30606709 2038313
30685315 3226970
30646241 3327158
30621624 679163
14053399 1946150
30662100 3052528
36079897 1396285
30633196 316769
30686266 1831172
33685202 2776668
30641260 1312876
31784426 1210526
30605798 5923701
30655714 4410542
30651781 3672087
30613072 1406835
30611951 2654655
30667204 252486
28801172 169956
30636167 867087
31897165 926937
30721564 870532
30657794 2148084
36546497 1110234
30634467 4319230
30621561 999652
30662740 1701302
30706342 3758858
30676873 1952303
30697114 1604503
30676843 922808
30671861 959883
30651851 94391
30686260 1540050
30709623 1845000
30654358 1003002
30673174 79372
30716177 441548
37511372 2869903
30624748 3895594
30717617 901833
30649803 1908382
30629799 1658715
30709156 327370
14764451 1810617
3520338 2561373
30696999 6504612
30615007 909640
30686303 1946588
13401485 94381
30629833 769210
896092 346487
30629849 3038573
30670848 3542316
30706373 2016966
36544017 453999
30657802 3602870
30642185 1580256
15592099 871589
30637339 2707584
30701147 1296143
28843096 2989500
30618529 872659
30641011 1706476
36079785 1458332
30654522 427027
30649701 3170786
30686074 11407475
30670291 5559470
30649708 455095
30628262 2177510
30709634 322647
30661666 5449511
13429168 272202
30637432 1693271
30657757 2833034
30636772 1298389
30660204 5134006
30663738 4436799
30667064 5722129
30695135 8237483
30695414 420035
30623651 8292328
30712152 1072981
30713436 4739217
30657318 723177
30629197 637274
30665537 2211544
30661482 7009207
4712519 77789
30653448 2285604
30634959 2564241
30611711 4525193
30664855 415983
30635048 3180037
30673790 4404330
30625785 3242559
30673761 6918453
30635472 1626293
30636600 38894
30627621 2657301
30673333 4131989
30719683 6328503
30644128 1752271
30629237 389941
30653660 998836
30629240 848393
25402784 220366
30709107 123996
9133314 1752064
30682309 2267040
30712159 1523100
30700967 1640066
30641102 1161588
30636718 1002760
30657658 874401
30673746 889977
30720581 891149
30675700 391141
30643006 983946
30662867 984063
30698137 4388338
30658767 1744876
30673346 1836451
30681487 8698335
30684593 3813262
30654142 959046
30721492 891270
14667562 891397
30662878 1714459
30650349 1765673
30662882 511069
30713757 1381249
30655538 4132755
25402694 10951292
30642291 1766233
30624187 3070396
30674915 8247474
30652066 3790401
30629302 1523702
30662891 278522
30611610 5296997
41338259 1283138
30667020 7894996
30671040 3186035
30616073 750802
30700884 2603220
30676794 378686
30720293 5597249
30643708 359088
4388452 885013
30719375 1582878
30717448 4693488
30696034 3340385
30629244 344522
30642860 3573677
30649065 987426
30714397 301155
30666503 2410631
30714744 345115
30629330 883361
30642311 8216144
30652859 7202682
30611976 1801714
30706070 1296193
28923308 72775
30621421 1638993
14961991 3079465
28919962 917300
30708873 457179
32602185 665107
30721507 4769787
30679990 458580
30693392 800851
30720641 2887276
30618373 1004021
30624287 95488
2534722 457173
30710769 1590743
30665550 3970036
30645648 1311729
30616759 1814476
30639697 3602848
30659254 4784809
30721511 1326015
30655664 447870
30628519 3507208
30662915 3636813
30629360 3469965
30720509 3135038
30639660 2364714
30708963 1039662
30628796 1313638
30720660 3649050
30721190 1632733
30634310 470418
30636495 3546711
30681078 2732992
30630785 1285741
30676683 924907
30614121 4362279
4693130 3154455
30672689 213076
30639841 891296
30683069 22050
30706362 3959993
30645675 3152180
3679914 3976757
30634401 961986
30628858 1118499
30659042 1562451
30621464 1990085
30676162 4711376
30708986 1607268
30654092 2719279
30621468 4702526
30698968 9000947
30634403 4590166
30721186 3268850
30621473 1325931
30680338 1073038
30653689 1120732
30663189 2447751
30621506 6816104
30694911 1744702
511949 333749
30693414 340839
30721525 4508768
30657743 1581591
28985844 848479
30693420 1855991
30706103 6032453
30676831 3077576
30706106 226608
28957535 513021
30629472 53865
30634746 4387857
30663039 5166366
30654096 3172094
30665487 1368081
30721531 1209785
13408681 4764625
30621492 7480976
30648683 1397478
30654101 1740976
30629488 443978
21616087 3622607
32595465 392343
30675400 824861
30629494 1221240
30629497 2067303
30681585 440728
30694029 3153127
30674282 1743277
30653282 2926390
7833898 7833909
30671031 1775552
9444468 1415679
30642182 334576
30621375 861957
30639501 902690
30629538 939545
30714247 2483204
30629547 746003
13960238 265527
30675694 379358
30663001 1853542
30694557 6610488
30670828 5241783
30611525 7034247
30659208 704719
15747881 1307158
30663018 3958531
30672845 354802
30629564 1735264
30629567 455572
30684072 1306219
30695545 3228370
30676556 1303954
30672692 5476610
30654139 1778805
30644700 442623
30661815 963999
30652901 901170
30713656 793114
30665567 1693273
30673774 582729
30697065 2441129
30674286 7983812
30634430 2359169
30628811 3345645
30616218 2485807
30657760 2038601
30607654 2379779
30654146 178082
30649786 3347135
30652874 2751460
21715617 3639571
30654866 807212
30673104 2633303
30623324 328917
30643717 2713490
30663051 2135506
36091672 226968
30663055 3552140
30651224 3303039
30694720 1672133
30658777 1580265
30662602 891485
30611887 2058477
2480208 698014
30611894 2453347
30643398 890959
30666735 2053671
30628669 2755457
30626841 98279
30654148 3257920
14896782 2153289
30706226 1181033
30712221 726419
30618096 1376829
30682548 2290096
28805918 677910
30628064 2713282
30673352 2275701
30698014 1495396
30629666 2751506
30654154 602120
30652075 925148
30623345 1562992
30654158 1672456
30657765 408582
30712227 105608
30620353 918308
2993243 1557504
30634774 2386855
30662983 907125
30664147 2380981
1850551 217046
30629670 887388
33703889 705584
30639279 2188753
30606372 147401
30624584 2801831
30681496 2751500
30629677 3439386
30617144 1639725
30634451 340772
30686189 1641695
30699290 2929772
28837947 322055
30682131 800276
30721571 2619835
30666955 996022
30709463 962600
30676697 2032776
30624772 1991465
30683201 2032772
30670602 1161022
30682134 1046324
30710649 1918924
30673355 1991484
30655704 2441005
30608302 1113833
30695354 1991457
30663179 346893
30629686 2535259
30629692 1669868
30654162 1204371
30626897 518244
30621306 1669875
30639838 1718514
28928495 1305577
30629696 571268
30649791 957904
30721545 359433
30632717 1994730
30709520 1723183
30663075 484227
30635961 484225
30645689 775033
30644167 883341
30709285 2723249
30721465 2038711
30700569 3805674
30654166 2803123
30675481 1519745
30695863 2204690
30712194 924676
30712232 2038661
30717569 189080
30642358 214572
30699042 1714673
30654171 1743322
5647829 678222
30698566 862610
30616120 376024
30660437 1989896
30634457 2038574
30607670 532047
30616238 818671
30682092 791229
30628072 24818
30632591 902227
30643769 1669899
30633982 1989899
30639816 3204806
33871234 301563
30671035 3965921
30681339 135722
30659302 1814059
30654175 916514
14978258 1150243
30652080 1729788
30644174 936495
15338007 3345661
30636754 186985
30629756 2585263
30686156 3699963
30705747 1823676
30706318 2032490
30634462 1870105
30641149 2032489
30649780 695728
30610836 608299
30629842 1985907
30662995 954176
30629763 2054044
30673459 678532
30629529 1600084
30676869 4026727
30720198 1883416
30659306 2952289
30629773 2712332
30622551 3257968
2504117 794430
30721562 2517930
30624518 923019
30706322 3204812
30659963 2633345
30663123 488084
30644243 2623427
30629055 2491265
30694918 1640024
30662584 1120021
30653696 2801810
30673903 3906461
30622659 2315582
30712256 1181388
30656970 3244523
30710784 353507
21624888 1346355
30663133 1417981
7789153 392356
30667001 880203
30614701 2633310
30710775 889108
30627653 219773
30662815 3072357
30611955 1753438
30706331 5233523
30629781 662958
30681266 1166563
30657789 3390361
30672188 830193
30623137 3700040
30690723 3374159
32057710 92395
30644216 140464
30654075 3270210
30712198 2757964
30645566 1854315
30618328 2038729
30663140 1591370
30643233 636922
30681097 288551
30717508 2300135
30698432 2454059
30663160 803943
30629796 803651
30663126 355130
30707690 1309342
30694549 2074816
30675433 301479
30626885 1750664
30713804 3187080
30634424 660498
30628674 2624392
30606751 958151
30652085 2459696
30655967 1691464
30655728 1270451
30665514 50656
4353372 701719
22259034 1408696
30682334 21812
30618101 440325
30652089 2751467
30664122 2695648
14976434 2613543
30684149 3569546
30642370 318963
30631976 364663
30614126 945950
30694914 4305
30647875 3650632
30662769 1844908
7625204 2232856
30665087 2491463
30629845 1754264
30629120 3415419
30635339 1344544
28806740 332574
30675584 915450
30629840 1541197
30649807 1401527
21765906 883268
30649341 2454305
30621661 1991502
30655427 1514581
30639836 3293960
30698827 3176806
30652593 751665
30642318 3333682
30655741 1166729
30698561 1513816
30631239 1607633
30620514 860789
30654137 2052084
30674989 3257985
30661471 288732
30624739 3331938
30709409 1985667
30720426 1615542
28974004 829260
30642339 1792369
30713219 220364
30672336 3342221
30629857 1804309
30657805 1607618
30714242 218813
41336990 1025755
30695658 488206
30683360 35765
36077775 15209
30634427 878433
30649593 891225
30721575 225073
30629614 2872742
30629860 2801529
30607645 1181132
30629146 619768
30614597 84169
30706393 354576
30719450 1638469
30621668 805374
30628036 810138
30675814 805278
30681391 697916
30661460 869916
30628798 974714
31787029 2801718
28876932 806941
1796624 1455801
32145604 105474
33718463 346095
2552742 3200198
33677887 1752016
1396327 2270579
2270312 707280
664451 988334
32055520 1095688
28982625 523510
15539870 956533
32081564 598161
33815370 1080910
4034539 858786
1579431 1829591
28803597 2307056
32605961 295147
31808575 932622
31804970 3654907
13498911 3671437
32206313 295677
281530 790497
31818383 250404
28842556 810146
32039280 587382
28806070 2693776
32171362 445642
31804664 2549043
32201121 1608392
36097243 105691
32107040 5100729
32573597 346530
33704936 326496
28785191 662886
39918183 604973
31790395 11295819
33951321 1994753
28978598 908675
36103580 397573
28845565 5074312
3842259 2752728
12181242 3479287
32079773 111054
32134378 1721640
31968999 5777718
28857646 573787
32173402 630332
11881886 2247311
28960695 6451175
28791446 5046827
28850522 668282
31812275 3879430
28915469 1723039
14565747 1462986
39933645 2488232
31810015 2047029
15536936 3411140
31815967 2350797
32009574 1047617
32061478 224644
28850107 550214
31783961 831795
28859246 6269282
36092959 566330
31814777 324851
30668694 6268954
31784605 516526
32078652 376170
28896383 4398440
14534650 1908370
2543611 214709
672805 1415712
28910268 2101007
32109780 131667
39928877 893911
28901058 354943
28905809 1092972
32573854 594808
28809407 1605654
31795593 607396
31801745 394439
14344102 1707979
30667562 860084
28931084 5682125
31944232 2754531
13396193 160243
28980956 216892
28923559 82054
32079930 1561708
31954512 1949447
28967376 3440732
15569559 323694
31964690 802843
32095131 353320
28934900 1618192
13515567 3757828
39927792 851166
28844582 481344
28884168 212966
28831898 2789300
32181985 142496
13498528 2329355
2198148 2751390
32610440 311736
40020539 214885
39919761 4196715
32601565 124799
30653875 687840
22173565 988616
28792814 668958
14669750 627812
31973103 578417
31999428 3346343
39926288 2006017
32154744 1096074
28955569 361988
32004120 836837
31808243 4093340
6482444 3977603
28789852 848605
28845301 1708584
28850497 7842108
22223306 1517584
11932051 3136499
30675955 1617827
31811563 804248
31809987 464377
30696754 607172
33814925 601513
28981670 3287592
28959547 1638361
28828522 301235
28816829 394768
31944687 1659549
4902135 4902148
32010372 3555744
9569905 5939887
31804678 2913020
39932524 578135
40020528 339842
31944615 3889558
28912465 43216
32643727 1790002
33872071 185065
28791631 2270702
32031158 295704
3709329 1186154
2954109 3482125
14923887 5047718
31803463 354581
36102292 408279
28905860 185081
33716345 676078
32090904 2686753
28982538 214079
33815486 220192
31795856 3981564
31811590 699202
13507227 387758
28872635 1438215
13478903 95432
28800872 2959603
28950077 1719420
28896166 6614701
30621999 3511586
32569242 40899
28897342 890216
28951356 3322590
31785778 2006280
28906652 1943588
32206141 288036
12076052 3101960
31991267 209081
28833649 639291
32078943 324979
7266587 251769
28840040 815138
32601904 324313
34049030 219607
13522355 54423
32023160 1116414
32013510 211750
28800920 2119998
789982 481242
32083817 1176723
39932744 1294128
33837095 895931
32131970 891601
32108623 207727
30638860 6837901
28969851 2501863
31953866 2569363
30669919 1297627
28982917 2961474
30628659 219902
679709 901329
1854655 891242
34119272 1297640
31946921 31946924
2198184 356716
31971899 30359
28833891 17967
32151183 1745931
31964861 26270
2871587 2628134
32589099 29639
32031819 29462
32101544 2540794
31810807 511959
32120364 1718494
1417432 1002179
281571 790731
32053960 1215068
32111764 2004193
32159422 1199481
32001835 4652795
32101534 5616685
28932736 5735912
12200745 1578370
28890957 321611
41663461 1577146
32153009 361311
28907878 3357530
32055951 3659757
31813819 351746
32032040 420224
31780320 102045
9618895 1346013
32192474 2774018
32563122 445276
32568401 547869
2990818 3432129
28931621 333356
32572467 186945
28955849 1262297
28864663 171458
36078046 29255
28814609 6743989
28942157 2182541
32569440 891250
28905194 216941
36102951 868372
2564420 3205708
32172515 2125763
3693905 3986877
36077786 449795
28934904 1933
32032221 112986
28825717 1204008
1730541 2564445
28784544 672053
28917582 339254
41665498 3504136
33813625 102721
28826844 863818
30598537 5828936
2270190 186800
32032240 120
14138035 405439
32583675 917504
28988714 2041726
31805652 1083526
28925583 1811357
28884100 471290
28924109 3766024
22060386 234727
32026067 241643
32566096 95480
22165780 1736619
30706149 127610
28864286 325343
28952503 3309635
28918427 95629
28930274 73935
15214987 1151797
41664381 2773300
34119564 450017
28925921 94850
39346523 95331
14640220 151767
28934440 310489
31795715 1149446
22218333 3733265
28842281 181346
14582890 421304
2935299 1142320
28842476 2024972
28931694 364226
1207175 460736
28828526 1477267
15599547 1574058
4995463 454631
36106333 362235
28917930 3545136
4979123 2005898
28893397 2382596
31800888 2313367
32034235 97705
28945970 1779351
922454 1731034
31995961 287467
15219854 2656484
31777703 163283
31786111 300907
28842719 234242
1867732 764203
3054413 1899056
28828009 3086753
30686072 3108021
28961644 289059
28930775 2325492
32186574 80421
28820857 27698659
41663463 701721
28938589 934113
32568205 306906
15210712 3344766
28837328 2718480
30621513 1333865
28895202 1548249
33792759 271951
30667569 3582651
28831179 2196850
32576690 2408380
1577096 2408350
28872778 597342
28947532 138263
31969815 104160
28949355 1536647
32025612 257303
32125588 173633
32082665 393254
10357387 2305561
28919314 2935297
31958183 4410992
36097229 10333263
390549 1001370
36098386 112084
31781484 1724240
32037623 217838
32582382 404476
31805773 899079
36074920 1075563
32192802 781645
28906035 2667091
28905831 341303
28811286 624723
3478958 3040896
28828598 3389819
32578441 788576
33930288 2934572
34093973 92200
30492604 3040940
28984329 3811173
28984319 904128
28984341 2412494
30491171 915107
28984395 3768626
14918928 873888
32034601 4200693
30489144 3361160
32074090 4029892
28978753 1256537
32107503 2013734
32168036 3361056
32574096 934105
39931547 102041
32587211 333066
33931960 1677592
28788077 694194
28810421 716031
3693900 321996
30491863 6404388
15165218 3469333
33930126 790892
28936089 126206
31812402 630426
28816836 53115
15078293 349870
28929723 240527
35354056 214502
31995616 389937
32571181 2304862
32198485 324841
32571185 1790886
28982836 560968
30492660 3512107
32585247 265007
28898355 80422
33869681 102150
13511637 51779
32574415 100869
32107333 334801
39918007 1704852
32173564 1253630
32572913 517453
28855557 366156
28981467 354428
33900472 3632656
33915773 1119275
15126303 1206010
41656502 4481262
33787193 1673874
15165684 671430
33917713 325767
30490179 564880
32035310 52775
33684437 313589
39926838 1036254
28815150 2812
28917769 341741
33926018 276077
39921539 193531
28874339 624143
28984683 867301
39920776 5649006
40652786 3316890
31950550 94108
32598064 124900
30492684 1618043
33706824 220638
28957260 80423
39929115 389303
32174966 1019699
30493058 3368818
32571547 1083900
32571242 4444785
32185868 6972421
32187834 11622538
36103661 1310278
39349325 105278
28892335 165791
28795916 451573
45336842 928353
33914735 2313145
30492011 2991805
32574304 8212254
33814737 58260
28885638 611939
28938580 1907213
30686204 4061402
34122764 1914836
31791515 3819982
28931525 218799
13343038 1777989
13502290 596698
28907900 2291509
28924038 977755
28784358 3359711
28958593 2983811
31942975 3330308
32194944 1195512
28912045 1944730
32074629 1956082
30668774 1702682
28872758 1970545
28926280 3020374
28926937 2271017
32176829 35923
28794354 447368
39349499 1906114
28935382 199528
34118960 922515
33566264 175614
28972333 288202
32152981 687468
22060689 293465
4394557 4027051
32020293 2933227
32099801 693202
39918568 3761361
31956635 1089766
32096878 3307682
32034102 48932
28791445 1180444
32028266 139148
32015693 330209
32078052 635492
31811199 3653502
30669012 4027034
32055877 45820
32009793 1631305
32013324 264961
30682503 345214
33950979 190223
31972206 296325
28837651 912494
32115908 5131105
31975271 186973
32579876 3878188
28899123 3073386
28820106 15060843
15234328 1794617
2214360 2528058
32057204 2774039
9054786 2865991
32041204 49354
33699639 3083511
22149785 383883
5194 46923
28850282 4199034
32143950 1449295
32158954 467988
2564421 351937
22234961 4789915
31992139 224735
32041352 372556
28952562 870608
32164993 2083466
28811532 1680602
28905734 879762
32052312 7474236
25453022 2561441
32072401 3027678
31805800 2633954
28906005 2482011
922504 1731190
32042069 121017
2309154 297209
32039197 831857
28914726 2991319
903332 1067299
28950647 9730170
22215901 4053227
31997734 35464
32076244 2992917
28874440 572648
32114071 46169
28898511 394219
32043180 664947
28872242 684683
33951307 6827817
28895163 332916
830932 810717
32060608 2653193
28905863 267701
28974032 900882
32037947 444027
28912649 108470
28804972 1157886
31997943 326800
32045123 1790396
28832627 3143795
28918060 1547911
28918064 2029871
28917553 488631
31782295 2906693
28935329 95153
2270965 2537860
28961243 638246
28789601 13044490
39918001 179104
15167680 3389139
28794452 4409731
32143689 1634930
28928687 857123
32169090 711315
12069331 3693638
31787701 948599
28883181 3535613
28857889 1706088
31803617 5417598
36542934 3119147
28788308 466374
32002923 393457
15208295 4167981
31943136 322358
28948383 2336237
28919968 362662
28868964 1686628
15014140 10179759
28852463 9766301
28828742 2991247
678575 1421496
31814203 1677414
36104141 121325
32206956 199249
28930814 6408000
2990817 670560
2484903 1667849
22088006 557166
32117182 92291
33832145 95992
28972194 329522
28987799 1813922
13376468 672514
28987193 912391
4730132 4731861
325172 878729
31779532 3651479
28900223 6424188
32121315 2473409
11497070 93376
15262632 1498783
28928020 294797
3520923 2454719
31966075 170839
28988322 678838
31818552 2197650
32083441 1304747
9486170 2787481
33815534 869425
32608230 96481
32039692 118657
31794147 2922103
34018374 913321
32130922 318074
32601757 458828
22060387 2555257
28789937 5344231
32043867 228408
13522428 1343927
15260700 875676
32043872 1006952
31807255 1477552
1401631 2275834
28860859 336924
28975414 40952
31950391 1344273
28970915 2509334
32051437 394578
13479398 3204622
36074976 663935
14647586 3072592
28798754 1638179
9455275 3072565
33706190 328910
36075303 98721
28913425 220672
660660 1401648
32569133 333450
31818497 3976879
13521318 649200
28810045 1081138
15216780 2295386
14900699 6557198
28797455 117961
28891031 697817
3125198 3602059
15231900 1301239
28883879 554140
1298344 1706413
36079463 22931
4929795 2370070
28831559 353693
28815726 163392
22039165 170914
28901213 80807
32062986 1302714
36103980 110601
28867321 2456397
2564419 3205668
28782982 97419
28827980 3563917
22275375 7736210
33655744 21988
31779765 2498282
28803008 1573219
28924127 8249939
28903728 3752644
15664823 4353026
32588229 332489
32590522 11906196
28961961 5828349
28956051 198543
702584 332432
36078156 218887
39346556 331779
3019592 563805
32164602 99586
28852446 790538
28863585 1260768
15586371 1333993
15193776 563581
32199408 94445
28983513 563861
903244 556808
28870467 557274
32581397 155826
32183931 1306449
32093591 3759631
28905286 451749
32179199 1041967
28888332 390049
39933363 134983
28820090 5380824
32095030 893323
32598903 391909
39925724 389870
220431 678849
1581470 2301877
32103517 481991
15230539 1732838
28923576 21820
28976257 1393899
32204690 2575352
28984299 2525456
28980917 164742
28915479 52405
1579470 2354475
31795993 3397982
32609465 149858
32131067 132380
32576060 825414
28909186 220855
28802878 1098806
3879844 359442
36092017 174672
32580267 671467
28833190 924634
9526746 348933
32564863 163885
28915390 3971
28788039 1416680
31782099 3168662
32045330 167371
30646228 340192
32186331 1356717
28802021 83933
11807451 660082
30686227 13842828
28928023 269882
30490238 102460
30490243 102460
28905326 98938
28939381 321150
2198274 2821638
28883989 156940
22105834 93715
31958601 4444969
13478904 755663
31959944 5526231
32046210 113478
922443 1531766
13354533 35965
15181886 10123162
36074328 389371
32015881 14790802
28852476 1660805
15026643 19308
31991325 4310607
28939173 779289
32569244 134124
13399146 150171
32174912 669335
33717559 950566
28846816 353530
4092648 597171
31955813 314053
31057959 3179935
32020797 139149
31784349 2427421
34102111 316444
15232685 472813
28831275 1076119
9819897 4952130
32560442 597202
32054927 441447
32152378 6275762
32566909 98229
33794390 1553040
1396326 608237
15213105 442792
33802296 120383
34052844 137008
28802777 129285
15216388 2269265
31798017 384359
28928435 282561
15201155 2720185
39931971 1295567
922444 878816
6482445 1116816
32083379 6350421
39928318 6350421
32586618 65014
15116119 126924
13496562 73480
32068368 131849
39930567 132028
32080370 14219
15229036 9402799
33797334 912040
15194236 3929690
28979203 306435
905644 1717542
15193119 8005615
31813956 8344848
4787847 4788154
30655701 547438
36074496 934574
15216336 6248066
15197840 1918367
3140689 326797
32584141 939453
32068400 382663
33813610 214971
36077146 237269
32177434 129067
14654933 356557
28812216 1785574
31781866 2043316
33815971 2325111
31783589 13609003
32046843 353310
32563364 105190
28985370 360993
32568650 113271
28940492 2568972
32046893 581801
2564418 3205637
15188354 1247695
33861284 440026
28806710 707211
39917442 167266
15208901 1187076
1579471 2438060
32008007 312013
13522431 851763
22156476 698363
28938923 3522822
15197566 2388140
32559760 178744
28917454 614602
31813558 1763432
32023652 52927
39929291 11642830
15181064 3721504
15241674 136503
15230065 104397
28926958 482856
28940042 500932
32079916 831655
28896551 6055227
32185368 3107582
33794370 5687636
28933746 2926370
28930739 8387459
39932221 4496752
36543433 1681752
28806150 363403
36105081 349596
28938553 880169
32015272 249166
32064089 208196
4726108 100978
35353745 11971707
28906190 940483
907039 671647
1417708 252340
36104400 274640
28953193 948892
32561415 413322
4734929 3923798
5553114 3595995
15187747 3975970
4958599 3115940
9342547 1857048
15246544 4310683
13348200 1153297
15227492 363416
36549422 506045
33795512 5585061
32152602 1704155
28928038 324552
39344843 2588278
28857843 440316
32191008 390144
33813598 98939
28884341 46845
32573938 685987
28929996 1103078
22020762 459674
15241254 3434094
15263441 3305731
15181844 3164752
15216230 5002454
28837513 5611485
28842754 764188
32595832 2996343
39919079 1951438
2912135 1033320
28930724 3467045
28843241 360036
39930723 51463
32563846 915209
13423676 54895
32592167 2289608
32188507 162523
33814471 350993
28950686 3722995
32590712 6509454
32162490 3336921
28900419 1592288
34087191 5457471
28948456 1606379
28962958 225150
15243843 1416855
45342382 7738238
30712217 3114504
31798417 4473968
39933618 2587816
32104495 1935675
32122108 914884
28917691 225153
32094179 1050346
5630171 2177693
32034361 8267042
32059560 1407654
28917571 505392
28833611 652952
28928043 345000
32187081 893150
28935016 856894
28892398 110309
28877000 2115502
36101526 584986
33800628 11478202
31996212 1034387
15239781 4379213
15227434 887182
28952919 606846
36078082 104231
28959883 390046
32037426 392746
31994976 45111
15235728 2301358
31814173 2287025
32609963 954875
15235556 4713051
31813500 328106
32130846 322361
32146870 2295892
32059250 6968174
28963393 4631438
36096296 109139
15244644 1719273
32606185 361649
15206746 6436812
28978786 3236501
28951791 1634402
28941014 2305712
32599743 65977
33649902 2364368
32032310 41515
28903785 179655
32045704 832053
28926183 3976944
28928341 104232
15240132 1179390
31813551 9315719
28872480 11885199
32057407 3984880
32160211 665940
32129634 98992
1898238 2680389
32030283 148935
15246560 7961465
28907670 205162
28971284 1771141
28953475 99472
28819693 363578
39930545 4572754
896323 1708520
3201419 503443
32596188 2786321
33861617 3709673
31792221 6510891
28904937 17879
28904892 655449
32202467 919468
15246099 4230125
28955774 529951
39933500 388995
15206544 68559
32141235 6411130
28830631 550718
28868958 4441048
33699945 936619
39930750 546990
41491858 3273993
32068055 818837
28892663 811742
39933261 817500
3621827 3943443
45346338 11651948
13328972 683285
39923030 335329
1579469 2438002
28875153 549970
28892052 1408105
15244824 840720
12265290 3588990
23668335 138184
23668341 323030
33710709 634504
32595660 8895033
15241271 1143309
34051989 1938162
32138502 320316
22060385 421611
36547076 5528660
39925589 3122421
28905244 994689
28920718 1174597
13438646 9326581
31813677 4460697
39917449 3068388
28843247 299116
32172053 179452
28909266 1458668
2990660 3421246
39917720 644207
15244319 339427
28857552 105726
36082615 124602
31787145 3074793
28844733 122218
28929852 43894
28858682 850260
28884110 122366
28799005 92867
32175856 121064
32172559 747490
32205413 2163570
31064582 2304711
39926618 1311749
35096440 399148
31785555 1589842
15242183 1852914
39931755 905359
32195629 1054831
28803429 507447
15226917 2545793
33705992 250983
28957563 2504954
32135267 1865586
30605455 5474812
31063054 4807555
28867348 497836
36078086 1625313
2993161 1523655
28929855 102748
32595375 190601
32202027 3945217
28831022 1687934
39346584 324637
28791742 453762
28890760 10679
32594248 3185339
39917643 2219480
32563829 54122
28956292 99587
32104497 1576515
32005853 1484988
32606217 225331
15219326 963067
32601866 1289316
15247276 4079985
31961404 6708974
32165320 891321
32064922 1686378
32004961 2132810
39926391 9584840
15243210 12012016
15245001 7939749
15248361 567077
28917035 325246
36546031 1453643
28892544 102672
32026988 100732
15247286 1515930
32589328 857259
28790107 2410326
3621826 562694
15243044 1005374
28825488 1065171
28815586 962352
35353993 2534789
28980911 654406
33813236 148836
28957719 9371569
28794781 641036
32060910 297669
32153928 115589
28761019 6118219
28761017 2300498
15243727 5646253
28864233 1720187
32182061 694071
33814766 911978
32194016 649295
39927444 690037
33816321 1513900
32022058 945401
31950731 1431875
39918251 10365915
39923088 5035813
32177192 1001107
32131010 732718
32564343 619192
28917545 56033
32033464 153030
28761018 105104
28837404 268128
32560281 666574
32574804 859622
32056460 379899
28981094 153262
28953384 896695
39917939 10943759
28919303 342873
11030004 664209
4368262 894988
39927458 7940517
32154306 14343
28867547 494208
32025604 255961
30697497 5864734
28797758 326970
13499918 328784
28884242 99771
32131224 659339
32596867 141257
32110303 218120
32108438 653376
32057106 33483
28905185 365529
33715899 228462
32057656 319308
32173963 962056
36106647 1984474
32193544 462328
31783323 64012
36076078 924517
28898671 224729
32192895 1632846
32590919 83793
32561212 328939
33832067 351603
36104948 1392824
36098220 357402
31985976 1347768
33832207 406859
33865268 33865270
33800528 33800531
31985440 31985450
32122753 32122762
22156478 22156504
15217120 15217137
39930997 39931000
