28923562 1069261
1852724 861615
28796042 113657
28799536 66148
28985445 640881
28935767 339674
32163853 342103
13431283 945110
28810102 95372
28935697 366192
28936188 201950
28936130 78386
28935814 447721
28935860 78241
28936083 360812
28928483 78397
32572349 687672
28928466 49800
28928528 106700
28928546 107013
28928480 759167
28876357 359082
28876257 225659
36540283 1033108
36543057 64949
28928564 358032
28876307 478279
28876367 1000383
28876262 898171
32003617 388502
28928582 347174
28876370 332494
28876363 332347
28928495 924181
33787269 670160
33797171 346741
28928566 387426
28799479 429253
28799287 240514
32194397 197101
28799369 93116
13475569 355631
36546807 339202
28923790 1043458
13289892 267323
32114325 1968205
11977052 21886
32600390 1570854
28920490 1490912
13414937 348155
32609537 217935
28918780 352199
28843482 1321205
32564596 890932
28843296 924516
363490 955936
32094646 445495
363489 962379
41491848 899510
28928522 598860
28917486 75157
36546767 758386
32208113 1672110
13499942 366316
36547090 121292
39927369 236476
33706814 802005
28918823 920918
28918579 394767
28918287 343229
28918799 892371
28918689 608798
39931662 297868
28918682 937565
28925735 361646
28849706 98226
32597805 654165
28809067 336717
28830721 355109
28920435 92390
39346858 353424
28916789 13816
39350683 830913
32581523 809516
32578677 75030
33797513 134292
28935899 911828
28935806 1240985
28938016 1066217
28938040 914915
28937773 494738
3051056 173026
10484654 1678260
33797399 330879
36544379 733971
28935640 388376
32148343 477586
28975414 325690
36105400 513117
28916569 510187
28844762 75544
36545815 884908
39930098 170773
28816968 1308057
36084838 95291
11832793 22451
8047445 1273621
28883905 868825
28842730 530497
28905122 638955
31996045 479598
28905185 909001
32564075 228577
28936198 1458272
22001384 144659
28830554 474040
15253666 1901298
36538629 93167
28876221 121014
28928572 352200
28928490 1481241
28928403 2189241
33718389 137994
28928451 34682
28928561 22645
32002600 942456
36544788 835393
28876292 466624
28809872 690504
28811729 396849
28916640 365906
39931545 503001
28889760 907401
28889945 134384
32168230 321575
32134961 220225
4553065 112766
28787119 871631
33710821 388563
11961764 59761
28735112 210661
28843382 408307
28836993 92193
28826833 624775
28967781 395172
32210404 369946
32565674 53112
28984066 321536
28937732 572575
32169724 107816
28808654 181952
32169065 500883
28935440 330019
28854008 128949
34101308 1180049
28791564 318507
31958616 128628
28935631 432024
101441 129758
28935626 416691
28936028 863764
28936022 352061
101442 332900
28914231 315920
32015674 72679
28815428 2273
28812340 1488841
33685195 396850
28888253 1183336
28818367 63457
28791787 874001
28935868 322402
28791275 939247
32063371 257216
28928319 321342
32086548 235251
28843307 486774
28843204 122164
28842989 121910
28843018 122313
32112697 1602432
32185447 933043
28930632 248271
36092693 1478995
31975983 248420
28928530 500438
28928552 1756083
28864776 121061
28811679 413231
28938019 668248
28912016 1709954
28791309 142296
28799339 2765
28888241 191873
28823177 539310
32596262 880027
14958487 99992
32598665 960600
33786727 672740
28916187 95421
32569801 437996
31995046 587673
36084244 145499
28876310 343078
28935987 19416
32563846 481322
15254434 830017
32193402 339140
32193398 71210
28918454 800325
28918549 952808
32101224 328978
32569242 896486
36075123 689658
36540285 248557
33966524 6000
32193393 1135597
32568205 325329
32566909 787402
33796504 917038
35353868 53807
36546495 849003
28936282 580190
28936286 577033
36080508 2232401
28982353 333406
31942511 163614
362371 236343
15318573 300713
34086930 223001
33802041 1737185
31943136 174161
28918429 220091
15460654 413949
13366513 50641
28842719 221396
14585803 867410
32133703 1434386
28787268 597312
13423676 1655163
32560313 849387
32587831 128182
22273943 19568
13398640 343490
13960235 891599
32066399 339341
13447029 1249406
13502560 127984
14891088 106697
32189800 1611880
28865074 173059
32060930 1025104
13516085 1019275
31997115 35267
36079716 22497
23668341 316182
28916794 528921
36546602 65892
31000075 121235
32034088 81080
32077221 388371
28802672 171148
32569743 321664
28918588 904582
28935959 933502
28829091 142623
31972344 403730
28952863 16954
28956356 44231
28975832 660935
22285278 397489
28918279 1787905
28918320 2340460
39933208 345518
28842881 102669
28836949 212932
32587266 552908
32148298 98657
39931277 203206
28982491 712874
31952931 712874
28918816 397612
28918303 91671
28918741 312521
28936158 254767
32065232 924356
28918374 1397707
28936485 63518
28984107 340185
28937932 489360
28914374 1729962
14428134 930619
28952202 393255
31977852 45298
363803 34311
363801 534534
32119654 601179
28857418 52144
28935619 198846
28798713 218352
28798571 1216792
32134241 275721
39918109 1004742
35353563 99636
39345018 2539897
39932635 437437
39918146 888313
13405967 544163
28818357 39645
28918492 348205
28830355 119639
34052855 212271
28830779 313776
28830426 246203
28883940 272525
33694665 153107
28935810 171522
28811408 1266508
28985784 217717
28952301 35771
32565579 651921
32124380 102349
13425669 828299
28930045 24473237
13372899 43032
28790575 25026
32099819 345071
39924386 38891
39347453 1314486
28973559 99838
28829130 1339
32575285 729184
32188296 101649
28844574 79784
28784714 94286
32571594 380588
36086254 573551
35354062 803747
28933108 11037
28920088 612424
3156894 5458
28829393 909002
28916543 678488
39927828 83126
15250177 612425
28916194 1060864
28915270 498313
32020188 664446
39346696 416836
28915755 376283
28781846 199766
33797336 53644
28920013 612421
28898727 98318
39345137 2481030
28918769 612428
28918751 98661
28914806 1641880
28930147 669334
28918677 215260
28925756 391402
32095739 2665797
28929098 98377
31996016 66290
32057985 962558
32587895 783503
33960097 308517
28935347 361578
28837145 623849
28825457 770847
13503272 241085
4948976 296843
2127730 1596825
32178250 1814742
31967625 1415559
3958480 790120
31978359 901138
28830834 78210
39929188 25364
39927123 342605
28846853 3859845
28915017 155361
15256002 56740
28838429 1537316
28791928 513020
28806061 316854
28930620 818645
36091672 2409325
36541612 50087
39925359 219932
6540744 848934
28862978 617046
31978914 1940514
28781814 322356
32563059 316554
28925872 793828
28781787 71289
28926007 1006744
28781838 46897
28983454 1513714
31945101 1513714
32032240 1945561
28829137 16994
28781852 53403
32566108 606516
28781799 37409
28918653 51830
907039 29032
907040 871485
28812323 458448
28800067 11468
33707782 194015
101476 332957
28937470 269110
28927952 710951
28926101 429194
33797376 935283
28928069 817597
13523498 54825
28920308 863011
13517188 490928
28914245 2397609
31945277 1246817
28904319 860726
32180920 632610
28919884 574078
28926025 1777371
28848628 1056015
33797625 666290
33802553 1658207
33802545 193214
39927119 653682
13411105 658920
33830603 1582566
31973661 664439
28812355 100354
32076472 779716
28918664 390357
36084733 2736602
3009945 927614
32697149 306064
389361 596498
39926207 51909
13508505 333568
28881966 1624184
13503240 347049
31806373 1576258
31942894 882142
32096702 1897306
32191171 1079575
39924848 117470
15257312 839575
28894527 889582
28838493 485799
39345191 791769
28792029 608159
39924046 117648
31946984 395770
32172341 383367
28938059 889680
28925733 98796
28801138 294632
28925724 124131
11030004 573523
32111080 358953
28925744 93764
28930024 2387815
31946868 1648689
28971030 604127
31995783 486953
28829117 251924
28936172 432714
36079935 224940
34018776 1614015
28914193 83774
36073677 48888
28927191 51424
28927186 326270
39346355 363720
36546926 500045
32006934 945360
33694182 170468
28844771 272199
28937897 342670
28824842 221648
28985640 641948
39928247 215318
28952872 54314
36076980 53547
32107581 343571
101477 231414
2309154 321367
28986623 208721
32024657 319012
13420164 497929
32072491 224513
28806154 513637
6992253 1130182
28833679 35963
39933019 354667
32117452 397231
39928569 193147
28918747 329221
28916931 1428817
36082248 80044
28928121 903016
28928038 903130
28915390 1429131
28926082 158182
28927983 1290299
28928023 907778
28927958 2241654
28926064 1429208
28928043 300337
28928112 574958
28928062 109690
39925562 50517
28928206 1429276
28928126 731976
28928020 1248818
28928005 220138
28928088 574914
28928166 502910
39928242 370216
28806056 2167591
28916654 353528
895878 258011
28916290 1069246
28935653 95893
28935866 507794
32172968 361303
32576082 669996
28934020 325408
28934022 352730
28934017 22485
28833753 131049
28833775 230461
28970718 2432523
28857760 22144
28813557 293444
39345322 390996
99230 328781
28833659 219723
28833653 216891
28833782 895165
28833694 181901
28833637 51360
28915482 866422
28833676 829997
28833651 456341
32582882 1681551
28833609 553440
2127732 728614
28957593 189478
28904394 1006876
28936165 338948
28861008 356625
28914895 1277610
28935930 841674
3841987 301227
28936263 418104
28986010 186416
33705364 99116
28864644 2056803
28833628 340669
1413244 1397243
28833771 325203
28833645 347343
28833663 345149
32161569 386126
28928801 1563833
28833707 99774
28833759 462447
32589099 63522
39929866 117310
39917136 1775481
28833696 216388
31946348 316555
28919715 676560
28829069 893149
28829057 282591
28833688 224514
28833702 19417
32606721 606725
28916478 2081330
33566690 346816
28979660 363171
35354237 641877
28857552 109522
32083789 112009
34806902 224127
31803493 1096903
28915420 3242856
28929882 1236468
28985599 243663
39345930 318654
31790617 257297
3693900 546528
31784426 897709
31948388 218794
32191678 863084
39348183 897643
28815959 5251
28829171 54186
28916236 721816
35353607 1387228
36546317 208483
39345709 959504
28917049 524401
31945776 361361
33814635 334392
28916496 54896
28915062 839444
28914911 839428
28914887 518998
28830569 421102
28915040 510353
28936678 659559
28929705 1372391
28927944 176446
28935537 1022253
39925054 231113
32202044 113073
39926725 64126
13433286 53647
28830297 508792
13993681 1242012
28830309 367403
36542065 105473
28832534 108306
28936042 347275
8132690 856700
32080748 1008997
32037802 93597
31958255 263569
32053598 344793
31946954 488309
32559760 197711
32078576 94288
28915573 1054634
28970868 2567378
32139743 323272
15077145 602365
28947348 17123
31997734 970687
28800545 706052
32568628 46761
1676230 791892
32101459 333822
1680535 1371478
39348973 450899
32150010 46272
28830120 460625
28937372 91103
15164491 692670
28898741 981998
28898724 831
36544758 190572
28898720 515801
41482158 1100809
28919920 17050
28935939 166626
28936176 197487
28936143 104403
28898745 22602
36541614 95948
28802363 17051
32597127 248617
28960637 362166
28925749 98662
28829167 54017
28936289 855621
28936113 128212
15017268 224261
14975990 154403
28843313 220312
36546769 52916
32207267 1419676
32179205 99582
31948451 330067
13480971 93661
28811371 311572
28952175 202407
28818869 2913303
28936352 64173
28917231 60455
32092511 228939
28883828 53429
32169715 155436
36543229 216938
28918729 355881
36551373 110236
36538456 19583
39928222 97203
36547401 144277
36550042 50963
36081525 92825
39931654 92988
28982368 21657
31987024 357528
28944283 327088
28934644 736761
28833748 142165
33691047 83125
28920020 88062
39923999 152826
39925237 95717
28800684 1041577
31951436 1102276
28979535 247334
32066084 109296
22272694 96283
28877172 1197868
28929590 606689
32018780 673511
28917059 474369
39930567 320189
39348582 830500
28936195 170726
39348568 418452
28805950 454950
39927879 328834
28791984 1493798
28791709 985144
28918659 46219
28791742 53885
28849537 190195
28844745 200961
28844783 142624
15250882 93136
32585506 1455344
28844764 18455
36082125 1000902
28844778 93143
36540129 384101
28920100 248730
28920094 248487
39927858 94890
28844749 219825
28844774 336869
28844738 35265
28805921 759695
28989468 93430
28928945 106978
101187 332285
32578423 222732
33872071 1714134
28928779 872350
28929744 326314
36546492 2370455
32031819 384483
32190135 884143
13496531 322550
28816902 3222211
28781828 658704
28781826 109421
28781870 277557
28781835 106431
39930597 16412
33649781 384486
28830282 3328948
341719 931902
39927822 2285571
28936409 1124903
33872126 1746313
28830437 83430
28830603 2078196
28843421 2591004
28830581 222891
28929610 2773728
28948761 5464
28929905 3152237
28929640 809868
39931672 3362800
39925044 264889
28929771 859787
28965054 944426
28876231 367549
28930001 3066714
35353960 336159
28975509 658915
28793155 1491822
3482116 1650266
39349273 123987
32079797 316827
34052828 339645
34049030 889480
34052853 1660451
28801286 908898
28897483 109745
28897529 1303258
32569133 241639
28833842 956993
15250684 956993
28928385 8720
28929776 3178806
36087100 1436880
36547137 917698
28784623 1420772
28830706 1671255
28914524 226403
28928050 1087800
28833700 1413
28919210 5466
22105834 50715
28990395 1274879
28824266 388993
28913274 1019594
28857242 312584
14497162 330627
39917363 663835
33696794 634549
32108620 323738
31965888 964633
28938128 1415869
33714095 448364
33813458 256855
32124517 692396
908888 898273
32026500 3327142
28916611 192378
32600555 339832
36538627 63824
34018903 1404662
36547735 2303979
36547733 1989810
31987822 342104
39932005 826464
32599166 698578
28842856 215723
28843499 1409936
28843241 334011
28928117 4238886
28819567 110915
32020871 336721
32579719 95006
15536273 1194092
28824731 395765
28783138 2348164
28873651 2028081
13423703 2467018
28796887 1336405
32206720 1356875
31961201 830441
341739 142334
14987406 1260203
32019213 1691137
32062859 376171
32588231 376285
28919786 376227
36074947 347618
28947257 330474
28912525 2053690
28964848 2383276
28989502 856338
28983821 154224
36100354 44178
28825520 1287573
36102044 637800
36538130 1182481
13403940 346920
13297205 174352
13281608 584621
32103053 1249426
33815208 102582
5880816 219826
28806246 154881
10042856 1811590
28796822 1256975
33797195 3109612
28929633 334397
15253176 711672
28856931 2726674
28802704 488803
13479920 53121
15536482 90718
36090770 901927
28915250 1505864
28923819 221211
28906558 308655
32184549 1345772
39931342 832153
4084464 660211
28979127 308663
32600210 141979
36094953 308672
39930042 2363458
15256493 713009
13405832 218516
32051894 496173
28846579 3554567
28920474 2122330
31808961 2749206
22230511 2251091
28816663 1305516
28947444 269785
28813534 308708
28952472 97378
32017420 1023875
28805583 125325
28934001 308723
28833712 832043
28936191 829684
28833657 194339
28938131 792552
28833710 376225
36082439 246536
28813522 207621
28833669 364582
28876343 364582
28833655 36218
36550432 5597
28952464 329680
28830159 4858436
28952474 79956
28876300 22469
28923792 995554
36551371 238001
28952470 87060
35354023 52838
39927874 340763
39924614 121189
28843119 242453
32064541 222756
36083914 2743508
33802296 1015080
33816657 1419353
31963168 312631
32171434 1464974
39923922 36474
28816955 1451020
28928108 1096459
28917112 1165812
28916782 2800949
32015272 1592435
28787215 1357084
33701246 1474752
39928857 252943
28928889 299651
35353737 517902
36087103 471217
32203016 319302
28833747 120696
39924388 100270
13336925 598697
28832870 1993670
32604317 122727
28938065 3376128
28816776 2012437
28843327 144456
36098691 253860
11820336 1186011
28952395 301713
31965106 870776
32010927 454926
36082086 395464
35354018 216411
15148621 49227
21980839 1374454
32064696 108718
36550430 5160
33797728 127900
33707757 1435908
28929093 875611
28898737 1407
28820906 1722332
32073082 265418
32107789 1784754
28919754 826549
28928145 379230
28898739 84855
28916846 631539
32079639 175995
28916461 931862
33792218 657
33797339 1854415
39346493 1550598
39346446 1420305
28843410 612552
36547737 1681654
33797154 344221
28804499 337801
28929996 945240
28916413 436737
39926858 664125
36546490 2573311
28816836 1860677
28830591 4870185
28928071 994891
28918180 3637242
28792088 2212121
28927987 1460209
28936190 640304
28920036 289168
28920034 850228
28928623 1724150
28929820 608416
13422887 394254
34086927 888355
28920076 94643
22011838 349070
39346442 1333816
28888294 381839
11809316 1968731
32119436 133512
36090279 395961
28979097 424472
28981443 32926
28938111 668929
28920073 142276
28981417 15542
28934578 261710
31955581 98384
28835034 339144
39927836 248910
36551073 110016
39349221 2228902
39926597 717453
28934440 386327
32196714 2001169
28941552 481503
13435876 199491
13372045 327985
28916982 2436879
28858119 51999
32015550 1340967
28781797 237605
28918648 859827
28925921 1341854
28888395 189402
33862563 219168
36085907 31924
28918755 2260433
28947554 249617
28830830 249798
32137753 1711984
32587229 99522
32054692 116946
28844733 51648
32610485 249624
34128439 95423
28846503 249770
36094262 849180
28965232 1333344
32599105 548123
28883929 392813
13516333 1450718
33796393 215383
34086949 432739
28831667 2329209
28943590 665641
32599601 618179
32067429 52395
28844776 602409
28812221 352059
28864754 152776
28947603 624964
28816036 53976
28811240 53604
28947675 1329933
31946407 392220
32601421 333456
32560049 137995
28985226 822486
32595139 394985
28833716 671051
34099560 944664
4793751 918419
32094294 332122
28987987 92262
28947520 1629
28905101 729545
33684475 1300097
32001105 174210
28936359 163368
28832585 473386
28837184 739595
28843331 301018
28857646 3791309
36086928 396383
32147287 633762
36103728 249824
28809643 249861
28876235 1438395
39933513 1155048
28838243 850094
13416864 332856
28793347 3249884
363483 866767
28926389 2688496
28915597 3401216
32059984 1385400
28954707 367524
28929657 2873638
5695552 2457476
28830717 664273
28783431 664273
28929921 3369769
28918189 102047
2478426 849130
28862863 1601234
28830565 288915
101376 332657
28928097 140515
28915500 909825
28855450 118149
28862894 1425824
28794958 594738
101881 333752
31810290 1140068
28914947 1828548
28915042 2533532
28844143 1272227
36544891 388213
28938002 883457
28734860 385184
754234 345960
32579791 1003965
32073659 170671
28808623 713788
28929154 207834
28787701 101600
31782764 693676
28835909 1538825
28815362 1700685
39927085 361232
33649223 238997
3196398 2725655
28861996 750800
28916708 2384231
22175256 100557
28837842 601451
281469 297153
28961262 547990
28862610 426825
895879 1707977
28972361 935838
28913883 339141
28806279 324644
13484008 480347
28915549 865936
36091202 1479012
32043872 1432313
31794433 663876
28830653 523366
36542280 1296104
13442947 899693
14668187 3328928
28830477 1585077
28830724 1421493
28979409 672352
31798750 1432343
101498 333062
14707782 505712
28831443 118038
28901058 348934
13514427 266079
28949940 876712
32577181 94507
28938149 2000377
28799945 219555
28988259 1572125
28930029 1642473
28955714 3008650
28950754 15129
28904942 1447716
28809654 111082
34086381 94849
28856369 877453
32121429 2127551
28970904 609174
31794431 128200
36544856 299154
28930079 1033711
28926536 2757126
28788132 327411
28797500 312774
28830772 199436
28915506 1680127
907541 1718745
13443490 200060
28927853 1314487
31810359 45880
13484013 867273
675174 1416640
28864895 226406
28937410 1142375
28928899 2961032
13486169 1852469
32044470 1237177
28925821 1510970
28791363 78042
28837093 480922
33707367 654795
28830149 2433621
28799253 622595
28830631 1510962
11791747 325105
28937057 401353
28928035 672121
28830641 485148
31807539 2535801
36546918 353350
39927083 2951413
28920007 169268
28830712 651596
33706892 238260
39928249 769398
22139991 630588
31803745 288204
28831502 52285
28981357 632212
31784077 435924
28796857 435924
31817869 110013
32080549 2448805
28858455 141789
36073463 58228
13343224 3964421
33861878 877721
3525944 1602317
4941433 1002970
28842226 1989158
13503570 1309068
32057106 390121
28932396 607262
28983634 718415
31784199 2154073
36083328 960677
28926450 3215874
28933064 1486675
28914431 2865510
3522727 97640
259399 329406
32206679 3026052
28841869 103164
32115167 2287850
15460711 131887
28791242 76047
32605371 455162
31794450 695187
896096 160827
28956941 499885
28831591 205334
28831363 30022
28927992 726644
32038646 3096308
28797355 249909
32166870 92138
28797367 132825
32568091 364584
28864890 119348
28864930 82828
28864800 318363
13377418 1992450
28876242 82873
28935182 206678
28917702 365698
28905254 231509
33711300 1526672
31794442 3211718
32064909 874133
32208073 920168
36546922 343903
39924602 91465
36083418 878431
35354037 1632409
28830664 3087975
31789063 2382559
28839715 60920
28986465 3068987
39931965 3068987
32587073 3068987
39928493 3068987
36083577 3068987
39917442 3068987
22138865 3068987
33797601 2149810
28918731 53548
28938104 915768
28929963 865047
14929709 632819
28844262 227614
39928183 489659
32151858 454938
28836844 19420
13354533 3597767
28915649 4315672
33694429 1848857
9100094 2158510
28917760 299824
28788378 903820
28920163 108873
28834591 353656
1413726 5342
39923708 101597
36551369 468524
28917229 78335
28901791 218246
28797758 1149697
2279424 1568595
28781830 443682
28863024 4204
13365138 1470143
28801219 1846385
32569729 213630
28792833 159589
28926347 2292246
31974119 440099
22106987 631242
13396179 53045
36539518 109096
281383 267604
13428304 3531806
28986063 300336
33650790 322304
28977500 25767
28955687 1551553
28789580 301956
28929941 1083425
7187048 223017
103318 335336
39927382 24215
28898733 30814
31791599 3954960
28990187 340345
36546600 12343
28784539 25027
36093413 24915
28949507 1626177
39927143 25365
28784533 31258
28853295 2161713
28833661 10099
28833725 60599
28833606 5545
41465181 38439
28918622 53044
28982836 545232
35353600 13326
31805003 631619
28833722 33227
31784065 1144565
28918610 11469
28988882 335222
33797208 415562
36546920 13085
28844780 32026
28955665 507686
28802498 1725312
3273601 462722
33878043 70296
32597184 2166528
28914863 1415
52386 218192
370723 21895
389360 273153
28800572 94593
32568563 2502132
28928234 836806
13399146 311202
33801482 28178
28929618 417226
28925740 12558
28925751 11038
28925721 7256
28813569 28807
28844753 23910
21942169 1707831
31783389 2110969
33707523 11209
28930076 2412314
39349325 1390732
1662694 52335
36547130 13925
28828883 1328142
28788171 1365523
34094399 353388
39925570 86902
28947897 1703656
28928694 3907151
31797068 1659362
31793769 1106043
28952867 925700
28829158 321764
28829174 506542
28829164 469044
28829149 15217
28829147 1313666
28833734 1625133
28985846 1641156
4920749 194353
28923319 1340038
28947269 419121
28909926 651802
32171061 3760644
39924762 902538
28952922 4851077
28813513 873486
28813532 569620
28833623 1069223
28833762 754251
28813507 1983306
36547331 830595
36100461 571308
28813535 1718468
32602732 1283351
28810965 904014
33566822 87519
28953103 2440140
9896963 1028013
28975723 289226
28833732 567129
28952900 4623845
33797684 677970
34051680 562477
36550048 3894351
28799237 22249
33682971 1162756
28799430 915429
15000042 2692362
39924001 791785
33797173 168045
36550046 484934
13495077 527803
32174118 1995459
28801753 397804
31965515 2656468
28911510 2473244
39924598 1620974
39926260 1478224
33707812 2334244
28852636 386759
11759894 2797883
33797482 471707
28849680 1594946
13502759 493640
28898712 344924
30490033 217564
32180695 1705757
28815788 268784
32128490 2034036
28905372 436239
28905376 1820007
32609491 859090
28910312 1660605
28981482 1400021
39923862 278887
28834314 1261485
13330915 332348
13431563 420769
36544790 316068
28855027 436243
32569298 2512635
28781848 857775
34095997 1162666
28947209 412207
32164905 858785
32004120 1207062
28864744 3857729
31948120 429064
31946896 672854
32072446 679012
32082439 679012
28919991 1413345
1708826 2539474
28946579 1467115
32102901 988446
217243 662892
39933620 218235
36081568 1778739
1708824 2539431
32123343 1948361
13502784 373386
39932806 374158
28833752 1268137
28905374 3888336
11807451 4793903
33796851 930030
33929836 1128023
28833690 1976621
36550050 1677115
31981792 876938
28813524 333411
28857763 4339487
36540606 1787559
31976310 1735300
13400217 303201
14662243 318425
33682219 1740974
32599352 823901
33705837 10098
39917389 261557
28985844 95064
36088643 1190964
28952884 965749
28833727 1532278
39924612 94021
28888275 226497
13412758 1290826
34095615 101601
39923926 2613302
28907720 1322249
32569641 3811978
28804737 52571
32148534 1122045
32138909 354792
36093666 1392502
39928552 263532
28784537 1402050
36546598 900062
39924760 1619108
32132622 66527
33791089 101287
28807685 1495746
28984329 101172
28984273 282430
28984384 347747
30491171 324241
28984319 331501
28984335 1413443
32175393 1415673
39929401 2834520
39918552 827583
39929406 827583
34809037 827583
13506083 429255
28976687 3772448
13412395 913526
39927132 12037
32030550 3276751
28829071 52190
219 1396
3847868 2543769
13343035 269734
32037435 869974
28844496 362395
34118940 1938619
32204477 29920
32559805 296280
32164248 167461
32096125 224635
28947724 509218
31783415 3808009
32601146 4059918
28823198 2941171
30492684 4557569
32185868 1579650
32601715 101444
13323143 116398
36544190 893482
28952902 2516074
28950378 1838443
32601784 325285
28791292 187513
14921320 9625
28805546 891063
32600715 961401
32117369 2917134
22217385 14556
32002071 1437944
5233276 1749961
13522413 2543462
4973299 349600
28930087 190406
32073300 1758704
31812393 3557772
13376463 442622
34119187 935568
28929852 676029
28926499 2312983
675177 1416825
28982819 365218
28807581 1810317
32203630 664130
28925622 1375046
28912349 1659254
32188907 3066257
36653947 16302
3610614 2808273
28928878 1629982
32089358 1175515
28896722 1028026
101378 332715
28842322 591058
1662709 1019914
101896 333818
28974304 1967668
28929855 1524958
13411166 526774
28859683 2931270
3841997 3141826
22277623 529865
13434685 1679712
28822206 4877907
31800874 685462
22129924 3902957
28925525 2358467
28898719 137996
32106761 624144
675195 1417520
13499918 2583310
22172682 1750181
13521164 348517
32141440 440446
28829119 99523
33703876 899235
28829146 79168
32025524 936462
28925590 1825792
36538127 51079
32151376 1437348
31818303 977477
13190050 1755598
28829140 597428
33797250 320383
28926236 4881550
28889734 3104080
28805229 582611
29600606 2847588
96280 323749
28954308 2108031
28929947 220226
39919487 838152
28937168 1164957
39927724 90011
39923995 701926
39923858 786755
28934004 657159
34086908 573797
28936164 573868
35353632 50519
28952904 331027
31785878 50395
28833649 36679
33921696 299431
33797130 355576
32061172 1196351
1394323 2268322
28833618 168670
28936316 349251
651793 139821
28936441 145939
28935658 947047
28936049 399541
28925638 3023832
1401881 912683
28942390 2272184
28829153 152377
28924263 2525403
13497235 396565
22050645 2021459
13409944 2264391
32596204 332656
13413748 1014778
39927820 52923
28952905 1516
4987211 4121574
28932718 2366296
28915642 913005
28936025 252341
35353630 144988
28920051 673062
36103238 874198
39917756 306065
28920058 1164671
31982908 376169
36084389 331073
13483661 1433762
28894748 526095
36547107 102350
36547117 638481
28952915 218291
33715458 62321
13522429 358695
28935301 123271
393785 1003949
28936391 97744
28980814 764464
28835458 876532
28925540 396532
28924243 1717494
32027925 1484809
32085501 196901
28952924 219628
32147179 883953
31798956 1354212
39923138 846942
15328924 181422
28876379 278626
28936095 257077
28936139 339922
13408646 1417716
1730543 2245529
32093595 49498
28833773 328835
28982291 735486
28920662 883720
28843170 355577
32599932 646133
30686072 3302354
30686074 3970386
28916879 62883
28935902 435396
28822135 1713644
32157990 325662
33708106 631042
28833780 577267
28843247 342011
32592866 3662447
28843437 218294
28843226 607424
15206542 1360652
36073654 678357
28843390 753936
33685171 215182
28842922 708470
28936246 97571
39932708 344643
39933363 332520
28829156 36680
14704339 1784818
28945653 218797
33696349 18194
28936135 355300
28816925 523692
28833686 2253862
36082513 330818
28816862 99252
28816820 1659454
36546500 172044
28936237 723394
28935777 109956
39346120 149474
33923353 440472
36083920 553712
28918425 104404
32587199 144485
33924756 3645859
39350059 148382
922635 930351
33651233 578895
28918483 144989
36073752 178477
39928912 107610
36079945 3010320
14222680 2993964
13485465 682014
28870338 2351164
28806758 355111
11821228 526704
39350164 219108
13409325 734317
28898564 312643
28823386 1128085
32169747 765034
32576757 192462
10627013 889143
28792336 2042862
13960234 83634
28792991 2367321
28788735 445147
28794537 655363
32195713 2028341
36093841 1585491
28930752 477076
28924181 1603430
28927054 803753
31947922 261788
28829177 100776
28843490 18440
28787986 1338754
39931634 18419
35353625 859873
31779468 2058523
33966502 6833
39347295 57261
33791475 348516
39348751 231964
28936414 136678
39928895 651
909412 110841
13424571 393696
36547296 94296
281649 791090
28967479 2842434
28946312 748910
33707096 698588
11028215 425545
96527 324243
33707485 182166
28829134 252046
31945724 1148841
28822698 1264021
111996 367522
39932290 663912
22254219 101604
39933211 103941
650446 1392496
31791089 1263989
28989816 750229
31783323 990549
14988740 995349
28980851 295495
28952919 863430
31979286 1070571
28822179 602599
36093133 401993
32563896 498355
28918679 659232
32604871 1476765
791120 193265
13482924 98798
13436089 93237
39933607 1008201
39347603 1249230
909424 47796
28785727 749024
28843187 100051
28952140 329410
28864786 365153
28924247 654803
28900759 504439
28862359 525755
33714006 524642
31982449 92198
32022036 156164
13502024 1654033
2198144 1559488
31962349 1420132
3507515 892394
1416840 254621
31992325 582465
1405685 1808330
32119794 1001638
28925485 665082
28967246 314617
28934652 155012
31795772 1528462
32609550 308367
31779290 1937337
28891584 654720
32056460 104224
34118882 1617140
28844793 190417
31804431 159590
28977624 601027
22220723 601027
36093166 332521
28923574 1350269
28924185 1237365
28830714 67560
922437 1559407
650447 601015
32098985 1302514
13522430 177218
35353598 865698
28843366 329359
39930049 43510
34094153 908709
28979632 387913
28807757 833226
28924188 1785575
922440 91219
32606258 91515
28915007 1288625
650448 52450
1392491 52450
22027200 50533
28814047 200830
28924158 1526633
13483276 288090
31801697 1469608
13412887 175235
870639 95200
4923853 233031
32116295 178616
28875102 683693
28955147 393033
31817479 1779350
3508948 573287
31963747 817101
36095136 169413
28889298 78601
1969780 867669
32035364 291958
36538631 339827
32563838 859466
33707351 570370
36094924 80647
28927863 549330
33650354 39056
33951335 397389
28925598 426632
28986625 100359
32587035 558978
28986639 911729
32140840 339195
13434943 2040301
35353933 1986362
28843074 52191
28843102 511270
33707228 86012
28928515 395841
28889374 1467789
28935997 151052
28843424 333689
32123556 177955
32132365 489928
32048357 665851
28911365 1089671
28924229 1337461
28924200 1460838
28800756 149278
922438 382081
28822057 1155187
13446593 476404
13503594 1283003
1401887 542563
6482442 810014
1415664 493074
28809499 383871
2198145 427894
32174912 1231320
28851982 1155144
40653501 1155279
33922468 344826
28949815 1469773
39346590 48775
32096312 96104
31782111 1086566
39926605 193419
28834723 358492
28939535 2047809
1867730 675265
39924606 399805
28843087 398095
28924196 459509
28812317 419472
28812347 331769
32074765 35779
14226522 616174
28935812 797617
28936071 224341
28843364 676188
15154477 593391
35354015 394901
28876330 1487121
32186892 549194
32604690 94448
31976429 678801
36551034 863411
32059902 225851
35353997 609711
32079062 365700
28989817 382949
28806674 324548
36093067 946190
39931668 116956
39925244 363127
28932905 3033136
3010178 780782
28916814 505114
13513773 810216
35353999 323169
34119451 2014720
33787289 439768
28956251 117898
32565479 883644
28983551 338033
13476435 100824
28944306 219936
3969747 2036227
28803408 341833
28826245 622095
2198146 1301504
665896 1407561
28930779 587349
36105469 1290943
13495983 33224
28801401 1121403
36095765 464773
32608741 358696
101800 333493
1590482 87075
28934826 209342
32568655 385643
281648 791037
1854657 830363
28934920 37722
28987885 2706294
28963823 1278933
32076588 1117815
10993677 531878
36546924 1026098
36093172 742017
36082547 505240
28928341 96933
32562107 305484
39928492 1056552
10993675 657006
33944514 2405665
10993678 486600
33797271 318656
35353728 2637890
28937068 166350
28928029 665118
28934957 93594
39928882 425041
28935802 430458
28920096 963507
28920082 1017587
28813499 101286
11982877 37622
28833608 2048
28923713 363884
28923862 196191
31952853 674403
32586719 216671
25439964 531573
28936259 275968
31961957 394044
13513778 1242061
28810228 1666775
28803400 246474
32565816 1124493
28924219 484914
32103035 352110
28864731 331029
28822169 553577
13476438 576328
28811220 887973
32566941 1119434
32191294 913275
28936254 637467
31977105 1121857
28923621 335627
28831607 108438
28807602 1965662
6482443 878351
28914532 407871
22271279 1783988
22072994 1319314
32006987 537840
31809381 821257
33807792 946529
34031261 330582
31800671 3010074
28945920 3850720
36547105 100825
33791465 722687
31810172 2706923
32588229 534503
1579431 1565495
36084107 635180
31812074 2066091
13503928 6714696
28936310 893060
28936270 2122846
33797332 364890
28934904 38525
28916812 93721
28916300 637492
32561788 122986
32070749 396907
31955541 471248
13482692 351972
2912133 331281
28938334 272277
28906189 1335278
946870 321190
32011085 622225
36087139 1567277
28795091 201556
31943091 386617
32037556 337083
28784903 412243
32045300 89895
33704800 3425896
32146364 319212
33706539 296538
28875103 332829
28938578 4706622
28924223 804128
32577796 39293
21839420 2295330
28794921 348698
10629774 181177
35354020 2398160
32076122 634695
32122163 3546203
28831576 221494
28936290 219629
28936380 118167
32204955 3250140
28876296 360805
922441 336456
33797664 53858
28831057 1448491
2270190 2288315
28831179 670792
28937338 3821056
32028171 6988346
22213660 1792859
13492325 4482035
10485547 1557381
32609111 474443
1396322 1310913
28889780 283829
28889771 355492
36077726 520888
32564577 625269
39917387 217305
28925745 355535
511950 772314
11866185 1842644
28812371 432738
922434 1639059
28934752 54866
36101980 142862
281712 791383
28831080 895537
28915413 1287070
28897342 3430441
664444 1406827
664451 889715
32092790 334261
31779699 1860795
32197144 2577601
28924235 50301
28927978 2767597
31780850 3274567
28898650 108620
28969475 145824
13515567 3211423
28900748 943018
31811504 6075085
39932048 1830312
28917418 782821
14923154 96769
28981097 756189
3969748 862608
28827202 895692
39921801 2300266
28938566 3434928
32195656 53574
32201121 343653
896321 1708482
28934059 354810
28935487 1284961
28803597 2442757
28806070 2996614
31794303 860157
32079773 1610699
31818383 1555042
11881886 1563036
32184466 295771
13431420 758073
31943976 1611535
28791446 1147857
13414799 308508
28876359 5598
32176793 649288
28896383 1236304
28928155 1070940
28829127 234767
1796619 824641
4937937 1002209
39921099 209323
33861353 642145
36547297 119009
825995 357225
28980888 66755
28980881 66755
2543611 1438335
32111461 1121911
31815967 2334930
28923856 604775
28902046 686128
28923754 143768
689579 1444638
3858134 2185762
28924164 1883160
32080989 333447
650449 1310962
32001477 858693
36093087 241525
36551037 100438
14565747 338869
36083884 597313
39926585 299912
14534650 942505
28828907 961625
39923032 606687
31784605 1994456
13332095 330496
13352189 1090531
36094881 1090531
36547294 92199
32054770 318677
28937980 735897
28935880 233985
9215850 945921
35353730 281002
28926495 914991
31793088 4370103
32114579 3961037
895928 595574
13504374 2580160
895911 121255
28981670 105150
895913 305871
28923347 332983
39927880 889328
32190805 1684046
32560346 611155
36543689 3562050
28861233 1394106
2198148 2335743
28978335 1392555
28890957 5564379
922442 348636
28928147 13205654
32093476 323026
36539627 340479
36539633 332004
672805 1222256
30681391 124734
28931084 7622681
87941 299157
32062844 80893
32170228 99776
22258162 743190
28794313 2517632
32606911 765457
32191313 620346
28924216 1683055
28926396 1596004
28847940 105724
28988738 2801310
31978041 895388
4902135 1602460
36098277 2381807
28931598 687866
28800794 332486
32019548 983505
32023160 19439
34119272 1257094
28819539 62878
41658964 798178
32093560 1001471
15460344 48088
1590483 2447559
28936461 157926
32016090 325559
28816004 110840
31780320 329201
31785778 3303148
32100421 634231
31814321 1659923
28896166 1024486
32601963 757886
13348971 54560
41653279 1518390
32195920 1968831
28931913 1298955
28905326 608579
6482444 2719715
32010372 1664041
28928080 962191
32580267 104193
28924109 3587737
28917057 94591
281513 790436
28948890 58289
28812614 1227617
4089832 1444380
39918421 728624
31951588 3362882
31795715 1742237
28948857 52666
39928547 652753
32055951 963660
32195898 1784621
1100005 1970182
28925583 1304358
28918442 453999
39928884 3602870
28918257 498130
28918520 171919
31981172 945981
32580891 629932
12200745 858789
15208147 3415631
31777703 2173569
34119246 1755996
14376334 445152
13522355 4317870
28924232 1402161
32082665 6409429
28928130 4404330
28828598 948151
28845301 3420252
2935299 1523100
22165780 891149
28985757 360806
32581708 890689
28928142 891166
31791515 5296997
28783654 278826
28969851 1746512
34122764 407951
32105489 896697
28824840 276338
30654195 800851
28930775 457222
32102618 1089771
32209421 225977
2564420 1039662
28843529 268861
31809344 22050
14138035 5607962
28949355 1118499
33944516 821999
592182 1325931
32184994 340839
28828009 1488930
28984357 6032453
28984341 3077576
28984379 53865
28984299 4387857
28961901 3399889
28984395 1407219
28984305 5166366
32142814 683143
14918928 4308416
28984347 3971342
32179166 322836
33914415 700076
30492604 329425
30489102 2963295
32025684 896885
32025658 7480976
14932006 1740976
32107494 443978
15165218 1743699
32034601 3622607
32074090 1254002
32168036 9376539
30489144 956412
28857994 189168
32013113 824861
32107503 898656
30490919 1221240
30491184 220102
32099537 1030518
32094608 252265
39927375 215785
28936267 548188
28961772 354802
28791445 5476610
28936304 205013
28935933 285910
28936382 111083
28936330 226968
3054413 3552140
28829060 35781
28936117 505714
28936308 677910
31814603 2751506
96553 324636
2543620 571268
28817729 359433
31810191 214572
28926937 1743322
15599547 3014686
33797227 488274
32075721 1571263
32052312 532047
28833704 488276
28833743 333824
33797330 332945
32152981 875702
11885755 1199291
28833639 117045
33797283 189086
33796512 121380
34086868 220090
39349064 858163
36082550 96194
39929228 105230
33797441 156355
28925657 2801711
39930565 332488
28843174 127811
31989513 92395
39349032 151278
36544750 309782
32563835 670128
32139049 117555
28936326 435833
34086871 322225
32564574 309828
36551077 671677
28928503 349127
31944232 1675251
28928518 332522
28928435 332574
32604193 54527
28928031 117182
28896623 913715
32124093 371645
28952503 805626
922504 792936
33797159 2169637
32204083 915279
14640220 620467
28819269 347905
36076074 1401463
31786111 1458352
32135327 6257499
43718389 6257499
28938516 1707988
28967234 251886
15219854 1814867
28900237 1484675
31798150 218362
22223284 51827
32192802 360042
28924266 1853078
28923750 189087
13394151 219479
15018765 319648
1207175 2083644
28797056 363837
28938289 523510
28930794 5564094
39930684 2868410
15018759 272734
28825717 2399328
4287956 1460098
39918442 251590
32164993 3329423
32101534 2941649
28827250 643630
28802747 49102
3709329 2203595
28837414 858786
32093813 998931
28864663 299293
32573030 440444
4937894 2291407
28917744 552833
9569976 955472
592187 1326259
33707065 445642
13476456 1136386
28906652 2549043
1867732 2667030
31964271 1681479
32045123 3343203
1577096 1024743
31980574 295620
28856343 2481936
28850282 3247350
39928168 17129
28934883 49453
36093106 124796
28801320 824379
28872863 2609933
39929859 399765
2214360 1953745
22060386 2564540
39917411 194302
28951356 9354705
28988714 963346
32137281 1585341
33705228 783138
32083392 357094
32192659 665283
28948383 573869
28822084 3051450
28973744 117685
28930739 1340878
31803617 5269970
678575 1421490
28918809 479884
28950647 212981
39932761 945152
31814203 2357624
677467 1420439
32060608 3653596
28821809 1247375
15014140 811980
922454 1691705
28821741 213065
32568512 168356
22149785 618289
28945466 1407448
28943699 3713847
28867376 3159946
28914535 575650
22230127 2488232
1854655 1306774
28810080 340190
28938568 1313604
28863636 3327593
32575950 1850854
32607822 557741
36092264 1741657
28872635 5066963
28965723 516526
2564421 880047
28891719 1779093
28820106 3034318
28972934 322841
12807958 489102
12807965 231925
28857889 1014048
10471514 5263439
39925735 408557
32191240 354561
28828742 1019164
31784565 1591937
28942921 388374
1713694 1918671
28843163 54111
31787701 164723
28923576 1491126
28813375 1918734
32563195 1050143
28825216 1050143
28983312 2184983
28812291 79375
15262376 1681477
22088006 931968
36078070 995631
32159862 19573
28962991 323694
13407031 21103
28935046 325059
28905704 521658
28818067 288304
32186213 690209
32605507 393742
28801728 219893
28872242 330886
10357385 3314979
107616 352158
39928875 489852
31978890 96398
32034453 3194402
28915362 3721413
32057204 1456626
28983513 894106
28803008 2505743
32587351 40837
39918446 373264
32172542 3066403
32120476 1096074
28788225 2751332
28837034 621725
31805800 663462
28944338 51719
45337661 1771491
39929138 634973
28863585 607717
32167009 1312922
1396327 2270580
2564419 1709279
33706919 434445
28843451 19588
28936145 552880
28813626 191590
28833671 196791
28920097 400251
34051046 4717510
36081368 889479
28812593 106799
28852826 1756449
28920019 177027
36539783 1147897
36093054 815854
28936076 601513
36082615 111812
32051437 3719588
28820090 236506
32145677 1580345
896330 862939
28914708 624852
32015881 1660193
32039553 161273
11962551 1391327
39917414 116952
32563859 424746
32184024 394768
32107739 3616495
36538544 51431
678574 1421467
32095030 3251403
9526746 4663253
28801325 236423
39932197 5758685
14554536 125064
31782295 1501820
2393024 3085550
32195441 842878
702584 670836
32107248 237636
32096232 792995
28813628 95002
28917110 884508
32093591 5094616
39344916 157036
36100747 2677689
39932579 698011
39929130 52998
39919656 3120585
28911998 388501
28806814 288036
14222896 220049
28910275 1116158
36544191 93664
32077455 2890929
28831540 252965
28836999 251769
15183967 2039016
28935408 457039
28963206 326333
39924044 127229
32152378 2031681
32570927 154866
31807255 225990
28938553 1157132
39927812 289323
39925014 1156620
32061491 367551
32563841 717128
4929795 3301691
32603739 662919
31959944 1670222
15216388 677797
28928344 488839
28936034 211750
32586821 658706
28938535 2706645
28829047 417306
28829064 230335
28961961 1597080
15213105 1157083
28920016 1176723
28810481 2791607
15229036 2758836
39917725 2716922
31782099 957425
39918983 333605
28931549 10416156
22060387 3956371
15214447 3751120
35353742 1114870
28785343 1217996
32173973 3228369
13522428 1484255
31995251 1118582
15210712 487584
39931971 2270854
13514412 198921
28923419 325412
28876328 51524
2270312 215789
28811333 5084
31798017 3165584
28926958 3802848
28803011 3165617
28867321 1132121
922453 864106
13430515 110845
28813622 28484
660660 1401647
15195367 275946
28937602 4280899
1401631 1682182
39932596 2329040
39930341 1293441
15216336 1424847
28892366 30359
32163704 30439
31779532 1742485
28895163 3475782
33698275 27790
22275375 1448034
28885855 74811
33966505 153672
28822109 4084033
36101225 41943
28977561 96823
32196375 1258864
28947661 620406
15232685 2106205
32097563 4194923
32594009 504770
2990818 83432
32576426 192375
39924838 2380513
2275822 328995
15230065 46763
32108399 2000566
15228475 5778131
33701125 324891
36542934 2658340
12304233 2730764
39929291 868209
33794370 11073647
32205413 293100
28906059 6278573
15231900 2752909
31781866 1650732
33707576 333634
32186331 791031
39932763 284411
32152602 1557869
3850500 3543116
33795512 3941033
1396326 1618658
28942340 219948
28810073 445276
39930723 1730477
15241254 2064984
34087191 2381143
1898238 286774
15246544 2774034
9342547 3309654
39933618 2148221
39931952 901803
28925443 3432129
4991936 2553419
39344843 3069071
1854651 1943977
39917660 1944068
28844739 21712
31978646 509560
32013925 5078648
28937742 73457
28918556 343622
15193119 8151293
15206535 2753428
32057407 1437055
33800628 7715734
28828809 1274258
32122108 1771892
45343211 2295860
35353677 135706
9819897 219991
4974103 384864
15227492 873972
41651736 164009
15239781 1325629
1579437 1634610
319738 1933
4976979 2663977
28918062 1922032
36547125 4294093
13485176 339254
41480156 5172139
33649902 393464
319756 863818
28930724 2969595
28983592 1948850
39932790 1379628
31060761 2005780
28842967 409741
5630171 1994024
28944019 903612
15206746 2773881
28920272 718079
28971284 1134686
2954109 2897193
896323 127610
36101526 299298
15246099 2716939
15216780 3402091
32024291 659934
2990817 1943199
33800474 554159
32101104 218785
32104495 486508
32204690 468697
32595832 495011
1579469 181562
39919079 1758737
28315205 3800118
39917807 1082742
15243843 454155
15246560 144183
45222708 156763
32034361 463422
38070965 1159570
31813956 1995607
36075093 2856
32130846 1149289
3621827 479084
15194236 1178268
36101708 370142
32094179 252922
28918710 95589
28811761 801312
32595660 1144889
28875153 2024972
3201419 554014
15206544 472269
39925046 397167
39925589 463172
28936170 397317
39926861 53001
39350173 97745
28933509 733330
33710709 679005
28925654 1912399
32205630 300907
39926618 906815
28986546 300164
28822217 1899056
28906190 3498506
32005265 586038
32129634 289059
13522431 702263
33796500 764318
2198184 395224
28978782 312633
15244524 1513630
281713 791429
4734929 1596655
13438646 1333853
1731252 1658444
22060385 1337131
32169174 3352467
15246429 445493
32104497 1735649
28926183 3582388
39926873 99642
15242183 3736244
28938561 1947216
28888539 743428
32054101 3156255
39927816 54585
28968273 1694522
14534049 332203
32005853 1771670
28782982 218515
32596188 6644811
31064582 2506784
28833891 359977
28842958 136136
31980426 332249
36098375 319586
4983783 403794
28957719 505458
36543129 162833
28933746 627133
32202027 869452
28958143 2935297
28849572 867300
28876274 340924
32563831 288092
32602185 195751
36083970 998484
39932394 724416
31976980 901985
39933068 38215
39917939 5311257
28857325 800837
13303807 213868
13430032 339069
32147737 704057
362392 171404
39926859 217936
28958486 624723
11833301 332712
28842994 218116
32572462 20946
28781860 92865
39930641 884019
32189338 603336
28811740 333066
39932719 554805
28912579 447805
28984669 236620
28982563 618719
28957519 172045
34050944 17878
36073304 785401
28837041 716031
32148727 321996
32006439 869973
28837029 867437
28799279 53115
13483259 363585
28917454 240527
36084573 1932
33707706 178581
28917720 84218
36081701 76693
33701942 140107
33707414 83547
13483693 52569
32187549 228061
32108571 51081
28900709 109297
28835943 121135
33707525 220555
32083603 92201
22241735 218990
32561607 54189
39927057 345850
28925726 76810
13247130 227785
32035040 151191
33708657 551986
28986941 98227
39928901 149326
32076532 98554
11818708 233358
39928916 123905
32164158 101828
13521555 102042
28865139 73867
32564756 95194
28857077 101445
28936168 179708
28925737 144725
28936202 118039
28918805 104230
32201662 370375
28918508 208817
28918536 51779
28918568 278827
28918572 296294
28918594 1307370
39925371 400123
32180833 341573
36100339 91764
28945104 343132
28911985 324888
28892674 99400
28967216 167302
32601202 457808
32597383 192373
28876339 888774
33705137 648925
13405580 41492
32002410 20036
13385051 124157
32028311 359418
28963033 22827
13398182 2275
28967898 409200
28948838 221772
33792824 775164
32604673 2812
4084962 173968
28831377 517901
14898121 52840
33705222 52866
28925718 99174
28836898 642083
31976973 316610
36083478 54063
39917356 94108
28812350 514912
39931107 361897
28936482 50391
28973698 809731
13478593 199476
28936106 336870
36547299 237267
28925742 673478
28920027 634161
4726437 1133243
28934736 356970
13389091 213690
28834316 155123
28833698 96241
28935863 466911
319754 41922
28918828 345044
28936089 451573
32146874 97379
28955220 524353
28833600 130350
36105284 669862
39925363 54618
28936313 54618
12018041 172689
32604683 176749
35353777 332250
28956412 335860
33707574 177468
33708703 194268
36093115 51279
28812332 102809
28812327 636276
32564534 58260
28936345 702657
28918600 295422
28936039 611939
36547119 199723
28833903 138391
28934015 138391
34086522 218799
36543125 338369
39926727 226290
32595458 261456
28813572 1039364
28918379 946940
33799244 124902
32168276 379736
33707738 79219
39925564 95426
356967 234631
28791108 330209
28795015 99946
36550044 17883
28876240 149406
33696165 72602
28866010 103162
32182692 38064
32604387 231324
28856222 123379
28813538 37923
13398121 912793
32565187 35464
28905947 112617
28935372 267701
28918718 36989
32136719 276475
13378903 157952
28918766 43218
28916726 199249
47880328 99585
39925574 632004
39923929 167845
28833683 170839
28936056 318144
28849779 1851051
28838962 333539
15249900 841934
28843109 223210
28928397 53002
28928473 96337
28928446 223417
28917126 95670
28916526 157653
28936003 100272
28918612 1201218
28895314 884435
28829023 37239
32027525 1587135
28935666 599753
28937988 676536
28916520 236044
28917104 193915
28916591 220193
28916843 862889
28916220 917602
28916267 193378
33707363 648145
39346836 333450
32147033 462525
28928510 336761
28830432 218354
31946802 175012
32586567 353693
28928568 170914
28936063 1115501
32588134 153228
28984057 146916
39931681 367612
39927670 50393
36079536 393697
28815287 390049
13439157 322226
36547290 68705
28936494 1397
32067804 355757
36540287 369672
36102565 341486
28933999 452492
28898731 233078
28918661 735082
39925042 135340
13478749 640882
101141 162238
36093004 813830
28813528 77957
28914799 164742
39925219 97847
28916292 332679
39926535 47364
39918019 296049
32022209 589645
36546052 1487413
39930560 671467
33797373 824634
36540289 171917
33797193 432409
39348753 117204
28791905 316791
39932734 186998
36547123 363402
39926229 2050
32083850 162365
36541693 90336
39925220 94446
34086904 37506
33708719 157102
22020937 167371
36080434 145605
32610411 998418
34095009 532555
39931162 413066
39929224 83933
28916397 83419
28843031 2032894
39932017 926556
28842924 323168
33655748 22252
39933292 1682178
28938222 398235
15460365 959700
10993680 126396
39929870 269882
36085363 102460
28876302 34779
28809880 393692
28916889 157103
28916716 80250
28923764 1640744
32571513 51065
36546801 63866
36084353 734300
36546814 103350
28923586 988261
39925235 156940
32585997 129365
28816753 132608
28817017 208771
36546913 334562
28894291 113478
28790484 137865
28918651 134124
13523524 669335
32167937 342527
28920544 597194
28934910 441447
28822930 1528777
28985435 63993
28936322 84730
28787082 45555
28816621 131128
39928897 50088
28817006 126829
36539631 35782
28842946 141571
28876238 213930
32201269 505359
28914212 105231
28781818 38019
28813945 130875
827077 51911
28811189 130129
28934010 17290
28856955 95296
28813551 149960
28813518 140187
28813530 217868
32604267 415568
33797506 246899
32573972 463826
35353866 306435
32562225 597762
28813549 47367
28916401 909471
31965171 162201
28914815 47076
35354050 41925
28813575 43952
28813520 97972
28813509 115588
32107694 330041
28935857 237269
28813554 127421
28920079 685966
34088031 660858
8132699 283331
28813540 330745
32025381 394982
28835945 136673
39346533 1287973
39925566 333207
36546914 92649
28816690 362027
39927291 308150
36546611 142877
31958771 484753
28928286 1095689
28928307 178744
32025010 95634
39927867 137823
39926509 104465
28938119 505328
28864808 96243
28937975 63456
34086941 332680
28938158 78435
39930670 448221
28816864 373127
28947620 186204
28816025 363403
28934786 99707
32171721 162732
28920810 53684
32582279 22169
28947360 156941
31961672 361761
33997116 506045
32147968 331194
32609143 655448
33707487 670130
10993676 211430
36079620 443681
28916617 316026
32020633 152146
32580732 193264
28811298 959777
28830191 350993
32135467 405234
28923508 356019
28974491 150832
28816947 52229
28843278 40984
39928872 1028130
28843430 124625
28843329 284569
39933066 649391
35353995 8730
28920067 43324
39926284 41911
28918500 199883
34119626 191581
36084133 246119
28861066 17884
32181069 1277807
39931664 912427
28816724 108622
28945259 108622
28920071 126148
28923559 95332
28936328 104232
32097741 99779
32157956 98992
32134967 550374
32603238 51083
22053330 99472
28917387 1554381
28918484 108414
28936137 635743
36546508 17879
39932298 655449
39927018 55627
28843200 2554515
28842895 936619
15258752 832
32574924 866674
28918427 931864
28834327 122365
15460570 576843
28936186 698351
39927125 100177
28935435 349598
4945833 836307
13350739 55148
31946639 95895
31978366 110007
28912673 235921
32574198 148199
11142265 526094
28923682 448222
28925707 49141
32008201 667124
28833198 1634
341718 53374
13332074 529124
28828992 726183
13346676 41526
15332919 338062
28918776 623461
39933062 142497
28918385 99587
32179464 51084
32173472 475582
28920060 98093
33717163 130413
28829006 1917248
28802240 917155
28952358 1362686
28952190 898999
31947452 365874
13493964 2356833
33700166 263906
32610531 338572
28979605 334619
28946514 545420
32042124 874638
31944221 331652
28864872 230856
28906789 230921
13475311 109599
28827134 791945
28948914 251737
28918618 299988
28864835 246283
28916652 321942
33797498 614686
28816874 173570
32601479 319683
39933484 255961
28936235 347571
28813985 246644
28811348 848596
31946832 141257
34094407 313807
28918463 225967
28918790 658660
13411555 579319
13491765 97509
3983915 1806580
32186167 1633079
28838992 300715
28922103 1673925
31980839 103397
34096608 420073
