7473041 7473067
12514977 12514979
22292283 22292284
5706056 5706086
10050102 10050107
11317450 11317473
22287461 22287463
11300841 11300847
22287602 22287604
22303190 22303191
6155372 6155379
22287799 22287801
22303097 22303099
11031256 11031261
22295063 22295065
11396936 11396941
22287918 22287919
22290693 22290695
22297631 22297633
22313719 22313720
22287949 22287950
22302916 22302917
22316286 22316287
11582815 11582826
22312032 22312033
22287735 22287737
22303031 22303033
22300068 22300070
22303293 22303295
11933479 11933481
12277147 12277150
22316656 22316657
22289390 22289392
22288471 22288473
22288490 22288492
12275628 12275633
22287114 22287116
12197965 12197967
22289438 22289440
12947578 12947580
8786920 8786929
22313232 22313233
22313178 22313179
22292618 22292620
9121338 9121345
22314113 22314114
22312046 22312048
22318148 22318149
6155372 6155380
6286799 6286804
354102 948576
22290043 22290045
21910449 21910451
11814285 11814290
22299509 22299510
22299435 22299437
22289703 22289705
22289723 22289725
11927137 11927139
22286602 22286603
22302571 22302572
22289801 22289803
22291824 22291825
22292242 22292244
22289810 22289811
22289820 22289822
22289902 22289904
22287422 22287424
22289982 22289984
22290023 22290025
22289673 22289675
22290071 22290073
11248023 11248032
22290193 22290195
22293865 22293866
22291616 22291618
22294049 22294060
22287287 22287289
354102 948577
354102 948578
354102 948579
22292242 22292245
22292190 22292191
3289946 3720966
14847298 14847300
22290576 22290577
22290569 22290570
22289989 22289991
12962488 12962490
22295085 22295087
22295096 22295098
22291135 22291136
22291902 22291903
22293762 22293763
22293492 22293494
22293425 22293426
12198134 12198136
12450800 12450803
22295351 22295353
22292438 22292439
22292415 22292416
22290215 22290217
22290220 22290221
22299715 22299717
22309123 22309124
22302508 22302509
22292892 22292894
12999097 12999099
22293172 22293173
22293875 22293877
354102 948580
22290795 22290797
22294676 22294678
12753041 12753044
22292411 22292412
9657000 9657005
22293189 22293191
22289673 22289676
22319985 22319987
22291629 22291630
10972470 10972477
7473064 7473081
22296498 22296499
22303565 22303566
22298699 22298701
22296668 22296670
22296676 22296677
22296698 22296699
22298624 22298625
22289729 22289731
22296732 22296734
22296748 22296750
22296759 22296761
22321638 22321639
22296754 22296756
22296764 22296766
22296798 22296800
22286804 22286805
22297514 22297516
22297528 22297530
11317446 11317454
22289723 22289726
22297691 22297693
22297705 22297707
22288498 22288500
22297932 22297933
22297939 22297941
22297945 22297947
22297954 22297955
15673631 15673632
10914933 10914936
22303301 22303303
22292070 22292072
22303069 22303071
11371124 11371130
22292618 22292621
11415296 11415299
14205952 14205954
22291185 22291187
22298543 22298545
22293005 22293006
12514292 12514296
929127 1748114
10050108 10050119
12999097 12999100
4680808 4685336
10086443 10086446
10050102 10050109
12284071 12284073
22299282 22299284
22299430 22299432
22299421 22299422
22299501 22299503
22299838 22299840
22300236 22300238
11248016 11248019
22300739 22300740
4494448 4523458
11107569 11107573
22295749 22295750
12652750 12652752
22301160 22301162
11486940 11486955
22294371 22294372
22303673 22303677
10090131 10090134
12201223 12201225
11486935 11486941
12315719 12315721
22301665 22301667
10939221 10939227
22301744 22301746
6759875 6759898
22301289 22301291
3210368 3665265
2570765 3210369
14799509 14799512
22302229 22302231
22302225 22302226
22296916 22296918
11945537 11945539
22294323 22294324
22295351 22295354
11248020 11248024
10740719 10740722
11632395 11632401
11472782 11472785
22302615 22302616
10673655 10673660
22302603 22302604
22302597 22302598
11153691 11153713
7957255 7957261
22302589 22302590
8088986 8088995
11635025 11635030
580418 1297486
6492893 6492902
11329444 11329450
6507126 6507131
11251443 11251447
13055949 13055953
22302552 22302553
10874045 10874048
14864841 14864843
6434002 6434012
11180145 11180152
4371058 4432110
22302376 22302378
6184549 6184557
11180300 11180306
5020647 5020649
8432915 8432924
4623631 4632615
22302413 22302415
6254420 6254443
11634936 11634942
22302406 22302408
10906777 10906782
6301448 6301457
11634921 11634927
10663464 10663469
22302644 22302645
22302536 22302537
22302531 22302532
4519938 4543853
10692158 10692163
7991589 7991605
11168805 11168811
11287341 11287344
22302512 22302513
22302719 22302720
22302753 22302754
4847654 4847685
4128212 4269312
3687827 3982907
8432917 8432950
14710699 14710702
11607509 11607515
3104589 3587488
22302431 22302433
22302442 22302444
14636923 14636925
9196019 9196024
4812578 4812737
22302821 22302823
14861934 14861936
22302632 22302633
22302748 22302749
22302760 22302761
22302766 22302767
22292319 22292320
22291135 22291137
22294676 22294679
22302899 22302900
22302903 22302905
15507862 15507864
22302925 22302927
22295063 22295066
22302934 22302936
22302981 22302983
22302991 22302992
11788747 11788750
22303016 22303018
22303021 22303023
22303026 22303027
1717902 2553028
22292101 22292103
22295444 22295445
22303076 22303078
22303102 22303104
22299509 22299511
22303112 22303113
22303116 22303118
14853994 14854001
22303156 22303157
14853992 14853995
22303206 22303207
4290267 4375547
12644273 12644278
12676540 12676545
7191651 7191654
22303373 22303374
14838202 14838204
22304436 22304438
22295758 22295760
22304545 22304547
22304470 22304472
22304492 22304494
21748015 21748017
22313787 22313788
22293492 22293495
22297183 22297184
22304533 22304534
22304552 22304553
22315675 22315676
22299875 22299877
12285433 12285435
22304576 22304578
22304602 22304604
22297091 22297093
22304620 22304622
354102 948581
4375456 4435240
22293762 22293764
22305145 22305147
4670500 4676036
22305168 22305170
22305176 22305178
354102 948582
10050108 10050120
22305285 22305287
22292984 22292986
22293005 22293007
7720941 7720947
22293603 22293604
22305748 22305750
22302701 22302702
11994628 11994630
22315850 22315852
22319016 22319017
22319026 22319027
2595174 3230486
12285363 12285365
22289078 22289080
22289404 22289405
22295402 22295403
14854014 14854016
14854020 14854022
22287429 22287430
14853986 14853988
11019374 11019379
22319252 22319254
22319267 22319268
22319272 22319274
11644195 11644200
22289936 22289938
22319320 22319322
22295749 22295751
14287703 14287708
5882524 5882576
22319438 22319440
22304552 22304554
11248020 11248025
22286471 22286472
22292618 22292622
4651770 4658559
12284571 12284573
12277147 12277151
22308423 22308424
22290207 22290208
12284071 12284074
22319675 22319677
22306438 22306439
22320883 22320885
22320965 22320967
22321006 22321008
11569945 11569951
4290267 4375548
11508855 11508862
22286602 22286604
11017427 11017433
22286612 22286613
22286619 22286620
12652750 12652753
12349104 12349106
22321580 22321582
4120393 4263648
11826473 11826475
6159956 6159960
12514977 12514980
15246394 15246396
22286351 22286353
4680808 4685337
6301448 6301458
6296941 6296948
10683806 10683813
6102717 6102725
14865082 14865084
10095379 10095408
6000571 6000580
3798873 4047831
609447 1346672
15081344 15081349
22302753 22302755
11607509 11607516
22322648 22322649
14854040 14854042
11536159 11536165
14824140 14824142
2382557 3073654
11907059 11907061
12682375 12682378
4371058 4432111
11329444 11329451
14849216 14849218
6944740 6944778
11223274 11223278
933249 1758822
12068797 12068800
3129982 3606323
10439291 10439301
9334680 9334689
11632395 11632402
10680669 10680673
11695595 11695599
14862385 14862387
1230252 2109096
14853090 14853092
3488548 3854079
8069997 8070006
11142039 11142046
22323071 22323072
14328313 14328315
11382676 11382681
22323159 22323160
4494448 4523459
11069810 11069815
1647249 2490030
10057554 10057560
2570266 3209620
10884221 10884229
10703438 10703443
22322919 22322920
11180300 11180307
227631 702504
10680833 10680838
6433833 6433841
8420672 8420691
22323243 22323244
1969916 2741528
5575383 5575395
10084733 10084740
10820201 10820205
7210352 7210361
11389690 11389696
10939221 10939228
11564652 11564656
3687827 3982908
22286412 22286413
22286368 22286369
22323017 22323018
22323404 22323405
11031256 11031262
22293413 22293414
22294034 22294036
22291818 22291819
22286886 22286889
22288049 22288051
11161326 11161329
11019374 11019380
22303144 22303146
4670500 4676037
14854014 14854017
22295211 22295212
12258009 12258011
11518289 11518306
22287985 22287987
22295222 22295224
1717902 2553029
12792379 12792385
22295696 22295697
11317479 11317480
22292953 22292955
7720941 7720948
12285363 12285366
22297463 22297464
22294371 22294373
11107569 11107574
12285433 12285436
4320735 4396027
22292101 22292104
22295444 22295446
22317323 22317324
22290585 22290586
22291666 22291668
11248020 11248026
22288451 22288453
22304317 22304318
11486935 11486942
22301536 22301538
22310514 22310515
11244716 11244722
15374120 15374122
22301499 22301501
4664703 4670472
22302484 22302486
11230459 11230462
12309852 12309854
22300434 22300436
22307394 22307395
22289942 22289944
9970279 9970288
11463753 11463756
22308321 22308322
22306699 22306700
22306493 22306494
15456524 15456526
8592328 8592333
12070392 12070394
10070943 10070947
22306297 22306298
22306307 22306309
14636923 14636926
12379393 12379398
12183226 12183228
22306694 22306695
22301552 22301553
11486937 11486949
11486940 11486956
22301490 22301492
8669903 8669912
11317479 11317481
22306391 22306392
22307051 22307052
10939221 10939229
22311136 22311137
7007406 7007416
22305892 22305893
12509604 12509609
12492055 12492059
11860961 11860964
22306332 22306333
2570765 3210370
3210368 3665266
10050102 10050110
11920694 11920697
22304537 22304538
22306523 22306524
12264336 12264338
22303921 22303923
22302719 22302721
22306580 22306581
22307697 22307698
12397640 12397642
22307992 22307993
22302827 22302829
11994628 11994631
22307186 22307187
22310346 22310347
22305835 22305836
22302821 22302824
22304957 22304959
22308067 22308068
12761784 12761787
12207039 12207041
22305947 22305948
22302806 22302807
11504940 11504946
22309196 22309197
12266226 12266228
22303724 22303726
22286341 22286342
11024583 11024586
7473064 7473082
22302654 22302655
22307075 22307076
10055353 10055357
12975386 12975396
12809156 12809158
15662225 15662229
12721768 12721771
22305930 22305931
22307713 22307715
11983134 11983137
22309752 22309753
10094877 10094879
22297691 22297694
7727066 7727075
22308515 22308516
22287339 22287340
22309165 22309166
14824503 14824505
9973777 9973785
22297834 22297836
8648985 8648991
8669928 8669932
22287966 22287968
22306180 22306181
22298396 22298398
13062866 13062868
22311232 22311233
22306920 22306921
22305900 22305901
22307090 22307091
22287299 22287301
22307153 22307154
22310215 22310216
22289843 22289845
22289846 22289849
22298853 22298855
12573942 12573944
22305805 22305806
11293266 11293272
10972470 10972478
22289712 22289714
22304615 22304616
9932616 9932621
9497387 9497390
22306235 22306236
22306473 22306474
22306030 22306031
22306864 22306865
22303751 22303753
11248023 11248033
22308451 22308452
10092652 10092657
12279259 12279263
22297398 22297400
12279286 12279289
10739141 10739148
22303693 22303695
22307066 22307067
22306419 22306420
12284288 12284291
22297932 22297934
12315719 12315722
10812485 10812490
22307317 22307318
22307408 22307409
22308090 22308091
22306222 22306223
12280425 12280427
12280460 12280462
22309123 22309125
6897862 6897872
6759872 6759879
6759875 6759899
6759896 6759912
15565530 15565532
12950304 12950306
22311126 22311127
22305867 22305868
5567099 5567117
22299875 22299878
22308483 22308484
22307860 22307861
22306164 22306165
11814285 11814291
22288498 22288501
11927140 11927145
22307086 22307087
22303087 22303089
22297183 22297185
11974836 11974843
11433764 11433771
22308269 22308270
11611209 11611212
11927137 11927141
9212056 9212069
22305826 22305827
22307205 22307206
22304559 22304560
22289825 22289826
22307071 22307072
22310210 22310211
12275625 12275629
12494174 12494179
14854008 14854010
12514292 12514297
13101608 13101610
12032073 12032076
5762408 5762476
11297352 11297357
12514279 12514283
22307242 22307243
14782195 14782197
22310200 22310201
22309396 22309397
22302780 22302781
22292396 22292397
14838202 14838205
22290114 22290116
11116124 11116128
11248016 11248021
22287422 22287425
22290193 22290196
22292027 22292029
21748015 21748018
22311416 22311417
11580660 11580664
11455781 11455785
4664703 4670473
11650604 11650612
22293778 22293779
22292984 22292987
10876330 10876334
11342825 11342830
22302780 22302782
9310571 9310577
11508840 11508845
11617788 11617793
12265163 12265166
15540204 15540206
11017434 11017444
11810943 11810945
4676004 4680784
22301536 22301539
22301781 22301782
22301099 22301101
22307394 22307396
11317450 11317474
22293871 22293872
22286341 22286343
11650604 11650613
11244716 11244723
22301526 22301527
15374120 15374123
8669903 8669913
22301499 22301502
22301490 22301493
4664703 4670474
12258013 12258015
22316224 22316225
11230459 11230463
22313777 22313778
12262000 12262002
22313983 22313984
22314011 22314012
12309852 12309855
22312629 22312630
22300434 22300437
7854997 7855010
22289942 22289945
22303946 22303947
11031375 11031379
9970279 9970289
22304298 22304299
11463753 11463757
22308321 22308323
22306699 22306701
22301454 22301455
22306694 22306696
22301552 22301554
22304317 22304319
11486937 11486950
22304537 22304539
12264336 12264339
22315988 22315989
22314948 22314949
22303921 22303924
22303632 22303634
22302827 22302830
11994628 11994632
22308067 22308069
11297352 11297358
12207039 12207042
22302806 22302808
12266226 12266229
22303724 22303727
12267199 12267202
22314155 22314156
22302654 22302656
22315646 22315647
12532152 12532157
22307075 22307077
22309752 22309754
11983134 11983138
15456524 15456527
22287339 22287341
22308515 22308517
22317694 22317695
22312616 22312617
9973777 9973786
22310200 22310202
22297834 22297837
22302695 22302696
8648985 8648992
8669928 8669933
8669914 8669929
22287966 22287969
22287970 22287971
13062866 13062869
12573942 12573945
22307090 22307092
22289703 22289706
12655852 12655854
12156408 12156410
22287299 22287302
22310215 22310217
22305805 22305807
22289843 22289847
22289846 22289850
22304615 22304617
22317124 22317125
9497387 9497391
9932616 9932622
22306235 22306237
22306030 22306032
22303751 22303754
11293266 11293273
22289712 22289715
12279259 12279264
22297398 22297401
22316498 22316499
12279286 12279290
10739141 10739149
10972470 10972479
22303693 22303696
12284288 12284292
22302776 22302777
12280425 12280428
12280460 12280463
22312809 22312810
22307408 22307410
22311583 22311584
22307317 22307319
22306222 22306224
15565530 15565533
22302780 22302783
10812485 10812491
9212056 9212070
22318505 22318506
22317365 22317366
22313299 22313300
22290114 22290117
22317627 22317628
22315069 22315070
22321012 22321014
22315116 22315117
22303361 22303362
15540204 15540207
11433764 11433772
11611209 11611213
22312937 22312938
22314684 22314686
22303087 22303090
22303093 22303094
22297183 22297186
11317448 11317465
22311680 22311681
22314429 22314430
22289936 22289939
22299555 22299557
22312346 22312347
5567099 5567118
22305826 22305828
22289825 22289827
12494174 12494180
12275625 12275630
22289894 22289896
22316777 22316778
22316777 22316779
4262141 4355909
22312829 22312830
14854008 14854011
12276033 12276035
22303132 22303134
22303144 22303147
11974832 11974837
11974836 11974844
22303162 22303164
10867740 10867745
10071548 10071553
4676003 4680780
22286955 22286956
22287114 22287117
11580660 11580665
11508855 11508863
22314633 22314634
22315697 22315698
22303180 22303181
22292852 22292853
22314107 22314108
22292867 22292868
22314993 22314995
22288457 22288459
12279485 12279487
22293598 22293600
22293778 22293780
12284071 12284075
22294034 22294037
11017427 11017435
11342825 11342831
10876330 10876335
12283276 12283278
14536856 14536858
22291238 22291240
22303212 22303214
22291603 22291605
12284571 12284574
22291622 22291623
22304404 22304405
22291629 22291631
22291634 22291635
22289907 22289909
22291661 22291663
22291666 22291669
12285196 12285199
22291689 22291691
12285363 12285367
22289078 22289081
22290207 22290209
22317349 22317350
22295535 22295537
22292205 22292206
22289729 22289732
22306399 22306401
12287858 12287861
22292079 22292081
22292070 22292073
7720941 7720949
9310571 9310578
4676025 4680794
14853986 14853989
22292027 22292030
22289989 22289992
22290585 22290587
22290628 22290629
22300727 22300729
22287985 22287988
4290267 4375549
12792379 12792386
22295222 22295225
22292396 22292398
22313416 22313417
9965269 9965272
14854020 14854023
11017434 11017445
11617788 11617794
22303688 22303690
11810943 11810946
22294078 22294080
22312111 22312112
22315352 22315353
22312542 22312543
11930748 11930750
22292571 22292573
22292551 22292552
22292543 22292544
22316246 22316247
22313257 22313258
22316274 22316275
11161326 11161330
11317479 11317482
14675782 14675784
14854014 14854018
22316572 22316573
22295402 22295404
22315342 22315343
22289928 22289930
22289404 22289406
22293678 22293679
22316166 22316168
22289965 22289966
22311642 22311643
11518294 11518314
22313345 22313346
22286612 22286614
22289801 22289804
22313771 22313772
11019374 11019381
11644195 11644201
22318019 22318020
14302531 14302536
14302537 14302543
22293716 22293717
22315169 22315170
22286882 22286883
22312399 22312401
22312400 22312402
22315087 22315088
22313707 22313708
22295702 22295703
12265163 12265167
22287958 22287960
22316862 22316863
11031244 11031249
22302920 22302922
22292953 22292956
22295710 22295711
22297487 22297488
22295726 22295727
22315106 22315107
22295749 22295752
11508840 11508846
22311821 22311822
11455781 11455786
22286619 22286621
4670500 4676038
22293413 22293415
22302890 22302891
22288482 22288484
22292883 22292885
22312028 22312029
22298396 22298399
22289960 22289962
22289873 22289875
22290124 22290126
22298853 22298856
12210211 12210216
22311613 22311614
14439504 14439506
22312154 22312156
22299560 22299562
22315895 22315897
22315896 22315898
22314131 22314132
22312036 22312037
22312040 22312041
22287096 22287098
22312911 22312912
22303011 22303013
22317577 22317578
14287703 14287709
22290018 22290020
22311949 22311950
22287508 22287512
22291476 22291477
22295702 22295704
22299715 22299718
5029568 5029571
22289686 22289687
5713872 5713879
22289866 22289867
22321922 22321923
22286863 22286864
354102 948583
354102 948584
354102 948585
22303156 22303158
22287918 22287920
22290071 22290074
12514305 12514307
11698609 11698611
22295397 22295398
22291185 22291188
22292852 22292854
22292883 22292886
22293603 22293605
22291077 22291079
22286478 22286481
4676025 4680795
22292319 22292321
11317446 11317455
22286760 22286762
354102 948586
10095341 10095343
22294090 22294091
22286782 22286783
22291223 22291225
22286804 22286806
12782114 12782116
22286872 22286873
354102 948587
12283276 12283279
11031244 11031250
22286896 22286900
22286945 22286947
22287735 22287738
22287003 22287004
22287429 22287431
11812303 11812306
12201223 12201226
22294323 22294325
22292960 22292962
12774289 12774293
22299575 22299576
10086443 10086447
22290802 22290804
5713859 5713873
22287149 22287150
11371124 11371131
7473041 1108390
12514977 2647943
22292283 3301345
5706056 861594
10050102 357777
11317450 109919
22287461 339604
11300841 339917
22287602 6225493
22303190 7426908
6155372 6155382
22287799 2499393
22303097 6802379
11031256 662013
22295063 5219784
11396936 840739
22287918 5542368
22290693 7448919
22297631 319824
22313719 1948138
22287949 6312828
22302916 495013
22316286 9065735
11582815 548717
22312032 2267968
22287735 3156416
22303031 5077541
22300068 8448871
22303293 4380878
11933479 1772010
12277147 782687
22316656 115597
22289390 9133380
22288471 5003691
22288490 32725
12275628 908553
22287114 5570833
12197965 1434746
22289438 1235407
12947578 5220009
8786920 5208063
22313232 13684506
22313178 7491827
22292618 512047
9121338 427537
22314113 51902
22312046 3526317
22318148 2575184
6155372 3051218
6286799 4370835
354102 948590
22290043 3954093
21910449 4980469
11814285 8085201
22299509 327944
22299435 2738075
22289703 3538965
22289723 4165391
11927137 9410936
22286602 2714066
22302571 2150068
22289801 675654
22291824 1609954
22292242 3650346
22289810 2321327
22289820 7795283
22289902 3702636
22287422 5144195
22289982 10375127
22290023 6925581
22289673 1630655
22290071 2893833
11248023 11248034
22290193 2024104
22293865 3956258
22291616 14049851
22294049 18765796
22287287 983805
354102 948597
354102 948596
354102 948598
22292242 14061332
22292190 511282
3289946 3720970
14847298 8945191
22290576 915505
22290569 252165
22289989 3850079
12962488 7801087
22295085 135725
22295096 10281348
22291135 2655999
22291902 1405202
22293762 415474
22293492 3239297
22293425 5858654
12198134 1072364
12450800 643017
22295351 6355051
22292438 883181
22292415 3276490
22290215 1581601
22290220 5718451
22299715 839434
22309123 691297
22302508 2171148
22292892 2600902
12999097 2231118
22293172 4643437
22293875 6132018
354102 948589
22290795 18115
22294676 10282281
12753041 4170179
22292411 4212979
9657000 1920505
22293189 5410649
22289673 5557479
22319985 5960485
22291629 2993713
10972470 899739
7473064 559584
22296498 8527427
22303565 2161093
22298699 1775454
22296668 2063125
22296676 884318
22296698 634780
22298624 4474400
22289729 157976
22296732 1355773
22296748 6620734
22296759 85304
22321638 2133339
22296754 7151656
22296764 2529507
22296798 3205792
22286804 764170
22297514 3957139
22297528 7207046
11317446 8202160
22289723 907278
22297691 6020638
22297705 21488555
22288498 2177832
22297932 3132963
22297939 2947606
22297945 3954819
22297954 7336396
15673631 5901908
10914933 1951452
22303301 7074378
22292070 1204032
22303069 2564072
11371124 2473013
22292618 3917549
11415296 3330055
14205952 4483628
22291185 3028873
22298543 4193477
22293005 3445718
12514292 190937
929127 1748117
10050108 559613
12999097 2944935
4680808 3329425
10086443 1797619
10050102 1705393
12284071 221259
22299282 4822087
22299430 584549
22299421 6823094
22299501 7511730
22299838 576043
22300236 5645470
11248016 10109547
22300739 11207895
4494448 4523469
11107569 2438169
22295749 3191054
12652750 878140
22301160 316346
11486940 7973412
22294371 2948615
22303673 10431427
10090131 3884299
12201223 11227180
11486935 244213
12315719 2289307
22301665 5847590
10939221 6109109
22301744 22301747
6759875 6272850
22301289 4746775
3210368 436509
2570765 1415225
14799509 97250
22302229 4735883
22302225 7179301
22296916 6621254
11945537 5867490
22294323 2613007
22295351 7303059
11248020 2511089
10740719 12477
11632395 9224408
11472782 6367652
22302615 2360420
10673655 2127894
22302603 10407770
22302597 1182921
11153691 451426
7957255 96451
22302589 13638698
8088986 894511
11635025 1396937
580418 1297509
6492893 1077868
11329444 3624253
6507126 6507132
11251443 11251448
13055949 1043729
22302552 314081
10874045 2686169
14864841 3342643
6434002 6434017
11180145 3613760
4371058 4432113
22302376 1634391
6184549 5408850
11180300 11180308
5020647 5020651
8432915 4193780
4623631 4354443
22302413 3406644
6254420 2580749
11634936 4299956
22302406 2192684
10906777 933933
6301448 299905
11634921 2047977
10663464 1855283
22302644 8979964
22302536 12418623
22302531 3322192
4519938 4543854
10692158 2605877
7991589 2916121
11168805 1720619
11287341 7965500
22302512 3185941
22302719 104478
22302753 860383
4847654 2543774
4128212 1965044
3687827 1199580
8432917 6604109
14710699 3121872
11607509 2693790
3104589 3587489
22302431 5790445
22302442 702510
14636923 3280730
9196019 3009594
4812578 4812751
22302821 6365287
14861934 1223885
22302632 1663801
22302748 493323
22302760 4511286
22302766 2391311
22292319 2992946
22291135 1403317
22294676 2193854
22302899 7975769
22302903 897119
15507862 26571
22302925 5831438
22295063 2321723
22302934 2179211
22302981 2192259
22302991 3032634
11788747 1845076
22303016 8978056
22303021 5396739
22303026 2538036
1717902 392095
22292101 9322791
22295444 6855588
22303076 7638980
22303102 6181898
22299509 6651406
22303112 5820267
22303116 10744913
14853994 3440251
22303156 8032031
14853992 2268253
22303206 110059
4290267 330669
12644273 5585900
12676540 2192057
7191651 4123834
22303373 3479528
14838202 2607682
22304436 2132208
22295758 217898
22304545 665947
22304470 6233651
22304492 8501609
21748015 1421582
22313787 260371
22293492 2161983
22297183 964363
22304533 891381
22304552 3341386
22315675 6544822
22299875 6840602
12285433 6588450
22304576 7171339
22304602 8478256
22297091 1270597
22304620 3112153
354102 948606
4375456 4435245
22293762 15141855
22305145 2740015
4670500 4676041
22305168 16879740
22305176 10471505
354102 948591
10050108 9879324
22305285 3689821
22292984 2542100
22293005 4143991
7720941 7720950
22293603 1473372
22305748 3659918
22302701 8021572
11994628 1795329
22315850 22315853
22319016 1357003
22319026 7030848
2595174 3230488
12285363 5661338
22289078 6484612
22289404 3486247
22295402 3187992
14854014 5655582
14854020 7254920
22287429 5967565
14853986 219253
11019374 5544184
22319252 664271
22319267 2819942
22319272 2820074
11644195 298848
22289936 957155
22319320 2451181
22295749 4946996
14287703 1577991
5882524 3861517
22319438 2459902
22304552 19733580
11248020 8480808
22286471 20973177
22292618 338389
4651770 4658560
12284571 12284575
12277147 395639
22308423 1721531
22290207 6412532
12284071 983504
22319675 1423396
22306438 13091119
22320883 8725575
22320965 1600830
22321006 2912435
11569945 1071180
4290267 1321224
11508855 92103
22286602 2230798
11017427 393656
22286612 3961023
22286619 329413
12652750 739869
12349104 739721
22321580 8507033
4120393 824668
11826473 517854
6159956 1745216
12514977 3364753
15246394 1034906
22286351 4554786
4680808 856476
6301448 3038862
6296941 74054
10683806 2501823
6102717 757118
14865082 890721
10095379 2461587
6000571 1730954
3798873 897356
609447 1346673
15081344 913928
22302753 4881119
11607509 4881044
22322648 603006
14854040 1821155
11536159 499218
14824140 2967675
2382557 3073656
11907059 1567597
12682375 198128
4371058 344038
11329444 2765260
14849216 551651
6944740 877167
11223274 551477
933249 1758823
12068797 2484749
3129982 307136
10439291 90254
9334680 180174
11632395 551937
10680669 2152027
11695595 594610
14862385 2151191
1230252 920872
14853090 312580
3488548 1275334
8069997 1246285
11142039 3351751
22323071 1275095
14328313 394897
11382676 180225
22323159 1329574
4494448 979614
11069810 1446506
1647249 646199
10057554 349602
2570266 1599412
10884221 348038
10703438 278445
22322919 1901970
11180300 328913
227631 702516
10680833 2436724
6433833 537974
8420672 3039621
22323243 1993841
1969916 561710
5575383 1426315
10084733 561988
10820201 1122264
7210352 1455341
11389690 3885607
10939221 326317
11564652 2099055
3687827 3652192
22286412 2946771
22286368 1318255
22323017 874056
22323404 1120520
11031256 1287901
22293413 2991520
22294034 905418
22291818 3964537
22286886 497617
22288049 1572124
11161326 1563883
11019374 1427857
22303144 1427909
4670500 347748
14854014 1029450
22295211 930646
12258009 3419554
11518289 305809
22287985 2458038
22295222 944775
1717902 284663
12792379 222763
22295696 96764
11317479 3777631
22292953 2843668
7720941 1581245
12285363 1725218
22297463 946411
22294371 1880364
11107569 887277
12285433 2429231
4320735 2035134
22292101 1214931
22295444 340682
22317323 2541921
22290585 4733840
22291666 3202664
11248020 2393757
22288451 333409
22304317 2341765
11486935 1528462
22301536 1417423
22310514 53605
11244716 1815940
15374120 212435
22301499 809201
4664703 1080216
22302484 174025
11230459 749142
12309852 672298
22300434 647424
22307394 647531
22289942 202435
9970279 908195
11463753 1242410
22308321 3696303
22306699 255044
22306493 943441
15456524 749104
8592328 142653
12070392 378677
10070943 2121156
22306297 1941493
22306307 2887915
14636923 1470177
12379393 254392
12183226 1242654
22306694 1861117
22301552 401544
11486937 100134
11486940 2375319
22301490 1937337
8669903 671775
11317479 904938
22306391 1428246
22307051 1428286
10939221 2301406
22311136 223692
7007406 1428412
22305892 1428558
12509604 1075180
12492055 324966
11860961 1228280
22306332 1744699
2570765 1708206
3210368 18890
10050102 897649
11920694 363587
22304537 1760112
22306523 441530
12264336 1470286
22303921 864592
22302719 701509
22306580 1937397
22307697 1075226
12397640 1937615
22307992 701498
22302827 124800
11994628 650821
22307186 2002445
22310346 124801
22305835 1847201
22302821 1388511
22304957 684150
22308067 647516
12761784 896462
12207039 1207444
22305947 191344
22302806 1388528
11504940 93548
22309196 882116
12266226 572774
22303724 5872
22286341 2116009
11024583 490689
7473064 868071
22302654 798668
22307075 922161
10055353 1153975
12975386 930612
12809156 1183048
15662225 1267986
12721768 672613
22305930 345002
22307713 1237456
11983134 18973
22309752 774571
10094877 2115973
22297691 1085625
7727066 242248
22308515 1637418
22287339 1589590
22309165 664501
14824503 490724
9973777 137824
22297834 1075277
8648985 257304
8669928 831256
22287966 790897
22306180 562498
22298396 1237277
13062866 454977
22311232 430655
22306920 479276
22305900 134386
22307090 1388494
22287299 54793
22307153 2387072
22310215 2387090
22289843 1823723
22289846 863768
22298853 1559338
12573942 1233088
22305805 1237195
11293266 1937451
10972470 1982864
22289712 430579
22304615 2115961
9932616 863687
9497387 394313
22306235 2144569
22306473 430596
22306030 690574
22306864 344462
22303751 159590
11248023 601027
22308451 808297
10092652 2463296
12279259 575491
22297398 545134
12279286 2052858
10739141 1258172
22303693 339011
22307066 1237301
22306419 1613351
12284288 887848
22297932 245816
12315719 752908
10812485 363288
22307317 889047
22307408 1291090
22308090 575509
22306222 1237341
12280425 53747
12280460 1461185
22309123 811506
6897862 292724
6759872 600210
6759875 1237264
6759896 575470
15565530 1237365
12950304 65712
22311126 1559288
22305867 1559222
5567099 1077247
22299875 1237445
22308483 1737023
22307860 1269068
22306164 208223
11814285 177085
22288498 545336
11927140 864620
22307086 601061
22303087 475788
22297183 320476
11974836 589967
11433764 90910
22308269 16183
11611209 545722
11927137 545585
9212056 1268113
22305826 600917
22307205 860916
22304559 353761
22289825 936041
22307071 601015
22310210 600868
12275625 600972
12494174 1983156
14854008 426857
12514292 506315
13101608 545109
12032073 703048
5762408 545769
11297352 227836
12514279 1647756
22307242 177218
14782195 755458
22310200 492652
22309396 288279
22302780 731732
22292396 1134508
14838202 447998
22290114 1461131
11116124 555066
11248016 200684
22287422 490549
22290193 616602
22292027 1612066
21748015 325702
22311416 1335893
11580660 1857631
11455781 1159130
4664703 94395
11650604 505021
22293778 311081
22292984 2205117
10876330 687070
11342825 408122
22302780 400214
9310571 1175097
11508840 595858
11617788 1177789
12265163 1111633
15540204 553284
11017434 1178852
11810943 515834
4676004 847567
22301536 155315
22301781 297213
22301099 552548
22307394 1109522
11317450 851112
22293871 420446
22286341 516387
11650604 456628
11244716 863848
22301526 552918
15374120 535577
8669903 576688
22301499 2000462
22301490 514864
4664703 334546
12258013 1076732
22316224 156692
11230459 851668
22313777 1929211
12262000 526982
22313983 2053237
22314011 926798
12309852 2147176
22312629 1146585
22300434 846400
7854997 486966
22289942 1117830
22303946 173265
11031375 1110539
9970279 362668
22304298 474898
11463753 845774
22308321 780705
22306699 494133
22301454 589734
22306694 472142
22301552 589794
22304317 290537
11486937 476903
22304537 1142922
12264336 539424
22315988 548388
22314948 552166
22303921 847590
22303632 456381
22302827 916479
11994628 440207
22308067 1146570
11297352 1179278
12207039 602827
22302806 1661814
12266226 2147188
22303724 1319599
12267199 817101
22314155 169413
22302654 78601
22315646 490526
12532152 780559
22307075 897672
22309752 851479
11983134 2777023
15456524 52291
22287339 310435
22308515 810048
22317694 291958
22312616 1512703
9973777 1712588
22310200 291969
22297834 379853
22302695 1997092
8648985 1271464
8669928 5735715
8669914 1271536
22287966 1153196
22287970 526933
13062866 848261
12573942 466147
22307090 286534
22289703 1010410
12655852 501614
12156408 1271508
22287299 526873
22310215 3365918
22305805 848234
22289843 839307
22289846 288087
22304615 2168389
22317124 133753
9497387 1190449
9932616 291774
22306235 2623155
22306030 1402097
22303751 1271525
11293266 7732
22289712 780634
12279259 782835
22297398 466063
22316498 147769
12279286 1209648
10739141 1947560
10972470 1982365
22303693 1125323
12284288 1132674
22302776 602088
12280425 848273
12280460 465624
22312809 1354973
22307408 1066890
22311583 990467
22307317 790674
22306222 1354983
15565530 1668419
22302780 526916
10812485 431927
9212056 1190430
22318505 851503
22317365 312485
22313299 91768
22290114 647572
22317627 548915
22315069 207942
22321012 358553
22315116 851565
22303361 866820
15540204 1125306
11433764 393907
11611209 363753
22312937 526835
22314684 94961
22303087 338571
22303093 1053428
22297183 489359
11317448 450839
22311680 80365
22314429 654362
22289936 367328
22299555 848041
22312346 285351
5567099 924306
22305826 226492
22289825 1168431
12494174 2324542
12275625 846698
22289894 527024
22316777 846678
22316777 437597
4262141 474038
22312829 711980
14854008 491290
12276033 437701
22303132 670277
22303144 1171891
11974832 32607
11974836 906818
22303162 1235120
10867740 461677
10071548 2718241
4676003 313315
22286955 1084993
22287114 526797
11580660 268230
11508855 268231
22314633 991476
22315697 848027
22303180 412665
22292852 1050530
22314107 549330
22292867 412680
22314993 297362
22288457 596855
12279485 242319
22293598 252309
22293778 614952
12284071 870224
22294034 615022
11017427 615473
11342825 1353327
10876330 489306
12283276 762055
14536856 205798
22291238 615048
22303212 2227265
22291603 1353475
12284571 436048
22291622 426632
22304404 575606
22291629 615418
22291634 864622
22289907 599625
22291661 441285
22291666 921701
12285196 438706
22291689 1228344
12285363 1574860
22289078 287165
22290207 2040335
22317349 362742
22295535 35469
22292205 870028
22289729 438550
22306399 2162799
12287858 2418466
22292079 425378
22292070 1241023
7720941 301477
9310571 797202
4676025 1558135
14853986 215730
22292027 1246071
22289989 324510
22290585 854077
22290628 1470941
22300727 831660
22287985 1064188
4290267 365160
12792379 294221
22295222 336929
22292396 695466
22313416 1168314
9965269 1272120
14854020 1305769
11017434 712306
11617788 2418681
22303688 1558278
11810943 300478
22294078 1089848
22312111 92263
22315352 1222168
22312542 325346
11930748 2040301
22292571 322303
22292551 392821
22292543 1331511
22316246 615173
22313257 1558206
22316274 387390
11161326 1365357
11317479 1470931
14675782 1702194
14854014 220989
22316572 146067
22295402 1272107
22315342 1986362
22289928 388158
22289404 1470961
22293678 187525
22316166 464114
22289965 2323417
22311642 1117933
11518294 1546386
22313345 1117934
22286612 646059
22289801 2143311
22313771 1383482
11019374 1117936
11644195 1125263
22318019 2890809
14302531 583088
14302537 199381
22293716 3690268
22315169 706571
22286882 6168095
22312399 930894
22312400 1691757
22315087 463556
22313707 997515
22295702 314836
12265163 1148996
22287958 1758725
22316862 773806
11031244 773778
22302920 1106493
22292953 2148714
22295710 1353447
22297487 466732
22295726 2020009
22315106 221213
22295749 398000
11508840 1122878
22311821 791890
11455781 1167890
22286619 1167893
4670500 1718591
22293413 2418507
22302890 1149012
22288482 1994627
22292883 165042
22312028 1512710
22298396 923780
22289960 1128466
22289873 1198972
22290124 456231
22298853 709752
12210211 396382
22311613 543474
14439504 543573
22312154 545405
22299560 739106
22315895 211932
22315896 102842
22314131 616269
22312036 780343
22312040 2658739
22287096 1912966
22312911 646564
22303011 1558193
22317577 709383
14287703 2021559
22290018 446001
22311949 757039
22287508 832085
22291476 908671
22295702 1171588
22299715 1120034
5029568 1657776
22289686 436113
5713872 578445
22289866 213432
22321922 2648103
22286863 1633207
354102 948608
354102 948595
354102 948599
22303156 9399484
22287918 3319921
22290071 4401136
12514305 4686606
11698609 6472619
22295397 9244102
22291185 13276445
22292852 856057
22292883 3801601
22293603 2357077
22291077 3020017
22286478 3915467
4676025 2484102
22292319 2139154
11317446 898059
22286760 10624233
354102 948625
10095341 2719207
22294090 938260
22286782 5681146
22291223 7864073
22286804 3443258
12782114 1754831
22286872 911731
354102 948601
12283276 3792944
11031244 1731033
22286896 3371662
22286945 3041610
22287735 1452654
22287003 5046635
22287429 1673837
11812303 840720
12201223 1206778
22294323 5536833
22292960 454815
12774289 5935329
22299575 2171834
10086443 500893
22290802 10384073
5713859 1619781
22287149 366432
11371124 3956300
