31855854 5469
31848695 42322
39137203 142065
39137881 97966
31898474 126905
39138075 97406
31855339 240514
39137221 188743
31846879 34680
366250 226588
1584677 537634
31878055 94441
31839810 312773
39135869 142164
31874807 112353
33642938 1621
31855363 95420
31888643 77299
29718913 2051
31896887 94379
31897632 100173
31853465 220047
3557800 128627
39135820 102869
31877090 307295
31866564 112766
31862202 325865
46144782 109136
33661325 101773
31855236 280588
31890440 100865
31866639 227444
39136097 227326
39136318 233355
31851876 218350
31879343 207959
39136418 862062
3125273 63684
31846893 1488841
39136939 38601
39136606 939247
31857109 235251
39138069 53235
31860375 218184
31855478 95477
31882628 159430
31894168 121061
28931674 105965
39135786 142296
33942797 46551
31869183 478401
31899704 136229
33949425 248635
31898468 98090
31868263 70132
39135848 50641
31897634 867410
39135875 95844
31847809 104605
38022196 53775
31845655 142975
31850585 1404
31842614 65893
39136220 313069
39136273 209913
39137981 54271
39136384 76283
39136398 115808
39136416 207244
33943289 164414
39136541 131310
31888013 48180
31897424 54483
33643058 101824
31852025 164479
34011334 52284
33949707 119839
31862462 100356
33943351 1417754
39136838 226733
39136883 70121
39136914 256121
39136916 1623
39136947 57569
31849890 511952
34073620 340477
31898463 101380
31839853 470029
38772943 213164
39137370 216889
15892725 296411
39137165 129066
39137206 47642
34014872 143461
39137218 500374
33956905 344610
39137405 324840
39136772 1339
31898043 54525
33942739 603787
31860370 729184
39137495 101649
39136259 67999
29718918 102808
34089217 443467
39136280 42219
31888629 5458
31890442 489201
31868182 52444
38026147 130949
39137714 199766
31851214 72676
39137842 392673
39136479 218112
31856803 623849
31854801 146557
31888268 79193
39138060 336221
46144702 70843
31861602 215784
31867334 60164
39136614 63515
31851204 653
31892151 117470
34043400 582470
39136661 98796
39136659 124131
31852028 93764
31902390 48888
31888920 54314
31869991 180832
33943285 276324
31898003 67174
39136744 153674
39136819 79283
31890370 224514
31865145 507859
31892158 346816
31852569 342010
31852553 119697
39136663 507833
39137173 224127
31854617 316509
39136485 17120
31888707 106407
34097344 401793
39135773 334392
31848383 37053
31868987 120808
35406239 206621
31853963 335325
34073804 112083
31871287 390358
31861831 120406
31877456 3205
31845054 402706
31861603 64126
33949908 216884
39136879 105473
31851912 109290
33938367 94288
34097490 105187
39137664 51905
31866632 167536
31853509 37872
31862417 217287
39137014 17123
31860383 219478
31836673 274126
31876053 579095
39136780 224732
34016000 131815
15592044 430714
31896884 333822
33989155 50960
39137469 222998
31868296 213166
31839914 51519
31845007 41917
31865150 43323
39137305 5460
39136572 440773
31845018 981998
31843319 50136
39137283 22602
34073776 110314
31836284 51275
31904627 303181
21986604 283933
34019240 5596
31846748 56469
39137523 326973
31848193 54017
21981937 855621
39137587 50388
31845011 128212
39137680 224261
39137863 755999
31851973 168419
39137234 116945
39137398 961614
31876115 220312
31843841 42616
31861784 43404
39137849 99516
21640158 316575
31851206 64173
31854610 466085
3187156 65703
34057389 95100
31893963 400462
39137090 227465
31908748 318824
31860364 22826
31854622 294962
31847909 47074
31847820 53857
31847933 35308
31847813 568564
31847890 59525
39136505 318508
31847799 97670
39136588 52146
39136792 651770
31847853 121508
39136885 113053
31836260 55259
31836212 109296
33876778 5462
31847960 279083
39137458 95103
39135794 441056
34073650 52724
33857656 46219
39137471 215666
34036294 142624
31899223 93136
33784150 93143
31850110 47040
31837259 281986
31839959 149569
39136731 99840
31851848 16412
22015476 135079
33642863 264889
39137164 145106
39135620 43405
39136752 101381
46144752 220670
39136845 297208
39137019 142424
31860427 19415
39137236 97671
39136044 215184
39136070 218719
46144856 173390
31888951 187404
31860380 52837
34097714 51643
39137242 207675
31846905 287360
31892238 135339
29044494 226591
39135654 34875
31852597 1305231
31892246 60295
31846856 54865
35927366 354664
39135826 161796
39136657 213168
31854247 78274
39137453 216026
39136346 110315
39135989 333747
39137775 320962
33949606 346667
39136338 17881
34050178 369500
39137394 271450
31848697 1009967
31879349 263436
31888935 108226
31852580 109691
31852576 308646
31900360 226592
31879299 112305
31852608 35682
39136230 250169
31877093 308695
39135962 36218
2218591 122803
39136313 5597
39136001 329680
39136150 238001
31892139 121189
31847804 43100
1835265 243780
39136306 207414
31837077 1406
31897455 341266
39136439 252943
34097042 50033
31860367 330650
1807599 621179
13219237 100270
33642936 144456
39136586 502911
31852572 512855
39136995 395464
39137553 126730
46144774 622838
31865153 607224
31854874 5160
39136936 50389
46144767 325610
31860495 1407
33676916 364504
39136799 265418
39136817 349478
31853958 221880
31844193 147358
39136473 201483
39137149 664125
39137572 94643
4736799 33128
31861682 43950
34036518 15542
660673 67229
31902310 51075
31839855 314744
34412430 729910
39136576 350157
39136369 305250
31842927 51999
31849115 190196
31902505 305515
31887129 189402
31840421 240413
31876187 622839
31855621 190301
31898189 215089
33676941 543282
33676942 249617
39137120 249770
31874812 201484
31873910 365968
31873888 392813
33642969 53430
39135764 53496
21974768 56781
31860255 295621
31836739 104320
39137755 95192
31867115 489053
31868183 51277
11882339 337267
31836737 388788
36550457 51520
34089234 72376
39137167 342868
31868447 152776
31860411 72377
39137382 341301
39137515 53976
31868223 52401
31868456 262045
34097427 57299
31868420 392220
39136068 137995
31868990 72378
39137315 316681
31910690 94892
31840390 362202
22266802 698085
35409298 463421
31879354 84856
31852531 332122
31862265 190510
4759189 92262
33994320 227136
31877475 621310
31862400 729545
34097123 174210
31868421 251698
31868435 473386
31891573 739595
31860515 369673
31900221 501573
39137024 38611
22253807 249565
39137718 580708
39137768 351860
31892033 462448
31892035 100132
31869962 338643
31847961 739318
31852560 342871
3248056 160825
39137463 475107
31847826 599587
31843075 238997
33949574 579146
39137988 297153
29044493 143932
46144869 877515
31853493 201181
31839938 157427
39138073 135244
33949731 35922
39136420 505712
31892133 118038
31856569 172771
39137365 302501
1401765 51076
1807597 15129
31898460 189085
39138040 111082
31860390 594824
4971891 344515
39135745 449374
31892149 142180
33949634 389771
31852590 51077
38035691 95248
38035696 613374
1584680 35679
39136555 90056
46144844 48506
39137027 325105
39137312 238260
34073763 213275
31852583 242365
39136530 628601
31897437 104829
33943485 129480
31889718 499841
31864647 73866
33643047 406246
39136490 464379
31846235 42551
33676903 28899
31890246 249923
31857315 251768
31852645 218436
39136493 348489
39136633 671782
31886418 330581
31862205 53189
39137645 394898
39137724 426818
39137710 859621
39135969 131887
39136898 101709
46144758 396697
31900224 249912
39136760 50034
31866656 500046
39137509 124797
31866595 445641
39136291 249699
39137811 22871
22186118 665645
39135860 316966
3602387 132286
39136705 126373
31893857 502287
46144116 101826
34073737 626250
31866654 96193
33944942 82828
31845649 111557
39136353 318363
31874519 91464
34019285 101166
31842930 99634
31892137 91462
31860445 51996
4988371 265311
31891665 271597
31848290 91465
39136213 99250
46144700 111681
33876861 483048
39137372 19420
39137398 274404
39137613 52726
46144839 86011
31900362 859986
31845594 299824
31886430 453068
31839943 4412
31887497 4412
39136074 186884
31878049 278811
39136619 505679
31878925 78076
38028568 55816
31910687 93765
31894166 54559
31899186 170198
39136358 205643
46144785 78335
34036869 92197
46144866 112012
39136483 43834
31893281 104531
31866587 678930
39137813 142570
22021343 192828
47969573 53245
33943477 160030
31865157 159589
31887273 281607
39135987 65895
46144765 44159
39137327 161170
31856714 500334
31859506 199577
39137473 14555
31837269 32598
39137759 7805
33642861 657922
39136534 194270
31852592 5545
4988370 38439
31854306 43717
14966690 11469
46144107 7951
31888642 32026
34096902 27186
31868424 28079
39136593 11712
39136687 10254
31878115 316247
31856710 13587
31897440 19421
39136321 23770
39137239 9726
39135878 28178
31857104 12558
39136570 201264
39137285 28807
39136282 32818
31862426 139708
31893959 8207
39136603 236759
31891659 12453
21630364 66613
39136673 55923
34057477 80183
33942739 219573
31891623 223608
31845621 16182
39136636 37672
38025488 102228
39136945 104321
39136118 337956
31849461 485071
31855346 346740
39136222 485057
34073826 90931
39136382 18305
31851202 46217
39136537 90159
31882603 121957
39136669 54415
39136786 216939
31849909 146805
39136851 485086
39136998 622554
31867544 1409
39137209 385570
34014869 218235
39136456 296324
39137290 42453
31902395 144278
31862202 189526
33804785 399613
34016396 577422
39137511 325410
39137513 95588
39137518 76725
31855647 389369
39137609 145765
39137808 905409
33642886 960097
39136708 10098
31845704 696794
39137971 365527
39136111 346092
31867088 322954
31846246 878565
31873971 881164
39137535 841992
31855241 100133
33949821 842019
39137792 275751
31843483 218293
31845047 353158
39137675 5315
46144762 396608
39136093 301077
31849864 109598
39136363 503442
34073540 101072
31852638 21167
39138048 373057
31850388 102968
39136836 581863
39136862 207391
39137068 363943
31893906 1010191
39137162 419413
31856713 541679
39136526 440642
46144667 385818
34097646 613873
31882886 30524
39137491 579153
39137502 215090
39137537 629990
31840961 52190
39137686 1443237
34057540 151493
31901797 1217156
39137708 507189
39137777 8485
31862599 6968
46144876 12104
39137073 204475
39135646 296280
31845752 9026
31861536 322788
39137097 261451
39135830 6832
31869978 42613
39136012 187513
31877320 187524
31902798 102223
39137188 17882
31888655 28284
39136106 756479
31852555 51994
38022406 660149
31891322 51910
31865420 80515
1584673 2142
39136267 963659
39136311 283554
46144849 450943
39136347 402579
31852564 193148
39137223 294887
34073529 493383
39136508 1182548
39136528 102104
31876408 137996
31868999 197794
46144117 493376
31893916 79168
39136768 923722
31888625 446343
31888133 51079
31839823 58259
34019335 913811
39136867 362661
39136891 218906
33677967 597428
39137054 225446
38789800 99118
39137030 573858
29718919 360804
39137114 52147
39137127 307045
33876790 786755
39137298 50519
31850943 940258
31864537 100271
38028148 163481
39137259 101489
39137302 36679
39137307 295622
31843797 168670
31902654 145939
39137418 346564
39137446 295676
31862680 621385
31845625 147398
34047893 52923
33643090 298106
39137525 94515
31879275 1516
39137550 434486
39137354 144988
31882658 824028
46144874 874198
39136584 338860
31855883 344516
39137661 879260
39137671 102350
31836217 54406
39137677 218291
39137374 233106
38824104 341740
39137738 98320
46144706 54792
31868185 764555
31850406 181422
38050510 277189
31865026 496687
31839945 288413
31859442 339737
33943467 98092
39135832 542064
33949415 54826
31868976 336758
38029483 172030
31910634 285622
31840395 330818
46144846 109956
33949617 1312143
46144742 325721
39136638 97672
33676903 51361
31840393 423710
39136646 41919
31840402 148382
31860433 322431
39136857 334005
31869957 144989
31880951 681869
39136963 98276
31868978 334912
34073535 54660
31901855 345110
31861572 348206
39137296 682014
31901812 355111
39137959 224633
46144861 445147
38050517 518999
46144764 262006
34057645 100776
39136205 869911
31897453 651
31890267 110841
39136248 381140
34093670 144131
39136406 573977
46144794 182166
34036443 663912
39136468 1023317
31892926 659232
39135798 155437
31869882 376076
39135800 119439
31877098 461723
39135867 351862
33949675 92198
31901878 164896
31876085 181623
39135640 362463
31901847 314617
39136211 371900
39136265 345922
12837641 687344
31862386 230234
39136289 479285
39136392 793623
39136430 659848
31845643 52331
33676954 998841
39136568 318471
31845671 766709
31878203 106762
39137170 41709
39137506 43593
31888623 211889
15575371 1350269
3063398 91515
39135883 22250
46144736 218798
31910653 209912
15600123 176863
31868227 46497
46144848 1088397
31902499 174712
31897654 625934
31836645 47746
31851630 332422
31888555 431325
38021725 384484
39136701 193419
39136691 1020463
39136699 867299
46144722 94928
31855887 276659
31891562 399805
39136949 398095
39136972 952930
31861760 96397
39135629 35779
31868216 22782
31910659 327865
31868260 351808
39137666 94448
31890135 627231
31850030 240646
39136072 290916
39137118 94690
31893979 218185
39136349 228367
34096879 400744
39135644 90495
34014875 58120
31902400 327597
38812534 351435
33965862 240303
4630262 358131
39137380 531878
39137441 926560
39137451 318656
39137682 364369
39137688 166350
39136651 75957
31835322 93594
39137844 963507
39136649 89007
33949743 51086
39135695 332395
39136665 401505
39136742 1536057
31836687 224515
31852403 100825
39136902 228940
46144835 623552
39137475 675852
31836668 96438
39137543 2122846
39137838 36067
31850675 52566
46144751 346161
1505269 173966
31900857 34100
33993804 308519
39136840 363451
31897420 1631
39137190 345652
46144832 286404
31861681 39291
39137632 295773
39135871 841115
31852627 638551
31900859 21891
39137935 234445
31847703 39294
31882598 39295
31845721 634572
34073745 39296
46144669 270136
39136689 170838
39136801 21163
31891325 932625
39137481 52567
31867178 214371
33877483 533511
33643040 346711
31892236 54866
39137546 142862
39137533 187665
46144731 127551
39136943 145824
46144770 1336483
31855617 550956
38820120 308508
31866629 60116
31904390 98379
33956897 289058
31904423 633174
34026569 656318
33943113 132493
46144701 122516
31850641 325023
33943440 686128
34422814 269202
39136447 484370
38035495 116254
46144777 1100853
31853413 192301
39135861 318677
31871089 16633
31908707 39565
46144763 158339
31853419 370374
39136545 678130
31846876 96889
39135905 99776
39137483 147571
33949911 434300
46144122 312632
34073640 62878
39136386 110840
39136565 608579
39136120 117483
31889979 121059
31852551 72775
39136825 189268
21781816 117044
39137099 102963
31887205 5161
34057370 49102
46144863 105860
31839964 74792
39137822 48996
33857685 237960
46144714 82054
31895460 214574
4971014 233431
33677947 51719
31866540 434445
31882634 51431
39136336 54315
33642966 40899
31881487 141926
39136361 93664
31868013 127229
31890444 130283
39136491 1402
31902792 51524
39136532 391910
31860405 336586
39136558 17967
31866568 153672
31845623 107608
31902790 1607
31860429 51069
38812466 146125
33643054 144350
31910646 76285
46144103 145107
31852601 147167
38739050 135706
31839962 154625
31864517 50850
31869180 177264
39137351 218290
31836626 18042
31862261 41921
31882891 80421
39137652 218115
31850412 193101
39137748 554805
31866644 178581
31860453 76810
31868309 57676
31847790 179708
31860490 400123
31862270 36921
4735403 192373
39135932 238362
31866606 353764
39136316 141377
15892724 93320
39137139 52840
39137861 660797
38823909 228656
31836561 71288
34011358 44232
31864567 237895
46144862 54618
31888550 19011
46144674 338369
31846240 226290
39135924 62428
39136010 333654
39136685 139148
39136893 52570
39137230 85429
47904508 72602
39137541 165133
39137643 99583
31846882 37923
39135824 302126
39135842 297209
38779922 220544
31848388 36989
39136203 326800
33642927 580659
31843865 101384
31837072 22251
39135999 180837
39137309 152411
31868974 63648
39136355 52404
33868034 53473
31874518 221226
31888953 142067
39135822 51522
39135880 21713
31866534 92099
21708179 40952
31891731 98759
39135650 56377
39136300 338371
39136351 45765
39136671 148093
39136675 43408
39136681 17968
39137581 103861
39137415 109095
38812533 218887
31908100 121324
46144761 150245
39137804 269786
38759725 307149
39138038 99519
31848709 68705
31897428 41925
39137716 57570
31860362 121586
39136865 93168
39135744 90055
33949747 17884
39136191 126148
33993943 101653
39135966 52332
31847801 100177
33949802 74327
39136394 51594
31836636 75652
39137530 124602
35412312 117506
39136629 70251
39136631 342244
31859650 95895
33950085 102748
39136871 196282
39136873 213280
39137049 74931
31847839 6243
39135934 117407
31866659 282560
31844527 338572
31898038 230921
31888715 40038
31855615 109599
31868187 251737
31898006 246644
39137527 141257
31855644 177174
9346427 112307
31847761 433119
