14764334 14764336
14764334 14764337
46893 202264
22500008 22500009
22500011 22500012
22500015 22500016
2461035 3140350
22500018 22500019
9687879 9687883
9687560 9687563
22500021 22500022
14765767 14765769
22500024 22500025
22500027 22500028
669627 1413342
10663614 10663619
22500030 22500031
1533722 2392152
22500033 22500034
1342159 2215162
22500036 22500037
2157896 2899209
22500040 22500041
15011870 15011872
14766288 14766290
14778607 14778609
22500044 22500045
6426 58126
2502491 3171446
2266418 2986251
218106 669699
9687354 9687359
1092078 1956476
325241 879013
22500047 22500048
22466282 22466284
3333738 3751069
22500050 22500051
218226 669937
22500055 22500056
218233 670032
6643084 6643101
22500058 22500059
22500061 22500062
1344266 2218606
13281358 13281363
116939 376379
13315099 13315101
9720558 9720560
285462 796669
4646078 4653343
13306927 13306931
13288155 13288158
3204149 3661606
4995140 4995152
1674618 2512496
15509860 15509866
9680951 9680954
22500065 22500066
13360994 13360998
220083 677701
10615603 10615619
14768039 14768041
3034213 3539412
14762596 14762633
893194 1706444
13269066 13269070
324838 877988
9687956 9687959
1382 18411
9687107 9687109
92259 313631
409984 1046694
216930 661017
3453971 3830536
2587771 3224087
1188906 2063227
220084 677712
22500068 22500069
14762769 14762771
14768491 14768493
936356 1766858
2995399 3510932
14764230 14764232
207293 618308
4368789 4430795
790032 1577299
328829 892537
1399412 2274265
14771071 14771073
13315900 13315903
11513966 11513969
1326390 2197903
328723 892306
9071649 9071662
1290418 2167479
9687818 9687822
13326168 13326170
2741580 3333721
22500072 22500073
92188 313497
22500075 22500076
299 2241
323546 875300
9687800 9687803
9705707 9705711
14777587 14777589
22500078 22500079
14763961 14763963
13559335 13559341
9687548 9687551
14770087 14770090
10609864 10609872
13303722 13303725
14770104 14770106
1672243 2510838
669726 1413416
13410580 13410583
13522104 13522107
9462572 9462580
9687964 9687967
22500081 22500082
81517 283026
219929 677426
10711159 10711205
9687895 9687899
22500084 22500085
790483 1578721
15636 81073
13384862 13384865
14771520 14771522
3931068 4138091
304 2706
2322131 3026513
9687858 9687864
1721022 2556861
92259 313632
22500087 22500088
22500091 22500092
22500094 22500095
5246492 5246521
14771514 14771516
14771615 14771617
9720564 9720566
116942 376400
14778719 14778721
10711156 10711199
14764710 14764712
9687917 9687920
22500098 22500099
9687851 9687853
2619100 3247981
13405884 13405904
878722 1695403
9698928 9698931
662881 1405355
548115 1271280
22500102 22500103
22500105 22500106
92425 314237
22500108 22500109
14765595 14765598
14763452 14763454
22500111 22500112
13475796 13475800
21695508 21695515
2458680 3137063
15157437 15157439
22500114 22500115
13290657 13290659
22500117 22500118
1188905 2063222
22500121 22500122
790829 1579563
10555093 10555100
4646078 4653344
1378 18336
218177 669852
13507601 13507604
9720577 9720580
1770829 2585096
216928 660989
19353 110265
14772544 14772546
9720625 9720629
22500124 22500125
4279107 4368793
1616 19696
9720590 9720592
354170 949044
3507452 3862645
2438551 3120654
14778367 14778370
15000922 15000924
22500127 22500128
791821 1582582
14762761 14762764
334608 912411
22500130 22500131
220087 677729
4394272 4448118
2215307 2949233
1772342 2587316
22500134 22500135
497612 1183133
331647 903313
22500137 22500138
3317770 3739475
3136194 3611524
1342159 2215163
216880 660846
10634685 10634759
14764204 14764206
409471 1046059
125587 409439
125590 409472
14773223 14773225
9687808 9687812
324837 877981
9692195 9692201
4982795 4982803
22500140 22500141
1787975 2604134
22500143 22500144
22500146 22500147
14778064 14778066
22500149 22500150
330177 899980
22500152 22500153
9124871 9124875
220085 677720
9819980 9820058
220259 677884
2322131 3026514
2578676 3218088
9687939 9687943
9680940 9680942
9687716 9687719
22500156 22500157
14764315 14764317
308 2761
9687845 9687847
22500159 22500160
22500162 22500163
67320 255820
14765226 14765228
1533727 2392170
22500169 22500170
22500172 22500173
3956873 4154096
1955033 2726500
13322534 13322538
14769417 14769419
9756531 9756533
11169124 11169126
22473845 22473847
2618392 3247500
3878520 4104611
288458 803614
9686782 9686786
3380834 3778960
381707 990733
9687239 9687243
445250 1096214
237199 723042
45729 197068
22477095 22477097
808102 1610231
929507 1748834
22500175 22500176
22500179 22500180
9340099 9340125
1388800 2262665
3667544 3969355
1807086 2618744
14883641 14883645
9686395 9686397
22500182 22500183
13307475 13307479
816822 1622037
9722310 9722315
14763992 14763994
15125514 15125516
295420 817079
22500185 22500186
9695073 9695076
3790498 4042112
4442917 4484163
81670 283275
1096433 1962243
303938 833460
1593893 2451025
5753624 5753646
34953 138488
9688162 9688166
50922 215381
9686416 9686420
13265449 13265452
14778706 14778708
2127098 2874950
9697541 9697546
444928 1095785
22500188 22500189
9686653 9686657
9705620 9705623
9687116 9687118
2136496 2882726
2311566 3021526
14886464 14886468
390528 1001028
13270778 13270783
3057316 3553967
13267423 13267426
9687368 9687371
1000980 1850004
8004346 8004350
9686704 9686708
2573445 3213536
14771348 14771350
1615723 2465572
22500194 22500195
13311835 13311839
14763176 14763178
2568282 3207811
9686806 9686812
9691362 9691364
14778724 14778728
9723117 9723121
8004211 8004214
9686383 9686386
9687207 9687208
9705632 9705636
9686918 9686926
1600558 2452970
9686465 9686469
22500198 22500199
22500201 22500202
822220 1629582
22500204 22500205
14772129 14772132
3051586 3550494
142826 449551
22500207 22500208
3531499 3883096
4479063 4512085
9687269 9687273
1248704 2127286
1072685 1934471
22500212 22500213
14778733 14778737
8178037 8178041
81521 283098
9686404 9686408
5905607 5905614
821540 1628757
4771278 4771989
9686720 9686724
3078116 3567760
9707165 9707167
910733 1721068
3220333 3672750
14764836 14764838
298318 822231
9687336 9687339
10444955 10444959
22500215 22500216
14244262 14244266
14764921 14764923
15464580 15464587
22500221 22500222
9718172 9718175
213050 649032
649978 1391646
14765735 14765737
605138 1341881
13338540 13338543
22500224 22500225
2323544 3027297
604185 1341459
3018251 3528090
14080360 14080363
698999 1455582
22500228 22500229
22500233 22500234
83734 287865
11638189 11638195
22500236 22500237
2947776 3478042
677252 1420035
20719 117004
13503528 13503532
20252071 20252078
10439445 10439449
22500239 22500240
10623109 10623115
4397101 4450251
1731743 2565726
5003623 5003655
14762897 14762899
14767336 14767338
14765031 14765033
2647411 3267619
620 5390
1638108 2482097
214691 653414
2731886 3322514
5021111 5021136
697189 1453187
1342737 2217538
13294055 13294057
22500245 22500246
223844 694318
11645886 11645893
14768096 14768098
13349684 13349689
201656 602694
1441431 2309901
22500249 22500250
688921 1443815
1764245 2581918
22500252 22500253
22500255 22500256
14768208 14768210
110228 354402
7753345 7753347
22500258 22500259
681115 1434415
9694544 9694546
1397085 2271558
22500261 22500262
237729 724304
14764990 14764992
2310694 3021184
173199 534566
14768374 14768376
2769290 3354066
1898249 2680394
13300832 13300836
14768498 14768500
14768515 14768517
961799 1799379
22500265 22500266
214117 650652
2297998 3014205
1460492 2330781
46659 201553
1407031 2281808
14765006 14765008
688654 1443541
8427794 8427810
7494396 7494411
22500272 22500273
1443557 2311451
9720143 9720146
22500279 22500280
2323198 3027115
1973189 2745546
6511055 6511066
2612722 3242773
696556 1451327
14777904 14777906
5787042 5787070
50935 215693
863295 1676584
22500283 22500284
11042462 11042475
4514167 4539584
22500286 22500287
218178 669861
54515 223979
14769112 14769114
2369242 3063513
54655 224324
5538 48465
22500289 22500290
2314532 3023134
22500295 22500296
13306276 13306279
1457795 2328659
22500299 22500300
22500306 22500307
12552674 12552676
14011194 14011196
2212427 2947720
22500309 22500310
14767294 14767296
22500312 22500313
22500317 22500318
14769717 14769719
15830914 15830916
15830971 15830973
14770042 14770044
14778873 14778875
14777763 14777765
7372827 7372845
13308290 13308296
2550620 3198733
22500322 22500323
13327954 13327956
6932084 6932090
10672881 10672895
118303 379094
22500325 22500326
14764759 14764761
11248733 11248736
22500329 22500330
577435 1294086
13326740 13326742
101688 333316
13330007 13330009
2271559 2993652
8675771 8675778
9702260 9702263
2626824 3253918
14778862 14778865
6836352 6836365
1366 17194
14763907 14763909
22500332 22500333
949864 1780205
2651187 3270177
3963299 4158187
4656504 4662885
9705971 9705974
22500335 22500336
22500339 22500340
1672496 2511118
816 6412
5466758 5466789
10575601 10575607
1705170 2535807
930399 1750981
524350 1230118
227635 702555
237293 723354
9705987 9705992
9730350 9730353
2769291 3354081
13173440 13173445
22500343 22500344
14778842 14778844
159367 500153
10450626 10450631
13892258 13892260
13264949 13264951
5415364 5415368
222876 688879
14771719 14771721
1390657 2264060
14776052 14776054
50464 213686
370293 970284
22500346 22500347
1953434 2724995
1393484 2267062
216466 657384
22500349 22500350
22500352 22500353
7035873 7035891
22500355 22500356
5160868 5160899
1598578 2452461
10672874 10672882
10672898 10672903
14764780 14764782
686452 1440527
22500360 22500361
22500364 22500365
497521 1182742
9597991 9597999
6353962 6354004
1090173 1954721
952683 1783891
1575489 2434798
9703819 9703825
9703824 9703831
1576985 2436011
14772425 14772427
14772708 14772710
614 5312
2363178 3058701
22500368 22500369
13315244 13315246
613 5283
351916 940713
14772513 14772515
14776057 14776059
220840 680984
14772617 14772620
14765026 14765028
4213219 4324600
3340559 3756529
14772632 14772634
14763646 14763648
9721819 9721824
50923 215404
226711 701301
14772708 14772711
22500371 22500372
8948519 8948523
686475 1440547
9719405 9719408
52182 217697
11433615 11433621
22500374 22500375
1424966 2300200
223846 694330
22500378 22500379
6541897 6541907
2440944 3122845
14773128 14773130
9730475 9730482
14773216 14773219
14763956 14763958
5804400 5804442
312753 849024
9722676 9722678
1293336 2170972
13340647 13340650
94230 319644
218175 669838
22500384 22500385
9720417 9720419
10532016 10532027
13303589 13303600
22500387 22500388
949790 1780111
14775530 14775533
10682657 10682663
348300 935635
22500391 22500392
9665262 9665273
22500395 22500396
22500398 22500399
1341442 2214532
14775908 14775911
22500402 22500403
13359385 13359389
22500408 22500409
998821 1847785
22500411 22500412
3155848 3627086
827351 1640406
83535 287324
1248416 2126793
22500414 22500415
13364402 13364404
110640 356048
3048782 3548800
2289004 3009637
83733 287860
14766147 14766149
735154 1506600
14764352 14764354
14764733 14764735
14766319 14766321
3424513 3807075
14762921 14762923
4768682 4769353
12338656 12338659
2635391 3259034
385617 997133
2102 22467
1707499 2537880
14704718 14704731
6348187 6348195
385470 997027
660923 1402268
13369305 13369307
22500419 22500420
13495213 13495216
2458382 3136592
388776 999590
14766793 14766795
805257 1605272
443433 1092578
11131912 11131918
14766831 14766833
22500422 22500423
11640135 11640141
300370 825074
22500426 22500427
1606619 2456486
8364885 8364896
805255 1605249
7613274 7613279
7133844 7133865
438321 1085385
9757946 9757948
22500437 22500438
4392136 4446752
1868065 2667372
335894 918800
21867311 21867314
1725603 2561556
438320 1085370
22500441 22500442
2650067 3269735
384933 996602
8224516 8224541
22075 121110
120894 397949
3627085 3946101
967965 1807092
885845 1701468
11035030 11035044
3057052 3553583
22500444 22500445
22500447 22500448
1682097 2517229
22500451 22500452
983578 1826211
14776817 14776819
14763868 14763870
3531481 3883071
2107 22528
21976 120818
1712360 2542361
13318700 13318703
967966 1807100
886738 1701868
22500456 22500457
188187 580262
1016519 1868033
2539573 3194788
11648687 11648693
15668330 15668334
3275622 3713006
2566907 3206974
3650884 3960636
14768535 14768537
8515743 8515757
22500460 22500461
13302196 13302200
16879 87057
84089 289374
2435963 3118115
8741731 8741755
1635370 2480698
8741733 8741762
805256 1605259
22500463 22500464
14768686 14768689
162573 512471
11865948 11865956
14768706 14768709
13367685 13367687
14966534 14966537
83558 287414
14765001 14765003
21617946 21617950
4654072 4660783
2533213 3189730
21967 120785
14768884 14768886
5731851 5731915
302530 827172
22500467 22500468
3417727 3803339
22500470 22500471
22500474 22500475
22500479 22500480
84087 289356
14776625 14776627
4510880 4537027
289203 806812
14776871 14776874
3134587 3610416
22500483 22500484
21799 120323
9686537 9686541
520515 1223034
827347 1640397
1636753 2481060
14762453 14762455
14769434 14769436
2716 35262
314316 850373
15432258 15432260
6170310 6170333
2482599 3157021
4514035 4539488
14764775 14764777
4393940 4447902
3191751 3649768
13445189 13445191
13308277 13308279
4386167 4442611
1511545 2373598
723314 1484866
10096770 10096774
3135920 3611091
4163638 4293404
22500486 22500487
22500490 22500491
7663224 7663248
3011466 3524227
2482152 3156809
4643570 4651278
4179996 4303565
13343006 13343009
1638610 2482417
13364431 13364433
3048783 3548804
2963365 3488225
14763334 14763336
1600844 2453029
13309960 13309962
9686572 9686577
13271914 13271918
9046507 9046535
2481373 3155820
19830 112273
82327 284689
10330265 10330282
3468506 3841902
83671 287574
438065 1085245
385906 997466
121170 398128
22500493 22500494
1759393 2579695
10822781 10822794
4113339 4259284
4646742 4654023
2156211 2898018
10096743 10096745
3134664 3610426
18925 106428
674685 1416506
14771536 14771538
2481377 3155850
14771693 14771695
10667523 10667528
14762927 14762929
11454640 11454651
6170309 6170327
13311992 13311995
22500498 22500499
13369312 13369313
10667643 10667646
13364339 13364341
14771739 14771741
3311538 3734616
7363349 7363579
22500501 22500502
1591617 2448393
13327113 13327117
16242 83346
10821840 10821846
1413717 2286604
13292214 13292216
290116 808287
1948172 2721754
13400644 13400647
14763692 14763694
2722877 3314553
83397 287089
302012 826891
9715711 9715716
22500505 22500506
22500508 22500509
13361376 13361378
2667221 3280951
4747235 4748399
1845274 2649623
122726 402462
13314739 13314741
3138156 3613434
14772140 14772142
14772181 14772183
123559 405149
14778318 14778320
14772236 14772238
4734525 4735957
355360 951005
2113 22625
22500511 22500512
2101 22448
120887 397937
3188498 3647905
13314429 13314432
22500516 22500517
436669 1084332
15833106 15833108
4106233 4255194
910103 1720708
1868063 2667362
1748760 2573245
894304 1707119
21614525 21614530
10674639 10674646
13315292 13315294
10675518 10675524
13315889 13315893
11132446 11132450
14772668 14772671
15834555 15834557
22500519 22500520
289386 806879
3131283 3607765
290112 808275
4574740 4588395
2221785 2953791
14772866 14772868
9686448 9686452
299198 824066
2105 22507
15120027 15120030
22500523 22500524
22500526 22500527
390503 1000867
22500532 22500533
2455330 3134129
1748760 2573246
498504 1184764
22697 123839
1086085 1948192
18928 106454
123779 405310
10679199 10679203
22500536 22500537
1720691 2556469
22500539 22500540
300205 824908
2361132 3057042
22500542 22500543
1593894 2451037
384941 996614
331526 902986
14503876 14503883
14777473 14777477
14775219 14775221
1068930 1931913
580271 1297331
300620 825274
13327666 13327669
7007038 7007052
22500545 22500546
806627 1606680
10803612 10803631
805854 1605791
22500548 22500549
22500551 22500552
3005648 3520295
15179806 15179808
13292882 13292886
405398 1034743
7133845 7133868
22500554 22500555
3156410 3627698
14775663 14775665
13313736 13313740
9068707 9068720
302657 827387
10682657 10682664
13337788 13337790
84030 288437
13330041 13330043
22500558 22500559
9686676 9686681
13407899 13407901
13357117 13357120
169996 524351
18960 106504
1342605 2217305
10096586 10096591
1925640 2701806
13263245 13263248
22500561 22500562
13264989 13264991
9686553 9686557
11132446 11132451
9716048 9716052
10633092 10633098
22500564 22500565
22500567 22500568
2838462 3398768
22500570 22500571
14767306 14767308
22500574 22500575
13289657 13289659
14772013 14772015
13352361 13352364
22500577 22500578
216883 660877
288197 803349
12895110 12895120
14771531 14771533
9686518 9686524
2722877 3314554
9686596 9686599
9686998 9687005
10096770 10096775
3135582 3610884
22500581 22500582
9687257 9687261
9786499 9786511
899907 1710473
14764123 14764125
22500585 22500586
13315309 13315311
22500317 22500319
216371 656975
22500588 22500589
700986 1458862
22500592 22500593
22500595 22500596
4342948 4411132
826950 1639928
2481181 3155379
12856689 12856695
22500598 22500599
22500601 22500602
14763406 14763408
15836658 15836660
11965605 11965617
22500604 22500605
22500608 22500609
22500611 22500612
22500614 22500615
22500618 22500619
22500621 22500622
22500624 22500625
22500627 22500628
22500630 22500631
22500634 22500635
22500638 22500639
22500644 22500645
8275629 8275644
22500647 22500648
10660446 10660451
9702260 9702264
10711159 10711206
3622617 3943856
22500650 22500651
106422 350581
893693 1706850
13307911 13307914
14764607 14764609
14769041 14769043
14526388 14526398
14768350 14768352
13342485 13342487
1552337 2412253
2728650 3319520
14771931 14771933
22500654 22500655
14769623 14769625
13294701 13294704
732 6019
10565932 10565955
6858321 6858346
4995988 4995994
22500658 22500659
219341 673924
654044 1396860
13301748 13301751
2176153 2914695
931415 1754695
6433726 6433750
14775530 14775534
1393602 2267163
2667056 3280767
10492338 10492352
22500661 22500662
4287890 4373477
13289755 13289757
4889742 4889756
22500665 22500666
1422443 2297642
22500669 22500670
376656 980119
3440669 3816591
14772835 14772837
301337 826127
22500672 22500673
13302272 13302274
22500426 22500428
9705962 9705965
995210 1841909
22500675 22500676
9686480 9686483
1582070 2440598
9687202 9687204
22500678 22500679
22500681 22500682
9719572 9719576
9691355 9691357
355366 951014
13245131 13245138
15893236 15893238
14776046 14776048
6722011 6722019
4945832 4945844
9706844 9706846
14764334 14764341
14764334 14764342
46893 202270
22500008 22500010
22500011 22500014
22500015 22500017
2461035 3140354
22500018 22500020
9687879 9687891
9687560 9687572
22500021 22500023
14765767 14765772
22500024 22500026
22500027 22500029
669627 1413351
10663614 10663627
22500030 22500032
1533722 2392167
22500033 22500035
1342159 2215173
22500036 22500039
2157896 2899213
22500040 22500043
15011870 15011874
14766288 14766293
14778607 14778612
22500044 22500046
6426 58132
2502491 3171451
2266418 2986258
218106 669702
9687354 9687367
1092078 1956482
325241 879017
22500047 22500049
22466282 22466287
3333738 3751073
22500050 22500054
218226 669945
22500055 22500057
218233 670036
6643084 6643104
22500058 22500060
22500061 22500064
1344266 2218609
13281358 13281371
116939 376385
13315099 13315103
9720558 9720563
285462 796678
4646078 4653347
13306927 13306941
13288155 13288166
3204149 3661619
4995140 4995169
1674618 2512508
15509860 15509873
9680951 9680957
22500065 22500067
13360994 13361000
220083 677708
10615603 10615626
14768039 14768043
3034213 3539416
14762596 14762635
893194 1706446
13269066 13269076
324838 877992
9687956 9687962
1382 18416
9687107 9687112
92259 313653
409984 1046698
216930 661020
3453971 3830543
2587771 3224092
1188906 2063229
220084 677717
22500068 22500071
14762769 14762774
14768491 14768496
936356 1766867
2995399 3510936
14764230 14764235
207293 618314
4368789 4430803
790032 1577302
328829 892540
1399412 2274273
14771071 14771077
13315900 13315908
11513966 11513973
1326390 2197908
328723 892311
9071649 9071665
1290418 2167495
9687818 9687831
13326168 13326173
2741580 3333729
22500072 22500074
92188 313503
22500075 22500077
299 2255
323546 875309
9687800 9687807
9705707 9705722
14777587 14777593
22500078 22500080
14763961 14763965
13559335 13559343
9687548 9687559
14770087 14770094
10609864 10609882
13303722 13303730
14770104 14770109
1672243 2510844
669726 1413417
13410580 13410587
13522104 13522113
9462572 9462582
9687964 9687972
22500081 22500083
81517 283047
219929 677431
10711159 10711208
9687895 9687907
22500084 22500086
790483 1578725
15636 81104
13384862 13384869
14771520 14771524
3931068 4138101
304 2715
2322131 3026520
9687858 9687878
1721022 2556871
92259 313654
22500087 22500090
22500091 22500093
22500094 22500097
5246492 5246534
14771514 14771519
14771615 14771619
9720564 9720568
116942 376404
14778719 14778723
10711156 10711204
14764710 14764714
9687917 9687923
22500098 22500101
9687851 9687857
2619100 3247983
13405884 13405907
878722 1695409
9698928 9698937
662881 1405358
548115 1271285
22500102 22500104
22500105 22500107
92425 314240
22500108 22500110
14765595 14765603
14763452 14763457
22500111 22500113
13475796 13475805
21695508 21695516
2458680 3137072
15157437 15157441
22500114 22500116
13290657 13290661
22500117 22500120
1188905 2063226
22500121 22500123
790829 1579569
10555093 10555102
4646078 4653348
1378 18340
218177 669858
13507601 13507607
9720577 9720584
1770829 2585098
216928 661001
19353 110268
14772544 14772548
9720625 9720637
22500124 22500126
4279107 4368805
1616 19707
9720590 9720596
354170 949051
3507452 3862650
2438551 3120657
14778367 14778374
15000922 15000927
22500127 22500129
791821 1582589
14762761 14762768
334608 912416
22500130 22500133
220087 677733
4394272 4448125
2215307 2949236
1772342 2587319
22500134 22500136
497612 1183136
331647 903319
22500137 22500139
3317770 3739477
3136194 3611528
1342159 2215174
216880 660853
10634685 10634768
14764204 14764209
409471 1046064
125587 409454
125590 409481
14773223 14773228
9687808 9687817
324837 877986
9692195 9692205
4982795 4982814
22500140 22500142
1787975 2604150
22500143 22500145
22500146 22500148
14778064 14778070
22500149 22500151
330177 899986
22500152 22500155
9124871 9124877
220085 677727
9819980 9820062
220259 677895
2322131 3026521
2578676 3218097
9687939 9687952
9680940 9680944
9687716 9687725
22500156 22500158
14764315 14764319
308 2763
9687845 9687850
22500159 22500161
22500162 22500167
67320 255829
14765226 14765231
1533727 2392175
22500169 22500171
22500172 22500174
3956873 4154098
1955033 2726509
13322534 13322543
14769417 14769422
9756531 9756541
11169124 11169128
22473845 22473849
2618392 3247513
3878520 4104618
288458 803616
9686782 9686796
3380834 3778972
381707 990741
9687239 9687248
445250 1096231
237199 723048
45729 197092
22477095 22477101
808102 1610245
929507 1748843
22500175 22500178
22500179 22500181
9340099 9340127
1388800 2262674
3667544 3969357
1807086 2618761
14883641 14883653
9686395 9686400
22500182 22500184
13307475 13307485
816822 1622047
9722310 9722324
14763992 14763996
15125514 15125521
295420 817082
22500185 22500187
9695073 9695080
3790498 4042135
4442917 4484172
81670 283279
1096433 1962253
303938 833482
1593893 2451033
5753624 5753652
34953 138513
9688162 9688170
50922 215397
9686416 9686426
13265449 13265459
14778706 14778710
2127098 2874955
9697541 9697557
444928 1095806
22500188 22500192
9686653 9686663
9705620 9705629
9687116 9687121
2136496 2882737
2311566 3021534
14886464 14886473
390528 1001037
13270778 13270790
3057316 3553976
13267423 13267433
9687368 9687374
1000980 1850012
8004346 8004354
9686704 9686718
2573445 3213556
14771348 14771360
1615723 2465581
22500194 22500197
13311835 13311851
14763176 14763183
2568282 3207824
9686806 9686821
9691362 9691367
14778724 14778732
9723117 9723126
8004211 8004215
9686383 9686391
9687207 9687210
9705632 9705642
9686918 9686940
1600558 2452986
9686465 9686479
22500198 22500200
22500201 22500203
822220 1629594
22500204 22500206
14772129 14772139
3051586 3550503
142826 449561
22500207 22500211
3531499 3883104
4479063 4512089
9687269 9687277
1248704 2127290
1072685 1934476
22500212 22500214
14778733 14778743
8178037 8178045
81521 283101
9686404 9686415
5905607 5905617
821540 1628771
4771278 4771994
9686720 9686734
3078116 3567763
9707165 9707169
910733 1721080
3220333 3672753
14764836 14764840
298318 822237
9687336 9687345
10444955 10444965
22500215 22500218
14244262 14244272
14764921 14764927
15464580 15464588
22500221 22500223
9718172 9718182
213050 649036
649978 1391648
14765735 14765741
605138 1341887
13338540 13338548
22500224 22500227
2323544 3027298
604185 1341462
3018251 3528098
14080360 14080366
698999 1455586
22500228 22500232
22500233 22500235
83734 287867
11638189 11638208
22500236 22500238
2947776 3478046
677252 1420043
20719 117008
13503528 13503539
20252071 20252081
10439445 10439458
22500239 22500244
10623109 10623119
4397101 4450254
1731743 2565735
5003623 5003657
14762897 14762903
14767336 14767342
14765031 14765036
2647411 3267624
620 5411
1638108 2482104
214691 653436
2731886 3322531
5021111 5021144
697189 1453189
1342737 2217542
13294055 13294063
22500245 22500248
223844 694328
11645886 11645901
14768096 14768100
13349684 13349695
201656 602699
1441431 2309909
22500249 22500251
688921 1443822
1764245 2581920
22500252 22500254
22500255 22500257
14768208 14768213
110228 354404
7753345 7753350
22500258 22500260
681115 1434417
9694544 9694548
1397085 2271567
22500261 22500264
237729 724306
14764990 14764994
2310694 3021196
173199 534573
14768374 14768378
2769290 3354077
1898249 2680396
13300832 13300840
14768498 14768507
14768515 14768521
961799 1799392
22500265 22500271
214117 650666
2297998 3014213
1460492 2330783
46659 201567
1407031 2281817
14765006 14765011
688654 1443553
8427794 8427814
7494396 7494421
22500272 22500276
1443557 2311454
9720143 9720151
22500279 22500282
2323198 3027119
1973189 2745551
6511055 6511071
2612722 3242778
696556 1451334
14777904 14777908
5787042 5787074
50935 215697
863295 1676597
22500283 22500285
11042462 11042484
4514167 4539598
22500286 22500288
218178 669865
54515 223984
14769112 14769116
2369242 3063516
54655 224328
5538 48468
22500289 22500294
2314532 3023137
22500295 22500298
13306276 13306287
1457795 2328667
22500299 22500305
22500306 22500308
12552674 12552680
14011194 14011203
2212427 2947723
22500309 22500311
14767294 14767299
22500312 22500316
22500317 22500320
14769717 14769722
15830914 15830921
15830971 15830975
14770042 14770046
14778873 14778879
14777763 14777767
7372827 7372853
13308290 13308304
2550620 3198740
22500322 22500324
13327954 13327958
6932084 6932094
10672881 10672897
118303 379120
22500325 22500328
14764759 14764763
11248733 11248738
22500329 22500331
577435 1294097
13326740 13326747
101688 333329
13330007 13330013
2271559 2993653
8675771 8675780
9702260 9702268
2626824 3253922
14778862 14778869
6836352 6836367
1366 17206
14763907 14763911
22500332 22500334
949864 1780207
2651187 3270181
3963299 4158195
4656504 4662887
9705971 9705983
22500335 22500338
22500339 22500342
1672496 2511124
816 6417
5466758 5466795
10575601 10575609
1705170 2535810
930399 1750985
524350 1230120
227635 702558
237293 723356
9705987 9706003
9730350 9730357
2769291 3354090
13173440 13173451
22500343 22500345
14778842 14778847
159367 500162
10450626 10450633
13892258 13892261
13264949 13264956
5415364 5415369
222876 688885
14771719 14771723
1390657 2264068
14776052 14776056
50464 213707
370293 970288
22500346 22500348
1953434 2724997
1393484 2267068
216466 657389
22500349 22500351
22500352 22500354
7035873 7035893
22500355 22500359
5160868 5160902
1598578 2452467
10672874 10672893
10672898 10672909
14764780 14764784
686452 1440530
22500360 22500363
22500364 22500367
497521 1182745
9597991 9598001
6353962 6354006
1090173 1954729
952683 1783896
1575489 2434801
9703819 9703829
9703824 9703834
1576985 2436022
14772425 14772431
14772708 14772715
614 5325
2363178 3058706
22500368 22500370
13315244 13315248
613 5304
351916 940715
14772513 14772518
14776057 14776062
220840 680997
14772617 14772624
14765026 14765030
4213219 4324603
3340559 3756536
14772632 14772639
14763646 14763651
9721819 9721834
50923 215419
226711 701304
14772708 14772716
22500371 22500373
8948519 8948525
686475 1440556
9719405 9719412
52182 217701
11433615 11433625
22500374 22500377
1424966 2300203
223846 694335
22500378 22500383
6541897 6541910
2440944 3122849
14773128 14773134
9730475 9730492
14773216 14773222
14763956 14763960
5804400 5804445
312753 849031
9722676 9722680
1293336 2170975
13340647 13340658
94230 319661
218175 669850
22500384 22500386
9720417 9720424
10532016 10532030
13303589 13303604
22500387 22500390
949790 1780113
14775530 14775539
10682657 10682674
348300 935643
22500391 22500394
9665262 9665275
22500395 22500397
22500398 22500401
1341442 2214534
14775908 14775917
22500402 22500407
13359385 13359399
22500408 22500410
998821 1847795
22500411 22500413
3155848 3627093
827351 1640408
83535 287328
1248416 2126802
22500414 22500418
13364402 13364406
110640 356054
3048782 3548803
2289004 3009643
83733 287863
14766147 14766151
735154 1506603
14764352 14764358
14764733 14764741
14766319 14766324
3424513 3807080
14762921 14762926
4768682 4769357
12338656 12338662
2635391 3259039
385617 997142
2102 22480
1707499 2537882
14704718 14704735
6348187 6348202
385470 997034
660923 1402275
13369305 13369311
22500419 22500421
13495213 13495221
2458382 3136600
388776 999598
14766793 14766797
805257 1605275
443433 1092591
11131912 11131927
14766831 14766839
22500422 22500425
11640135 11640150
300370 825081
22500426 22500435
1606619 2456490
8364885 8364900
805255 1605254
7613274 7613281
7133844 7133867
438321 1085395
9757946 9757952
22500437 22500440
4392136 4446758
1868065 2667375
335894 918804
21867311 21867316
1725603 2561561
438320 1085382
22500441 22500443
2650067 3269738
384933 996609
8224516 8224542
22075 121125
120894 397952
3627085 3946105
967965 1807098
885845 1701473
11035030 11035046
3057052 3553589
22500444 22500446
22500447 22500450
1682097 2517235
22500451 22500455
983578 1826221
14776817 14776823
14763868 14763873
3531481 3883075
2107 22535
21976 120822
1712360 2542367
13318700 13318709
967966 1807104
886738 1701874
22500456 22500459
188187 580266
1016519 1868038
2539573 3194792
11648687 11648700
15668330 15668335
3275622 3713010
2566907 3206981
3650884 3960639
14768535 14768543
8515743 8515761
22500460 22500462
13302196 13302205
16879 87072
84089 289384
2435963 3118121
8741731 8741760
1635370 2480704
8741733 8741766
805256 1605270
22500463 22500466
14768686 14768696
162573 512474
11865948 11865960
14768706 14768716
13367685 13367692
14966534 14966541
83558 287420
14765001 14765005
21617946 21617952
4654072 4660785
2533213 3189733
21967 120797
14768884 14768891
5731851 5731930
302530 827182
22500467 22500469
3417727 3803342
22500470 22500473
22500474 22500478
22500479 22500482
84087 289370
14776625 14776629
4510880 4537032
289203 806818
14776871 14776877
3134587 3610417
22500483 22500485
21799 120331
9686537 9686547
520515 1223040
827347 1640405
1636753 2481064
14762453 14762457
14769434 14769440
2716 35284
314316 850379
15432258 15432262
6170310 6170336
2482599 3157023
4514035 4539498
14764775 14764779
4393940 4447911
3191751 3649778
13445189 13445194
13308277 13308285
4386167 4442616
1511545 2373602
723314 1484876
10096770 10096782
3135920 3611097
4163638 4293417
22500486 22500489
22500490 22500492
7663224 7663250
3011466 3524232
2482152 3156813
4643570 4651285
4179996 4303569
13343006 13343018
1638610 2482421
13364431 13364436
3048783 3548807
2963365 3488229
14763334 14763338
1600844 2453039
13309960 13309970
9686572 9686586
13271914 13271927
9046507 9046538
2481373 3155832
19830 112281
82327 284717
10330265 10330284
3468506 3841905
83671 287589
438065 1085255
385906 997471
121170 398136
22500493 22500497
1759393 2579698
10822781 10822800
4113339 4259289
4646742 4654027
2156211 2898023
10096743 10096750
3134664 3610431
18925 106450
674685 1416518
14771536 14771541
2481377 3155857
14771693 14771700
10667523 10667534
14762927 14762931
11454640 11454652
6170309 6170332
13311992 13312000
22500498 22500500
13369312 13369316
10667643 10667648
13364339 13364344
14771739 14771744
3311538 3734619
7363349 7363581
22500501 22500504
1591617 2448401
13327113 13327124
16242 83358
10821840 10821848
1413717 2286608
13292214 13292225
290116 808290
1948172 2721761
13400644 13400651
14763692 14763696
2722877 3314560
83397 287098
302012 826905
9715711 9715722
22500505 22500507
22500508 22500510
13361376 13361381
2667221 3280953
4747235 4748404
1845274 2649631
122726 402470
13314739 13314744
3138156 3613439
14772140 14772144
14772181 14772186
123559 405162
14778318 14778323
14772236 14772240
4734525 4735963
355360 951013
2113 22633
22500511 22500515
2101 22464
120887 397944
3188498 3647909
13314429 13314438
22500516 22500518
436669 1084341
15833106 15833110
4106233 4255195
910103 1720714
1868063 2667369
1748760 2573252
894304 1707125
21614525 21614535
10674639 10674656
13315292 13315298
10675518 10675536
13315889 13315899
11132446 11132457
14772668 14772675
15834555 15834559
22500519 22500522
289386 806890
3131283 3607771
290112 808279
4574740 4588398
2221785 2953800
14772866 14772872
9686448 9686458
299198 824084
2105 22519
15120027 15120035
22500523 22500525
22500526 22500531
390503 1000879
22500532 22500535
2455330 3134133
1748760 2573253
498504 1184769
22697 123850
1086085 1948200
18928 106465
123779 405314
10679199 10679209
22500536 22500538
1720691 2556471
22500539 22500541
300205 824919
2361132 3057051
22500542 22500544
1593894 2451041
384941 996616
331526 902991
14503876 14503887
14777473 14777482
14775219 14775226
1068930 1931916
580271 1297337
300620 825282
13327666 13327675
7007038 7007057
22500545 22500547
806627 1606682
10803612 10803633
805854 1605797
22500548 22500550
22500551 22500553
3005648 3520302
15179806 15179811
13292882 13292892
405398 1034757
7133845 7133869
22500554 22500557
3156410 3627704
14775663 14775668
13313736 13313750
9068707 9068725
302657 827399
10682657 10682675
13337788 13337792
84030 288444
13330041 13330045
22500558 22500560
9686676 9686691
13407899 13407903
13357117 13357127
169996 524359
18960 106524
1342605 2217315
10096586 10096602
1925640 2701822
13263245 13263252
22500561 22500563
13264989 13264994
9686553 9686566
11132446 11132455
9716048 9716062
10633092 10633109
22500564 22500566
22500567 22500569
2838462 3398784
22500570 22500573
14767306 14767311
22500574 22500576
13289657 13289662
14772013 14772023
13352361 13352368
22500577 22500580
216883 660880
288197 803353
12895110 12895123
14771531 14771535
9686518 9686536
2722877 3314561
9686596 9686606
9686998 9687019
10096770 10096783
3135582 3610889
22500581 22500584
9687257 9687267
9786499 9786520
899907 1710477
14764123 14764128
22500585 22500587
13315309 13315313
22500317 22500321
216371 656978
22500588 22500591
700986 1458866
22500592 22500594
22500595 22500597
4342948 4411134
826950 1639934
2481181 3155383
12856689 12856698
22500598 22500600
22500601 22500603
14763406 14763410
15836658 15836663
11965605 11965619
22500604 22500607
22500608 22500610
22500611 22500613
22500614 22500617
22500618 22500620
22500621 22500623
22500624 22500626
22500627 22500629
22500630 22500633
22500634 22500637
22500638 22500643
22500644 22500646
8275629 8275647
22500647 22500649
10660446 10660457
9702260 9702269
10711159 10711209
3622617 3943862
22500650 22500653
106422 350585
893693 1706860
13307911 13307920
14764607 14764611
14769041 14769045
14526388 14526403
14768350 14768355
13342485 13342490
1552337 2412261
2728650 3319522
14771931 14771935
22500654 22500657
14769623 14769629
13294701 13294708
732 6028
10565932 10565958
6858321 6858348
4995988 4995998
22500658 22500660
219341 673931
654044 1396870
13301748 13301757
2176153 2914701
931415 1754699
6433726 6433753
14775530 14775540
1393602 2267176
2667056 3280768
10492338 10492354
22500661 22500664
4287890 4373479
13289755 13289760
4889742 4889766
22500665 22500667
1422443 2297644
22500669 22500671
376656 980122
3440669 3816598
14772835 14772840
301337 826130
22500672 22500674
13302272 13302276
22500426 22500436
9705962 9705970
995210 1841910
22500675 22500677
9686480 9686488
1582070 2440601
9687202 9687206
22500678 22500680
22500681 22500684
9719572 9719583
9691355 9691361
355366 951017
13245131 13245141
15893236 15893240
14776046 14776051
6722011 6722023
4945832 4945848
9706844 9706848
