7925543 7925566
10094560 10094576
6228783 6228814
1396079 2269936
9950110 9950114
4157460 4289518
9879705 9879713
10895040 10895054
9428079 9428089
9838916 9838917
10004903 10004908
8595771 8595783
6768481 6768494
2187945 2926758
2443719 3125560
33252165 33252166
33129061 33129062
4595649 4606532
7856931 7856965
6810935 6810952
1780388 2596136
44461230 44461232
6880692 6880713
10093218 10093222
1563693 2422853
9974741 9974750
9985130 9985145
9932201 9932211
9929257 9929263
12323440 12323443
28482596 28482598
5041564 5041581
1715791 2550960
9906621 9906625
10084203 10084209
6951509 6951522
7402486 7402502
10013908 10013912
30328345 30328348
34983184 34983185
10088814 10088821
6557976 6558003
7974330 7974347
5025020 5025044
4587646 4599155
1841308 2647239
3290748 3721482
9068143 9068167
903467 1714279
9801332 9801333
28589336 28589337
6661780 6661789
8081994 8082011
8794127 8794140
9952477 9952501
7411672 7411694
15648298 15648302
28482535 28482537
3663229 3966453
2340690 3039913
6213094 6213110
28521541 28521542
1841364 2647266
40195699 40195700
7951709 7951771
8077004 8077030
31116159 31116161
9765604 9765621
9952388 9952396
9932373 9932380
8518711 8518718
6269424 6269452
7669772 7669783
9934655 9934658
11260836 11260841
9958224 9958233
3663231 3966482
2819306 3386132
7946780 7946795
1077357 1939363
28481906 28481909
31174140 31174142
5378412 5378428
9999749 9999753
1807973 2619585
10078485 10078497
31162087 31162089
8218327 8218350
4375006 4434818
9789884 9789894
7610470 7610475
4829180 4829275
10425795 10425799
44461313 44461315
6548251 6548269
28611140 28611143
9773115 9773122
6044504 6044514
7988044 7988052
8898649 8898653
9776963 9776970
10001155 10001163
6951516 6951527
6296003 6296008
9233651 9233663
47022214 47022215
34982519 34982521
9944030 9944041
10050360 10050366
10033402 10033409
4977419 4977436
4158276 4289970
6854261 6854269
36757874 36757875
28621465 28621466
45120271 45120272
2689401 3289272
28620456 28620457
1914012 2691509
28611565 28611566
40195644 40195645
8023685 8023699
9956558 9956561
23671611 23671633
7785986 7785999
9981891 9981894
6388913 6388940
28621585 28621586
28621154 28621155
7979232 7979237
6401732 6401741
31116176 31116177
6140768 6140784
12944728 12944734
9951659 9951668
47022216 47022217
46123970 46123971
6168112 6168162
5438835 5438907
9526293 9526318
9953134 9953144
795572 1585311
8072351 8072363
33129040 33129041
973135 1814192
4289944 4375304
34783728 34783729
11069685 11069694
4398909 4451341
30392608 30392609
10059856 10059866
192209 586858
31110186 31110187
12267229 12267241
7945554 7945575
7938806 7938820
7787300 7787314
2623597 3251218
2480481 3154894
3198893 3657874
7988057 7988063
9949604 9949607
4441954 4483487
8416906 8416912
7107402 7107412
10015811 10015814
6745646 6745663
1911886 2689396
3744993 4016587
4108604 4256889
11275787 11275795
10020425 10020428
9940376 9940386
9963696 9963704
10049585 10049597
7650168 7650177
1393178 2266799
3580465 3914891
28621354 28621355
2269902 2988207
3267521 3707635
8019971 8019989
28589334 28589335
9989178 9989189
4505815 4532343
2909176 3448275
8459839 8459845
10079696 10079710
10049593 10049599
6854266 6854270
7197999 7198014
4669226 4674875
9933081 9933084
4397408 4450502
10033974 10033978
9315504 9315521
40154534 40154535
34793282 34793283
6657028 6657042
31116164 31116166
2394021 3086858
40195630 40195631
1393177 2266784
28621936 28621937
30330521 30330522
34486493 34486494
650869 1393245
9995810 9995819
2394001 3086766
2117429 2864893
2691452 3290846
9940448 9940460
4613405 4623151
9429140 9429148
40631879 40631881
9947083 9947112
4363749 4426229
9968694 9968713
3226282 3676391
5216036 5216059
1451052 2321946
2170242 2911214
1774639 2590541
9953804 9953821
6189365 6189386
6189347 6189375
28462748 28462750
9803831 9803834
9765664 9765680
9854116 9854123
8325005 8325019
34453137 34453139
28462756 28462758
9942052 9942055
2623598 3251219
5069837 5069848
9995514 9995529
33251923 33251925
9977636 9977646
7300575 7300597
36687934 36687935
9927634 9927637
47022252 47022253
6610670 6610675
9799665 9799669
8411820 8411851
6133276 6133285
4505813 4532316
3739182 4012997
9108131 9108140
3802790 4050235
14565954 14565957
1077408 1939412
5182976 5183022
49090095 49090096
7836542 7836554
2623582 3251211
30374552 30374554
1812032 2623611
9892780 9892785
10076029 10076038
9988452 9988456
850034 1664976
8840258 8840280
10077800 10077803
1924724 2700878
774162 1558761
581876 1299572
424277 1066272
517340 1216924
518374 1218659
4505823 4532347
10052658 10052662
1522227 2380123
47022256 47022257
7938808 7938835
10055440 10055445
6125565 6125581
10053383 10053392
1939406 2713782
4123194 4265354
8753606 8753616
518412 1218759
34765746 34765747
24378058 24378061
28621525 28621526
9970314 9970321
9929916 9929919
15903367 15903374
45163 192229
9854124 9854150
9854119 9854139
28621417 28621418
9968130 9968133
9963575 9963577
3568542 3905937
1585356 2443812
10022051 10022058
7372152 7372195
6108466 6108481
8928132 8928144
3665479 3968144
15646533 15646540
9801674 9801679
11995059 11995063
9914114 9914131
3534249 3885134
28621528 28621530
44461185 44461187
1299650 2179285
9953231 9953235
7994019 7994028
9029851 9029857
34767213 34767215
1396078 2269914
15903375 15903379
9333154 9333174
8156019 8156029
6752598 6752606
12622292 12622295
1539536 2399452
2837708 3398138
10055935 10055939
32974578 32974579
5287221 5287248
49090097 49090098
8147105 8147128
6916909 6916925
9978579 9978588
4451344 4490309
4289909 4375281
2083681 2837704
40126853 40126854
23752146 23752147
47022281 47022282
28611310 28611311
5438889 5438951
9997096 9997099
8441252 8441264
8896868 8896874
9810083 9810093
9931369 9931374
2454525 3133477
5719633 5719682
9005517 9005520
9779416 9779426
2539462 3194698
9844404 9844409
3885101 4108567
3561011 3901347
9971693 9971697
928845 1741460
8051274 8051279
9791245 9791264
30392595 30392596
9844407 9844410
5646177 5646198
2577120 3216516
1539525 2399245
9985902 9985907
6977722 6977734
35532025 35532026
47022289 47022290
10085152 10085155
47022293 47022294
7389558 7389602
5093957 5093983
10088709 10088717
6168110 6168150
34352700 34352703
9940780 9940794
34981899 34981901
4478467 4511581
4441941 4483483
5713143 5713157
9765867 9765878
1316786 2187881
7951692 7951740
6058637 6058660
28389595 28389598
9967187 9967192
11175030 11175042
2835507 3396641
9385890 9385909
9888265 9888277
21683837 21683844
10050362 10050372
7913250 7913266
285029 796020
9858346 9858350
34983250 34983251
4504605 4531195
49090099 49090100
4998543 4998546
7902159 7902183
43310559 43310561
47022301 47022302
3079125 3568684
5388702 5388741
9641712 9641726
42502558 42502559
10021497 10021503
15982 82397
586007 1316722
33108828 33108831
28482803 28482805
36757876 36757877
7250909 7250926
9954505 9954510
23671590 23671623
9866509 9866515
30374661 30374662
3963375 4158274
31110152 31110153
7962145 7962157
4435153 4478456
9934947 9934958
5719604 5719628
8517184 8517199
8326451 8326458
12570503 12570516
11291184 11291189
10060065 10060067
1063024 1924979
515700 1214751
431890 1077392
164868 517379
165253 518408
586033 1316856
10093269 10093285
4076651 4231053
9803293 9803297
10064220 10064225
10035744 10035752
10071233 10071246
9942580 9942587
3792098 4043177
8379345 8379365
795612 1585395
9863692 9863697
9035955 9035964
33129676 33129677
9333198 9333210
2422511 3108297
10092617 10092624
10035779 10035788
2354062 3051639
31081709 31081710
5286757 5286802
49090101 49090102
8807318 8807325
2596112 3231237
45154 191647
47022320 47022321
2921747 3461146
9949627 9949635
9984175 9984187
8688099 8688115
10002708 10002716
9933663 9933671
9953529 9953541
4134798 4273587
6189342 6189363
7785989 7786009
40154520 40154521
9953504 9953517
6140790 6140802
6782766 6782775
40718378 40718380
4375289 4435097
5755990 5756007
3835773 4076668
9213772 9213791
5653781 5653798
4289946 4375314
9977910 9977917
170455 526111
4583656 4595662
6133055 6133075
9101593 9101610
40145375 40145376
34767734 34767735
2689399 3289238
9873755 9873766
9935240 9935242
49090103 49090104
586006 1316694
12630859 12630864
2838800 3398963
2393981 3086472
6866046 6866059
7650199 7650236
9928578 9928606
4289950 4375329
7650205 7650256
5134164 5134184
47022344 47022345
6644802 6644816
3290847 3721584
2187943 2926743
9976780 9976795
8798475 8798496
7668950 7668972
10071434 10071446
8599435 8599452
9766577 9766587
10061108 10061126
9985978 9985981
6682738 6682756
10002703 10002710
15653549 15653554
2623580 3251204
5135289 5135302
9931610 9931623
438379 1085476
8925327 8925331
6013307 6013327
9597299 9597317
6502830 6502850
3026388 3534255
33252285 33252286
28737313 28737316
15396156 15396159
3289241 3720681
3534250 3885148
12152078 12152092
1564210 2423234
3536629 3886271
2689546 3289324
28611572 28611575
5485074 5485086
4829243 4829347
126539 411798
5140082 5140113
44461188 44461190
34363057 34363060
31110195 31110196
8734632 8734643
9963572 9963576
1774641 2590567
9234737 9234748
9944289 9944312
9948418 9948431
8792286 8792300
9054039 9054055
10069868 10069874
10028567 10028575
9863780 9863788
10054354 10054363
41072 169725
8601516 8601535
9429142 9429151
43308700 43308702
1563566 2422607
46947217 46947219
5974945 5974966
8501384 8501395
5907308 5907369
28611735 28611737
47022349 47022350
4180982 4304245
31171585 31171586
9769211 9769218
3963413 4158326
8817778 8817783
49090105 49090106
6618775 6618799
28589330 28589332
10056957 10056960
9834122 9834128
9801578 9801581
28611145 28611150
9795416 9795425
10092644 10092650
6579973 6579986
10010972 10010975
9931399 9931410
2443765 3125621
272849 777324
28621281 28621282
10054258 10054266
9840867 9840875
9870689 9870702
4435114 4478434
47022353 47022354
9928075 9928082
7626357 7626383
10033578 10033583
5508794 5508813
6903795 6903825
11452989 11452997
9773113 9773119
3834300 4075991
10079384 10079388
1585242 2443738
28644376 28644377
11073863 11073869
3068859 3561036
7385948 7385959
28482945 28482946
1460420 2330701
4829138 4829204
4678801 4683372
30355246 30355247
2187960 2926956
5109598 5109604
28611529 28611533
9946127 9946141
30801495 30801497
8206427 8206460
9291727 9291732
8070853 8070862
9978952 9978960
31110139 31110140
224598 696464
9525961 9525987
10073335 10073342
285114 796195
46990326 46990328
8884626 8884636
9780531 9780533
38218629 38218632
39607706 39607710
9931150 9931160
9993988 9993991
4158256 4289915
7517675 7517692
7236083 7236094
6403719 6403728
2443717 3125550
4160272 4291514
4365532 4427736
1207260 2083701
9968687 9968690
32970630 32970632
4120484 4263692
6420578 6420593
6489009 6489026
586065 1316915
8870569 8870587
9955829 9955836
9961913 9961918
34982032 34982033
5025017 5025035
24364467 24364474
12034306 12034309
3125579 3602580
10090583 10090593
4435060 4478409
5810991 5811049
1774635 2590494
7301807 7301828
7754371 7754378
34983301 34983302
702586 1460444
9972780 9972790
9977489 9977496
4985155 4985182
8671443 8671448
5644972 5644991
3974187 4165142
6135763 6135792
34782803 34782804
5188455 5188472
6502463 6502472
6189404 6189408
28611577 28611578
9085171 9085184
9951361 9951365
6440555 6440561
3995704 4180980
8015685 8015708
9947944 9947949
6165196 6165240
44461253 44461255
1774640 2590560
4747561 4748773
9954435 9954447
9959327 9959335
3721548 4003632
9828389 9828394
30420329 30420331
6807802 6807818
28611551 28611553
9914112 9914116
9934293 9934296
3416575 3802792
8476588 8476591
3676351 3974210
8773298 8773307
5168740 5168770
5168773 5168784
10008955 10008959
10019173 10019177
3226268 3676366
8447799 8447809
8420828 8420834
5175365 5175394
47022385 47022386
9975509 9975521
3463515 3835613
49090107 49090108
7178864 7178881
8206426 8206448
5287253 5287288
9955273 9955283
10057224 10057230
3051637 3550550
8154618 8154638
10070014 10070019
9933068 9933079
9618442 9618460
12933316 12933320
47022389 47022390
10022272 10022277
3198930 3657917
6125538 6125549
5168490 5168512
10061764 10061768
9935457 9935460
126569 412026
4357864 4421674
8206470 8206478
7987593 7987611
28735528 28735530
4375007 4434827
9951277 9951291
9847383 9847397
4306935 4386925
3860437 4091135
1539528 2399315
6597022 6597051
6865003 6865041
28611781 28611783
10034122 10034131
2385436 3078316
8501342 8501363
49090109 49090110
2647236 3267528
9785488 9785491
5434173 5434210
4620876 4630100
9837778 9837788
6597078 6597127
10005447 10005454
9928365 9928377
37101780 37101784
3721545 4003614
4003609 4185450
11534629 11534633
9961885 9961891
9996916 9996924
9983964 9983968
9796235 9796238
7402489 7402513
6195881 6195912
8734613 8734628
9979276 9979284
8979755 8979762
4805614 4805871
10087970 10087976
8395933 8395956
7601815 7601831
5719621 5719664
10034117 10034124
1316783 2187871
11549740 11549751
8817761 8817776
6013309 6013342
28622129 28622130
3676349 3974203
28621358 28621360
10033580 10033588
7381404 7381409
8473379 8473384
9784952 9784958
7729122 7729132
9929000 9929014
9764441 9764446
8320216 8320232
9935570 9935585
3963389 4158309
9769213 9769223
2321917 3026365
9985715 9985724
1715790 2550910
9983267 9983275
49090111 49090112
5146860 5146889
5438789 5438814
1714423 2544311
6538091 6538108
4263712 4356712
8015691 8015721
6189367 6189392
9957497 9957500
34983104 34983105
8615734 8615745
12616305 12616314
9429131 9429139
30485748 30485750
5232622 5232678
49090113 49090114
4324638 4398901
7517672 7517683
5211627 5211662
34983411 34983412
9985679 9985691
8581114 8581127
9981716 9981722
14463662 14463668
4289924 4375283
2187987 2926997
5140084 5140125
28620600 28620601
1939410 2713786
4304197 4385432
8069246 8069253
28462693 28462694
5743936 5743955
4985193 4985212
10013674 10013682
22004875 22004880
49090115 49090116
6455584 6455603
12500487 12500492
1393183 2266822
9847001 9847011
4158258 4289933
2187976 2926970
6775488 6775530
10008611 10008620
9597286 9597303
44461194 44461196
28462764 28462766
9932154 9932167
1086829 1949270
6879926 6879937
1460421 2330731
28462627 28462629
10062427 10062446
9947081 9947100
9932546 9932552
7974338 7974350
4273564 4363858
36743440 36743441
2638890 3262356
650872 1393370
9778352 9778358
7472028 7472054
9938349 9938355
4977420 4977442
31151976 31151977
10071468 10071477
8541258 8541275
2393995 3086715
28428605 28428608
6939520 6939539
28462616 28462617
47022413 47022414
9791538 9791547
8453113 8453138
1774637 2590510
5438820 5438873
5453927 5453969
28611460 28611461
1586151 2444770
11236057 11236061
4746430 4747583
1011335 1861601
6924179 6924199
6865896 6865905
9975134 9975149
1539534 2399438
7517676 7517711
38053030 38053032
4158264 4289942
10009422 10009435
10070095 10070107
28611542 28611543
9793272 9793275
6782772 6782777
744370 1522140
8100115 8100132
10079234 10079239
41721863 41721866
5623395 5623425
6521593 6521614
9823109 9823112
31110161 31110165
9933073 9933080
9916204 9916209
4478415 4511537
9880107 9880112
9839300 9839306
3818228 4059985
6513044 6513058
3624275 3944591
30338192 30338193
7643302 7643335
8423123 8423130
10053052 10053058
11439935 11439943
34453217 34453219
6128595 6128607
6874036 6874051
2321987 3026394
34983342 34983343
9861411 9861415
101124 331811
4749905 4751076
47022444 47022445
30392604 30392606
9961888 9961893
9931572 9931579
9944085 9944113
9943120 9943130
8250091 8250112
6979238 6979256
7381372 7381390
10079477 10079486
9929692 9929703
10029114 10029119
15903372 15903377
9873189 9873197
2322043 3026423
5438792 5438852
34766968 34766969
9975243 9975247
10067146 10067163
4157466 4289520
8031169 8031192
10010968 10010971
5216017 5216033
47025669 47025671
586010 1316788
8177594 8177604
529017 1238456
3381961 3779614
3568612 3905985
9662636 9662653
10027009 10027032
12406516 12406522
1393305 2266875
8817746 8817766
6607959 6607978
6289032 6289042
9954525 9954541
9962975 9962987
1930802 2706993
9993250 9993258
7998008 7998022
14391269 14391272
445943 1097940
9489529 9489551
511998 1207255
4748768 4749918
5140154 5140221
7945556 7945591
7945705 7945721
47022461 47022462
6977725 6977755
10028201 10028204
40100808 40100809
3885152 4108618
586008 1316756
9841619 9841623
6279736 6279751
14362656 14362659
15369620 15369626
9954865 9954868
9956808 9956823
8691101 8691112
8291652 8291654
3885125 4108603
28611147 28611152
6744764 6744765
8883178 8883182
6273300 6273333
8015688 8015717
1251880 2130417
1807972 2619564
9953052 9953054
24401394 24401397
9859488 9859491
49090117 49090118
30342361 30342365
7381373 7381397
9932844 9932869
2895556 3438876
7395910 7395918
4540285 4559521
30374612 30374614
10080440 10080445
4338462 4408353
4408351 4457781
3657878 3963412
10080108 10080112
9999541 9999554
9972459 9972465
9965950 9965959
10928267 10928272
49090119 49090120
3194630 3651690
5453928 5453978
4375305 4435142
4599136 4609932
28482516 28482521
1914008 2691476
6189293 6189315
7678434 7678446
28483196 28483197
9978621 9978630
14355695 14355698
9930526 9930533
6896235 6896242
34793156 34793157
28481910 28481913
6165194 6165219
30314731 30314733
8291653 8291659
6741003 6741024
4375326 4435157
6977724 6977749
40185696 40185697
44461178 44461180
36752514 36752515
9939559 9939572
7997037 7997053
6231881 6231910
28473020 28473021
8774438 8774452
7874461 7874478
5508780 5508791
76463 272817
4323815 4398283
9995785 9995792
2152388 2895508
28611358 28611359
11235515 11235520
10059124 10059136
8884628 8884642
9983882 9983887
6630592 6630609
9776956 9776966
35388837 35388840
28611713 28611717
4273560 4363804
9955805 9955811
9856400 9856403
34983128 34983129
6507853 6507871
9934886 9934901
9798064 9798067
3963416 4158332
9928281 9928292
9934862 9934873
28611829 28611832
9943455 9943464
9859397 9859402
9932707 9932716
28462653 28462655
7567383 7567392
7246784 7246801
49090121 49090122
4511524 4537542
9953032 9953049
8290116 8290125
11193147 11193156
576558 1292465
3657857 3963380
9929920 9929926
1451054 2321954
10004447 10004462
6915153 6915177
9930276 9930280
10065763 10065768
10088707 10088715
28621830 28621833
4375284 4435066
9931811 9931816
6403722 6403739
7372154 7372235
586064 1316889
9108129 9108136
9899088 9899108
2597946 3232169
9474468 9474475
5606783 5606802
9931972 9931975
9803586 9803592
2571034 3210657
36700854 36700855
9933565 9933583
5140085 5140133
3568691 3906017
8469624 8469634
10082476 10082488
4471833 4505832
9622262 9622293
43308697 43308699
34430402 34430403
11461571 11461580
49090123 49090124
8576151 8576160
28483133 28483134
28602151 28602153
34768203 34768204
9801461 9801464
34766445 34766446
49090125 49090126
6951529 6951548
1807974 2619589
10073058 10073070
6867267 6867278
10073035 10073043
6740987 6740999
9930725 9930735
2187902 2926667
28481285 28481287
9841838 9841846
2691449 3290833
2399277 3090995
10035781 10035789
6977752 6977773
3935503 4141918
1914009 2691499
37560844 37560849
4273553 4363763
9950621 9950625
9969122 9969127
6594107 6594129
6597021 6597039
23671585 23671620
10067004 10067009
9935239 9935241
47022525 47022527
2187977 2926979
9953788 9953813
36685903 9811797
8554135 8554144
3503571 3860905
9779924 9779930
6111603 6111625
2422513 3108331
5253285 5253299
9803176 9803185
34463329 34463334
47022542 47022543
28482396 28482397
2988209 3503600
3438815 3815623
955894 1787017
6707669 6707688
8103282 8103292
28462689 28462691
5907281 5907295
9838454 9838462
41720891 41720893
9940782 9940817
28462770 28462772
5135292 5135306
4375309 4435147
9769654 9769657
10088710 10088720
10035771 10035786
9876386 9876392
2913509 3454804
10882274 10882280
36687961 36687962
9928716 9928729
8077002 8077025
6420993 6421002
36672702 36672703
9931817 9931827
9861063 9861066
28481915 28481916
5041613 5041630
10089981 10089987
8228141 8228161
2187948 2926815
4212353 4324230
6808576 6808597
4043183 4207881
9929839 9929843
7930992 7931014
28462774 28462776
8268099 8268118
9294836 9294848
7974255 7974271
9931344 9931363
6140787 6140796
36757852 36757853
6844816 6844840
8439542 8439559
6010501 6010521
30374680 30374681
7972871 7972878
11135731 11135737
3078278 3567989
8100112 8100127
5928711 5928731
9941660 9941670
10067682 10067688
4856781 4856843
9474461 9474470
1275502 2152400
6129979 6130003
7275510 7275519
6273297 6273322
47022585 47022586
9433515 9433528
7197997 7198009
9854252 9854257
8521979 8521986
6977739 6977765
9046179 9046191
6895320 6895330
8817743 8817757
9974470 9974474
2340691 3039925
8242036 8242046
9951155 9951158
15643812 15643816
5884163 5884208
835998 1646339
10067678 10067686
76466 272880
4125890 4267735
4306938 4386929
5041566 5041609
40156319 40156320
8989306 8989317
49090127 49090128
47022611 47022612
7610452 7610472
7372155 7372265
6735646 6735665
40190021 40190023
49090129 49090130
6666627 6666636
8652282 8652289
10082142 10082148
46125744 46125745
696364 1451207
32989529 32989530
9948402 9948414
38345383 38345385
10033283 10033286
1539535 2399446
9897871 9897881
512791 1209024
2187944 2926752
6170568 6170601
11298103 11298107
9969916 9969922
28482812 28482815
23671599 23671625
9785807 9785815
8792297 8792310
28611538 28611539
5283975 5284012
9934649 9934654
8328801 8328813
9843948 9843953
10021397 10021401
9489524 9489542
9981411 9981414
9843952 9843956
3657877 3963408
9950208 9950223
9845621 9845624
3963419 4158337
4745380 4746476
49090131 49090132
588912 1321265
9798589 9798592
28462781 28462782
34387878 34387879
215920 655028
4386753 4442950
9803098 9803099
1316789 2187886
31110214 31110216
2187957 2926937
8915754 8915771
411983 1049729
28601121 28601123
28851571 28851578
3720686 4003083
8242017 8242033
6643374 6643384
1393307 2266901
9945590 9945600
6140798 6140818
6925891 6925915
10092383 10092388
5438791 5438832
2838798 3398941
28621908 28621910
6724741 6724764
7189741 7189758
4289927 4375286
40156355 40156361
7239325 7239346
795605 1585353
4426226 4470447
28462656 28462658
5854808 5854835
7925540 7925557
6649517 6649525
6320597 6320631
5378414 5378430
11126691 11126703
2416857 3103767
4192041 4310742
47022652 47022653
5140088 5140150
40145379 40145380
10061106 10061115
6048521 6048532
3696083 3988253
9833378 9833386
47022393 47022395
431893 1077419
4623146 4632237
7536411 7536431
1322406 2193346
9761245 9761250
10095682 10095686
3463694 3835780
9770668 9770673
7511122 7511129
33112209 33112212
5355676 5355691
5528511 5528529
2986320 3502468
10008604 10008616
2988208 3503585
9841836 9841840
943900 1774688
3290841 3721553
4985205 4985215
2269905 2988218
8439118 8439123
9995873 9995887
3901296 4117908
15117033 15117037
3906014 4120530
15556125 15556131
6597010 6597033
6419818 6419833
4304194 4385409
10057357 10057361
3568655 3906012
7938824 7938864
9950062 9950070
12176141 12176146
4917454 4917475
31116204 31116208
6289061 6289074
24365268 24365270
9853633 9853637
9938441 9938444
3125567 3602550
126543 411875
9885655 9885672
777794 1564211
3653955 3962592
9973815 9973826
45158 191929
6326117 6326134
36759378 36759379
10009056 10009059
49090133 49090134
9990276 9990286
9803077 9803093
10827338 10827344
4050232 4212376
