33863057 22434768
30636218 30636220
31950434 31950441
31954681 31954693
30640284 30640285
32640730 32640735
33694203 33694205
32566457 32566465
28973277 28973288
31959365 31959372
32566582 32566584
30650103 30650105
31962579 31962587
31964079 31964088
45346238 45346240
30639982 30639984
31992968 31992977
32580322 32580330
31993456 31993465
33862083 33862087
31781981 31781988
32569806 32569818
15221723 15221736
28971585 28971592
31994251 31994255
34120702 34120706
32209542 32209549
32595669 32595671
33709408 33709413
32566419 32566427
30640127 30640128
28973463 28973472
31994782 31994788
31995200 31995207
32062258 32062263
31975153 31975161
33648035 33648043
30650812 30650817
32066815 32066821
32044232 32044237
31969161 31969167
30695873 30695874
32590680 32590683
30640222 30640224
15188889 15188896
39345009 39345011
31998064 31998072
32591037 28883224
30651309 30651310
32575918 32575923
30640636 30640640
35405889 35405893
32149992 32149996
30639987 30639990
28971576 13476700
39347482 39347484
31973111 31973120
32069829 32069834
32574307 32574311
32566596 32566602
32560171 32560177
32000923 32000929
32087738 32087744
33544180 33544184
33682888 33682892
32038022 32038030
30651606 30651609
31975018 31975024
32062198 32062201
28953891 28953896
32003742 32003750
31962290 31962299
39344623 39344625
31965561 31965570
28954056 28954063
28861293 28861306
28973348 28973356
32128915 32128923
36100709 36100714
28863748 28863759
31985173 31985183
32162326 32162332
41480552 41480554
32005247 32005253
36101386 36101390
32005694 32005700
32573958 32573962
28953929 28953946
30649996 30649998
30650065 30650069
28954000 28954013
34096130 34096133
30639586 30639590
15195990 15195999
28973258 28973262
30617523 30617524
28971491 28971505
33878269 33878272
31974581 31974589
30642465 30642469
30632990 30632991
33711737 33711742
31981992 31981999
32010543 32010549
36549928 36549930
28964217 28794586
45346709 45346711
39346908 39346913
15186456 15186471
33787139 33787141
31982580 31982590
30637702 30637704
32012710 32012717
32209551 32209558
33650754 33650757
31966711 31966717
30640217 28982128
31968451 31968456
32014372 32014376
31963029 31963035
30657965 30657967
30605804 30605808
30650198 30650199
30640585 30640588
36101636 36101640
31971439 31971446
32016039 32016050
32133350 32133360
32581467 32581473
31781967 31781979
32016675 32016683
28861326 28861332
31964103 31964112
32017505 32017509
36101592 36101595
31984726 31984733
33712012 1594284
30652823 30652825
28973427 28973434
33692675 33692680
33650600 33650603
33787440 33787445
33648158 33648162
15599446 654756
32020111 32020113
33656155 33656160
32160414 32160425
32038036 28787920
30666448 30666452
30614491 30614492
32020968 32020978
32576609 32576613
32560877 32560887
30637807 30637808
32581204 32581213
30650131 30650134
32023482 32023485
30644301 30644304
30650332 30650337
30647995 30647998
32089128 3465660
33792502 33792506
28971595 28971609
15210283 15210291
32163116 32163121
30649999 30650003
34086187 34086193
33712293 33712297
32577131 32577138
30638894 30638901
36097319 36097322
28835077 28835084
33696652 33696657
15186386 15186395
31956942 31956953
31961711 3280818
13446497 13446525
30650598 30650601
36097809 36097815
33712434 33712436
30691541 30691543
32029855 32029859
32577143 32577151
30640442 30640443
30644323 30644326
41723435 41723438
32026356 32026361
32062512 32062521
15185996 15186005
30640095 30640096
32031426 32031434
32581215 32581219
36101602 36101605
32031686 32031696
32086408 32086414
15192837 15192843
28971538 28971548
32032135 32032141
48468329 13494593
32033138 32033141
32133127 32133132
30605707 30605708
30672139 30672141
28973439 9725989
32573137 32573145
30690691 30690694
33712586 33712590
34096216 34096220
28971553 28971564
32035391 32035400
32568248 32568253
32090020 32090025
36101575 36101581
30694791 30694798
33877059 33877062
30657972 30657974
10650675 10650688
33710310 33710313
30691278 30691279
31987440 31987452
32122081 32122088
30617835 30617836
30607228 30607229
33861539 33861546
32037142 32037152
30639685 30639688
39344540 12216391
32037932 32037935
33799951 33799958
33712713 33712715
45991626 45991627
32077664 32077672
31975223 31975230
32584355 32584359
30657936 30657940
15198963 15198970
30700123 30700124
36101383 36101385
28973395 28973404
32579094 32579103
45344906 45344908
32579095 32579109
30640180 30640181
32210760 32210766
30682568 30682570
45340772 45340774
32578100 32578105
30640331 30640332
28944197 28944204
32044568 32044576
33648512 33648515
30607848 30607849
32044990 32045000
32572168 32572173
30684947 30684948
30646682 30646683
30646619 30646620
30646564 30646565
30684766 30684767
30646921 30646922
30646678 30646679
30646270 30646271
28863668 28863681
30650021 30650022
22078236 22078245
32595798 32595801
45344886 45344888
32046850 32046858
32190157 32190161
32049625 32049629
30651643 30651645
30691773 30691777
30656515 30656518
39344651 39344654
33701217 33701222
15189962 15189970
32051707 32051713
30641056 30641058
28944173 28944181
31973344 31973348
15208890 15208895
32602299 32602307
30656530 30656531
41480617 41480619
30606543 30606544
30666510 30666513
33677242 33677245
32055086 32055094
15189511 15189520
32160391 32160401
45991629 45991630
30667857 30667858
30672768 30672773
32064990 32064996
31976108 31976119
31955073 31955081
32056912 32056919
45337201 45337203
30700555 30700558
30644427 30644429
30607051 30607054
30670230 30670232
33650950 33650959
33677543 22149808
28973458 28973462
32122609 32122616
30640336 30640337
31960555 31960565
32022941 32022947
32568754 32568759
32059264 32059269
36542946 36542948
33832096 33832100
32134687 32134693
30696306 30696307
28785227 28785235
32121935 32121938
30639779 30639783
33650970 33650972
32062100 32062106
28973252 28973256
32137331 32137339
28973340 28973347
45344896 45344898
10626801 10626812
39195606 39195608
30650175 30650180
31967073 31967078
32085542 32085549
34095293 34095296
28861381 28861387
45343901 45343903
30614525 30614526
28954026 28954034
30674665 30674669
30611114 30611127
30683269 30683272
33714799 33714803
32051675 32051682
32010095 32010101
30699322 30699325
30648122 30648125
30694951 30694954
30623753 30623754
32066010 32066013
45346308 45346310
30650191 30650192
30682384 30682385
30641415 30641416
28861394 28861404
30658209 30658212
32067056 32067065
33651405 33651411
32067251 1513183
30642417 30642419
32067530 32067535
30640755 30640757
22174828 22174831
31960172 31960179
30674868 30674869
32068690 32068693
36539090 600557
32591002 32591007
4636608 4644649
30640398 30640401
32068910 32068922
30644305 30644306
32068872 32068879
32589946 32589950
32035753 32035759
31972591 31972601
33651423 4323536
32068881 32068888
32069984 32069988
28835065 28835070
30640651 30640653
33713796 33713806
30647907 30647909
28861411 28861423
28973474 28973480
32576909 32576912
31967004 31967010
31981093 31981100
30636879 30636882
30647782 30647785
28973482 28973490
28944151 28944158
28944183 28944191
32072334 32072342
30640269 30640270
14972687 14972713
30699320 30699321
32072655 32072662
30617572 30617573
30640343 30640346
32073108 32073115
45344665 45344667
31990273 31990282
30617712 30617713
30637928 30637932
35405936 35405940
32085230 32085236
28861429 28861437
48468355 48468356
32035825 32035831
32035827 32035834
41464703 41464706
30639677 30639679
30657960 30657964
28861491 6032985
32075613 32075620
32117485 32117491
32076160 32076164
36101565 36101568
32076715 32076721
28835050 28835059
30649959 30649963
45344625 45344627
28953906 21970679
31966691 31966698
32010545 32010556
28861439 28861446
28973518 28973523
33685527 33685531
45339876 45339878
41480336 41480338
39345269 39345271
30691770 30691772
48465868 48465869
30643414 30643417
22284055 22284082
41475856 41475858
30606921 30606926
31987473 31987487
45343441 45343443
30657582 30657586
30639627 30639629
34095328 34095333
32081079 32081083
31963136 31963145
32062941 32062945
32079167 32079172
32578136 32578143
28861158 28861162
30656576 30656580
48468358 48468359
15190813 15190820
30648113 30648114
32576624 723371
30650240 3526406
30647959 30647961
33789734 33789737
28971615 28971631
41480345 41480347
32084751 32084759
32084717 32084722
41479401 2290624
30657661 30657663
32086022 32086027
30675050 30675053
33677538 33677542
31981043 31981053
30657968 30657969
32086222 32086230
30635784 30635785
30618805 30618807
32087238 32087251
30646089 30646090
48468234 48468235
32579401 32579403
32088148 32088156
39350039 39350043
41649788 41649791
32090514 32090521
30647981 30647983
30699072 30699075
32092978 32092991
33801356 33801362
30637673 30637675
32165667 32165675
32574881 32574885
32097078 32097087
32063932 32063940
41477435 41477438
32585018 32585020
39348064 39348067
30691185 30691191
32568114 32568118
32099055 32099064
32101045 32101050
32101470 32101474
32063942 32063947
32026715 32026724
32101985 32101990
30699326 30699329
30641338 30641339
28971726 28971734
32102260 32102266
32640733 32640738
28776800 28776807
30691844 30691845
32137738 32137746
30658205 30658207
32574405 32574410
32149998 32150001
32105329 32105335
41481721 41481723
15190451 15190456
32099449 32099459
32105753 32105760
30640261 30640262
32047306 32047315
32105868 32105873
30640684 30640687
28954037 28954042
31966434 31966440
30650749 30650751
31963261 31963267
30623909 30623911
30650691 30650694
31962112 31962116
30650617 30650619
30644227 30644230
28973247 28973251
15209071 15209079
32143895 32143900
30695203 30695205
32106701 32106705
32106735 32106739
32062279 32062285
28953973 31644
30715245 30715246
33650146 33650149
31991951 301407
32108849 32108853
32079101 32079104
32109906 32109914
31983935 31983942
45343807 45343809
32110282 32110288
31972969 31972974
31972976 31972980
32561153 32561160
32110984 32110991
45346316 45346318
32183688 32183691
32068684 32068688
31963533 31963540
31963541 31963548
32062526 32062531
28971673 28971685
30640170 30640173
30641853 30641857
33711610 33711619
28861164 28861173
41668112 41668115
32113150 32113157
45344778 45344780
30636927 30636929
45346370 45346372
30652173 30652176
32114308 32114318
32114596 32114601
30684934 30684936
15196620 15196630
4938942 4938979
32115181 32115187
32115326 32115330
32115496 32115503
32209847 32209855
28971514 28971519
32116217 32116226
28863585 9549435
32150003 32150008
30700566 30700567
33945300 33945302
32116788 32116793
41479838 41479842
31977631 31977637
31980903 8676586
31802334 31802349
45336563 45336565
32118218 32118223
39345012 39345014
32115379 32115384
32118549 32118556
32120467 32120474
45340572 45340574
32602372 32602379
33715693 33715699
30640141 30640145
48465877 48465878
32603066 32603070
32102853 32102857
39347427 39347431
34096523 34096528
32199044 32199052
30691170 30691174
30623601 30623602
32121652 32121660
32113467 32113476
32121672 32121677
30667942 30667943
32608966 32608971
30640383 30640385
31962312 31962320
30640206 30640210
41461699 41461703
30695877 30695880
36101588 36101591
41479610 41479613
31973566 31973572
32121666 32121671
28953912 28953919
32120768 32120778
32120783 32120790
30658266 30658267
34096503 34096511
30624041 30624042
32080610 32080616
32120972 32120977
34095442 34095446
32075546 32075549
32204642 32204649
32561475 32561479
30657981 30657983
32035779 32035786
28954043 28954048
32121382 32121389
34096026 34096030
28973380 28973393
32001014 32001020
31960471 31960476
31964384 31964393
32568275 32568282
28861100 28861110
33650605 11722243
32122016 32122024
30640377 30640381
45344556 13269199
32182075 31946580
33651784 33651788
30655758 30655761
32123449 32123455
30650098 30650101
31943976 31943987
34117367 34117369
32132454 32132460
32124043 32124049
31966241 31966246
32126625 32126632
32125039 32125045
34094691 34094697
32577061 32577065
32125422 32125430
14902904 14902923
32125733 32125738
32125857 32125866
32126112 32126121
32209565 32209572
32080824 31804194
28965209 28965218
36067913 36067916
30640392 30640393
30618485 30618486
31981114 31981125
28861197 28861217
4906805 4906862
30652153 30652154
28861457 28861465
32569433 32569436
32161809 32161818
28785215 28785221
39344629 39344631
41480113 41480115
28863602 28863606
34095190 34095193
30610203 30610204
30639592 30639595
32604365 32604371
30644285 30644288
33695550 33695558
15210584 15210602
30640279 30640282
36101659 36101662
33650843 33650848
36652355 36652358
34120285 34120287
33677198 33677203
32589349 32589352
32199038 14470626
30618017 30618018
41470654 41470656
33801619 33801624
31961176 31961182
32131583 32131588
48468208 48468209
30650060 30650063
32131823 32131830
30640286 30640290
28973309 28973316
36099532 36099536
32121028 32121035
33682949 33682955
30640158 30640160
39344778 39344781
28944136 28944142
28835090 28835094
32134422 32134427
30639992 30639995
32134910 32134916
15204673 15204682
30663445 582378
32607697 32607705
30638216 15979
28863636 28863654
41481150 41481153
32583038 1608803
28965201 4543103
32136385 32136389
28971750 28971754
32590099 187850
32136919 213702
31985240 31985245
45860694 45860695
33650900 33650907
30640322 5696322
31981282 31981288
31964658 31964664
30701005 30701006
30650193 30650196
30650228 30650229
30676955 30676960
30650201 30650202
28971740 28971747
30643636 30643638
32139869 2656402
31961991 31961998
32567163 32567171
28971691 28971704
32140485 3984977
30640373 30640375
30698348 30698350
3133111 3609116
32584305 32584310
32183956 32183960
31987980 31987990
32141473 32141478
32062532 32062537
30638149 30638150
34095525 34095529
31967066 31967072
32609272 32609281
32581223 32581226
28835096 21820445
32077659 32077663
32145437 32145444
32146701 32146707
30640858 30640860
33694196 33694200
30650083 30650088
41480464 41480465
33787711 33787717
32146968 32146977
32038012 32038020
45345385 45345387
31974458 31974468
32147465 32147473
32560273 32560280
28973524 28973530
33838203 33838210
32148070 32148076
28954050 28954055
33945583 33945585
30650112 30650117
31963045 31963053
32148903 32148909
30654338 15828295
33649171 33649176
30657914 30657916
30640136 30640138
38712655 38712658
30650038 30650042
28861135 28861143
31964255 31964262
30640183 30640188
32151416 32151420
33716324 33716331
31987631 31987636
31990409 31990414
32151886 32151892
30638342 30638343
31989971 31989978
32577910 32577919
30638279 30638281
31984739 31984748
32152290 32152297
15190156 15190181
36100836 36100840
32153064 32153074
31965807 31965817
32153399 32153405
32120050 32120061
32066687 32066691
30647715 4516078
30679917 30679919
31963644 31963651
30666454 30666458
34095914 34095919
32155163 32155167
48468086 48468087
30650052 30650055
29747316 29747317
30640247 30640248
32156554 28954821
33681564 33681568
32576220 32576224
33716464 33716468
32157052 353597
36100731 36100734
28953902 28953904
30640097 30640100
30636135 30636136
30683152 30683153
30691286 30691287
48468130 48468131
30640680 30640681
30667833 30667835
15186665 15186674
32068680 32068683
39347406 39347408
28971567 28971572
28944217 28944227
31967506 31967511
32160375 32160383
30640366 30640371
32160617 32160625
39344212 39344216
33938050 33938053
45345520 45345522
45339996 336745
28971660 28971670
32161602 14706485
39344636 121659
30650138 30650143
28799588 28799595
33838441 33838445
32162201 32162204
30644307 30644310
30644253 30644256
30650023 30650028
30617207 30617209
30640388 30640390
33648884 33648887
33701196 33701198
32163186 32163191
30617821 30617823
39345207 39345209
30647891 30647892
30640405 30640407
32580515 32580521
32165431 32165436
32165452 32165456
13498126 13498171
33690957 33690961
28971713 28971724
28942268 28942271
34095505 34095507
30650118 30650121
32118527 32118534
32209839 32209845
30659545 30659547
30664337 30664338
30623904 30623905
41480571 41480573
28861335 28861350
30650182 29715859
32167211 32167217
31958498 31958508
30650071 30650073
28973370 28973378
45344977 45344979
28861174 28861179
30644525 30644526
28971521 28971530
30652162 30652163
30618503 30618505
31963037 31963043
30639705 30639708
30640122 30640125
32170061 32170068
28888846 28888859
15213812 15213821
32167314 32167318
32005340 32005348
28861116 28861126
32209249 32209257
28861181 28861194
39344383 39344387
32012559 32012564
32062265 32062270
30614824 30614825
28863716 28863728
41664907 41664910
39347041 39347046
41699990 41699992
32065665 32065673
36544042 36544046
45346269 45346271
22241199 22241214
30650658 30650660
32029651 32029662
22116528 22116541
15213438 15213446
28944230 28944237
32030438 32030446
32173459 32173464
28861281 28861290
31985331 31985343
31986620 31986629
31983994 31984006
15188277 15188286
32176316 32176320
41479885 41479887
32174750 32174755
32569398 32569407
33647510 33647512
32594534 32594537
28888836 28888842
33651270 33651274
28855382 28855387
32175532 32175540
32040495 32040501
28971756 28971767
33808529 33808531
32606350 32606356
32059958 32059965
28861353 28861369
30638313 30638317
32176553 32176558
28971643 28971658
32177047 32177056
32177111 32177115
30714498 30714499
30674316 30674318
31972456 31972464
32567512 32567517
32070517 32070524
22089194 22089200
15205952 15205964
31794495 31794512
33838373 33838381
32178481 32178487
39191158 39191163
32178878 32178885
32178981 32178990
30650107 30650110
28861371 28861379
38633416 38633419
41723445 41723448
32179422 32179431
32179607 32179612
30657995 30657999
31959483 31959493
31968464 31968468
32090027 32090031
41480683 41480685
28861263 28861274
39344791 39344796
33703566 33703568
32181534 32181538
32569415 32569421
30640190 30640192
31976700 31976707
1667500 2506913
31966007 31966013
41480248 41480250
32018217 32018222
32183322 32183327
36100724 36100726
45345193 45345195
41480504 41480506
32077716 32077722
30639227 30639232
15229514 15229522
32183716 32183724
28954014 28954020
32068698 32068703
32184139 32184144
32184295 32184304
30640339 30640342
31964988 31964995
34096158 34096161
30650032 30650036
32184912 32184917
45345254 45345256
32143901 32143906
34128808 34128815
32087393 32087401
31990954 31990960
30643304 30643307
28861497 28861508
32592351 32592354
41481429 41481432
32185596 32185601
32196704 32196712
15182970 15182978
30657951 30657956
30640080 30640085
15198168 15198176
32186261 32186270
32596052 32596054
32589354 32589357
30640724 30640726
30650203 30650211
31991523 31991531
31973583 31973590
45345122 45345124
33650988 33650996
45343853 45343855
32590638 32590643
32186998 32187014
32187099 32187107
32187130 32187136
32187230 32187244
28861150 28861154
45345421 45345423
28861470 28861482
39350546 39350552
32062760 32062764
28973300 28973304
34102034 34102038
39347401 39347403
32209574 32209578
32121451 32121457
32198285 32198293
31981798 31981808
45344668 45344670
32188158 32188162
30690766 30690769
32167469 32167476
36101596 36101601
32188616 32188622
32578472 32578475
28888865 28888867
30640214 30640216
36101257 36101261
28861233 3050974
31967123 31967128
30640815 30640818
30638302 30638306
30617710 30617711
28863656 28863663
15204066 15204076
15209872 15209879
41475723 41475725
30640708 30640711
32063948 32063954
28973233 28973240
31962456 31962464
30640256 30640259
28944119 28944125
32062210 32062216
15190153 15190171
30612454 30612456
33648906 265910
33861079 33861083
30623469 30623470
30641554 30641555
30616970 30616971
30640762 30640764
15262739 15262748
32046732 32046738
48468232 48468233
32197270 32197274
28861314 28861324
15212035 15212046
34096385 34096387
15195811 15195815
31969199 31969203
30711088 30711091
47771034 30655958
30655954 30655958
32642004 32642012
32200087 32200093
32162319 32162325
32200371 32200374
32209580 32209585
15196656 15196670
32201037 32201041
31968731 31968737
31968041 31968048
39347641 39347644
28944239 28944245
31964185 31964196
41479209 41479212
28861519 28861524
32202724 32202729
28944127 28944133
33697253 33697257
28973536 28973543
32203995 32204005
28793723 28793731
32204499 32204504
32116765 32116771
32110008 32110016
32205114 32205119
30617118 30617119
28944144 28944149
31985276 31985283
34127505 34127508
30650188 30650189
32205873 32205880
30638242 30638244
28942102 28942111
32206507 32206511
30640249 30640254
45343861 45343863
41649928 41649930
30650220 30650225
32207311 32207318
30650044 30650047
32207908 32207917
31962901 31962911
45346738 45346740
30650611 30650614
32208102 32208112
45346033 45346035
30640333 30640335
30684334 30684335
32208132 32208136
32208090 32208097
32594553 32594556
33703963 33703964
45344813 45344815
30607734 30607737
31963282 31963288
33956696 33956699
32576537 4568228
41479405 41479406
31962436 31962442
15183151 15183160
22200838 22200847
30617427 30617429
30648089 30648091
48468081 48468082
45344726 45344728
45346030 45346032
