37303205 37303207
37494516 37494518
37179495 37179497
37356300 37356302
37308107 37308109
37332727 37332729
37334385 37334387
37238664 37238666
37238655 37238657
37308035 37308037
37201941 37201943
37228560 37228562
37356294 37356296
37331568 37331570
37334155 37334158
37334350 37334352
37310176 37310178
37334381 37334384
37310173 37310175
37335301 37335303
37623097 37623099
37331545 37331547
37562184 37562186
37201743 37201745
37590121 37590123
37210767 37210769
37214500 37214502
37562190 37562192
37334287 37334290
37199850 37199852
15950228 15950231
37256016 37256018
37127544 37127546
37217045 37217047
37303202 37303204
37324299 37324302
15942347 15942350
15942851 15942855
15955899 15955903
37324277 37324280
15953539 15953543
37562187 37562189
37324288 37324291
37303297 37303299
15979314 15979318
33752397 33752399
37646971 37646974
37258974 37258977
15955260 15955265
15911146 15911151
37559330 37559333
1758806 2579021
37526131 37526134
15915044 15915047
37298713 37298715
37348644 37348646
37386896 37386898
37516967 37516969
37516973 37516975
37152501 37152503
37340950 37340952
15976860 15976863
37334294 37334297
15976702 15976705
37339511 37339513
37238649 37238651
37238652 37238654
15917895 15917898
37270253 37270255
15978417 15978420
37127547 37127549
37590115 37590117
37296392 37296394
37590142 37590144
37590130 37590132
37590124 37590126
37355491 37355493
37132620 37132622
37494883 37494885
37334088 37334090
37334082 37334084
37334094 37334096
37334260 37334263
37333654 37333656
37662521 37662523
37373914 37373916
37662898 37662900
37238661 37238663
37238658 37238660
15905579 15905582
37424437 37424439
37424449 37424451
37424443 37424445
37534269 37534271
15907079 15907082
37252755 37252757
37252749 37252751
37308080 37308082
37210797 37210799
37210761 37210763
37308059 37308061
37308050 37308052
37308041 37308043
37308092 37308094
37308044 37308046
37308095 37308097
37308086 37308088
37308068 37308070
37308083 37308085
37308047 37308049
37308098 37308100
37308089 37308091
37308062 37308064
37308053 37308055
37308065 37308067
15928105 15928110
37334249 37334251
37334266 37334268
37257593 37257595
37335265 37335268
15919121 15919124
37333537 37333539
37333567 37333569
37252740 37252742
15964098 15964102
15964105 15964109
15966822 15966826
15912241 15912245
15921917 15921921
15921850 15921854
15921939 15921943
37333564 37333566
37201740 37201742
37372697 37372699
37651121 37651123
15934623 15934629
37646434 37646436
37392023 37392025
37313120 37313122
37634188 37634190
37203893 37203895
37614476 37614478
37614482 37614484
37307688 37307690
37199865 37199867
37307700 37307702
37228557 37228559
37424452 37424454
37230600 37230602
37230603 37230605
37230606 37230608
37230609 37230611
37230612 37230614
37424434 37424436
37335696 37335698
37516698 37516700
37199862 37199864
37199847 37199849
37228563 37228565
37243393 37243395
37334100 37334103
37334105 37334107
37210770 37210772
37214503 37214505
15919738 15919743
15919740 15919746
37364231 37364233
15942410 15942414
37318240 37318242
37590139 37590141
37559345 37559347
37334058 37334061
15917080 15917083
37334308 37334310
37210788 37210790
37303208 37303210
37296407 37296409
37622116 37622118
37132605 37132607
37548950 37548952
37619266 37619268
37334335 37334337
37402312 37402314
37210171 37210173
37334301 37334304
37372703 37372705
37402306 37402308
37210988 37210990
37509675 37509677
37500109 37500111
37334152 37334154
37196544 37196546
37334148 37334151
37334347 37334349
37334343 37334346
37517166 37517168
37517160 37517162
37517163 37517165
37517157 37517159
37402309 37402311
37335294 37335296
37310396 37310398
37646968 37646970
37288968 37288970
37265187 37265189
37265193 37265195
37265196 37265198
37265181 37265183
37265184 37265186
15953734 15953737
37334074 37334076
37312275 37312277
37256019 37256021
37256028 37256030
37334085 37334087
37334091 37334093
37257596 37257598
37646979 37646981
37318243 37318245
37544914 37544916
37126760 37126762
37248614 37248616
37366726 37366728
37494732 37494734
37585838 37585840
37456451 37456453
37298707 37298709
37355494 37355496
37363393 37363395
15939460 15939463
37180899 37180901
37088903 37088905
37324282 37324284
37644813 37644815
37339517 37339519
37339520 37339522
37339496 37339498
37339505 37339507
37307691 37307693
37307694 37307696
37307697 37307699
37628038 37628040
37334324 37334326
37117229 37117231
37201724 37201726
37210794 37210796
37256022 37256024
37256025 37256027
37256013 37256015
15940919 15940922
37298359 37298361
37298362 37298364
37572191 37572193
15957695 15957704
37411965 37411967
37322671 37322673
37634185 37634187
37324255 37324257
37355503 37355505
37559342 37559344
37307246 37307248
37307252 37307254
37307255 37307257
37307249 37307251
37307258 37307260
37307261 37307263
37352418 37352420
37352406 37352408
37352409 37352411
37424446 37424448
37300544 37300546
37300547 37300549
37241340 37241342
37374902 37374904
37374899 37374901
37183985 37183987
37183991 37183993
37214958 37214960
37088817 37088819
37311701 37311703
37603357 37603359
37388932 37388934
37396498 37396500
37646976 37646978
37614488 37614490
37662524 37662526
37662518 37662520
37513724 37513726
37126763 37126765
37312278 37312280
37132382 37132384
37296395 37296397
37199835 37199837
37628032 37628034
15911960 15911964
37324285 37324287
37324293 37324295
37324296 37324298
37196547 37196549
37310212 37310214
37127474 37127476
37310117 37310119
37340959 37340961
37526125 37526127
37334065 37334067
37334062 37334064
37334068 37334070
37296401 37296403
37296404 37296406
37310228 37310230
15929697 15929700
37126067 37126069
37126070 37126072
37358857 37358859
37300541 37300543
37303300 37303302
37234218 37234220
37323712 37323714
37124265 37124267
37333549 37333551
37372700 37372702
37559339 37559341
37230122 37230124
37312269 37312271
15961788 15961791
37586685 37586687
37322947 37322949
37210174 37210176
37263993 37263995
37241343 37241345
37137165 37137167
37312272 37312274
37277198 37277200
37277201 37277203
37230971 37230973
37199859 37199861
37592297 37592299
37334239 37334241
37586688 37586690
37586691 37586693
37307938 37307940
37600910 37600912
37193015 37193017
37231260 37231262
37299647 37299649
37126955 37126957
37126958 37126960
37126961 37126963
37210791 37210793
37322944 37322946
37334377 37334380
37200325 37200327
37307941 37307943
37393510 37393512
37494880 37494882
37651002 37651004
37494877 37494879
15979957 15979960
15915965 15915968
37203890 37203892
37603354 37603356
37214497 37214499
37603366 37603368
37189764 37189766
37456615 37456617
37335258 37335261
37334365 37334368
37201718 37201720
37152605 37152607
15972562 15972565
37625394 37625396
15965368 15965371
15914548 15914551
15960058 15960061
15956535 15956538
37207493 37207496
15972476 15972479
15972543 15972546
37456346 37456348
15961803 15961806
15961807 15961810
37456621 37456623
37590136 37590138
37622119 37622121
15972457 15972460
15960549 15960552
37202728 37202730
37183862 37183864
37277498 37277500
15976755 15976758
15976822 15976825
37179890 37179892
15959241 15959244
37202731 37202733
33752382 33752384
37261504 37261506
37201721 37201723
37203635 37203637
15978133 15978136
37261556 37261558
37524356 37524358
37311899 37311901
37635003 37635005
15928306 15928309
37519026 37519028
37202707 37202709
37334142 37334144
37334321 37334323
37456627 37456629
37634591 37634593
37647239 37647241
15974696 15974699
15977716 15977719
37456343 37456345
37169458 37169460
15946537 15946540
15973709 15973712
37203774 37203776
37562814 37562816
15927678 15927681
15957035 15957038
37288971 37288973
15956956 15956959
37502630 37502632
37418024 37418026
37625685 37625687
37306970 37306972
37286519 37286521
15966923 15966926
37456603 37456605
15960918 15960921
37232675 37232677
37334186 37334188
37456906 37456908
37331018 37331020
37261510 37261512
37608197 37608199
15906556 15906559
37544128 37544130
15906564 15906567
37334189 37334191
37334222 37334224
15938878 15938881
15959513 15959516
15958713 15958716
37183988 37183990
37334145 37334147
37603363 37603365
15908540 15908543
15916582 15916585
15972551 15972554
37203708 37203710
37189215 37189217
15961792 15961795
15926231 15926234
15921894 15921897
15972539 15972542
37334311 37334314
37499592 37499594
37509672 37509674
15918761 15918764
37201712 37201714
15906552 15906555
15965704 15965707
37587743 37587745
37210776 37210778
37261513 37261515
37261501 37261503
15950542 15950545
37227926 37227928
15978688 15978691
37517066 37517068
37334280 37334282
37201667 37201669
28709590 28709598
37456639 37456641
37314908 37314910
15906560 15906563
15907877 15907880
37456322 37456324
15936889 15936892
37558302 37558304
15955415 15955418
37183859 37183861
15939605 15939608
37419248 37419250
15912182 15912185
15912186 15912189
15912178 15912181
15912174 15912177
15966931 15966934
37519029 37519031
37302035 37302037
15967056 15967059
15966919 15966922
15966021 15966024
15966035 15966038
37269617 37269619
37199277 37199279
15979363 15979366
37334228 37334231
37189197 37189199
37189209 37189211
37189218 37189220
37189224 37189226
37189203 37189205
37334139 37334141
37179492 37179494
15930505 15930508
37118136 37118138
37118139 37118141
37332730 37332732
15954595 15954598
37609685 37609687
37314448 37314450
37337185 37337187
15945169 15945172
37513721 37513723
15962286 15962289
37456894 37456896
15972569 15972572
37387824 37387826
37332718 37332720
37387815 37387817
37387818 37387820
37387806 37387808
37456337 37456339
37387827 37387829
15937530 15937534
37341648 37341650
15940014 15940017
37366708 37366710
15959704 15959707
15918457 15918460
37334318 37334320
15955766 15955769
15922280 15922283
15910422 15910425
37335277 37335280
37366729 37366731
15977423 15977426
37585841 37585843
37203727 37203729
37363384 37363386
37592683 37592685
37302023 37302025
37401175 37401177
15939997 15940000
37300510 37300512
37191160 37191162
15945059 15945062
37201050 37201052
37319999 37320001
15955701 15955704
37294005 37294007
37340945 37340947
37338899 37338901
37124933 37124935
37216251 37216253
15956300 15956303
37340657 37340659
37234707 37234709
15963130 15963133
37318747 37318749
37302044 37302046
37196556 37196558
37302020 37302022
37294019 37294021
15956043 15956046
15918300 15918303
37203777 37203779
37103290 37103292
37585826 37585828
37646965 37646967
37189230 37189232
37334128 37334130
37201673 37201675
37170335 37170337
37203677 37203679
37302029 37302031
15957096 15957099
37238400 37238402
37304874 37304876
15949744 15949747
15932050 15932053
37319222 37319224
37294655 37294657
37126757 37126759
37170338 37170340
37332803 37332805
37340953 37340955
37334327 37334329
15927014 15927017
37334040 37334042
37456801 37456803
37526401 37526403
37152267 37152269
15902104 15902107
37310714 37310716
14784685 14784698
15959509 15959512
37207030 37207032
37318395 37318397
37303488 37303490
37345179 37345181
37103322 37103324
37333588 37333590
37275421 37275423
37603360 37603362
37502633 37502635
37308414 37308416
37253390 37253392
37366711 37366713
37456340 37456342
37456927 37456929
15933412 15933415
15937785 15937788
37204143 37204145
37332001 37332003
37196559 37196561
37180902 37180904
37366732 37366734
15978692 15978695
37456903 37456905
15966161 15966164
15964116 15964119
37179552 37179554
37280712 37280714
37228164 37228166
15904105 15904108
15921910 15921913
37210752 37210754
37203666 37203668
37286066 37286068
15911593 15911596
37178518 37178520
37210782 37210784
37210746 37210748
15921963 15921966
15978982 15978985
37559336 37559338
37335297 37335300
37334122 37334124
37456783 37456785
15903665 15903668
37605367 37605369
37202588 37202590
37333651 37333653
37370365 37370367
37585844 37585846
37333642 37333644
37334330 37334333
15967064 15967067
37333639 37333641
37333663 37333665
37662895 37662897
37590151 37590153
15907384 15907387
15907388 15907391
15955985 15955988
37302038 37302040
37210817 37210819
15937094 15937097
37205759 37205761
37203881 37203883
37228340 37228342
37202591 37202593
37308886 37308888
37306324 37306326
37261516 37261518
37456939 37456941
37513777 37513779
37189233 37189235
37261498 37261500
37202710 37202712
37388894 37388896
37388891 37388893
37388885 37388887
37330113 37330115
37261507 37261509
37389396 37389398
37302041 37302043
37201670 37201672
15950069 15950072
37634942 37634944
15938971 15938974
15926356 15926360
15978056 15978060
3669603 3970564
15916680 15916684
15962338 15962342
37210779 37210781
37302026 37302028
15959785 15959789
37456837 37456840
37609965 37609967
15941304 15941307
37334338 37334341
15923267 15923270
15933852 15933856
15939844 15939848
15957895 15957898
37302032 37302034
15972592 15972596
15979023 15979027
15920837 15920840
15972555 15972558
37332724 37332726
37332721 37332723
37189200 37189202
37334213 37334215
37334206 37334209
37456606 37456608
37189206 37189208
37189227 37189229
15921945 15921949
37268896 37268898
37201730 37201732
37260008 37260010
37259999 37260001
37260002 37260004
37210773 37210775
37260005 37260007
37260011 37260013
37370371 37370373
37333645 37333647
37201715 37201717
15919860 15919863
37238403 37238405
37456334 37456336
15972441 15972444
37252818 37252820
15972449 15972452
15975780 15975783
15979270 15979273
37310482 37310484
37298894 37298896
37312509 37312511
37312503 37312505
37312530 37312532
37312527 37312529
37312518 37312520
37312506 37312508
37312524 37312526
37312515 37312517
37333582 37333584
15972499 15972502
15972503 15972506
15979235 15979239
37277583 37277585
37277580 37277582
37203930 37203932
37334049 37334051
37334275 37334278
37387830 37387832
37387821 37387823
37387812 37387814
37387833 37387835
37387809 37387811
37659731 37659733
37210755 37210757
15916413 15916416
15950764 15950767
15949195 15949198
37333636 37333638
37334125 37334127
37202585 37202587
37202582 37202584
37286069 37286071
37296398 37296400
37517060 37517062
37333531 37333533
37333576 37333578
37333561 37333563
37333570 37333572
37516970 37516972
37335273 37335276
37334244 37334247
37334169 37334172
37335285 37335287
15920320 15920324
37315101 37315103
37315098 37315100
37210764 37210766
15914594 15914597
37510390 37510392
37510387 37510389
15972507 15972510
37456924 37456926
15973933 15973936
37614479 37614481
37510881 37510883
37334119 37334121
37334114 37334117
37334283 37334286
37334174 37334176
37333558 37333560
37516695 37516697
37390133 37390135
15926995 15926998
3669604 3970572
37300248 37300250
15914826 15914829
37614485 37614487
37202556 37202558
37266134 37266136
37500106 37500108
37252746 37252748
37337909 37337911
37335262 37335264
15949343 15949347
15904306 15904309
37334291 37334293
37334234 37334237
15902853 15902856
37544137 37544139
15942901 15942904
37199868 37199870
15972573 15972576
37298298 37298300
37590148 37590150
37590109 37590111
37590118 37590120
37590127 37590129
37590133 37590135
37590145 37590147
37590112 37590114
15972485 15972489
37253646 37253648
37253649 37253651
37525945 37525947
37333600 37333602
37333597 37333599
37333591 37333593
15979078 15979081
15925977 15925980
37597021 37597023
37319415 37319417
15948268 15948271
37252731 37252733
15960772 15960775
37388888 37388890
37388897 37388899
37200328 37200330
37334257 37334259
15958786 15958790
15910591 15910594
15966990 15966993
37311707 37311709
37333648 37333650
15921886 15921889
37339508 37339510
37333657 37333659
15965590 15965593
37334131 37334133
37333540 37333542
37334134 37334136
15943389 15943392
33752391 33752393
37300550 37300552
15958270 15958273
37333660 37333662
37609962 37609964
37333555 37333557
37339490 37339492
15942367 15942370
37612381 37612383
15921957 15921960
37340956 37340958
37524353 37524355
37300538 37300540
15922100 15922103
37333573 37333575
15958104 15958107
37210785 37210787
15979598 15979601
37311698 37311700
37311713 37311715
37339514 37339516
37334037 37334039
37612378 37612380
37334183 37334185
37334043 37334045
37333534 37333536
37298301 37298303
37199856 37199858
37256299 37256301
37256296 37256298
15940642 15940645
37207748 37207750
37334252 37334254
37311704 37311706
37252743 37252745
37333543 37333545
37132379 37132381
37207751 37207753
15939301 15939305
15972431 15972434
15972435 15972438
37210743 37210745
37210758 37210760
37271332 37271334
37271329 37271331
37333552 37333554
37333546 37333548
37333528 37333530
37334046 37334048
37656263 37656265
37199838 37199840
37456520 15960970
15914610 15914613
37334219 37334221
37334216 37334218
37510412 37510414
15972491 15972494
15942142 15942145
37612390 37612392
37308074 37308076
37199844 37199846
37334111 37334113
37334108 37334110
37319996 37319998
37240922 37240924
37308038 37308040
37308101 37308103
37308071 37308073
37308110 37308112
37308077 37308079
37308056 37308058
37288965 37288967
37203884 37203886
37203896 37203898
37203887 37203889
15972464 15972467
15972468 15972471
37334203 37334205
37334200 37334202
37653340 37653342
37653337 37653339
37308104 37308106
37314458 37314460
37324258 37324260
37334269 37334272
37333594 37333596
37207745 37207747
37334372 37334375
37612384 37612386
37334163 37334165
37334166 37334168
37633426 37633428
37334031 37334033
37302047 37302049
37352415 37352417
37619269 37619271
15925693 15925697
15965640 15965643
37199832 37199834
37334177 37334180
15972453 15972456
15909556 15909559
37199841 37199843
15972495 15972498
37277501 37277503
37277495 37277497
15939059 15939062
15972472 15972475
37201737 37201739
15938573 15938576
37622113 37622115
37405737 37405739
15972547 15972550
37204122 37204124
37456948 37456950
37334225 37334227
15925585 15925588
37201686 37201688
37592548 37592550
37592551 37592553
37339502 37339504
37339493 37339495
37339526 37339528
15965670 15965673
37311716 37311718
37653343 37653345
15972445 15972448
37252752 37252754
15957401 15957405
37199853 37199855
37494519 37494521
37402315 37402317
37334034 37334036
37258489 37258491
37258486 37258488
37258483 37258485
37372694 37372696
37277577 37277579
37277574 37277576
15909827 15909830
37265190 37265192
37124936 37124938
37352412 37352414
37312512 37312514
37312521 37312523
37340521 37340523
37132608 37132610
37626028 37626030
37334305 37334307
37334097 37334099
37596386 37596388
37298710 37298712
15910701 15910704
37334071 37334073
37356297 37356299
37494543 37494545
37339523 37339525
37210985 37210987
15976841 15976844
37335269 37335272
37494666 37494668
37494546 37494548
37494639 37494641
37494714 37494716
15956705 15956708
37494549 37494551
37494576 37494578
37494630 37494632
37494711 37494713
37494735 37494737
37494552 37494554
15960293 15960296
37494615 37494617
37494555 37494557
37335281 37335284
37200322 37200324
15961288 15961291
15906163 15906166
37335306 37335309
37335310 37335312
37456612 37456614
37456780 37456782
37456918 37456920
37494657 37494659
37456789 37456791
37456915 37456917
37456331 37456333
37456528 37456530
37456630 37456632
37456786 37456788
37456912 37456914
37456328 37456330
37456525 37456527
37456633 37456635
37494705 37494707
37456534 37456536
37456618 37456620
37120291 37120293
37354194 37354196
37517057 37517059
37517063 37517065
37200319 37200321
15958004 15958007
37200334 37200336
15958008 15958011
15918611 15918614
37200331 37200333
37200316 37200318
37434150 37434152
37540301 37540303
37386899 37386901
37386902 37386904
37386893 37386895
37597015 37597017
37597024 37597026
15944509 15944512
15960314 15960317
37597027 37597029
37597033 37597035
37597036 37597038
15932549 15932552
37597018 37597020
37597030 37597032
37585804 37585806
37456798 37456800
37456900 37456902
37306671 37306673
37494600 37494602
37494669 37494671
37494702 37494704
37494768 37494770
37494606 37494608
37494684 37494686
15956672 15956675
37494522 37494524
37494612 37494614
37494648 37494650
37494681 37494683
15934271 15934274
37494513 37494515
37494645 37494647
37494525 37494527
37494609 37494611
15960381 15960384
15960322 15960325
37494759 37494761
37494528 37494530
37494624 37494626
37494663 37494665
37494690 37494692
37494762 37494764
37494534 37494536
37494777 37494779
37494774 37494776
37494531 37494533
37494618 37494620
37494675 37494677
37494699 37494701
37494771 37494773
37494537 37494539
37494627 37494629
37494660 37494662
37494693 37494695
37494708 37494710
37494672 37494674
37494696 37494698
37494765 37494767
15960333 15960336
37494621 37494623
15956668 15956671
15957372 15957375
15960267 15960270
15960310 15960313
33752385 33752387
37494654 37494656
37494510 37494512
15956664 15956667
37494642 37494644
37494678 37494680
37494756 37494758
15960258 15960261
37494597 37494599
37494651 37494653
37494687 37494689
15960326 15960329
37494603 37494605
37494720 37494722
37494738 37494740
37494567 37494569
37494594 37494596
37494633 37494635
37494717 37494719
37494744 37494746
37494570 37494572
37494579 37494581
15960271 15960274
37494540 37494542
37494588 37494590
15960223 15960226
15956697 15956700
37494741 37494743
37494561 37494563
37494591 37494593
37494636 37494638
37494723 37494725
15960227 15960230
37494564 37494566
37494780 37494782
37494750 37494752
37494573 37494575
37494582 37494584
15956693 15956696
37494726 37494728
37494747 37494749
37494558 37494560
37494585 37494587
15956701 15956704
37494729 37494731
37201727 37201729
37189221 37189223
37189212 37189214
37216248 37216250
37201664 37201666
37341657 37341659
37341654 37341656
37341651 37341653
37339499 37339501
37333585 37333587
37585829 37585831
37210749 37210751
37456930 37456932
37456792 37456794
37311386 37311388
37456531 37456533
37363372 37363376
37609679 37609682
15955743 15955747
15955794 15955798
15942909 15942913
1753916 2575813
37199348 37199351
37609688 37609691
37196550 37196553
15903526 15903530
37300553 37300556
37612387 37612389
15946928 15946932
37308032 37308034
15922884 15922888
37366714 37366717
37366720 37366723
15954220 15954224
15954235 15954239
15954204 15954208
37363373 37363381
15954246 15954250
15918377 15918381
37355497 37355500
15936905 15936909
15954422 15954426
37326947 37326950
37334353 37334357
37616318 37616321
37363387 37363390
15944401 15944405
37234710 37234713
37369830 37369833
15939974 15939978
15917818 15917822
15954735 15954739
37298716 37298719
37519722 37519725
37519727 37519730
15949188 15949192
15949709 15949713
15956718 15956722
15939990 15939994
37544131 37544134
15940007 15940011
15933180 15933184
15947576 15947580
15954027 15954031
15939391 15939395
15944713 15944716
15950060 15950064
15944706 15944710
37300034 37300037
15930489 15930493
15930498 15930502
37141977 37141980
15939814 15939818
15955437 15955441
15944875 15944879
15945063 15945067
37402039 37402042
37402045 37402048
15946028 15946032
15955504 15955508
15939263 15939267
15940023 15940027
37612393 37612395
15951717 15951721
37314849 37314851
37314911 37314914
37292966 37292969
37255613 37255616
37252734 37252737
37260135 37260138
37338902 37338905
37338908 37338911
37334052 37334055
37308880 37308883
37540966 37540969
37203680 37203683
37269620 37269624
37269627 37269629
37329859 37329862
37298290 37298293
37505027 37505030
37513780 37513783
37585832 37585835
15956238 15956242
37207739 37207742
37317758 37317761
15941543 15941547
