45982566 7684887
45981565 21396053
45981561 22211888
45981563 18745761
45981511 8737867
45981509 3276371
32820177 2741705
45982417 8519342
49194826 17057413
45981549 25540298
49194827 25540311
45982415 4113380
49194828 3976175
45982704 11290636
49194829 2659598
45982706 28516461
45983003 11290646
45983009 2817314
45983005 16010278
45983007 9275913
45983011 9222646
45982098 7817829
49194830 4548965
49194831 8319673
45982100 2566206
45982102 5422077
45981122 20409886
45981120 2364485
49194832 14703841
49194833 9561997
45982739 5535640
45981102 10425360
45981044 844014
45981046 29728401
45981048 3676236
49194834 9471697
49194835 2659621
49194836 8399551
49194837 10680136
49194838 8783553
49194839 18717288
49194840 3276387
49194841 6758158
49194842 1667381
45982511 2528142
45981065 17348138
49194843 29726807
49194844 5393528
45982908 29725085
45982862 3973904
45982800 6307139
49194845 29722265
49194846 29722883
49194847 7603467
49194606 6893397
49194848 1249333
49194849 29725331
49194850 5739803
45982788 10112682
49194851 6345569
49194852 10201023
45981271 10112704
45981273 7625407
49194853 6205363
49194619 8692430
45982441 2659586
49194854 10112776
49194855 10112783
45982443 2659591
49194856 8895668
49194857 5184412
49194858 10112834
49194859 10112837
49194860 10112845
49194861 3999083
45981739 10112850
45982445 6202645
45982439 17552848
49194862 4276843
45982714 3276375
45983057 10110096
45982716 3855748
45982718 9431959
45982720 5318782
45983264 10112886
45981742 10112893
45981741 1009052
45981744 1711445
45982741 1581411
49194863 10112916
49194864 10112919
49194865 3276364
45982743 10112926
49194866 1607422
45982745 10112930
49194867 3577035
49194868 10112937
45982244 2659617
45982242 2525239
49194869 10112951
49194870 10112954
45982240 4670302
45982236 4884069
45982238 10112989
49194871 10113005
49194872 5903990
45981763 9061118
49194873 188528
45982086 10113016
45982880 341812
45981149 4369482
45981942 4685231
45982094 7482859
45981151 10113050
45981165 3713350
45981163 4762576
45981157 10113070
45981161 3816808
49194874 2564144
45981641 9806300
49194875 9984675
49194876 10113112
45981513 7568888
45981838 8471186
45981840 10113117
32805155 10113140
45981159 2287916
45981844 10113161
32805177 7775403
32789249 3291613
45981086 10113175
34714379 3722156
49194877 5398544
45982250 761874
45982246 8186223
45982248 1642445
45982254 3912661
45982252 10113191
49194878 9100371
49194879 3132839
45982326 9205805
49194880 2481173
45981786 6143355
45982580 10113208
45983292 9789667
45981784 10113216
49194881 7443717
49194882 7662981
49194883 10439357
49194884 7644677
45982572 5952915
45982576 10113235
45982578 1879091
45983188 6740742
49194885 10113249
45983017 21858766
45983290 12124917
45983288 10799753
30779238 30779240
32820158 9049986
49194886 24726478
1792719 2609275
49194887 10175824
45983117 4434944
45983170 7040487
49194888 8613945
35584664 17321097
45982262 11764043
49194889 11394549
45983156 14931929
45981478 10113289
45981418 3193828
45981474 1878605
45982568 5198902
45982564 10113315
45981821 4912765
45981297 6433181
45981353 10113342
49194890 10113350
49194891 10113353
49194892 11291082
49194893 10113359
49194894 5299653
49194895 10113366
49194896 8161979
49194897 10113374
49194898 10113378
49194899 10113385
49194900 10113391
45982104 10113406
32805171 10113415
45981147 8204675
45983286 1739871
45982328 10113431
45982007 6249056
45981828 7746988
49194901 10113440
45981830 10113443
45982096 9297097
45982092 10113448
32805169 10113451
45982029 7582815
45982266 9474034
45982033 10113462
49194571 7104104
45982031 9352325
45981981 7237919
45982464 10113469
49194902 6526919
49194903 1704565
49194904 10113481
45983294 8348162
45983296 26944827
45982472 8153164
49194905 17202543
49194906 15543038
49194907 3881810
32805140 2060732
45982586 12897432
45982193 6737035
45982210 1885206
34767605 26720396
45981991 7295719
49194908 4674184
45981850 3711031
32805148 5743471
49194909 5107450
45981339 8011934
49194910 11291167
49194911 6884964
45981347 102121
45983085 4974738
42109709 5670608
42109701 10113500
42109704 10113507
45983087 5826923
45981875 2129477
49194912 322008
39536287 11291187
42109706 10335031
42109708 3964917
49194913 3574926
45983241 8644318
45983239 6591138
45981817 6390015
45981870 11291207
45981873 4952065
45981809 11291216
45981811 11456277
45981815 44310023
45981813 1311418
5019060 1351278
45982676 10113529
45982678 10113533
45982680 8209495
45982628 22238410
45982630 12841826
45981848 6689711
45982134 2009703
45982138 33694984
45981842 14482097
45982622 2956047
45982624 17626111
45982626 17476078
45982136 36552604
45982128 11291273
45981317 8392568
45981313 10113545
45982142 3793600
45981975 6210726
45982153 770245
45982130 332964
45982132 878743
45982140 9159786
45982151 11449562
45982126 9328536
45982144 1930104
49194914 8581908
45982618 32180075
45982513 8244658
49194915 2279086
49194916 28692528
49194917 38939757
45981971 8123657
45981973 891674
45981128 10085495
45981446 8561775
45982834 3931797
49194918 9662578
45982836 12359955
49194919 8128913
45982598 9082954
49194920 21671274
45982602 6722922
45982600 38939816
49194921 2899598
45982532 10113588
49194922 6896531
45982548 7912858
45982929 10376073
3844457 4082921
45983142 10113600
45983224 3820149
45981267 7438225
45981349 17094656
45982395 6363404
45982686 7938938
45980850 27954076
45982342 17855080
45982462 10346929
45982289 9911603
45982753 9176472
45981925 5800756
45981205 11244554
4396572 4449741
45981179 26944912
45981713 1444650
45980987 5321425
45981790 1183830
45983101 5125415
45982362 7363462
45980930 11291367
45982939 6508324
45982167 7788843
4489194 4519785
49194923 5048802
42109699 7016275
45982218 2819398
45981177 9350732
45982521 4849827
45982640 12777281
45981879 27231416
4235718 4341732
45981832 6021353
49194924 2593278
45981999 2950349
49194925 700154
49194926 2724703
45980973 9999704
15178541 11291424
14926742 14926744
34714352 104861
35603631 19831384
34439611 6990243
5029017 4113439
32841012 7586817
49194707 11291441
49194710 17202544
35561693 16530843
31110042 424419
5008071 2639688
49194711 6094616
45982817 385666
49194927 2502133
45982819 568104
49194928 6421032
45981325 5184395
45981319 11291518
45981323 5447488
45981777 10313505
42100847 21775728
45981020 5211844
45981327 9205296
45981321 14779236
45981315 1279963
45982039 17552857
45982037 8196756
45982041 11291530
45981036 7277546
45981040 1620840
49194929 34471737
45981038 6462383
45981008 8859614
45981006 7642491
45981004 4273574
45981010 27299886
45981012 8190207
45981017 9121483
45981067 4059940
49194930 13116729
49194931 9966940
49194932 7861123
45983262 3654009
45983258 14205221
45983260 7036950
49194933 17886024
45981229 1795883
45983190 1066341
49194934 5986092
49194935 9444717
49194936 10298095
49194937 1362519
49194938 10298084
49194939 2177585
45981437 18229700
49194940 17281894
49194941 26244280
45980856 19226596
49194942 5861655
49194943 14854337
45981586 10113609
45983027 7679455
45980858 12864133
49194944 4677565
49194945 10113613
49194946 10113617
49194947 14464929
49194948 1794984
49194949 5932365
45983278 4387034
45983276 415471
45983280 2750670
45983274 7249989
45982146 2666373
49194950 10107597
49194951 6064107
45980864 2528558
45982148 1726892
45980862 6286087
45980866 8571922
45980868 8087492
49194952 5680742
45980805 914883
45980807 8484380
45981643 10113678
45980809 11110816
45980803 1727094
49194953 16919646
45981567 21591205
45981574 8454041
45981576 10113689
45981580 6312612
45981569 19755297
45981572 10427863
45981578 8573067
45981969 4282369
45981645 14506624
49194954 3637241
49194955 9622349
49194956 12119072
49194957 28692776
45981082 8321242
45982264 4159247
49194958 8090630
45982268 8334747
45981345 11756775
49194959 1869586
45981080 14711159
49194960 5705361
45981078 8677846
49194961 1320296
49194962 5134634
45981084 10079395
49194963 10078821
45983298 2759316
49194964 13167870
49194965 708145
49194966 10113775
49194967 2870758
49194968 17461770
49194969 18405943
49194970 32060825
45982900 9354527
49194971 13998849
49194972 19243052
45982850 1753772
45982848 4747177
45981885 9760098
45981889 30677758
45981887 17079011
49194973 11291772
49194974 16981256
45982846 11291784
49194975 19733013
49194976 14217822
49194977 7801459
45981868 11291796
49194978 3780560
49194979 6158255
49194980 7775414
49194981 1580943
49194982 17146380
49194983 38940619
45981935 12885093
45981852 22383796
45981846 903644
45981836 7643759
45981938 18243000
45981940 1563528
45982902 21024533
49194984 385875
49194985 9612308
45982356 768144
45982354 19474221
49194986 9872170
49194592 1377936
32815326 5795197
45981456 4094004
49194987 9912543
45981458 8142137
45982596 27202798
49194988 473619
45981866 33707
49194989 8062009
49194990 3658167
49194991 350117
49194992 11291862
49194993 7431599
49194994 6237483
49194995 7392288
45982952 2225395
45982823 1390839
45982949 2320679
13460219 7006399
32820174 11291876
127246 413039
45982858 11291885
45982330 2225448
45982888 30644170
45982830 11016601
45982898 19670347
45982912 6619456
49194996 5449667
45982506 3196815
45980832 3312128
45982827 11291904
45982890 7464595
1209553 2085761
45982918 5751824
34269737 7694103
3913549 4126244
32820171 32820172
3839728 4079407
45982864 11291916
45983310 2795235
45982906 17825336
13144133 13144135
1592573 2449365
39473991 8407968
45982821 8344329
45982806 6934786
45982920 10296778
45983071 9025791
45982808 32056552
45982979 15456101
45982802 35194598
13301928 7703895
45982811 11291968
45982813 4294888
45982985 6715128
49194997 38940916
45982358 21150743
45982935 11291995
45982937 3980583
45982828 10524504
49194998 342048
49194999 7966558
2841684 3401088
34055811 11849309
45982804 38940977
45982993 1386495
45982874 7127784
45982508 362338
49195000 8257031
41841979 10274449
45982894 5547069
45982910 6221234
45982878 38941011
45982882 5359197
45982884 28052479
49195001 6799632
49195002 4255752
45983053 2212220
49195003 6512223
45980860 34680315
45980854 18585187
45983025 11292017
45982035 11292026
45981014 3226645
45983055 16718608
49195004 28496086
49195005 1695086
49195006 21787301
49195007 28695871
49195008 889331
49195009 11292062
49195010 1599474
49195011 4624332
49195012 11716447
49195013 11292120
49195014 22153775
49195015 2666304
49195016 12174549
49195017 1490967
49195018 9014353
49195019 1617951
45982832 11292141
49194573 16979940
49195020 19592349
45981429 9479810
49195021 4449816
49195022 6157388
49195023 4510314
49194574 35275173
45981363 394263
45981365 28702618
49195024 7302708
45983029 2627561
49195025 7799266
49195026 137798
49195027 2994968
49195028 1702384
49195029 4374138
49194629 7199096
49194631 4510337
49195030 2446217
45982582 6229113
49195031 14480855
49195032 9494947
49195033 2972138
49195034 5795513
49195035 4766777
49195036 14651307
49195037 7232162
49195038 6247378
49195039 1921214
45982546 1921186
45982550 2446212
49195040 10203102
45980945 5317497
45980947 6617827
49195041 2023247
49195042 4277192
45980949 6354907
45980940 5990193
49195043 29723596
45981145 3947756
49195044 6208966
45982916 11292310
45982914 11292322
45982983 3317195
45982977 10426213
45982860 4536551
49195045 23890822
45980942 3841497
45980951 15768182
49195046 4087569
49194595 8630219
49195047 16703270
49195048 10200090
49195049 10113897
49195050 3698342
49195051 29722591
49195052 26387649
49195053 7817220
49195054 3887333
45981897 5632290
45981433 29724586
49195055 3833773
49195056 11922818
49195057 6237335
45982064 29725302
45982338 4484335
49195058 2480473
45982202 29724614
45982648 1190726
49195059 4484344
45981247 27070418
49194591 2648035
45982057 10421905
49195060 6089434
49195061 3459766
49195062 14456629
49195063 1190712
49195064 1798553
45981367 10201920
49195065 27210112
49195066 2065396
49195067 10201006
49194605 6167648
49195068 5062594
49195069 312965
49195070 17669759
49195071 24309179
45981624 10734990
49195072 17953271
49195073 11292575
49195074 28692565
49195075 11292590
45981301 3973732
45980872 29724982
45982201 28695096
49195076 6700925
45983069 10200655
45981758 2659508
45982300 9395867
45981689 6269990
4043639 3968165
45980888 14884567
45980961 994058
4321410 4396601
45980801 21905814
45982764 8609262
42173941 22282622
45981655 2659518
45983140 10202704
45981671 499363
45981703 29722956
45981022 28694843
45980880 900977
49195077 15389252
45981860 5499814
45981251 5516845
45981414 10079949
45981582 3360388
45983121 10200662
45981303 17614197
45982530 3276305
45981635 4451858
45981124 6003223
45980894 7728188
49195078 677929
45981959 2787540
45981697 285398
32821179 1094215
46142194 1859150
45981263 13684132
45983256 3262109
4565266 4580585
45981915 5048033
45982556 7664718
49195079 10202688
45981026 4385463
29342914 4230619
49195080 5307103
49195081 27464647
45981380 1009029
45981498 11292629
34279096 10113918
45981639 10113924
45981420 29725143
4321385 4396569
46142186 7865909
45983031 11292639
45982458 37560272
45981610 27470382
45980824 10113929
45982175 11292655
45982768 16710613
45981767 7885430
45981691 7626934
45981651 8759886
45982650 242898
45981858 29433041
45981997 9123077
45983035 18768557
45982604 5501124
45983059 8000408
45981181 9129535
45980991 898889
45983222 15245429
45982494 17724513
45981754 6648594
45982658 17711849
45983150 10113940
45982281 3658385
45982542 15486759
45981384 7686835
45981961 5542699
45980981 564947
45982664 25472376
49194637 10113949
45983033 6190666
45981412 14863970
45983077 7648473
45982478 15189128
45982492 10113954
45981701 28696632
45981699 11292687
45983144 7587718
49195082 5581401
49195083 1562536
45981293 2479921
45981681 20501907
49195084 17395629
45981024 3942824
45982500 5518968
45980938 1370160
45981269 8353763
45980967 8791325
45981331 1797834
45981390 3398277
45981555 11292720
49195085 21632104
45980955 9035410
49195086 4435823
45983216 17744705
45982696 15455752
45982368 17998797
45981995 21253172
45982757 10739547
45981199 3102287
45982181 5235379
45980995 11292772
45983081 1562579
45981112 9308339
45981752 28692589
45983282 1371247
45980838 6996064
45982931 14496099
49195087 11292781
45982794 6277998
45981500 5069952
45980822 5409692
45980834 6137609
45981030 32118588
45983079 6218134
45981394 12548815
45981957 12030710
45982454 6207365
45981616 8994852
45981614 3553247
49195088 9622687
45982285 1713362
45981657 2481322
45981422 14974966
45980884 6060698
45982975 5978695
49194647 5413253
45983210 3882861
45980979 3189048
45980983 6714277
45982955 3621054
45982668 22253480
45981295 14456080
45982308 9311719
45981450 9766756
45981659 4108960
45981819 7363537
45982112 1520478
45980874 12598180
45982987 2082679
45981834 28695761
45982552 11292856
45980965 22396804
45981329 1450968
45981559 12579481
45981667 9475977
45980963 17982414
45983037 4240788
45982370 1535034
45982388 14645865
45981375 8051609
45981406 1500360
45982751 10113962
45981715 9564427
45983220 7122785
45980908 7224296
45982484 12135342
45980844 3381572
45981881 1014291
45982642 897482
45982646 6633256
45982515 17448871
45982612 10004401
45983065 21784603
45983147 19845232
45982316 25975694
45981382 4424513
45982731 2611590
45982733 25975844
45982157 20647898
45982460 11731486
45982749 7410662
45983015 26437325
49195089 4905825
49195090 11292953
49195091 2555212
45981649 27739892
49195092 10196658
49195093 6391813
45981496 5678742
49195094 27739920
49195095 3820278
45980932 4572303
45981673 7524697
49195096 602838
49195097 21853864
45982393 26446683
49195098 26446720
45982397 8095233
49195099 10808294
49195100 26945476
45982755 15211679
45981207 27975302
45981721 26263493
49195101 1200199
49195102 5566402
45983103 8221185
45982364 17627572
49195103 9136412
45982165 12176941
49195104 3190295
49195105 1758312
45981883 5245399
49195106 9640370
45981695 5471102
49195107 10113987
45982660 2553094
49195108 4386875
45981173 11292998
45983202 19267382
49195109 1846817
49195110 18236989
49195111 29078790
45982770 38132379
49195112 7478118
49195113 8402998
45982957 6428270
49195114 1447408
49195115 10425816
49195116 8588484
49195117 3525253
49195118 11293008
45982941 11293014
45981653 27706501
45983300 11878897
49195119 5910502
45983302 2414675
45981679 935256
49195120 11293032
49195121 10892985
49195122 3675872
45982322 2577872
45983226 1713629
45981333 27706706
49195123 3102300
45982320 26263632
45980842 9005790
45982662 27706736
45983208 3531101
45980924 11611215
45982055 21956905
45982047 10364152
45982049 6948347
45982766 5181986
49195124 350404
45981000 27706890
45981337 1607495
49195125 3456449
49195126 6066689
49195127 5761276
49195128 3602200
49195129 9228299
49195130 15067323
45982456 3885144
49195131 11824311
45981675 8048484
45981557 2414663
45981104 3721958
49195132 5695104
49195133 3967987
49195134 27707096
49195135 17640958
45982961 10883892
45982969 11440062
49195136 11293098
49195137 3556339
49195138 3078499
49195139 2367197
49195140 14756983
49195141 15404695
49195142 5059324
49195143 3839821
49195144 2080979
49195145 2835443
49195146 1565436
49195147 30669945
45980886 11293137
49195148 1729248
45980916 7270156
49195149 5396242
49195150 11293143
45981663 7684910
49195151 6331464
49195152 8511444
49195153 8691534
49195154 5418743
49195155 1554360
49195156 8548577
49195157 1768798
49195158 21895877
49195159 7411966
49195160 17714294
49195161 1768766
49195162 28135726
49195163 3281334
45981201 11293172
45981193 1200200
49195164 23754176
49195165 7756420
49195166 5199169
49195167 8150061
49195168 12784327
49195169 11293182
49195170 7171014
49195171 1876820
45982374 6390066
45982283 9860757
49195172 1600681
49195173 6541952
49195174 8612918
49195175 6740559
45980910 10114004
45982496 7721863
49195176 12094429
49195177 1496805
49195178 7689502
49195179 5473000
49195180 11293220
49195181 2460189
49195182 26945625
45980848 6465090
49195183 5391393
49195184 8126359
49195185 19767982
49195186 35229391
49195187 1381863
49195188 5065975
49195189 5128724
49195190 5390401
49195191 5434797
49195192 4772436
49195193 3289845
49195194 18204139
49195195 6677724
49195196 6986286
49195197 4082443
49195198 26945677
49195199 11293263
45982965 32133562
45982967 21614312
49195200 8841841
49195201 5508903
49195202 6960661
49195203 5370072
45980936 4746207
49195204 1822184
45980918 13778929
45981669 4907391
49195205 6171349
45983021 5674566
49195206 5583014
49195207 5881126
49195208 9030414
49195209 1487858
49195210 38942904
45981756 11293294
49195211 16037091
49195212 9772027
49195213 11312873
49195214 4486896
49195215 1410359
49195216 6449149
45981470 3244336
49195217 19816838
45982963 4912766
49195218 7285059
45982666 11946732
49195219 4417902
49195220 570862
49195221 6761850
45981727 17886963
49195222 2324284
45981693 7000709
45981452 22447993
45981775 1736253
49195223 690849
49195224 1391217
49195225 6872378
49195226 15219002
49195227 22245352
49195228 13344181
49195229 6230188
49195230 4540659
45982490 2089302
45982114 10720956
49195231 6290155
49195232 2929524
45982959 3173443
49195233 10081290
49195234 8798901
45982684 1554968
45980934 11293333
49195235 11293338
49195236 28880933
49195237 11293346
45980969 11293353
45980971 5503477
49195238 6265967
49195239 30646538
45981392 7370132
49195240 9504254
49195241 3196444
45980922 186128
45980920 5799713
45981665 1977917
45980959 29518990
49195242 29464660
45980890 4397612
45980892 7073133
45982378 1940093
45982690 2534036
45980846 7452400
49195243 9315445
49195244 4180146
49195245 7853687
49195246 1310505
49195247 8217588
45982688 3752074
45982694 12196194
49195248 26945903
49195249 18349403
49195250 3454233
45982399 10888972
49195251 9092163
49195252 20287788
45982698 2723661
45982700 7199139
49195253 7665731
45981410 3198791
49195254 931500
49195255 5371836
49195256 3506749
49195257 9584687
45981203 6888100
45981197 7408450
45981191 30284034
45981183 6393701
45982183 660974
45981719 6548200
45981717 5563481
49195258 9927866
45980993 6393719
49195259 5155179
49195260 1700285
49195261 2128762
49195262 7690829
49195263 7560893
45981110 10627342
49195264 945746
45980914 23746472
45982480 30642159
49195265 20501900
49195266 16916499
45982644 5368829
49195267 9340585
49195268 11358063
49195269 30692531
49195270 11024310
45980840 8587848
45982933 16259443
49195271 5055847
49195272 8160298
45982519 3692422
49195273 6228516
49195274 2646825
49195275 8794014
49195276 5746805
49195277 17968441
49195278 28704231
45982431 16009286
49195279 28861634
49195280 28872578
49195281 19532932
45981725 11293435
49195282 3255316
45980836 5086408
49195283 7729717
49195284 5168142
49195285 5566116
45982558 14684132
49195286 2990529
45981028 35411373
45981042 5332500
49195287 8749798
49195288 39606637
49195289 257566
45982544 2521638
49195290 33787404
49195291 19150692
49195292 8471830
49195293 2316665
49195294 11245030
49195295 34568820
49195296 34568822
49195297 15003194
49195298 1887929
49195299 17351499
45981618 873862
45981620 6332076
45981612 1887381
49195300 1887703
49195301 3751591
49195302 12661782
49195303 9765381
49195304 3311414
45982476 11879394
45981661 10070543
45981335 7708519
49195305 11293467
45982482 6513857
45982747 33685502
49195306 5688313
49195307 10097438
45982051 4302101
45983109 1682975
49195308 2971252
45982971 4183974
45982702 35286029
49195309 2447563
49195310 1699093
49195311 9224073
45980957 31088034
49195312 6379449
45982692 2440842
45982391 7261196
49195313 4309163
45982220 17924660
45981195 10830319
49195314 2953890
49195315 6092862
45980912 7542048
49195316 5005885
49195317 28876546
45982517 3438205
49195318 11293481
49195319 18292084
49195320 20766732
45982291 18296775
45981299 11293519
45981239 11293527
45981466 4047823
49195321 8175938
49195322 10876386
49195323 7101775
49195324 18241810
45982652 9360107
45981305 6571580
45981055 3970107
45982610 16349498
45983113 4157572
49195325 3654183
49195326 7910197
45981408 5317873
49195327 481594
49195328 6502110
49195329 17463293
49195330 7456856
49195331 2484334
45981189 8783026
49195332 7572099
49195333 26946196
45983230 10916205
45982053 6504733
45983105 11293622
45983115 13094210
45983111 6538640
45983107 11293650
49195334 9375582
49195335 12899030
45982155 5081866
49195336 8058337
49195337 1686932
45981967 5877401
45982927 23747630
49195338 33700679
49195339 11207193
49195340 17860517
45981733 23651642
45982427 6286362
49195341 6404639
49195342 22381411
49195343 17526981
45981993 4028331
45983212 9144803
49195344 5986093
45983154 6520902
49195345 12242
49195346 5746618
49195347 34569043
49195348 896698
49195349 3234397
49195350 11293932
49195351 1871049
49195352 791435
49195353 30234278
49195354 1366199
49195355 3786735
45982735 3288935
30244336 2027741
5012276 5012286
3290975 3721716
5010077 5010096
4003742 4185563
5008821 5008832
45981398 11294092
30244737 1870618
40044328 3219178
30243084 9017733
5018390 5018394
45981255 6503026
45981443 4230169
35603629 3227044
5019547 3078383
5027449 1316712
35572921 17037531
45981116 6980904
45981502 3567882
34727476 418991
49194650 1499111
45983200 26946928
49194651 6214580
45982570 21903006
32805119 12137738
45982197 6352362
14911475 14911476
49194652 1481583
32784075 10121469
32808112 747300
45981633 19474210
32783916 7758205
32783911 1748190
5012273 5012280
34714403 2385951
5008855 5008872
49194653 11833404
30238129 2684235
41859731 2568778
42088906 2070281
30218566 6744251
38460528 6332353
4959136 987700
32784116 2218403
35569399 2193531
32784120 11294156
35569401 16650425
32784124 5980992
30246639 30246640
45981289 9340062
32812113 3068363
45980997 349708
35606437 10978815
30239292 18652368
49194654 5874061
30236337 10315901
32784024 664183
45982682 861526
45981141 13728377
49194657 7536006
30245192 6508916
30246863 8770090
45982761 2935224
37129152 7417525
45981088 5332440
5022101 5022119
45983013 7035084
30245185 30245187
45981788 8488394
45982725 7221861
49194658 6673558
49194659 5424228
34714402 11294198
49194660 5995259
40043711 8570215
4260979 4354951
45983314 10867304
35570399 2536174
45981760 15119563
5022938 5022942
35598440 6129995
37391833 6579860
34041073 14220202
38396211 18768572
46142389 3047482
45982614 9987
45981071 17801522
45982171 8428375
49194661 15115530
32807486 7288753
5009280 5009285
46141803 2429868
5008839 5008843
36509320 36509321
45983270 5998710
45983272 1466785
45982413 12072137
49194662 8533840
30723621 6785513
34038989 34038990
49194663 7854110
41911342 28011731
45981396 30669475
32808119 7766243
45981069 8766877
32784128 4041334
32805080 16782694
5006462 5006464
45981953 625370
49194664 15391639
34714366 6461351
1050989 1913306
45981895 16042486
5028753 5028756
3240440 3687779
45982173 5885378
45981677 918432
4260978 4354945
14280717 3454859
37100829 4181955
45982403 1843806
45982401 9270880
45981424 3889507
41864893 11294253
45981291 16769640
45981899 3080928
49194665 6119448
35570753 395785
30222660 2435975
34714394 6872806
32841170 11294263
5013490 3400360
5012265 5012269
5013273 2257958
35570200 26947059
45983232 7486612
45980985 3189131
5020468 5020472
42057425 11294285
5029089 5029092
35570734 3891918
49194666 3091220
30238114 29433085
34766610 6074260
5028446 4398005
5022097 4011539
49194667 2827282
45981402 14878026
49194668 5261531
49194669 5159926
45982727 5604579
34765867 7201988
45982527 8730648
45982222 5910893
35570153 2457744
5023230 5023234
49194670 1714512
49194671 6984504
35570725 11443219
49194673 3319463
35612506 1736377
30245963 5183213
34714350 34569264
45981388 19887193
45981307 10230007
5012278 889903
30247544 8133234
35569407 1951511
5026621 5026624
30245196 1317536
30220349 3523415
35603632 10283812
40039329 2535856
45981373 10311219
45982088 15166485
45983158 11395958
1051573 1914279
2691795 3291217
5022099 5022111
32839957 13033957
2193153 2930488
32839952 8239927
32839971 5598763
32839948 897484
41859865 396789
41841306 440214
34714373 8447684
5021075 2290540
49194674 11294346
45982534 10028817
30241824 5122693
30243070 3010604
34714368 13090935
15177363 1931001
49194675 7045053
35570649 3806785
45980813 3597678
15178538 5306701
35604318 11294368
32805108 6615381
5016745 3709415
30229334 4134736
49194676 260844
41931032 19500527
5019519 2543716
5017347 5017351
34714362 11294387
34714364 1713681
45981309 8348391
34377095 9661392
4045599 677605
15178529 15178532
45981630 1774392
45981211 8468936
30241664 26947277
49194678 7062272
35603627 8763217
49194680 206940
5015503 5015508
49194681 11294417
34714343 1750867
36509333 28143398
15178539 15178547
30244340 6114289
45983160 5756124
49194684 12254164
15154816 5292247
42088903 7978030
42090677 4367003
35582826 10289648
30245191 20287779
45982003 7950882
41859793 11294439
34727505 15187755
45981341 12481
35582666 31785989
45982498 5367581
45981598 60696
49194685 18105025
45981464 26947330
5026215 5026218
35576330 25502
45982344 8208850
49194686 196123
5010776 5010782
30239294 10350662
11463550 11294457
30234516 30234518
35569415 11727977
45982122 442382
34767835 6165237
34377092 925307
5016751 5016758
49194687 12100795
45983152 13071942
4045598 4209674
35604320 3550538
45983196 8862728
15177352 15177355
35569417 5899390
32784006 5290396
45981626 17426812
49194690 11315608
30244338 3958582
1051506 1914193
36517966 20220621
5012277 5012290
41859678 8494478
30248126 5549768
5022908 5022912
34714397 4165251
32784011 3395973
30244365 18166380
30244384 3800817
5017745 5017750
34765975 20287771
5015511 5015521
45983284 5454343
30224448 3933451
49143833 67755
3721748 3633022
45981377 4119927
45982348 12335928
15177117 13041
45981901 1784132
45982945 1749096
5024928 1192644
5015512 5015528
45982474 7945178
2691625 2374850
45981130 5353131
5022090 5022094
35582856 25508479
30225713 1411151
45980852 11537926
4003744 3162093
45981169 3710529
30246858 892911
4045600 3009131
35569409 6052546
49194691 12170842
45981225 9869815
5008861 5008875
35604310 35237643
35569413 26947389
45980882 16352340
35572934 9499321
34767044 4185475
35554158 3835602
4003743 4185566
34714332 23761745
5015518 4120088
5018701 5018704
3721750 1911981
30245961 16620709
14874188 6274064
30229339 11294525
45982043 6967938
30225434 11294534
49194692 16877737
45981792 6692080
49194693 17329984
42057800 10114122
5010079 3554366
45983063 871523
35570406 3935734
32783969 26265038
34714340 26265045
3290992 3721743
35570784 12109909
36511918 11294570
30230191 12902551
35570250 25508504
30221730 7573447
35554153 12902973
49194694 4713683
45982005 330308
34767816 2288628
30247535 10822485
45983198 3632014
35570780 4182137
45982068 6040460
35570756 5972239
35569404 6040932
35572803 4124648
45981551 6080562
30221740 5175338
34767485 25603131
34714386 17281915
34714388 23739014
36510484 7405498
45981369 15417546
45981705 7930283
30241708 10828312
34766057 2617014
45981919 2576265
45981171 8286253
45982722 10805016
45981877 32054911
41931115 12477325
32784003 716563
5015526 4285387
4959078 4959121
30239306 3209986
32808116 4828319
15178540 8958377
35572802 2705562
34766955 1829185
34766951 8963170
11463548 4528373
3843466 1959561
34767805 2836227
35604387 34101756
34714380 21591193
14911470 5020015
46142395 7974814
29603771 3144255
45982775 3550560
49194695 313386
32839965 8989530
34766775 4528726
32783999 3700792
30221873 8015827
30220369 7863010
45983119 3630679
30241704 5681648
3290989 2546628
5017704 5017709
34767003 1892529
36509385 7919984
35569200 12709738
5016753 5016764
29603775 691674
45981213 992490
42000829 4091211
30244369 8216640
15140273 4509287
14923202 4572210
35570783 2754712
45982293 8216658
45983254 7193661
49194696 4272564
5015513 5015530
35576328 6448569
34766054 760293
45981343 3454314
5015532 5015541
45982525 2292715
11463549 4513122
35570655 9731373
5017367 5017370
34766543 9727499
30238108 2962813
34765734 4660241
49194697 10065319
5012611 5012615
32840447 11178839
34714360 2296450
35604422 202449
32783995 7485554
30231409 5336554
32840998 460510
34714323 1043712
45982061 4052814
49194699 4902181
5022100 4116932
49194700 11294660
32776505 2296430
49194701 1623419
32776511 4464179
30236328 5379972
45982001 3367051
45982433 11476296
5022916 5001029
45982366 8751959
49194702 11930157
49194703 12591681
5009658 5009661
49194704 5927105
42109228 8528749
42072073 1975882
34767604 7516685
45981590 4416731
5009442 5009446
34714329 2447345
45982486 1065155
32778174 3667695
49194705 9049113
49194706 3257296
32776609 8373625
32776623 28847172
34395366 34395367
45980811 2350375
32841005 32841008
3240456 3687789
45982350 11294700
42090668 8463795
45981750 13438748
34714330 13749686
49194712 324854
45981249 2636352
35604429 8024944
49194713 12174638
49194714 825428
38460542 7222995
30221733 5279901
2691628 3291012
45980876 13824849
49194715 9456441
49194716 8459850
45981707 8289524
34714331 10284920
45981723 5582801
1051501 1914185
5013786 1562678
35598499 16866256
3553319 3897023
2193125 2930430
32838984 3137143
12708496 4835417
30243292 6782710
45981265 18719972
5011357 5011360
3721499 4003598
5018728 1897385
2691612 3290969
32838989 1828391
1051493 1914177
2691421 3290790
3290984 3055022
34385823 1397398
5006456 1003397
5026410 858250
34714337 4121981
49194717 3397391
45981439 21041661
49194720 7541243
49194721 4110150
49194722 910816
49194723 8505367
45981600 11294826
45981076 21923999
1051507 1914196
45980926 718092
32784040 879773
34735770 34569391
34731299 5049517
1552724 2412746
14301684 14301687
45981985 26392856
34735832 5843640
32783930 16721543
49194724 1675795
45983174 1967044
49195356 2300236
45982409 4262347
45982407 8912033
45982405 9817289
49195357 1079417
45981209 7711244
45981106 6165723
49195358 211492
45982708 868274
45982904 3423946
45982310 9257220
45982270 3482510
49195359 1242883
45982785 7423748
49195360 2726603
49195361 1411205
49195362 8465895
45980826 4762392
49195363 26947470
49195364 17826585
49195365 18029322
45980830 2502209
45980828 9773987
49195366 11294933
45981032 2853227
45981108 2529022
49195367 8530822
49195368 2447274
45981917 2286597
45982232 6451568
45982234 17416065
49195369 3217061
45981468 20962090
45983061 6656139
49195370 11294964
49195371 6482615
45982991 1856232
45982989 11294974
45983244 1389967
45981386 6784980
45982815 21713604
49195372 3932006
45981416 1599712
777123 1562473
45982110 11295006
49195373 5123301
49195374 5753066
49195375 10114163
45982108 6938450
45982999 1673231
49195376 10114198
45983001 35121011
45981594 9596384
30755903 2969280
45982277 1875583
45982275 4528790
49195377 9976578
45982798 2591677
45982796 9439170
45981628 4474035
45982842 1888878
45982838 914715
49195378 10114364
45982840 11295280
45982844 1688598
49195379 1371246
49195380 5620804
45981685 9141846
49195381 5698767
49195382 10114392
45981683 1798382
49195383 3689599
45981687 10001327
49195384 32045836
45982208 14867245
45981987 6774121
45981989 5790644
45982017 5509236
45982019 8520572
45983129 10114467
45982013 10114473
45982009 6540235
45983127 10114479
45983125 2846479
49195385 1595080
45982015 12413247
45982023 5712979
45982011 12264176
45982021 5252514
45981979 4324953
45981955 10114504
45983133 12566947
45983131 9360982
35582833 2556155
45983248 6953946
45983304 8482390
45981476 9301324
49195386 5900324
45982120 27985855
45982447 6258440
45982437 6888729
45982435 7445039
49195387 4663304
45982421 6195664
49195388 8957940
45983308 10114587
45982419 17870415
45983166 3126934
45981431 4407975
45981215 2968510
45981217 10114614
49195389 11295435
45981221 8130798
49195390 21188856
49195391 9728520
49195392 4041294
49195393 6157236
45981219 1828031
49195394 7788909
45983051 5983563
45983047 5937317
49195395 25950601
49195396 10114647
45983049 22122132
45981543 3601992
49195397 8901620
45981545 13164862
45981547 9728555
45982124 9918190
49195398 3233549
49195399 10114672
45981737 21203792
45981735 1098139
49195400 10217819
49195401 1829880
49195402 1747068
49195403 934583
45982451 1060355
45981096 10114702
45981098 10114707
49195404 9728568
49195405 14557953
49195406 5876107
49195407 10114738
49195408 21748645
45981460 10114753
49195409 18160931
45982423 343777
45982425 2058319
49195410 4121666
45981782 6404708
49195411 11295504
49195412 10114764
45981235 21676022
45981237 3274318
45981232 3974062
45983194 1629878
45983192 10114806
35585102 1675470
49195413 10114827
49195414 8319790
49195415 8740545
49195416 8112276
49195417 10114837
49195418 10114845
49195419 15077508
49195420 8625416
49195421 6649997
49195422 1905444
49195423 4628206
49195424 7260648
49195425 13405339
45983067 26948404
49195426 3244229
49195427 2711453
49195428 8188040
45981622 1606399
45981802 12613303
45981480 31054036
45982059 14835614
45983083 9862968
45982584 11295575
45981279 17701954
49195429 4146930
49195430 2869907
45981933 12197766
49195431 6313844
45982922 9566819
49194779 10083771
49195432 26267702
45980820 10056887
45981965 7358348
45982306 10115095
45982302 26948528
45983252 4241285
45982304 384770
49195433 574196
45983250 11295704
45980797 13483005
49195434 22397594
45980799 5711785
45981923 9278963
45981921 2989950
45981824 10115144
49195435 10115148
45981531 6908851
45981533 7407802
13534167 10115158
45982504 1076387
49194785 30477177
45982287 9419701
45980977 4677020
49195436 10115232
49195437 1874572
49195438 6444280
45980975 2473891
45981259 5472709
45982212 6637618
45982777 5939807
49195439 10115284
49195440 8140671
49195441 5495055
49195442 20146031
49195443 11067619
45981361 8270799
45981351 10106171
45981359 18204149
45981357 5617663
45981355 18917327
45982737 8676801
49195444 3975700
49195445 6410233
45981153 7466808
45981404 6616391
49194790 2563932
49194791 10115378
45981529 11295881
49195446 2577798
49195447 10115385
45981519 1385553
45981059 25482400
45981057 75161
45981647 6701137
45982386 11295906
45982772 4163624
49195448 8039247
45981002 5969005
49195449 5537619
45981139 9603705
49195450 7357718
49195451 1854393
45982352 2285233
49195452 3501086
45981862 5543405
45981856 12132312
905797 1717684
45981257 10115602
49195453 7053884
49195454 6055461
45982656 3013394
45983019 10115615
45983137 3253151
45981946 10115630
45981949 6247657
45982195 16877753
45982590 3974321
45981100 11580475
49194797 8953938
45981804 8261619
45982540 5718220
45982538 6728495
49195455 11372793
49195456 375638
49195457 5276770
49195458 376237
49195459 7383048
49195460 14564166
45982925 936532
49195461 44314024
45982866 10115930
45982995 10974493
45982997 2730580
13530619 2620570
45983312 10115945
35604967 17018965
45983180 10115952
45983178 1248950
45983184 10115957
45983182 7822363
45983176 870844
5017669 4393946
45981137 15454757
45981155 8749405
45981135 6354609
45982792 8238258
32783989 12908937
45981951 5949557
45981090 8308799
45982199 11296285
49195462 89690
49194801 23166009
48114888 10116025
45982260 3159005
49194803 9086197
49195463 9086215
45982411 6507544
45981311 23761764
49194804 15492045
45982588 10584660
45980989 14553320
45982163 27267334
45982314 7578562
45983318 12082356
49194805 20294758
45981796 5742070
45981798 13076790
45981800 6461453
49195464 17527011
45981709 11848631
35584212 12746778
45981893 12575374
49195465 12242427
49195466 1874419
49195467 398066
49195468 10116032
49195469 10116035
45981891 953668
49195470 26763891
49195471 10429082
49195472 6647543
49195473 11296451
49195474 3687076
45983023 1489447
49195475 8513682
49195476 892133
45980906 3158183
49195477 947274
45980900 6037259
45980904 3669629
49195478 3274597
45980902 1881161
49195479 1945570
45980896 11860181
45980898 22012134
49195480 3733811
45982632 1250050
49195481 3611593
45982636 5039877
45982856 688453
45982852 4200637
45982854 3629833
45982606 1704216
45981944 9223530
45981494 11296505
49195482 3580349
49195483 8563558
45981588 6028066
49195484 216630
45981223 11622821
49195485 988133
45981371 3263493
45983093 10116080
49195486 10930460
45983091 11371067
45983095 12798062
45982638 4050706
45983236 27267697
45982729 1823576
49195487 17430554
49195488 5969105
45982346 5938983
49195489 4984666
45982608 1614379
49195490 9107582
49195491 9585440
45981143 2451973
49195492 16880624
49195493 20010580
49194732 11500012
45982189 11276850
45982185 861322
45982191 27267798
49195494 2570222
49195495 3780907
45982187 1739809
45982488 1475410
49195496 6175194
45981526 10116088
45981504 9990828
49195497 8938467
45981506 1475412
49195498 5582954
45981983 5931442
49195499 2707077
49195500 8437659
49195501 11146326
45981780 3461268
49195502 1736494
49195503 21646338
34774754 3952402
45981521 4380147
45981523 12389769
49195504 2599221
45981539 894447
49195505 908258
45981537 1894024
45981604 4140498
45981602 5919697
49195506 11296590
45982594 10723043
49195507 9787096
49195508 6353173
49195509 9444418
49195510 26948647
45982592 9013548
49195511 6372760
49195512 5470246
49194739 4903770
49195513 7241613
45983135 4676914
45982074 5280784
45982072 7831864
45982076 22089262
49195514 1747823
49195515 1931046
45983246 9315368
49195516 8858854
49195517 25576295
45981243 22124894
45981245 6136366
45981241 20298976
45983039 869015
49195518 15711082
45983266 3481349
49195519 11296656
45983268 11296662
49195520 12015017
45981034 3935102
49194741 11296682
45981637 18204147
45982206 15492892
45982161 26300789
45982159 12880633
45981061 5293702
49195521 18059963
45981063 32052182
45982027 17085009
45981050 2604752
45981053 40264701
45982230 6974226
45982228 11296690
45982226 7788104
45982224 3678430
35603625 7081569
45981927 11296720
45981931 5788965
45981929 23760571
45981864 6342438
45981435 9902959
49195522 1756521
49195523 4449366
45983306 11296743
45981287 11296753
49195524 5515036
49195525 3636722
49195526 10408294
49195527 2891390
49195528 34693224
49195529 3281894
49195530 8456432
45982066 20518153
45982429 1905285
49195531 6608973
45982078 11296775
45982084 3316760
45982082 11296784
45982080 3027055
45981253 2291082
45981903 11296801
45981541 2291015
45980818 1874192
45980816 11296821
45982896 360049
45982372 3031459
49195532 11296865
45982106 27489198
49195533 1725256
49195534 25704423
49195535 9399874
45981126 26425010
49195536 5382506
49194747 3100777
45981729 3791711
49195537 11464593
49195538 11296887
49195539 15524136
45981114 11296904
49195540 8200899
49195541 3967867
49195542 11296944
45982616 10184032
49195543 4654226
49195544 1440685
45982025 7827915
45982204 9925604
49194750 9002227
45982169 8015727
49195545 21638412
49195546 5431873
45982214 10390074
49195547 6993017
49195548 17899531
49195549 2908793
49195550 2233721
45982216 15797420
49195551 4158781
45981711 6034081
49194751 1284028
45982324 10116121
45981484 14390333
45981488 9248318
49195552 11529680
45981490 8049411
45981492 5231315
45981486 2185517
45982360 3881460
45981482 7290900
49195553 5278720
45982045 1423373
49194753 8333092
49194754 6155051
45982070 9858368
49195554 30593589
49195555 18045812
49195556 44314805
45981261 7591324
49195557 19414293
45981454 6101651
49194758 7674121
45981462 26949249
45982298 17235834
45982382 6985358
49195558 6526013
49195559 1405600
49195560 11297208
45982384 3645416
45982380 1746316
49195561 2129275
45981806 11928883
49195562 11536382
49195563 7641001
45981808 7225960
49195564 3894558
49195565 7325659
39974995 4483895
45981584 5463651
45983089 28753023
49195566 669743
49195567 4718046
45982560 2564741
49195568 6104604
49195569 11298183
49195570 18087271
49195571 8104198
49195572 22672646
49195573 5101760
49195574 2985232
45982672 8082067
45982670 7060973
45982318 3689303
49195575 9056207
49195576 7361538
49195577 2520527
49195578 10116288
45983123 16346932
45983041 14948529
49195579 12897828
49195580 39147437
45981608 6065809
45981606 30854694
49195581 26002141
49195582 3406990
49195583 20023891
49195584 1516172
49195585 6278980
49195586 29183810
49195587 747303
45983204 11298265
45983206 2043473
45982273 9254732
49195588 4292320
49195589 13774658
45981748 12182653
45981746 10221079
49195590 38838944
49195591 9155677
49195592 9475761
49195593 8715390
49195594 5702613
45981794 16592525
49195595 15332716
49195596 7372260
49195597 7104552
49195598 4163249
49195599 44316165
49195600 7062122
49195601 12590514
49195602 4557317
49195603 19816817
49195604 7747053
49195605 6181944
49195606 19597293
45981400 6399198
49195607 888780
49195608 266083
49195609 8775843
49195610 3878839
49195611 4157335
49195612 314262
45981175 11298312
49195613 6621627
49195614 7989801
49195615 10882237
49195616 1793957
49195617 14647385
49195618 38838640
49195619 13135273
45983214 10121536
45983228 11528896
45983218 6199743
45981765 10116322
45982562 2603450
45982554 21838524
49195620 21502015
49195621 9973740
49195622 9876455
49195623 11298377
45981187 11152864
45981185 5394402
45981826 8597510
49195624 9931568
49195625 10116327
45980928 9367074
49195626 8661224
49195627 8661230
49195628 4358929
45982376 10116342
49195629 10329449
45982825 5324486
45982892 3834670
45982981 1966353
49195630 7246410
45983075 6767665
45983073 5836397
49195631 30934295
49195632 26950923
45982332 9628611
45982334 12565
49195633 4282929
49195634 31790293
45982296 6499378
45982943 354686
49195635 3508127
49195636 5283681
49195637 8331250
49195638 15322412
49195639 5584639
49195640 9002724
45981854 492567
49195641 12095843
49195642 5057288
49195643 9683885
49195644 30230
49195645 8077921
49195646 8790221
49195647 10693818
45983045 11298505
45982710 2592631
49195648 11298515
45982712 13114
49195649 8278231
49195650 19863284
49195651 5702637
49195652 11298565
49195653 10378232
45981281 6495005
45983316 10417307
49195654 1970198
49195655 5120505
49195656 9025295
49195657 1879285
49195658 11298655
49195659 3955876
45983234 7442482
45982279 8977966
49195660 16008120
49195661 7143662
45981907 28959614
45981905 5834659
45983163 6681211
49195662 21802129
49195663 866651
45983168 32142851
45981909 11298691
49195664 2520292
45982177 11298773
45982179 16714882
49195665 8157288
45981911 3250294
45981913 17472358
45981275 4962331
45981277 17905525
45981285 4092328
49195666 7951471
45981283 11463234
45982468 8540270
49195667 5388556
45982466 4306702
49195668 2175963
49195669 20501893
49195670 9805516
49195671 12675164
49195672 4623948
49195673 3611481
49195674 32568736
49195675 24789613
49195676 35224034
49195677 1725532
49195678 11298878
45982470 10217321
49194812 5501014
49195679 14866562
42109702 20415160
35583087 1769982
45982502 929747
49195680 11298953
49195681 17939437
49195682 11406846
49195683 11920541
49195684 2384698
45982116 25519104
45982523 15187194
45981167 11299041
45981553 2397420
49195685 10311463
49195686 13019723
49195687 14680255
49195688 21262789
49195689 15190006
45982449 3126663
49195690 10221202
49195691 1379205
49195692 1369038
49195693 1354211
49195694 5173873
49195695 3999003
49195696 89260
49195697 11299159
45982781 11299179
45982783 30646606
45982779 10026313
45982256 8509860
45982258 5468467
49195698 25584185
49195699 8929088
49195700 34570341
49195701 28306280
49195702 949555
49195703 2173814
45981535 940707
49195704 11299193
45982336 2713057
49194808 13135825
25405132 6919881
45983172 8486071
45981977 8489743
45982872 9758558
45982868 4598412
45982634 3274129
49195705 188587
49195706 6844715
45982340 7922082
49195707 3864252
49195708 1848541
49195709 2503001
49195710 10868318
49195711 30636550
49195712 1549486
49195713 16349530
49195714 32627139
49195715 14473585
49195716 7018404
49195717 11299325
49195718 6505427
5011858 5011861
10853458 10853460
49195719 1280756
49195720 6831955
49195721 34103850
45981472 5700737
49195722 12082823
49195723 11299392
45981092 5418987
45981094 18329593
49195724 7246130
49195725 807329
49194814 15649374
49195726 6600819
49194811 11299444
45983043 6550566
49195727 11299536
45980953 4321526
45981132 947886
49195728 3201261
49195729 5670386
49195730 1494482
49195731 9156989
49195732 6710522
49195733 15383354
45982876 288179
45982973 1857534
45980878 4984323
49195734 1693913
49195735 301515
45983186 8290028
32719484 2512808
45981596 17791067
45981592 17134781
45981771 9481197
45981769 17348107
14301694 14301698
45982654 2430680
45980870 4500510
49194816 11299993
36516333 10870554
49194817 11300004
45982759 357240
45983099 2835161
45982118 16668807
49195736 9468307
45981227 28827927
45981517 1665262
45981773 8946989
49194819 9995169
45981426 11301198
379883 985969
45982870 9518124
49195737 5492075
49195738 21558204
49195739 5636123
49195740 44318699
49195741 15524224
49195742 4054398
49195743 7005741
45983097 10640803
1555329 2415447
4368838 4430843
49194809 26725260
45982674 1310531
49195744 2687252
49195745 17960924
49195746 8818505
45981515 5256302
49195747 2416288
45982790 8983398
45982312 4418919
45981963 27079238
45981731 8336347
49195748 3012232
49195749 19170711
49195750 28291001
49194820 8984995
49194822 11303186
32783920 6079462
49194823 29377844
49194824 2118122
49195751 12038430
49195752 1502903
49195753 17966359
49195754 6228937
