37217506 12365650
37221920 12365650
37293410 8165089
42192692 191717
37217184 28452900
49355672 49355673
37327787 2037395
42161684 34778392
37217419 12436746
41860218 765835
37217196 9350113
37217160 6852354
37217423 6421277
49355674 742944
37217391 5383358
34343653 6993628
41883801 41675870
49355675 31094909
49355676 43407072
49355677 43407328
38575613 38575614
49355678 7978748
49355679 270491
37217383 9460763
15673633 12938373
37217216 28452912
37219593 12644822
42161684 799508
37327653 29768796
37328414 3093374
37328796 3812327
42112539 33250399
37217480 8941893
37327644 852468
37327641 315496
37217265 28452914
49355681 4505813
49355682 5946324
37328133 4396103
11423330 48498
1741786 2571306
41850355 41850356
37329177 28360940
37328751 6479469
37217466 12447453
35534659 35088400
37217248 28452918
37224231 28452918
49355683 43421397
37217134 31103763
37219574 9370000
37219555 11185204
37217187 12598305
33820758 15751
34037387 196298
31518615 5072919
49355684 556
49355685 14765473
40292353 8149534
37217445 12710787
37328198 11057833
37328790 212574
30724114 1388875
37222288 11513180
37219534 12157729
43232280 99408
37217292 34856170
37217140 9208547
37217551 7073964
37217462 8047775
37217164 12717816
35088421 62097
42504135 62097
33781081 62097
37217458 37217459
37217403 12633424
37224144 12633424
37219504 11689324
15165993 8998857
38062201 253661
34033132 191857
14917587 2573002
49355686 455540
40189573 40189574
37329022 28995974
37221396 13128665
37327665 30737210
37328403 11643867
37328413 11643867
37217182 6538841
41890569 23673846
37217138 8975922
37328539 37328540
34348073 3100196
38561759 3100196
49355687 49355688
37217223 8976932
49355689 6637763
37219559 13102809
31501974 4947469
34349023 34349024
1741786 2571305
37219550 37219551
37219520 12406792
37217444 11362457
37219547 12406752
34358424 34358427
36521791 36521793
37125531 37125533
37219588 8288819
31084462 31084459
49355690 28686742
38575441 424849
15673912 3291075
15674240 3291075
15673976 3291075
15673082 3291075
41968666 3291075
15673515 3291075
15674041 3291075
15673938 3291075
15673200 3291075
15673952 3291075
15673611 3291075
37218720 9348029
37219552 9348029
37104502 33137595
49355691 49355692
36524911 34246352
37217266 13089492
37219528 7197836
2878323 1204580
37217486 9388652
37217406 37217407
49355693 38647184
5678175 4902677
37219539 28452944
37217448 1438653
37217667 1490835
34039107 4168948
37219488 9623160
49355694 34093417
37327609 2981835
49355695 5317515
43232457 119888
37219567 28452947
34039702 8017396
37328061 79750
37328246 79750
37328839 79750
37328869 79750
37328871 79750
34039856 7438822
49355696 90685
33127846 12971671
37515373 30624633
41452221 13000587
37217460 11422758
37515375 37515377
37515378 37515379
49355697 928603
36533199 928603
49355698 1498081
46323069 46323071
49355699 2106234
49355701 8016035
37657695 37657698
46308346 8060685
37328850 1544259
34037383 73988
49355703 3050853
49355705 30738524
49355706 5153041
49355707 6194532
41860218 3533344
42110794 34780198
41860033 34352784
37329185 37329186
41860218 34763026
37217608 37217609
43400299 31154412
36520630 7947774
42134855 34780426
49355708 8548258
41967840 8548258
43398943 28587715
49355710 28587715
49355708 13203562
38062492 11543673
36534364 15353034
36523220 34353129
38062494 8006285
38062495 8006285
41859434 4261556
49355711 4756541
49355708 40175766
41853837 31111845
49355712 31111845
49355713 16377
49355714 34353313
38062502 38062503
36530427 36530428
49355715 36530428
41856745 36530428
49355716 49355717
34388502 34388503
36536189 34388503
37195501 10834849
49355718 47899467
30723718 82572
46274826 46274828
33943922 7867935
192083 45161
37217381 1796532
49355719 8894842
37217390 7730458
49355720 6235141
34040273 9294973
37327743 37327744
34039582 957507
37217151 9348925
37328290 284799
37328358 14462410
37219633 12408698
37217534 28452957
37217446 12814578
31280356 11055400
37217496 12641028
34039214 1243512
49355721 35386062
49355723 1105431
49355724 49355725
37217433 7144072
37217340 34860267
34039306 583772
37094207 11987905
34042203 230395
15673968 11916214
37219518 37219519
34039844 11578218
34039064 3620640
46319545 3242017
49355727 38658921
37217132 12644777
37217141 11146177
49355728 40342729
12785288 12785295
49355729 12785295
49355730 12785295
49355731 12785295
49355732 12785295
37217526 28452966
34039212 7569320
37222401 12557339
34039506 11102193
36535148 2320030
49355733 5328404
34039911 6962558
49355734 1532048
37217514 37217515
37217472 356536
37217219 11790942
37327785 34062390
37327929 34062390
31479023 73496
31754555 9987735
37217393 8470309
33943945 3900657
49355736 49355737
38053675 192340
37219695 37219696
37219544 8537480
37217413 6414292
31754576 45162
31754574 45162
34356376 45162
45191337 45191339
43403111 721127
3137206 721127
33086044 1248337
46286633 546904
30723682 2332202
37327805 2332202
37327842 2332202
37327541 37327543
34038322 2413175
1559085 779576
37651161 8454
37217202 12717737
37217270 10889931
37406017 1483024
37219734 608087
37391581 2837315
37219586 12596075
37217218 11468809
37219591 12166506
37328684 37328686
197209 593137
37217410 12350816
37217181 28452990
35855198 35855199
37328101 37328103
37328359 37328360
37328433 37328434
37328493 34867665
37328980 37328982
37328794 1388880
37328029 37328030
37329133 37329134
37328688 37328689
37329187 37329188
37328342 37328343
37327873 4475903
37327997 37327998
37328001 37327998
37328541 37328542
37217440 11757654
34040356 212827
37328075 1329427
49355738 13692
37651155 158252
37217662 37217663
974738 794156
49355739 86486
37219565 12705385
49355741 2350546
36537082 1318315
36536080 3081988
37219576 9954223
2878323 3426797
49355742 288497
37219732 37219733
37223994 37223995
37219546 8475556
37217220 10873562
34393761 31772027
42160245 648129
34037817 44258
31303247 44258
37659606 50483
30768663 40301
37217171 28453002
49355745 1592871
37219575 12716656
37224349 12716656
49355746 1931212
42183815 1931212
37219516 1323106
37219493 31071002
49355708 40217672
37217487 8040195
37217512 28453017
42161684 6594432
37328278 8989213
37328770 8989213
37328816 8989213
13398428 110467
37217501 12123263
37217542 14604402
977642 84076
37219721 11881455
37217146 11894555
36519104 450680
46265107 450680
49355747 450680
49355748 450680
42133383 6037048
49355749 43465719
37217482 34916831
45749368 45749369
39979145 1555981
49355750 1555981
49355751 1555981
37217237 12639847
49355752 2653419
37327820 10777
37327821 10777
37328034 10777
15673635 8220021
49355753 12611494
37329178 10434284
37328642 10433130
34039109 11324463
37657695 365896
36534458 405908
36533034 405908
49355754 405908
49355755 405908
49355756 405908
49355757 405908
49355758 405908
49355759 405908
49355760 405908
49355761 405908
49355762 405908
49355763 405908
49355764 405908
36523895 405908
49355765 405908
36525120 405908
36531909 405908
49355766 405908
49355767 405908
49355768 405908
49355769 405908
49355770 405908
49355771 405908
36522838 405908
49355772 405908
49355773 405908
49355774 405908
36531130 405908
49355775 405908
49355776 405908
49355777 405908
38587588 405908
49355778 405908
49355779 405908
49355780 405908
49355781 405908
49355782 405908
49355783 405908
49355784 405908
36529218 405908
36523481 405908
49355785 405908
49355786 405908
37412969 405908
49355787 405908
49355788 405908
49355789 405908
49355790 405908
49355791 405908
49355792 405908
49355793 405908
36535836 405908
36535838 405908
49355794 405908
36532228 405908
36533126 405908
31924975 405908
49355795 405908
35551566 405908
42098514 405908
42106680 405908
49355796 405908
37490807 405908
49355797 405908
49355798 405908
49355799 405908
49355800 405908
49355801 405908
38409075 405908
45888485 405908
38575633 405908
49355802 405908
10999207 405908
49355803 405908
36458199 1804283
37219485 11802918
37221742 28453038
37217233 28453041
37219533 28453047
37217539 5100357
37217543 13042497
37219482 11942442
37217671 266385
37328036 35874333
37329004 37329005
37217209 28453064
15673302 11465271
37217250 28453067
34040048 11260492
37217664 12746580
37221815 12746580
37219500 8138426
15674186 9551588
31502362 5476717
49355804 12779326
37217427 12758189
37221939 12758189
37328495 661160
37328634 661160
30724112 661160
37328832 661160
37329149 661160
37217481 7607300
37219509 37219510
30764675 9218075
37327526 307885
37329075 37329076
37219579 28453078
37217176 12717779
37217275 28453081
37217505 28453082
37328792 8103931
37328991 8103931
37328876 523274
31141494 31141499
37219527 8919825
37217238 34766412
38062839 4117194
37171431 11378983
42092171 11378983
49355805 11401175
37217665 2452600
37224263 2452600
37328340 523270
38575627 2876851
37217476 31086090
37217409 12016650
34364017 5182167
32785930 34271
135668 34271
36525065 34271
37109035 5172829
34383432 2435989
42134932 3113965
37328086 760582
37328599 760582
37328951 760582
37219511 28607566
37327684 13122486
37328369 13122486
37328993 13122486
37219564 8083159
33943791 676149
37217166 28453101
37328366 36337661
37217245 13131071
49355806 38672395
6219836 6219864
37217230 9603762
37217194 6703945
37217415 12691212
37217441 12670406
37224002 12670406
37217195 928951
41954713 10176619
42101995 34441780
34441778 34441780
37328467 37328469
28187812 8099322
14868106 2126803
37217546 11800213
34052729 8982342
37219571 5251517
39934137 1138230
34039052 2933892
31299991 2219324
3564884 1954840
37490362 17237
49355807 9554940
34038131 441779
37217477 13050124
37221421 13050124
37327789 32854633
49355808 281890
42135696 3082330
37328554 37328555
37217489 8631020
49355809 41911292
37217502 11902793
37217518 37217519
37223835 12519681
37217231 12618126
37217392 11573365
37217494 28453137
37223299 28607671
37328763 37328765
46516871 32691374
37217201 28607686
37217504 11740729
37221738 11740729
37217402 1304901
37327519 37327520
37219587 555451
37217128 5832932
37217432 28607713
37219506 28453161
37328113 37328114
37327552 32792492
37327856 262389
49355810 38825855
38561671 12684771
37219483 37219484
37328823 2201175
141748 165494
37329030 30757382
37217378 34917745
37219517 9553501
37328290 795679
34040770 163302
32854636 784957
34367513 784957
37327533 784957
37327534 784957
37327561 784957
37327576 784957
37327589 784957
37327740 784957
37327762 784957
37327785 784957
37327786 784957
37327795 784957
37327823 784957
37327825 784957
37327826 784957
37327827 784957
37327828 784957
37327929 784957
37327931 784957
37327932 784957
37327934 784957
37327935 784957
37328051 784957
30723740 784957
37328367 784957
37328386 784957
37328448 784957
37328497 784957
37328556 784957
37328782 784957
37328987 784957
37329071 784957
34367533 784957
30500550 784957
38062997 28597674
37327765 6432334
37328512 6432334
37329038 6432334
36536310 170508
37217205 13024502
37217210 12352674
37219501 11189283
37219542 37219543
38561656 573996
49355811 573996
45158181 573996
28406550 513621
36519170 272127
38063012 8827555
34461960 1216083
49355812 329700
34039225 685129
34039549 685129
38395871 583762
37217198 28453197
49355814 39016
37398720 508192
37217447 8945929
37329145 35069644
37219715 11240368
14871386 561658
31480395 207665
36511997 357738
42170582 357738
37327732 37327733
37327658 34478312
34038972 1051563
49355815 1051563
36523555 4807376
37177199 4807376
3541588 792176
36520500 228709
36868701 228709
37329092 9139642
37329111 315531
34369952 1322419
2878323 1295662
49355816 12809386
37219592 1938506
37217278 28453213
2439500 3121401
37217449 28453216
38458404 139511
37587764 139511
49355817 139511
34038130 1191729
34038153 1191729
37219494 11490534
37135537 9535579
37328068 37328069
37584244 11830398
37219714 12475547
37217288 12443031
49355818 1562382
37219717 11934926
37217286 8113575
49355819 1569243
37217276 12502729
37217283 7120322
37217281 11753368
49355820 2390594
49355821 13295823
37217443 13025378
33938255 32951015
34040261 326751
37219711 28453229
30346677 1914220
49355822 13293818
37299621 10099113
49355823 6106486
37219712 37219713
49355824 49355825
37328243 30074006
37217190 11896310
37217261 37217262
49355826 49355827
36535706 4885987
37217156 8600532
37217232 28607873
32848460 7374417
37217521 37217522
37219545 5149639
36509845 157834
33581074 31914402
37217523 37217524
37103557 4261565
36537051 34372832
30993788 15486370
30771480 30771482
37219481 12654294
36536762 2516991
49355828 1740307
41967840 952953
34373505 4648378
42136004 4648378
15673818 4797829
37217552 37217553
37217294 37217295
49355829 49355830
37219486 12375439
37217178 28453260
1741786 2571316
37094307 3900634
37222678 28453267
37217285 28453268
37222614 28453268
37217554 10698706
37217416 1784647
37217186 5618375
37217395 7910382
37222709 28453310
37217293 12671733
49355831 49355832
37217282 28580388
37217289 37217290
37217431 11977517
37219525 10923038
37219720 28453321
37328385 1666915
37217287 28453331
37222737 28453337
37219722 37219723
49355833 2402023
37328889 31167416
41849370 240473
49355834 240473
1497442 240473
34038023 699985
38062964 4125837
37217272 11725558
37219541 12567404
36536714 2222554
37329153 37329154
37217224 12518313
37217259 12996151
38063138 2357824
37214853 13287259
36517709 168223
38063146 168223
37217246 28453355
37217279 37217280
37219710 11371359
37219728 28608146
37224027 28608146
37217167 9115772
37219515 28608159
37217424 11342798
49355836 8076425
38063156 4420369
41859434 4420369
37217450 28453376
37221929 28453376
37327835 36689793
37328465 37328466
37219492 12092946
37217256 28453380
37328214 37328215
37328661 31167418
37651160 2108426
33581553 606203
37217200 6672652
2391041 1532497
37327628 31075730
34038132 1560827
49355838 38694148
37217177 35352780
34038123 2642216
37219709 8955827
12323774 4515794
37222809 28453390
42161684 6619187
37219521 5149613
37217257 11738244
37219526 12482739
37217434 6957345
49355839 49355840
37094304 40437
41849370 59739
5511473 2188849
37328707 37328708
37329189 10434294
34040343 32804612
135254 33935
49355841 33935
32840401 33935
49355843 461766
37327968 36297198
30723764 30723765
37329120 37329121
37217197 28453403
9414056 312048
38713398 3072760
986412 983985
37219735 11096011
37223351 28453404
37223994 28453404
37217404 12800254
49355844 270399
42161684 31087410
37217274 28453411
37217227 37217228
37217535 9462052
37221663 9462052
34039052 3424992
37328618 29341695
37217163 12509888
37224250 12509888
37614313 173128
35573368 245065
37327587 9139525
15673629 4685343
49355845 49355846
37174653 13296
36520985 44985
37217464 8651304
618500 5473
34379463 1565892
49355847 6227367
34444770 1081565
42161684 5247956
36536010 36536011
37336537 34417810
37329123 30787270
2405659 1545216
34039095 3459075
14967689 51498
49355848 1581584
37515378 37515380
37221379 11019200
37217169 11707392
37217225 12640542
31648775 3305367
33816912 1070014
37329091 9139641
37327868 3174513
37098147 11786648
37217488 12174727
41873248 233345
37103555 233345
37614314 12614825
784514 242829
34037282 7139479
15673990 12267893
41954266 7621281
21972751 21972755
49355849 6160832
37217429 37217430
42110794 11839638
49355851 33700977
33700976 33700977
37663070 7794159
41850050 4261573
41862113 4261573
37219708 34920279
37329150 37329151
31300175 29027152
37219505 11441482
37222081 12568649
37219729 28453449
34038121 2057171
34038136 2057171
34038152 2057171
34038160 2057171
34038163 2057171
34038168 2057171
34038174 2057171
5744994 2057171
3566983 2057171
37219736 37219737
37219489 37219490
49355852 5793327
41912851 11729946
37327760 37327761
37328330 34478309
36529105 2431224
37134031 4843902
49355698 1498083
37217455 37217456
37130951 518492
37328124 37328125
37328009 14460816
37217192 28453461
37327622 37327623
49355854 41324589
37217170 5791032
37217268 11916981
37327535 34441548
37328053 34756759
37329125 37329126
37328523 37328525
37327708 37327709
37219580 12487867
33541325 3833985
37327659 34756763
37328387 37328388
37327791 37327792
37327633 37327634
37328682 34756765
37327737 37327738
37328544 34756766
37327532 34455292
37327725 32994380
42119492 651519
37224322 28453472
37217525 28453474
37224559 28453474
9701224 2084472
37328916 37328917
37219537 8510604
37420077 36736910
43328342 12516420
37327567 35604181
37328801 37328802
37327657 35556111
37327858 37327859
37328355 35403184
37327591 11585501
30723735 11585501
37328909 11585501
30723771 30723772
37327827 34367512
37328196 37328197
49355856 13036530
37328270 37328271
37327604 35573394
37328159 37328161
37327533 32854636
37327551 34756767
15672747 6523245
49355857 49355858
49355859 11423992
38063484 11423992
37217221 12643491
37217555 28453485
37217297 37217298
37217677 37217678
34345703 10706199
34345704 10706199
49355861 8533268
37219577 37219578
37328945 37328946
49355863 49355864
37328487 35604193
37328463 36349577
37328464 36349577
37327782 35607030
37328515 37328517
37328519 37328517
34382643 10707932
37328563 37328564
37328317 34367513
37217660 37217661
37217249 28453492
37224226 28453492
37328361 37328362
8999960 8999933
37219706 13020369
49355865 77346
37328815 34444196
37219707 13063974
37224222 28453517
37217451 28453527
37219556 12718454
37217483 12705427
37224145 12705427
41860218 3912999
37217498 37217499
37221708 37217499
37224206 37217499
37217479 12742398
49355866 1116596
42110794 34783856
37217538 28453544
37217300 8771827
34735191 25118
34383432 34383433
39586653 21710823
37219605 37219606
37638311 29044398
37217541 13213857
37327598 34387156
37327605 34387156
49355868 30741518
37328810 32854638
37219703 28643172
37217484 12697372
37224143 12697372
49355869 9742816
4574391 4558324
42161684 12389275
37219704 12180405
49355870 236392
41727119 77782
37219705 8225069
8916321 8916347
37391589 33732481
49355871 38053305
37327689 14273643
37219507 28453561
37219498 37219499
49355872 3905932
34040335 1555191
37217461 28453563
37328145 37328146
37328275 37328146
37328276 37328146
49355873 2927117
49355874 2927117
49355875 2927117
36529259 2927117
36529086 2927117
49355876 2927117
41867920 2927117
49355877 2927117
42100878 2927117
41867794 2927117
41867802 2927117
49355878 2927117
49355879 2927117
49355880 2927117
37327577 37327579
37218973 9860012
35091369 192939
37219730 28453565
41955138 3523598
15159895 191676
34322157 2835386
42140483 89020
37944484 35006
37217174 12601407
37224020 12601407
37222896 14284501
35505132 5464057
31496086 5464057
37217503 12732952
37217411 3459035
37217532 28453582
37224395 28453582
37219557 3150546
37217478 8023396
37224173 8023396
37217530 28608631
37221713 28608631
37217463 11490252
49355881 442141
31754722 442141
34037042 3578337
37328438 37328439
37217536 37217537
37219701 11820929
37219702 11714756
31501974 31501976
30760933 4141812
37647649 751189
42189561 751189
38409930 14888883
37327939 15145670
37327536 34388103
34038129 1497784
34038154 1497784
34038157 1497784
37327662 32994825
37328175 34756774
37328344 37328345
37327769 35574423
37328720 34756775
37327573 37327574
37328400 33584253
37327582 34784066
37329285 647726
31715637 14801914
37328709 37328710
37327540 34380672
37329175 37329176
37328605 37328606
37327982 37327983
37328147 37328148
37327565 37327566
37222870 11895129
37217243 37217244
37219495 12399057
37217437 12504845
37217436 12697481
37217467 37217468
37328293 34756780
37327776 32823422
37328522 34756781
37328028 34756785
37328141 34756787
37327973 34756789
37328808 37328809
37328543 34756793
30723766 30723767
37219700 12428694
37327755 37327756
34039411 10696740
49355882 49355883
3970172 4162676
31754692 7415
49355884 120064
15123692 508243
37327944 37327945
37327980 37327981
49355885 42102679
35573037 280644
38063776 280644
37217301 8197169
37329278 28706981
37327514 37327515
37328900 37328901
37327625 37327626
37327913 34756794
37327675 37327676
37327563 34756795
37328600 37328601
37327580 37327581
37328521 34756797
37327522 37327523
37328429 37328430
30723793 30723794
37327697 37327698
37328666 34756798
37327747 37327748
37327766 37327767
37328800 34756799
37327569 37327570
37328199 34756800
37328565 34756801
37219699 12559149
34387693 4836761
34036954 11362679
49355708 40208618
49355886 33847503
49355887 33847503
37217611 12452312
37219697 7782841
31501974 323283
466033 147754
49355708 38052741
37328447 34756802
23670660 3623608
36509375 3623608
3151389 3623608
3623609 3623608
38063842 1107751
10675489 2348713
34388316 5005099
37219693 37219694
37217556 37217557
37219698 12462846
37327971 37327972
37328045 37328046
36536189 963844
37219690 12643856
37327648 37327649
37217304 37217305
37217564 37217565
37217559 37217560
41859820 6384828
37217659 12644413
37328076 37328077
4200942 3464494
37327729 32854643
40292316 13120644
37217566 37217567
37219688 37219689
37328742 34387026
446983 141454
37328719 34756805
37329205 37329206
37328756 37328757
37328226 37328227
37328857 37328858
37328671 34756807
37328044 34756808
37328712 34756809
37329039 34756810
37217306 7704661
31502466 31502468
49355888 32945620
37329085 9499810
37328213 11283021
37328029 71256
37328042 71256
37328073 71256
37328495 71256
37329024 71256
37329149 71256
37217179 11738294
49355890 932565
30768663 3028609
36526124 24782
31502466 31502467
37217507 37217508
37221839 37217508
37219503 12812199
37219664 13101986
37217426 11654158
37217189 12670632
37217251 28453638
49355891 6178320
49355893 2390495
37327736 30781903
34038156 582184
34038159 582184
37223052 13116630
49355895 11024
37219683 11800367
37217435 12712105
49355869 3129763
37329117 32782468
37217208 28608786
37217173 12534730
37217207 28608788
37217162 12388441
37217260 28453644
37217191 13002097
42161684 6319904
37217401 28608790
35433400 35433401
42140483 1182871
37217562 28453650
37224008 28453650
32832613 242306
37219687 12175332
37217563 12767535
37401888 5781
37219531 37219532
37217568 8826581
37219685 8896388
34391491 2319994
37219691 28453678
37219684 35386893
37217302 37217303
49355896 2927119
37402102 735508
39973248 39973251
33561470 33561471
31735404 31121833
39236719 3059123
31767838 721130
39687147 4799211
49355897 34021231
37328060 30864452
37222676 12345500
37217569 8658458
37219682 8936041
37219681 12639731
37217570 12451297
37217571 28453687
37217307 37217308
34392411 34392412
37327677 37327678
37217313 37217314
37217573 37217574
37217575 28453689
37217576 37217577
46298604 40200409
37094297 37094299
45100568 8042723
49355898 1942492
38561060 1942492
37556106 30738539
34392616 137047
37651160 157838
37250852 157838
14939890 721131
37328324 37328325
38064229 38064050
40660318 3115823
41955138 3318897
37328401 10816630
37328914 28448464
35547265 8990758
37217333 11220531
37519824 848594
37217315 35387190
1505349 1081649
2369250 1081649
37217309 35388512
37219676 37219677
37328354 34393303
37329264 1667142
37329265 1667142
42148266 34224447
37328875 34756812
37327730 37327731
34040002 31105483
37327594 37327595
31295270 277059
37327673 37327674
37327603 34756814
37327909 37327910
37327525 840311
37328863 37328864
37327596 812610
32690377 13301868
37224323 33112287
37217317 28453690
37217316 6834546
37219679 15821246
37217310 37217311
37217318 28591681
37217582 28453694
37217579 37217580
37219672 10951090
38048651 9317425
38048652 9317425
37328366 35604407
37219675 12462920
37328054 37328055
37225576 2726415
37219674 33559032
43421993 2424496
37219673 12631676
5678176 5678190
37219669 37219670
37529764 37529765
34393977 31076275
1745139 360417
49355899 360417
49355900 360417
49355901 360417
49355902 2842873
37219570 10744331
37329131 32792444
37217319 34922559
37327888 10296337
37327889 10296337
37217581 31107208
37328683 37328685
37328301 6684277
34039747 12714975
37327637 37327638
41859428 41859430
37217583 11824538
31497642 415976
37219727 28608940
37135537 13525435
37217533 28453702
37217584 11877520
37217495 28608949
37221659 28608949
37217212 34922647
37217247 28453707
37221835 37221836
37217396 12641115
37217217 28453710
37217497 11776629
37219522 37219523
37327629 7968411
45630391 45630392
30862698 14326794
49355903 28519708
37396359 2876848
37328281 10434660
37329282 37329283
37328992 31076302
37217149 35352800
37221922 11899733
49355905 49355906
37217485 28453739
37219584 28453740
31283228 3972096
15674049 15674051
37217375 6336287
31492401 172651
31685693 1357516
37219718 37219719
37217321 28460387
37217322 37217323
37219658 11065282
37219662 28460394
37219663 13083122
37219659 37219660
37219653 37219654
34396337 5529037
15672770 5529037
37108948 5529037
37578389 6233480
37328082 37328083
49355907 284749
34473148 2047377
34396708 1933577
37219496 35352799
41859093 2369636
49355908 6919445
31282057 265952
31286039 265952
42170582 265952
34396836 2351948
37328428 34756824
37328285 37328286
37328290 37328286
37221850 28609020
37217613 33112324
37221368 12461178
37219622 12369668
37219621 33112371
37219665 37219666
49355909 49355910
30723791 30723792
49355911 976416
37217572 28453754
37217320 12653908
37219655 37219656
37217585 28453756
49355844 50282
15080606 50282
39974939 50282
49355912 50282
4113812 50282
49355913 50282
37217586 35387567
41998147 30395224
37224210 35389247
37327968 36297197
30723758 30723759
31685682 2309186
3019683 2309186
34404735 86073
8370625 339661
38033849 6127630
36536828 6127630
31509026 219382
37328358 14462419
37217599 11995691
37614311 157837
46324780 11412557
49355914 11412557
49355915 377249
38395797 1215768
49355916 4357334
37541870 4357334
36532721 4357334
49355917 4357334
49355918 4875653
45629457 1218246
1578280 1244421
37217204 12718250
14822281 2929626
38064257 11358003
31494102 5840209
49355919 3952990
49355920 2736279
37327885 217085
30723743 217085
37328634 217085
37328842 217085
49355921 2475577
49355922 5721678
37328551 31128858
37328553 31128858
37219549 5101362
36536858 4638278
37217213 28609072
37217252 28453769
37224224 28453769
37223136 28453770
49355708 11999081
41967840 11999081
37217414 13212908
37217531 28453771
37221711 28453771
31360209 7412
31598799 7412
49355923 7412
38561059 7412
31755634 7412
34042231 7412
37327888 10296335
37327889 10296335
41967840 38053193
37217745 31076414
37217277 28453775
49355924 5474980
49355925 5626598
32795566 2577919
38064283 2577919
34400062 2577919
31755073 1943278
37328285 1585472
37217517 12665244
37217516 11709729
37217226 5697154
37217175 12278233
37217379 10679325
37217159 5846317
49355926 8514660
37217254 37217255
37329012 37329013
37217540 12215960
37219585 14629568
1741786 2571309
49355927 159384
36534287 193634
36530427 193634
49355715 193634
41856745 193634
34040916 8143265
42161684 40480
37219497 10671086
34040320 12102
41859427 6013732
37328223 37328224
37219724 37219725
11962343 11962346
36537177 36537179
37217336 31075005
37217330 37217331
37327597 34756826
32824499 8856
49355928 8856
49355929 4355218
37217335 30395711
37327900 37327901
10843249 5506252
37217188 34402007
37217334 11719891
37219502 11328016
49355930 5855647
37606112 1564585
37217587 37217588
37328351 2201176
37328624 2201176
37328825 2201176
37329027 2201176
49355931 49355932
49355933 30737088
37327664 992067
37328059 992067
37328721 992067
37328773 992067
37219634 28460406
37402104 2087027
37368381 8463
37328368 6799671
36522304 6005784
49355708 49355709
15072610 298530
36510325 298530
38068269 298530
49355934 298530
37217329 12401705
37219647 37219648
37217589 37217590
37217592 37217593
37217598 11803762
37217606 8069426
37217595 37217596
41859825 30384412
15377743 15377750
37219568 6736707
37219487 11692791
36530208 1401514
34314935 1401514
38589033 38589032
49355935 537737
40609878 1720687
49355936 6916486
34042115 6916486
37328891 37328892
1073345 34847
37328178 37328179
49355937 433615
37224240 34923864
44217046 4214008
37327933 32854644
37329052 37329053
37327715 32854645
37327758 37327759
37327699 37327700
4290617 501422
37217602 37217603
37219629 37219630
37219650 28453798
37217327 28453799
37217591 11772455
37219645 37219646
37219642 37219643
37219641 28609187
37219640 28453801
37219637 37219638
37217328 28609189
37219635 28453804
37217600 37217601
37224820 34774564
37217337 28609208
37217338 37217339
37219632 9083075
37219624 37219625
31276569 31276570
49355938 49355939
37328827 30864805
49355714 40115399
37329280 28578640
39456241 13475587
49355731 30784688
49355941 30784688
29590604 4360861
36530807 3957933
36528992 3957933
49355942 3922173
34041069 4325631
37327547 37327548
37328635 37328637
49355881 1090752
31685844 994786
784535 7488
37219623 28609237
37401888 212520
37219636 14592831
37219651 37219652
37217607 8549372
49355944 49355945
37327555 37327556
15674258 4417118
49355946 14331924
10675486 3731986
37328690 29025692
37217509 37217510
536421 293893
85920 293893
37327564 34370586
37328627 851646
2787928 2023595
37328207 37328208
37217342 28453811
37217612 12544639
37217341 11943355
49355947 141441
49355948 445585
37217343 37217344
42100875 37217344
37217614 37217615
37217346 37217347
49355949 2894645
34406902 125676
7995691 7995688
37328464 35557198
37219620 2573101
37327599 37327600
37328545 31166591
49355950 6712612
45644953 5949332
37328615 5641870
37327611 37327612
37327613 37327614
37328117 37328118
49355951 4734311
30491554 13310448
37401887 13550
37328091 37328092
41923022 41923023
49355952 1545699
34409290 3032174
37328890 2939472
38068518 6473344
36535919 36535920
36536241 36535920
37328220 31167419
42161684 35389937
37217349 12414885
15154912 1532090
37327643 34756829
1741844 35551
38575610 38575611
37327691 37327692
37327694 37327695
31280151 2451200
37327704 34426933
37327706 37327707
42161684 24398695
49355708 28588650
37327710 28707551
37327712 34756831
37328397 35833818
40038891 726279
37328396 28706987
37327713 37327714
36527511 144422
49355954 144422
2759960 144422
37217616 37217617
37328824 35046492
34039987 4427571
37328561 37328562
49355955 11629473
37327555 35450349
37327838 35450349
37328480 34756832
37329103 37329104
37328567 34756834
37327914 37327915
37329015 37329016
37327717 37327718
37327954 37327955
36521726 156875
37104487 156875
49355956 156875
36521966 156875
42089244 156875
46287743 156875
46261618 156875
49355957 156875
49355958 156875
38070348 156875
49355959 156875
49355960 156875
42111104 156875
49355961 156875
49355962 156875
49355963 156875
49355964 156875
38071000 156875
49355965 156875
49355966 156875
41885955 45158
37327734 37327735
39588978 13304833
49355967 9281360
37578389 703806
37328219 34756840
31501974 15110240
49355968 11151665
49355969 31084365
14882252 273866
37109253 7842770
33127785 288462
37328510 3539035
49355970 49355971
42133169 35008
35354955 1315430
34040958 34040959
34411997 5781961
37217666 36673543
37329222 37329223
37329227 37329228
49355972 1274508
37329035 37329036
37224547 28453849
37219530 7706152
37217161 11136930
37217547 28453855
37217215 12505063
37217528 37217529
37224181 37217529
31752386 29028014
31755639 29028014
37219553 12701391
37217273 28453875
39962703 1971029
31502425 1619101
42504135 3399153
33943803 519707
42161684 42161685
49355708 40124247
37217618 37217619
37223320 37217619
37329086 10836471
49355974 2390738
37217475 33112388
37327966 13484611
37327967 13484611
46272616 46272618
4405494 4334498
49355976 15134632
34413038 479406
31524046 31524047
30306421 6541565
49355977 353493
11578567 4947662
42000766 63749
37217388 10900142
30294835 30294841
49355978 8944533
37217271 12948674
37219560 37219561
37217165 2080251
37224372 11745240
37217500 35352815
37329140 13465739
49355979 49355980
37327784 34400560
37328453 34400560
37327923 37327924
37519824 31156726
38068777 7165890
42232291 42232293
37217267 8760504
37328920 11866537
2265887 111170
36522619 36522620
37328825 3472988
31685682 3019669
42161684 42161686
32237720 3883470
37457323 31165999
42007720 1758662
34415134 9104869
34267103 34267107
49355982 5985257
36529101 4847766
34039266 11072722
6859010 6858998
49355984 5448566
37221434 4076054
747174 1526812
15144346 3669726
38587413 4466608
37217421 11151146
37254349 40415
37327991 37327992
37328371 37327992
36536838 11396000
37328582 1667019
37329158 28448482
37329099 2643544
39462300 207478
36521852 13310646
49355985 13310646
41895453 33253139
10855649 445470
36534272 445470
49355986 445470
37356258 445470
34036933 445470
5370918 445470
41690592 445470
4950727 445470
37190477 445470
36523391 445470
35354910 445470
49355987 445470
32682640 445470
37331194 445470
41861992 445470
36529524 445470
36528865 445470
49355988 12202604
34416482 3258617
31584453 31584455
49355990 3079073
41870975 6004343
36519289 34369717
49355991 8116527
37329161 24389661
39460699 8926271
37328530 37328531
37219616 37219617
37151630 1715435
49355992 8700584
37327593 34756843
49355993 38053189
37328960 37328961
37391583 3888140
11396344 4365
14868237 14868243
49355708 36674898
34037387 132979
37328490 24407700
33564732 31166005
30723078 30723088
37579171 37579173
37374766 15491643
49355994 15350149
49355996 1462512
37219613 37219614
49355997 4123633
28727159 266191
37217620 14654079
37217621 37217622
37329038 35556125
37328210 32804532
37219609 37219610
37637056 11258216
37327783 34756845
37329090 34756845
37328423 34768367
37217350 12206166
37217131 12535578
49355999 12535578
37219608 6799052
34038710 2639019
49356000 38825874
39974939 28313405
37217325 37217326
49356001 49356002
33943634 5014895
37328477 12985639
34418082 13154520
31282638 6204929
37327746 35556391
30723742 9139604
37328259 9139604
37328262 9139604
37329193 9139604
37217353 12154064
37217352 28609713
37391583 37391584
37217625 28609715
37217624 28609716
37327797 37327798
37327800 37327801
37327802 34756850
37327805 37327806
37327807 37327808
37327810 37327811
37327812 37327813
37327815 37327816
37327817 37327818
37327823 37327824
37327831 37327832
37327833 37327834
37327851 37327852
37327854 37327855
37217626 28609722
37327829 37327830
37327856 37327857
37327860 37327862
37327863 37327864
37327865 37327866
37327871 37327872
37327874 37327875
37327877 37327878
37327886 37327887
49355708 40100327
37327898 37327899
37327906 37327907
34418836 11423843
37217627 12066094
49356003 30741914
37217354 5359244
36536080 4932637
37615992 6847511
312048 847265
37578389 3108392
37221658 28643915
49356004 576751
36525690 44984
42127679 4104355
41837683 4104355
49356005 4104355
37401888 310622
2363680 310622
38360498 3019667
35621428 31154473
49356006 6673380
38068737 34421022
15674268 10035790
34052735 8158703
42121830 17026
14899520 721134
36509678 13326374
37205223 39065
6320265 6320248
34052694 131345
31754449 31754451
49356008 3570695
37217651 37217652
37329041 37329042
37329249 37329250
37329256 37329250
49356010 3570619
42128095 44481
38068893 33141798
49356011 10767008
49355698 43647498
31533803 1911884
34422774 1518710
34409808 31076707
34038145 4530050
37328973 795680
35552816 2360134
41955138 7810571
34040459 1212398
34038118 508246
37328321 6330802
37328323 6330802
37328349 6330802
37329215 6330802
37329216 6330802
34266626 6413900
37328144 6413900
49356012 5062452
34038127 261841
49356014 2507253
36525939 962008
34423962 2405632
37327553 761053
37327726 761053
37327793 761053
37328014 761053
37328019 761053
37328052 761053
37328616 761053
37328706 761053
35403188 761053
37217152 7613290
10384214 388609
37327937 37327938
37327946 37327947
49355738 77267
49356015 2937339
37221314 6640920
31193751 15345644
49356016 1203766
42161684 12374251
37614315 230549
49356017 3480247
37217139 10973157
37217376 11534837
37328510 37328511
37327948 37327949
37327953 37327949
37327948 37327950
37327948 37327951
37327948 37327952
37328717 9544841
37651160 1111403
37327702 6330694
37328474 6330694
37329118 6330694
37329183 6330694
37217668 11352374
49356018 239961
37217425 12952502
38062814 128505
37328939 3616878
37328940 3616878
37328026 4344081
37328041 4344081
37328457 4344081
37328673 4344081
37327800 7266084
37327805 7266084
37327882 7266084
37328923 7266084
41870595 2130748
37562952 3173674
36521726 3577748
37104487 3577748
36521966 3577748
41850355 3577748
37219716 12775401
37217355 34925909
33250833 187507
34038169 2056623
15175380 8022006
49356019 4868438
37217240 37217241
41452219 34721813
49355708 12643232
37328915 1543739
38063727 38063728
37187669 4104356
41955138 9634484
49356020 71078
49355911 3463675
38385400 7112456
49355716 7112456
31555904 5429840
37328348 6156644
37329224 6156644
37329226 10897928
49356021 135045
49356022 5020093
422360 5217
49356023 11183613
31474868 7402935
14939897 721123
37391589 34426992
37589284 37589285
49356025 3455812
7670943 7670954
37396161 11816500
41699666 721122
30346677 30346678
9695556 9695580
37217351 12782940
33944071 126537
35504761 6463284
49356026 4375813
31283057 2654050
34849144 2187699
6679920 2231145
34040053 113499
31561529 8830819
34038112 10129503
15674188 6648509
15673966 6648509
31509029 857400
42070913 1107774
37328308 11315877
37328384 11315877
37327892 37327893
35502519 2533300
31280191 5068562
3079045 3568533
42503809 164855
37329019 34367524
9611079 9611101
37125938 9611101
36534287 9611101
36528755 9611101
36530427 9611101
36530884 9611101
36532969 9611101
42110794 9611101
49356027 36088
31300192 4182234
9425821 6073665
1069630 1932637
5678175 5678177
37288281 4182166
37328201 9123506
37328443 11637841
37328694 11637841
42080144 6380351
41943749 6380351
1816107 39771
49143095 7425248
37542411 37542413
35495949 11621057
28307098 45150
49356028 446504
37094738 30676738
49356029 13285343
37396616 13285343
37327968 36311203
37327632 34756855
42100875 31135392
49356030 29357028
37174652 55591
15163293 55591
3903581 55591
15672754 10666065
1741786 2571314
1741786 2571312
49356032 68094
34492389 1573783
36536388 30739688
38069778 11385468
34431545 135651
37395960 3677180
9695535 3879075
2617823 1805712
31508718 219379
38069781 3407908
37328974 37328976
36519531 1222148
49356033 12707083
49356034 12707083
40294455 2618254
15673122 15673124
37327974 37327975
37327976 37327977
38588891 33170507
37327978 37327979
34037276 1663457
38587448 6104697
49356035 6104697
42072893 10635174
49355718 47899489
37327986 37327987
42093140 34432508
37327988 34756856
37327989 37327990
10675489 1481211
15435551 4740803
2779116 2012999
34040843 10971041
444097 1093868
35855585 34421995
15673592 5712500
37327726 34794769
37328228 37328230
37328038 6432337
37329031 6432337
37328488 28304858
37328268 37328269
37328692 9305823
37327841 28578658
37328775 8449418
37327616 37327617
37328192 7251189
37328614 15669805
37328127 37328128
37329132 13123557
37327627 28476286
37329020 37329021
30723728 30723729
37328072 30723729
37328723 11333838
37328602 9305815
37328691 9305815
37327902 37327903
37329218 34393302
37328471 71186
37327778 11645472
37391587 13315078
1741786 2571313
37115536 37115537
33127861 4355326
49356036 4325382
36537120 4325382
49356037 8953010
37329258 37329259
40615394 976419
37615993 426658
1741786 2571307
37419068 37419070
49355698 4826030
42161684 15537966
49356038 3187351
37328058 9151270
37328136 9151270
37217157 7773820
49356039 7408
49356040 7408
42184470 7408
36519804 7408
49356041 7408
49356042 7408
43524261 7408
37519824 7408
31520780 7408
36519265 7408
37391581 7408
37502171 7408
37391587 7408
31754411 7408
49356043 7408
31630936 7408
31255279 7408
38070345 7408
31720189 7408
49356044 7408
31660591 7408
31742853 7408
32705130 7408
31310473 7408
31301993 7408
31317930 7408
31321252 7408
31355573 7408
31443439 7408
31491149 7408
31510990 7408
31532632 7408
31598407 7408
31724941 7408
31730732 7408
31734861 7408
31738713 7408
31741640 7408
31741642 7408
31741770 7408
31742331 7408
31742579 7408
31742938 7408
31743573 7408
31744012 7408
31744076 7408
31744289 7408
31744727 7408
31745589 7408
31745605 7408
31750597 7408
31751322 7408
31751497 7408
31752920 7408
31753606 7408
31753657 7408
31754010 7408
31754070 7408
31754075 7408
31754296 7408
31754506 7408
31754692 7408
31754693 7408
31754818 7408
31755420 7408
31551491 7408
31689062 7408
31752831 7408
31755073 7408
31755554 7408
31755488 7408
31755505 7408
1481852 7408
1481866 7408
46254227 7408
36519070 7408
36519159 7408
36521109 7408
49356045 7408
9370693 7408
37614218 7408
43652042 7408
31755473 7408
49356046 7408
46261618 7408
49356047 7408
36532969 7408
49356048 7408
42062249 7408
49356049 7408
49356050 7408
49356051 7408
33100959 7408
49356053 7408
31347650 7408
43403419 7408
49356054 7408
49356055 7408
42111103 7408
49356056 7408
38062882 7408
49356057 7408
49356058 7408
49356059 7408
49356060 7408
49356061 7408
49356062 7408
49356063 7408
49356064 7408
49356065 7408
49356066 7408
42123593 7408
49356067 7408
42112720 7408
42123657 7408
49356068 7408
49355959 7408
42123714 7408
42110051 7408
49356069 7408
49356070 7408
49356071 7408
49356072 7408
49356073 7408
49356074 7408
49356075 7408
49356076 7408
49356077 7408
49356078 7408
49356079 7408
49356080 7408
49356081 7408
49356082 7408
49356083 7408
49356084 7408
38443364 7408
38587473 7408
38443365 7408
38443366 7408
31755605 7408
49356085 7408
49356087 7408
49356088 7408
49356089 7408
49356090 7408
38062883 7408
1210647 7408
45712380 7408
49356091 7408
49356092 7408
38587484 7408
31755583 7408
49355899 7408
49356093 7408
38820901 7408
38820900 7408
49356094 7408
49356095 7408
31755606 7408
38561062 7408
42014344 7408
38587485 7408
42133099 7408
42186007 7408
42133114 7408
38062884 7408
38384507 7408
49356096 7408
42133169 7408
38443394 7408
49355900 7408
49355901 7408
38409085 7408
784535 7408
31755592 7408
31755450 7408
31755453 7408
31755457 7408
31755472 7408
31755481 7408
31755608 7408
31755470 7408
31755573 7408
38384508 7408
39962703 7408
31755667 7408
31755590 7408
31755593 7408
31755615 7408
49356097 7408
31755611 7408
31755588 7408
37391390 7408
37391389 7408
42110991 7408
42100875 7408
42121697 7408
31755661 7408
31755678 7408
49356098 7408
784534 7408
31755683 7408
31755685 7408
31755674 7408
40292448 7408
40292454 7408
49356099 7408
49356100 7408
49356101 7408
41861932 7408
49356102 7408
49356103 7408
38443421 7408
31755716 7408
49356104 7408
37556191 7408
38629522 7408
31755724 7408
38064084 7408
49356106 7408
31755509 7408
49356107 7408
38071000 7408
38062887 7408
49356108 7408
38823134 7408
49356109 7408
37584194 7408
31755740 7408
31755736 7408
30881953 7408
34466209 7408
37608053 7408
35485597 7408
43403611 4420322
49356110 62859
37327994 31898253
37327996 34735870
37328979 37327999
37328002 37328003
37104487 7409
38395767 7409
36521976 7409
36524130 7409
37091332 7409
49356041 7409
37502171 7409
37297432 7409
46315692 7409
31754411 7409
31630936 7409
31720189 7409
49356111 7409
31660591 7409
31742853 7409
31310473 7409
31301993 7409
31321252 7409
31355573 7409
31510990 7409
31532632 7409
31598407 7409
31734861 7409
31738713 7409
31741642 7409
31741770 7409
31742331 7409
31742579 7409
31742938 7409
31744076 7409
31744289 7409
31744727 7409
31745589 7409
31745605 7409
31750597 7409
31751322 7409
31751497 7409
31752920 7409
31753657 7409
31754010 7409
31754070 7409
31754296 7409
31754692 7409
31754693 7409
31754818 7409
31551491 7409
31689062 7409
31752831 7409
49356112 7409
31755554 7409
31755488 7409
31755505 7409
1481852 7409
1481866 7409
49356045 7409
31755473 7409
46287743 7409
46289186 7409
46261618 7409
41850355 7409
46258293 7409
46298604 7409
49355987 7409
49355957 7409
5604676 7409
36532969 7409
49356048 7409
49356051 7409
33100959 7409
31347650 7409
37328380 7409
49355985 7409
49356113 7409
42111103 7409
49355958 7409
42110966 7409
49356058 7409
49356059 7409
49356060 7409
49356114 7409
49356061 7409
38070348 7409
49356064 7409
49356065 7409
49356066 7409
49356115 7409
42123612 7409
42112720 7409
49356116 7409
49355959 7409
49355960 7409
49355914 7409
42111104 7409
49356117 7409
49356070 7409
49355961 7409
49356071 7409
49355962 7409
49356072 7409
49356073 7409
42073240 7409
49356076 7409
49356118 7409
49356119 7409
49355963 7409
49356079 7409
49356120 7409
49356081 7409
49356082 7409
49356083 7409
38443364 7409
38587473 7409
38443366 7409
31755605 7409
49356121 7409
49356123 7409
36523802 7409
45712380 7409
37331194 7409
31755583 7409
31755624 7409
49355899 7409
49356124 7409
49356094 7409
49356125 7409
31755606 7409
38561062 7409
38587485 7409
49355708 7409
41967840 7409
38384507 7409
49356096 7409
42133169 7409
38443394 7409
49355900 7409
38409085 7409
784535 7409
31755592 7409
31755450 7409
31755457 7409
31755472 7409
31755608 7409
31755470 7409
31755573 7409
37328876 7409
31755667 7409
31755590 7409
31755593 7409
31755615 7409
42133274 7409
31755611 7409
37391390 7409
37391389 7409
42110991 7409
42100875 7409
41859434 7409
31755661 7409
31755678 7409
49356126 7409
49356098 7409
784534 7409
31755683 7409
31755674 7409
40292454 7409
41861992 7409
49356127 7409
49356102 7409
49355964 7409
49356103 7409
49356129 7409
38443421 7409
31755716 7409
49356104 7409
37556191 7409
38629522 7409
31755724 7409
38064084 7409
49356106 7409
49356107 7409
38071000 7409
49356130 7409
38062887 7409
38823134 7409
49355966 7409
49356131 7409
49356132 7409
36529524 7409
38575627 7409
35485597 7409
49356133 6002429
34434420 111307
49356134 111307
34038117 161469
40304790 1067631
37217544 11754336
37224368 11754336
37217527 28609853
37328004 37328005
40292436 10331761
37223048 37223049
37328896 37328897
37217641 37217642
37518532 3737121
49356135 43669104
34052717 174389
38794671 174389
49356136 1857252
49143649 10064028
2591790 3227020
35606519 35606520
47753048 4307041
38409930 10953475
49355708 10953475
41967840 10953475
37328771 34735871
37327687 37327688
37329011 7241175
38068611 256469
37328012 37328013
38052064 441470
37329194 37329195
34040349 6725965
37217356 31106297
49356137 2389569
34438176 585577
37328021 37328022
49356139 6054912
33820775 6054912
37171427 9964452
37614218 36693204
40292364 12689891
11258016 2389128
49356140 8106884
49356141 49356142
36522969 3571452
37217754 10718696
34038142 1183646
12611699 1183646
49356143 11155239
11039977 1277304
37328048 34438493
36517179 5727059
37328049 37328050
38069913 745241
23672204 23672202
43345817 3591786
37614310 1204090
37614312 3049854
49356005 6133428
40614532 6133428
42135064 3437844
32237893 4091049
31303287 3055113
49356144 4625131
49356146 11346481
49356148 1338307
49356149 1338307
49356150 3455358
49356152 3907136
37328926 37328927
38069927 11567418
36514312 10685422
40292459 39434745
34052692 34052693
49355936 1340512
986412 1340512
40614768 1340512
28727159 1340512
34380022 31136824
37090901 30740936
35397435 8341835
49355936 7768
40614532 7947
49356154 15829315
28388546 13260773
49356155 15884537
30723721 30723722
37327669 34266628
37327679 37327680
30756508 41886
1602328 41886
41859824 6790352
31734861 30741915
37329270 3143513
37328065 14981897
38561768 1063549
1628175 2475177
37328068 36311205
37328071 36311205
3546488 40302
41859818 6384837
49355994 49355995
37329276 3143652
13517934 50243
37651159 50243
41859419 41859421
37328778 37328776
33944132 57209
31750291 213119
15673873 11916583
37328104 37328105
37327876 15110522
37328168 37328169
37328107 34795533
37328110 37328111
49356156 110439
37328123 37328122
37327646 37327647
34374881 136410
38384828 38384829
37217357 28453957
41955138 11510737
45644957 441474
31547076 3236525
49356157 8580838
49356158 11241143
37217358 12636770
49356159 49356160
37327826 3594531
37328104 3594531
37328780 3594531
37328845 3594531
37328904 3594531
37217359 11893546
37219602 12579838
34443862 9600306
49356161 3799194
37512424 6900748
49356163 6422745
37328145 35398717
30723749 30723751
37217360 13213472
34444226 7389556
37217361 12382783
38352024 11722780
49356165 15702654
29369451 4983134
31533803 2689290
37328134 3540941
34444569 2264087
37328156 37328157
37328172 37328173
37199430 1250643
37328182 28364402
37328183 37328184
37328187 34756864
49356168 224700
37219601 12171699
37328188 34756869
37327639 34756870
37328189 37328190
37328211 36522069
36527749 8035946
49356169 8897898
49356170 14384399
37328299 3265628
2152367 1275497
37327610 34756872
37327590 34358163
37328242 34358163
49356171 9285071
49356172 332152
32817536 9892358
36537084 772823
34446043 1092409
37217115 31077582
37217116 31077583
37217117 31077584
37217118 31077585
37217362 31077586
37217363 31077587
37217364 31077588
37217365 31077589
30239747 1968012
37217367 31077590
37217473 31077591
1628167 55997
49355843 1201828
49356173 222670
37217635 37217636
37217680 31077593
37217206 10936867
36537177 30694594
41954714 159377
34446708 3256526
36520405 3256526
36520987 3256526
36519270 3256526
39963407 3256526
49356174 3256526
49356175 3256526
38070115 3256526
38070116 3256526
37217687 31077603
37217688 31077605
37217689 31077606
37217690 31077607
37217691 31077613
49356176 237003
37217693 31077614
37217694 31077615
37217695 31077616
36550070 9576711
37217711 37217712
37217734 37217735
37217738 31077620
37217739 31093284
37217740 37217741
37217742 37217743
37217744 31077625
37217746 31077626
37217747 31077630
37174652 170554
37217758 31077631
37217896 31077632
37218081 31077633
37218126 31077634
37218567 31077636
37219479 31077637
37219738 31077638
37220237 31074964
37220238 31074963
37220239 31074965
37220240 31074966
37219349 31109230
37218596 31109227
37217697 37217698
37217707 37217708
31172326 148592
34040964 318690
37327888 10296339
37327889 10296339
37220241 31077642
30724104 30724105
37328239 37328240
30723745 30723747
37221352 31077643
37328248 37328249
34450771 9595470
38062204 31082038
37328253 37328254
37328259 37328260
37328263 34441618
5804056 5804069
42101032 38051816
36530624 728062
43400220 728126
37133861 1961269
49356177 5472878
37217144 7705855
37329003 9130477
38070170 13172176
38070171 4351230
37328265 32854646
9669800 776281
37221361 28736470
37221362 28736471
37221363 28736469
37221365 28736472
37221364 28736473
37217119 7316951
37217155 11519873
49356178 1259930
8853099 256455
33852502 779298
37636263 5476589
49356179 33321071
31110583 31110582
1210404 2086222
42142898 2931740
37613078 30741194
34307638 3523804
41690592 225404
33944067 225404
36534895 225404
37221398 31077689
37221399 31077690
49356180 3437811
37328256 37328257
37328377 37328378
36536757 9099554
38458404 41882
37587764 41882
35581767 41882
49355899 41882
42014343 41882
42133169 41882
41971682 41882
49355901 41882
42133273 41882
49356182 41882
38823133 41882
38823132 41882
15064256 41882
38070210 40429
41859434 4261528
37217399 8489118
31741978 31741980
37328108 36249329
13461227 3461842
37328590 37328591
37328595 37328591
49356183 1970522
49356185 1970522
37328694 11637845
37328695 11637845
35052588 4543
33944110 140267
37312895 11945254
37328294 34756874
37328303 37328304
49356187 687511
35581741 33142024
43401600 41694032
49356188 9025602
37365067 240575
37328305 37328306
42190259 10876467
37223244 37223245
37328307 34735874
37328309 37328310
37328311 37328312
37328313 37328314
43354456 2555050
37328315 34756875
37328316 35605559
34036904 11419539
40614768 8258
37328753 37328754
37328318 37328319
37328335 37328336
37328337 1271880
49356189 13405029
37614314 2111312
49356190 30323210
37103593 3909317
49356191 445752
47880190 35385574
41955138 1720746
38070266 2653184
34038155 4771971
49356192 3461213
37218767 6183108
39131161 2752569
49356193 2752569
1979332 2752569
39131582 2752569
39131499 2752569
31136823 2752569
45774680 2752569
39130915 2752569
32873613 2752569
11041629 2752569
9724285 141748
39199036 141748
31286040 7304494
590803 1323426
37327667 37327668
37328298 37327668
35411606 35411608
48119312 48119222
49356194 9214863
34456115 23747008
49356196 2365511
42161684 8210262
49356197 49356198
37328078 28578659
49356199 3217225
30309375 28427241
31721201 12502777
37328445 6461613
37328894 6461613
37328988 6461613
37519824 2501622
34413970 34413972
42190259 8069799
37328087 34756882
37328912 37328913
37329200 37329201
37329204 10433236
49356200 42101995
37365648 207476
49356201 49356202
34456880 15833215
41885450 30741019
35773235 355213
30724811 115634
37328356 37328357
37328266 28712431
29809146 8998
37504872 8998
37328158 34756884
37327750 37327751
40292440 33374962
37328127 34756886
37328130 34756886
49356203 557983
37327846 37327847
37327719 37327720
37328034 37327720
37328033 37327720
37328569 37328570
34457441 9427000
37328697 37328699
37328704 37328699
37327844 37327845
49356204 42118771
37329163 37329164
37327969 14975216
37328812 31099470
37327848 37327849
37328152 37328153
37329171 30313156
37327936 37327919
37327916 37327919
37328436 37328437
137364 429730
37327957 37327958
37327963 37327958
37327957 37327959
37327963 37327959
37328910 37328911
41923022 34239591
37329147 37329148
36522644 2482
49356205 11343341
49356207 4633138
37329231 37329232
49356208 413811
28727159 2086
37217269 12773455
37328672 3618665
37328669 4145035
41923022 39191262
49356209 426412
32960595 32960594
34418836 8515722
37329143 11566236
31084462 31084464
49356211 2690776
31163734 432385
49356212 2786
42106674 2786
9715606 2872194
37328365 34756896
37328291 37328292
49356213 49356214
49356215 49356216
37328228 37328229
37328043 28707714
37328037 28708776
37329198 28708972
49356218 2059534
15377742 15377747
37328382 37328383
34460258 1932433
30723773 30723774
42161684 31095044
49356220 822732
42106637 8683383
49355979 49355981
40292430 11040862
37519824 28626024
34493873 15179121
15179117 15179121
49356221 41849390
37519824 11421280
37328660 10836482
36511666 3407415
49356222 4967218
37328389 37328390
49356223 8498522
41861830 126143
37328391 37328392
37327665 35048160
34461577 10864691
37328999 6413911
37328948 37328949
37328556 37328557
37328560 37328557
40007729 2848349
49356224 30736418
41852458 106030
86073 159389
37328120 8460097
159366 159454
31282970 11559175
37328598 37328483
37328482 37328483
37221899 31078190
37328585 37328586
37221902 31078191
37221904 31078192
37221907 31078196
37221913 31078197
37221911 31078198
37221909 31078199
34462287 87380
15171563 87380
28402547 87380
37328405 33584240
37328406 33584239
37328407 37328408
49356225 2954311
37328416 35556394
37328420 34756897
37328421 34756899
33584247 33584248
33584246 33584248
41859434 4355284
49356227 23701752
37328232 37328233
37328431 37328233
37328747 37328233
37328442 3616954
36513918 36513918
15672765 3400475
37328446 34756901
37329213 37329214
37328451 37328452
40623398 40623399
49356228 15088704
37089317 4108180
46327220 31162452
49356229 34714071
38063930 1604486
30779219 586286
49356230 49356231
37328039 43896
37519824 33552279
37327963 37327964
31531677 12309108
357967 955612
42151797 4259
37327820 587109
37328667 587109
30724112 587109
49356232 6198247
37861236 37861237
37328502 37118392
37329127 34276975
49355873 40161445
49355875 40161445
49355874 40212418
34464035 261060
10048893 261060
49356234 261060
34464073 261060
34464077 261060
37328528 37328529
34038133 446313
34038139 446313
34038143 446313
34038150 446313
34038164 446313
34038166 446313
34038170 446313
34052703 446313
30884237 446313
33956389 446313
42100878 40102675
49355877 40155662
36529086 36529093
36529086 36529087
49355875 33127869
36529259 33127869
36529086 36529088
36529086 36529089
42100878 40180323
42100878 31162293
41867920 31111171
42100878 31111786
42100878 31111747
49355876 40206341
36529086 36529090
41867920 31163593
42100878 40100569
42100878 31167874
36529086 31163598
42100878 31135112
42100878 31163600
41867794 31163595
41867802 40102616
36529086 36529091
42100878 31111748
49355878 40100570
42100878 31163617
49355878 40100571
42100878 31140462
42100878 31140463
42100878 31140464
41867920 31163642
36529086 31163649
49355879 28737014
42100878 31167875
49355880 40157714
49355876 40206342
36529086 36529092
49355879 28737013
37328535 37328536
33944128 7699215
34390639 34390641
37328568 34756914
49356235 35348892
49356236 35348892
37328574 37328575
37328577 37328578
37328572 34724114
37328882 1329494
37328587 33584400
37328595 37328592
37328619 37328620
37328630 34728005
37328631 34756916
37328628 37328629
37328857 2106531
37328131 262657
37328647 34797097
37328648 37328649
37328651 34238050
37328653 32720745
37328654 37328655
37328657 37328658
40614768 40614769
37327516 32854648
37328665 24397627
37519824 11117450
37328672 34756918
37519824 28626440
37328476 34266631
37328833 34797164
37329246 34797164
37329156 10788776
37328713 37328714
37328716 34756927
37328481 37328482
37328781 37328482
38820654 38820653
37328725 37328727
37328729 37328730
41881605 34443210
37328737 37328738
33994225 2084949
31721852 11457434
37328739 37328740
34465217 34465218
37328768 34756928
37328769 34480880
37219598 7338824
37327796 37137196
37328744 37328746
37328785 32813768
37328096 37328097
37328098 37328097
37328099 37328097
37328786 37328787
37327655 37327656
37328804 37327656
37328825 37328826
37328837 37328838
41955138 316273
49356237 2963077
37328547 37328548
46319620 31073660
284444 159459
34042187 8952225
34038128 1202217
37328846 34280848
37224672 28454005
37328656 11150151
37328830 3542059
37329179 3857633
37328231 10686264
37328877 10686264
37328879 10686264
30723778 10686264
37328881 10686264
37224673 37224674
37224678 37224679
37224681 37224682
37224684 37224685
37224686 37224677
37224687 37224676
37224688 37224689
37224692 37224693
37224695 37224696
37224698 37224699
37224700 37224701
37224702 37224703
37224704 37224705
37224706 37224707
37224710 37224711
37224713 37224714
37224717 37224718
37224720 37224721
37224723 37224724
37224725 37224726
37224728 37224729
37224730 37224731
37224732 37224733
37224735 37224736
37224739 37224740
37224741 37224742
37224743 37224744
37224747 37224748
37224749 37224750
37224751 37224752
37224754 37224755
37224757 37224758
37224760 37224761
37224763 37224764
37224766 37224767
37224769 37224770
37224772 37224773
37224774 37224775
37224776 31078567
37224779 37224780
37224783 37224784
37224785 37224786
37224789 37224790
37224791 37224792
37224793 37224794
37224795 37224796
37224798 37224799
37224802 37224803
37224804 37224805
37224806 37224807
37224808 37224809
37224810 37224811
37224814 37224815
37224816 37224817
37224818 37224819
37224822 37224823
37224824 37224825
37224826 37224827
37224829 37224830
37224831 37224832
37224833 37224834
37224837 37224838
37224839 37224840
37224841 37224842
37224843 37224844
37224845 37224846
37224847 37224848
37224851 37224852
37224853 37224854
37224856 37224857
37224858 37224859
37224860 37224861
34466840 10067906
37329128 37329129
37328735 1667076
37328853 32720746
37328854 37328855
42133260 30737344
37328886 37328887
2475179 1628176
2475178 1628176
30781689 223407
37365642 37365644
37224870 37224871
37224873 37224874
37224876 37224877
37224880 37224881
37224883 37224884
37224885 37224886
37224888 37224889
37224890 37224891
37224892 37224893
37224896 37224897
37224899 37224900
37224901 37224902
37224905 37224906
37224907 37224908
37224910 37224911
37224912 37224913
37224915 37224916
37224917 37224918
37224920 37224921
37224922 37224923
37224925 37224926
37224927 37224928
37224930 37224931
37224932 37224933
37224934 37224935
37224936 37224937
37224939 37224940
37224941 37224942
37224943 37224944
37224945 37224946
37224947 37224948
37224949 37224950
37224952 37224953
37224954 37224955
37224956 37224957
37224958 37224959
37224962 37224963
37224965 37224966
37224967 37224968
37224970 37224971
37224972 37224973
37224974 37224975
37224976 37224977
37224978 37224979
37224980 37224981
37224982 37224983
37224985 37224986
37224987 37224988
37224989 37224990
37224991 37224992
37224993 37224994
37224995 37224996
37224997 37224998
37224999 37225000
37225001 37225002
37225003 37225004
37225005 37225006
37225007 37225008
37225017 37225018
37225009 37225010
37225011 37225012
37225013 37225014
37225015 37225016
49356239 439724
11258014 340511
49356241 340511
37225019 37225020
37217214 28454011
49356243 38052103
42100875 38052103
38069927 38069928
42038759 40115471
41850050 41850051
13344513 12075
49356244 12075
37328921 37328922
37328924 37328925
37328928 37328929
37328930 37328931
37328932 37328933
37328847 37328848
37328934 37328935
37328937 37328938
37885213 10793960
37328943 37328944
37329209 35802794
37328952 37328953
37328955 37328956
37328610 37328611
37328613 37328611
37519824 28697380
37328957 37328958
37327585 24365857
37328328 24365857
37328863 14472790
37328959 14472790
37327591 11585510
30723735 11585510
37328663 11585510
37328779 34768369
37328960 34756931
38384550 38384551
37328372 37328373
37328965 34756933
37328966 34756934
37328967 37328968
37328978 1571259
37328983 37328984
37328996 37328997
25458892 25458900
37328872 594509
37328839 2106579
37328829 198076
37329000 37329001
37329009 34756936
30723784 30723785
37219535 37219536
30723786 30723787
30723799 30723787
37329023 34756937
49356245 9389011
37328065 14981895
37329028 34756938
37329029 34756939
38587628 7664120
37329032 37329033
49356247 31110666
49356248 25444201
49356250 312572
37328835 5143
37329044 37329045
37329046 37329047
37329048 37329049
37329050 37329051
37329054 37329055
37329056 37329057
37329058 37329059
37329060 37329061
37329062 37329063
37329064 37329065
37329067 37329068
37329069 37329070
37329072 37329073
37329082 37329083
37327576 34062391
37327740 34062391
4502872 4529639
4529638 4529639
34469831 2000746
1129304 2000746
37329088 37329089
37329094 37329095
37329098 34756941
37329100 37329102
37329105 37329106
37329107 37329108
37329136 37329135
49356251 3312294
36536472 36536473
49356253 433740
15674192 724664
31256869 31256870
37217670 9286481
49356254 3144122
49356255 10036940
49356257 3798866
34470309 15634122
31533700 11432778
49355753 7574051
37327774 37327775
36110328 36110329
1481873 2349642
49356258 1283372
49356259 49356260
49355843 1125941
37217121 4668357
49356262 5435131
37329146 35605862
49356263 6505773
37329166 37329168
49356264 5309280
49356266 6992846
49356255 3083401
4967319 3151389
2476622 3151389
37329172 37329173
37329180 37329181
37329210 37329211
43232492 14211402
37329219 37329220
37329243 34756944
37329246 37329247
37225361 37225362
49356267 111028
37329252 37329253
37329263 32845221
37329267 37329268
37329272 37329273
28399411 28399409
49356268 2377389
36522301 36522302
37327770 37327771
10676583 10676593
49356270 327794
15072610 327794
34472430 327794
37373633 327794
34472437 327794
49356271 327794
37206647 327794
33943975 327794
49356273 327794
49356274 327794
49356275 327794
7995708 165903
49355987 165903
37331194 165903
49356276 13264691
34039990 34039991
49356277 34039991
36533057 2914845
49356278 4979966
37328165 9110658
37328798 9110658
37328588 32743248
49356279 286797
15113137 13382149
37327703 1825625
4371299 4423959
49356280 8002948
40614768 11054347
49356282 7779230
49356284 6752309
35484976 33120163
4478084 4511197
49356286 9362397
37328377 37328379
37328245 8168902
37328274 8168902
30768663 14764715
37327661 2194194
37327671 2494249
4290619 4375809
36536722 11373582
10810469 3438396
49356288 905478
49356289 6103698
34039071 4832684
36519171 3018845
49356290 3570439
49356292 5416760
37327926 9139606
37328057 9139606
37328634 9139606
37329192 9139606
38816893 6350201
38816892 6350201
37504866 7899384
36521109 3407417
37584194 3407417
34473360 8052229
34473405 5768572
37260183 661100
49356293 14747849
49356294 332159
33994166 4872231
49356295 6314849
49356296 4759667
49356297 38052880
42073652 42073653
34040040 360779
36519936 25432400
37328743 34287381
49356299 49356300
1097443 1964890
42144099 1949453
49356301 332158
37328461 35774587
49356303 2455557
31139241 31139240
31755073 31139240
38384508 31139240
49356304 358233
49356305 2198968
49356306 724653
2199168 1327262
42027040 32996171
49355843 1997712
37219480 7864152
36528451 2389135
49356307 5691919
49356309 6610965
37328236 2506248
31522304 6915538
37222670 5404008
49356311 328007
5767327 4788949
49356312 1067893
49356313 3677097
31744178 7015018
37328865 37328866
1741786 2571308
37217397 8393320
31692828 31692829
49356314 39194744
31533705 31113153
37519824 31099193
35483311 3658795
37328821 982461
34496998 4162342
49356315 3751892
49356316 4211337
37327742 4211337
37328395 4211337
37329157 9115702
49356317 2416116
32824510 11643537
37328121 31099469
37328750 14462416
13306340 3567767
39978818 3567767
40611177 3567767
34352815 3567767
29024908 3567767
37328282 548958
49356318 43763666
1741786 2571303
49356320 7316716
15927841 1099060
49356321 4847018
35048724 14762966
49356322 744158
49356323 6779632
36524555 499
37217548 12795949
37328462 34728008
37328537 37328538
49356324 6388670
37220511 36410120
49356325 5524145
49356326 3814856
31561245 9376370
37327583 34756945
49356328 6260753
40292336 959275
37327779 37327780
49356329 2622686
49356331 5886576
37327665 36412722
37614314 2117549
49356332 1058015
37217672 1849226
37328556 15301656
37327518 8236183
34476604 10682225
10682220 10682225
37328203 14999013
37328783 14999013
37328326 37328327
37217386 832367
33868338 1972424
37327591 14911530
30723735 14911530
37217549 37217550
38815772 29374545
38815771 29374545
37327940 37327941
37327970 37327941
49356333 7464715
34039591 2232618
42074537 1203997
49356334 41837973
49356335 7155850
49356336 6676618
49356337 3052930
37327584 34724434
37519824 28698493
37519824 4012398
49356338 296406
38062865 13399131
37217372 2182415
37614315 7794173
15673852 6759829
34223990 8408236
37329286 28448550
31494879 31494880
34039068 6324392
37327826 262701
37328852 262701
37327916 262701
15674287 15674289
37327879 34752377
37327993 34756947
37328127 37328129
49356339 3110473
37328063 30723724
37328204 37328205
37329137 37329138
37327681 13122490
37328369 13122490
37328993 13122490
42190435 30741113
34478128 12323383
31721854 4662461
37217380 9535443
37328868 11513867
31630638 8801817
34038151 8848
37402103 8848
38064187 33121504
37327527 37327528
49356340 49356341
42161684 2075388
49356342 7305975
37219597 7305975
49356343 1086425
49356345 6182498
37217137 9103700
37328467 37328468
37217120 1448273
34040325 31151339
37217148 11342906
34040031 5750389
37519824 3115318
37328295 34303397
37328715 34303397
49356346 41912161
49356347 2102935
37328417 11495244
37328418 11495244
49356348 7213722
34039149 222440
34039304 222440
28271711 228771
42503178 2119102
49356349 2093757
31754455 5505
34052713 261984
34277491 30738592
37217452 13142592
31281427 54364
49355753 12589750
37217123 2375910
37218745 2375910
37319420 5611673
37217385 8625525
49356350 6120205
49356351 4966069
37217203 35389250
37217172 8576784
37327624 852456
37328717 3033990
37329191 3795265
37328089 11227506
37329010 11227506
31533644 14715683
37584194 3797154
34041121 4210353
37328813 2404050
37329112 37329113
49356352 2455773
37519824 1782728
37328074 30736033
37328079 30736033
37217394 12720678
2892700 3435869
34036969 34036971
37328580 15630707
1663486 2503790
37328963 37328964
49356353 6034489
37328251 11135660
37328108 31169263
37328411 31169263
37328440 31169263
37328700 31169263
37328840 31169263
37328842 31169263
37328844 31169263
1741786 2571311
30723780 30723782
49356354 8367730
37524952 23693603
37328410 34756953
49356355 49356356
37328584 34756954
37217135 9103696
41911808 5175825
37590744 2894247
37219508 12654555
36528818 439018
37219548 5069187
1741786 2571310
49356357 49356358
1419208 2294260
49356359 30145417
37519824 28627444
37327835 37327836
37328523 37328524
42146876 11098797
37328062 15081068
37328422 34756955
37328398 37328399
37328652 35586873
37328149 37328150
37217234 37217235
840124 307814
37327588 3143489
30723745 30723746
37329238 37329239
37328352 37328353
37328363 36704814
49356360 15828583
37328331 15828583
30723790 8417609
37327645 1011432
49356361 2899162
37217420 9040744
36534282 4355316
37327819 852518
37328459 28448558
37328458 28448558
37519824 28472142
48170001 5912733
37327803 11113947
30723682 11113947
37327883 11113947
49356362 2390482
37519824 28698944
37329265 28278938
37328645 37328646
42161684 289655
49356363 3235109
37328180 11645477
37327922 37327916
12502372 12502368
34481371 222666
49356364 14249418
34481450 14249418
1741786 2571304
31312302 31312303
15674021 9470739
49356365 5407825
5469930 5469913
1138237 2009798
49356366 214146
34040915 214146
222747 54368
31507984 5730247
41452222 11088057
41452224 11088057
37652521 10812485
49356367 7361054
38070850 373103
49356368 373103
37358953 30677219
37135537 3100831
32808555 4283272
37327826 11494579
37327994 11494579
37328064 11494579
37328884 37328885
38352024 9812
36527127 3831319
40414759 40414764
37327776 37327777
49356369 832423
37217090 7219496
49356370 11646070
49356372 1002007
31486741 4381834
49356373 791721
15673637 609460
38070882 262333
40292392 262333
38070886 58282
49356375 58282
35966141 35966144
37524952 35966144
37317054 35966144
1741786 140862
49356376 694835
37217136 697981
37219596 11557801
37328139 30500550
41979858 103316
49356377 11510622
31300474 11149061
49356379 2552646
49356380 5908568
49356381 3964181
37328941 6609679
37328143 4239285
37328142 4239285
37328974 4239285
42175047 42175049
5975699 5975690
37328758 37328759
31686751 6469040
34037921 14452484
37328017 34756959
37328018 34756959
37328339 32796018
37217674 10894533
34040562 5030069
37328008 34756961
37327527 34756962
31280356 11068045
49356382 38816412
38588970 38588971
37217389 28454048
30794822 14775607
49356383 6128354
31445255 2349606
49356384 287455
37328903 760583
37327522 7555704
37217129 11152483
37221505 11152483
37221120 7394567
49355900 752189
37327879 37327880
37327760 11255963
42161684 444535
49356385 41876026
37327896 37327897
31661847 28699512
49356386 14378135
31586131 31586133
49356387 172979
37327705 34855223
37217158 12541193
35412685 141222
37297432 1067282
49356388 6324954
37328970 37328971
41205657 555441
49356389 555441
37328816 3093373
49356390 685131
37327769 3433523
37327538 2262712
37328905 37328906
37328817 1861759
31450482 31450483
37327592 34405205
37217374 8732642
37217439 10964468
37328818 122130
36532793 12326540
42161684 8451825
49356391 2963073
37217180 13015191
49356393 6169137
31446418 31446419
37217382 978683
42139859 13287727
37217422 12668339
37224142 12668339
49356395 819322
37217258 28454054
37224229 28454054
49356396 1090032
37328472 37328473
37217545 28454057
41886248 6235842
37103556 528687
34040660 759473
49356397 533506
36512082 444671
37217127 2184744
49356398 6276750
38561769 724734
37217370 1787090
15835877 15835874
37327839 37327840
37355315 31092278
49356399 4422826
34040052 357737
49356401 1285709
37328477 37328478
37221383 5024957
36884076 5024957
36901278 5024957
49356402 4850839
37217679 973134
37328702 13448354
31501974 1851984
49356403 6532733
37217150 5600372
37327558 37327559
49356405 3683863
37327530 262679
34052698 2056624
36536695 5724468
49356406 6244221
49356407 5393204
49356408 6861032
30724101 30724102
37217513 8426367
37217133 6834889
37217124 5425264
37217371 11532366
49356409 5581385
37519824 28628028
37328788 3814890
37328789 3814890
49356410 6257660
49356411 298463
41452218 11916061
15081042 15081047
42161684 5782286
37519824 6788524
37328212 31167432
37328264 34486519
34486534 10943083
31533648 31533651
41860218 3025065
49356412 37855528
37221420 4793909
49356413 11429941
2579225 142093
42100866 3225992
37217377 685130
36519556 520211
36520862 520211
36519938 520211
43403419 520211
38070999 520211
38062883 520211
38071000 520211
49356414 520211
38071001 520211
34052697 528632
49356415 4448679
37217369 5396676
37329037 34231628
37328602 37328604
37328499 37328500
37217490 37217491
37328748 1543720
37328194 2464547
37327562 36764731
46294564 256138
41857307 256138
38071009 213123
38064163 213123
37091492 11509558
10071930 6243685
37329244 28515510
33943861 11983310
49356416 31161540
35498128 28628227
34038141 4156
49356417 4156
42503259 110277
40614515 40614516
45826085 119630
15136335 6517593
34037431 6517593
36524302 6517593
49355851 6517593
33700976 6517593
42110226 6517593
49356418 6517593
49356419 6517593
31566807 12041770
37519824 3105524
49355698 728453
38071775 13314
37328639 14605199
31685552 8734412
37519824 32944113
37103592 319374
31580568 6208882
34040051 9516509
37519824 28700636
14769819 45168
49356420 31805
37584207 273476
49356421 778409
37217284 12815522
34038140 2352276
49356422 12785821
37327666 34361775
37327640 15165904
49356424 38796392
41954016 6116308
31742938 2441051
37219512 37219513
30768663 40300
37217412 6495790
37328825 2939517
37219582 12657914
37421223 2452
42088853 2452
49355708 13260866
49356425 12077612
49356426 15009857
49356427 60110
37327606 35617087
31300462 7314420
37217222 11221026
37328534 2506261
37328503 37328504
28205175 4157838
41977738 18998
38387775 4688621
37217263 37217264
37224235 37217264
42129422 42129423
37094311 30677413
37631423 2152250
47849144 1084772
31286052 1084772
15474272 4420761
49356429 42089170
36871337 76450
36525114 36525115
49356430 1088987
37172410 37172412
37297432 37172412
34052695 175080
36509401 498283
49356431 446218
1057889 417909
1057890 417909
49356432 417909
15101179 417909
1057891 417909
15165265 417909
37219554 8007222
49356433 62096
36535609 980667
49356434 9177
36529127 9177
36532178 9177
30499952 30499953
34491008 3900
34040771 3900
42161684 5133901
37217183 5382447
49356435 169114
37217143 6703943
37219566 12404054
37217669 12584920
37221510 12584920
37217418 6854076
32785930 34273
37222199 8389886
31433333 9696866
41849370 1497442
14269593 71972
263910 71972
4541643 71972
37217673 8574093
37217126 8482500
49356436 1224852
49356437 1224852
34040347 7854328
49356438 15891337
37328237 34756968
49356439 5516379
49356440 14215884
31750597 7405
38443421 7405
49356441 7405
38062294 57783
49356442 57783
38575441 57783
34466209 57783
41699664 57783
49356443 5750573
37219581 9260026
37217142 6921350
41968303 7406
33127781 140631
43345817 3921573
49356444 3110476
34037431 32291
37217676 5830275
37217384 11598337
49356445 6226002
37221706 9190378
37224207 9190378
49356447 5849018
37657723 1317078
38399601 1317078
42193591 1317078
49356448 38770238
11258015 11258017
37328919 1667110
41889610 11166955
41860033 11166955
38071124 8072856
40292396 30737604
37420077 37420079
37217405 13079467
37217400 13214698
34492679 5530553
38071131 3533357
49356449 3213506
37328137 37328138
37328994 37328995
37328632 15669803
37224448 8685558
37328806 28633812
49356450 516442
37222388 13136904
37222391 13136904
1989836 135653
15179121 135653
1068124 135653
49356451 1523604
2878323 81438
49356452 54365
31303548 137061
49356454 137061
15088900 724746
37217154 12759264
15672761 4488263
37217442 13212544
37217373 6575721
49356455 3738975
40433607 1091533
49356456 5556273
43403778 910707
49356457 6401895
37094523 28306320
49356458 954252
37217168 12519044
37205946 959928
37219538 31108411
1816107 6178
8829221 57834
49356459 135650
37329025 11063082
49356460 5407993
37219583 12464601
37217675 7038868
37094320 30713148
37328460 3539030
37328880 3539030
37398700 8130990
40414759 40414765
3083836 3083812
31277513 345
49317897 345
36511999 5932990
3970172 4162677
36534717 36534718
37515381 30665005
49356461 1423419
49356462 6445011
36513164 7211857
37174652 691694
10903646 73495
31590490 73495
34040458 73495
31570591 73495
28727178 162009
37329277 9139666
37217465 1090132
49356463 1257420
37327701 8933124
36537120 167862
41859434 167862
49356464 163358
34496921 163358
34496923 163358
34496924 163358
34496998 163358
49356465 163358
37219569 8669849
36873026 137232
49356466 2697220
42118600 40187683
49356467 6246444
37217185 7181206
49356468 9324947
49356470 5199240
36526223 6334304
42133264 6334304
37217438 5764723
37356256 78162
33943634 116231
37219589 37219590
1743220 140892
31239256 140892
30322512 6502204
37171406 6502204
37219572 37219573
37217147 8957879
49356471 11187248
37217387 11517733
34039026 6485458
37219563 12648144
37219594 2751715
37217470 37217471
37221937 37217471
37219595 11005483
31685695 3456054
37328454 7849782
37328702 7849782
49356472 7849782
37329207 7582399
49356473 8323182
7133056 7133007
37217145 11570413
37328861 8582599
37328862 8582599
37328863 8582599
37328140 1571245
2430228 1571245
37329234 6537094
37327591 2464627
37328081 2464627
30723735 2464627
37328675 2464627
37328669 293373
37328678 293373
29592814 2570247
37224161 7397394
37217453 37217454
37217130 8436922
49356474 140976
39973378 140976
36532176 140976
49356475 5567513
37217211 7970344
37217398 11784176
37219524 9150762
37217239 5880017
42022242 336004
49356476 336004
49356477 194758
40615460 194758
49356478 34499455
40609878 10990118
37217417 11780624
37217153 12611679
37218145 12611679
