39920914 39920916
41685222 41685225
28813131 28813134
33681508 33681511
13414843 13414848
31988849 31988855
28807017 28807026
33648836 33648839
32028938 32028943
39344316 39344319
39932774 39932778
31986206 31986212
28841052 28841057
36556301 36556304
33708842 33708847
28813204 28813216
33701621 33701628
28841016 28841021
13435431 13435436
39344306 39344309
41684171 41684174
13414863 13414874
28841070 28841078
28871699 28871702
39348926 39348929
33718415 33718419
28866010 28866017
28840811 28840814
39349008 39349011
28871664 28871668
13416416 13416422
36081972 36081977
28840528 28840531
31977074 31977080
28806940 28806945
33997412 33997415
33875310 33875313
39140080 39140081
31988244 31988250
13367624 13367634
28806955 28806962
13477710 13477721
28822906 28822916
38055378 38055384
28841062 28841066
28840832 28840835
32210681 32210689
31987165 31987174
33709711 33709715
13498653 13498663
33699620 33699624
40654150 40654153
36083271 36083275
39926573 39926576
31987638 31987646
33875315 33875318
39138772 39138773
4989573 4989580
33777715 33777719
40048485 40048487
38048692 38048695
31984600 31984606
28817254 28817263
39921722 39921724
39931324 39931328
28846705 28846708
39349240 39349245
39927397 39927400
39349308 39349311
33710044 33710048
28956619 28956622
39925556 39925559
33875257 33875261
33875305 33875308
33875282 33875285
33875271 33875275
38048547 38048552
39349703 39349706
39923986 39923989
36088992 36088995
41685598 41685601
39344927 39344930
33875287 33875290
33875320 33875323
33709210 33709213
33875325 33875328
39920558 39920561
33875297 33875301
33875330 33875332
33875292 33875295
33875266 33875269
40048609 40048612
40048482 40048484
39138659 39138662
38048569 38048571
38048572 38048574
38048557 38048560
38048563 38048565
38048566 38048568
38048697 38048700
28852989 28852998
39139302 39139304
39139305 39139307
36013742 36013744
39139292 39139293
39139901 39139903
39139389 39139390
39139285 39139287
33791389 33791396
33797887 33797890
39920035 39920037
33860132 33860135
39922776 39922778
32083463 32083468
41462743 41462745
33957056 33957058
35410008 35410011
32092736 32092742
33684307 33684312
39932930 39932932
33799196 33799198
33861980 33861985
41469254 41469256
33691845 33691851
28972018 28972023
28782593 28782603
28782369 28782379
33787354 33787361
36090377 36090383
36090612 36090616
41660886 41660888
31971032 31971039
31957666 31957675
33694282 33694285
33798738 33798741
36090370 36090373
33706197 33706199
33687448 33687451
36652678 36652680
36654046 36654049
40048472 40048474
38048591 38048594
34013170 34013177
38057791 38057794
33789109 33789112
39918683 39918685
39929419 39929421
39918672 39918674
38063729 38063732
38633270 38633274
33875203 33875205
39929431 39929432
33875078 33875080
15251495 15251504
29712062 29712079
32095431 32095439
33859860 33859868
7033751 7033796
13350194 13350212
39922236 39922238
40048478 40048481
36653316 36653320
36085590 36085594
45859158 45859159
32098953 32098958
39139618 39139619
39139263 39139264
39139298 39139299
33859904 33859911
39139441 39139443
39139271 39139273
38044245 38044246
38044247 38044249
32079044 32079050
33875060 33875062
39920554 39920556
40048568 40048571
36078580 36078583
39919698 39919700
33861958 33861964
41653894 41653896
36742030 36742034
31978668 31978674
31982014 31982020
33699062 33699065
41727224 41727226
33797812 33797814
39139750 39139751
39139280 39139281
39139565 39139566
39139580 39139582
39139514 39139515
28828146 28828148
36079067 36079073
32173550 32173554
39918677 39918679
33798574 33798578
33857814 33857818
33696366 33696368
32598589 32598592
41663920 41663922
31966191 31966197
36090490 36090493
36090725 36090728
31967562 31967569
31967889 31967898
33859882 33859885
36090210 36090213
36089769 36089772
35891300 35891304
31974851 31974857
33859859 33859865
36090194 36090197
33647566 33647570
39933085 39933088
31980976 31980981
39933773 39933776
40048475 40048477
45858821 45858822
36541924 36541928
32035932 32035937
33709094 33709099
45858094 45858095
33956970 33956973
40653706 40653710
13364549 13364561
39139646 39139647
39139260 39139262
39139190 39139192
39139425 39139426
39927392 39927394
41471874 41471877
36089723 36089727
34387338 34387339
33837438 33837443
41469030 41469032
33792884 33792887
33967009 33967014
32118326 32118333
32092427 32092434
41725515 41725516
39139416 39139418
41473694 41473696
35409035 35409037
39139421 39139423
39139251 39139253
31974573 31974579
41472648 41472650
36090158 36090161
31972878 31972885
32136052 32136056
34089306 34089311
36079000 36079003
39919306 39919308
39929425 39929428
39139204 39139207
39139601 39139602
28791000 28791003
41475329 41475330
39933747 39933748
33777652 33777655
41475331 41475332
30684650 30684656
39920437 39920439
41661404 41661406
33957047 33957050
40653979 40653981
36089562 36089565
36078866 36078869
41653199 41653201
33853735 33853740
33787342 33787344
39139172 39139174
33791388 33791393
39139237 39139239
39139149 39139151
39139202 39139203
39139568 39139570
36655425 36655428
38044243 38044244
36038062 36038065
39139214 39139215
39139112 39139114
39139161 39139162
36090473 36090476
33832661 33832663
33710427 33710430
32609151 32609156
45315249 45315251
41481954 41481956
36089452 36089455
32571778 32571780
33859784 33859788
32099558 32099564
41725942 41725944
33701193 33701195
32598575 32598578
36089220 36089223
41725513 41725514
39929445 39929447
33709984 33709986
33798788 33798792
36088735 36088738
36090247 36090250
32563339 32563344
41472521 41472523
36090125 36090128
36090109 36090112
31947861 31947870
41649887 41649889
41726159 41726160
34054729 34054732
34054504 34054507
39139576 39139578
33791391 33791400
38038545 38038547
39139186 39139188
41479824 41479825
39918681 39918682
33875193 33875194
33997320 33997323
33701792 33701794
41464525 41464527
28782535 28782544
33791398 33791404
39139175 39139176
39139158 39139160
39139144 39139146
39139155 39139157
39139178 39139180
39139386 39139387
39139753 39139754
33709941 33709945
33710553 33710555
31966172 31966182
32608709 32608714
36090365 36090369
34096044 34096047
36089396 36089399
41462816 41462818
33797974 33797977
32107351 32107356
36086764 36086768
28854688 28854695
32199964 32199971
31968139 31968144
36093837 36093840
39139587 39139589
39139096 39139098
39139099 39139101
33682447 33682450
33787345 33787349
41465735 41465737
36078779 36078782
32137731 32137737
33859798 33859802
33957036 33957038
45858146 45858147
32566242 32566245
33946930 33946932
39243104 39243106
39139519 39139520
39139127 39139129
39139132 39139133
34054729 34054733
39139137 39139139
39138853 39138855
33685276 33685280
33832690 33832692
33709087 33709090
35406201 35406203
38058283 38058285
28782304 28782306
36090224 36090227
32563049 32563057
32583622 32583625
33966576 33966579
36090243 36090246
33706915 33706918
41465165 41465167
31974780 31974785
33682410 33682413
31975604 31975610
33694511 33694517
36090532 36090535
33710449 33710456
33787304 33787306
28782416 28782418
32092569 32092577
33832815 33832819
36089955 36089959
45321773 45321775
38044241 38044242
39138840 39138842
39139713 39139714
36110464 36110467
39139669 39139671
36086394 36086398
33859886 33859889
35891301 35891308
33956964 33956969
31979173 31979178
41469774 41469776
36086719 36086723
33709464 33709467
39346728 39346730
36089476 36089479
32090985 32090992
40048462 40048465
39918708 39918710
38048604 38048606
39918703 39918705
39139737 39139739
40048466 40048468
34013461 34013465
40048469 40048471
32023185 32023191
33707022 33707025
41726019 41726020
39348521 39348523
32594817 32594819
41661006 41661008
36084729 36084732
41726602 41726603
39933749 39933751
28915286 28915292
36089961 36089965
29712008 29712020
31980676 31980683
41726681 41726682
32598571 32598574
33853619 33853622
3365405 3770765
33837356 33837360
33853754 33853757
31979617 31979625
33682538 33682540
36090483 36090486
39350105 39350108
33859931 33859935
41462806 41462809
41465232 41465234
33957091 33957093
31974443 31974451
33859997 33860000
31958648 31958658
32566239 32566241
33682451 33682453
31966183 31966190
41726677 41726678
33859789 33859795
33874966 33874968
36090324 36090327
32052205 32052211
32005352 32005360
41726679 41726680
36088936 36088941
41467384 41467386
33712544 33712547
41481859 41481861
39922388 39922390
40048574 40048575
33875065 33875067
39918687 39918689
39919703 39919704
33875069 33875073
36084614 36084617
33875207 33875210
33875082 33875086
28782490 28782502
40048606 40048608
40048459 40048461
41651941 41651943
32028041 32028047
33832893 33832896
33797865 33797867
33815199 33815202
33857801 33857804
33651397 33651401
41463815 41463817
39928580 39928582
33869602 33869604
41660468 41660471
41465670 41465672
33709421 33709424
48446959 48446960
36038063 36038067
41653741 41653743
45353105 45353106
31975513 31975520
39922773 39922775
39922783 39922785
33875110 33875113
33687421 33687424
33875094 33875096
39933759 39933760
34013432 34013435
41470089 41470090
36090238 36090242
41660475 41660477
32579704 32579707
41481664 41481666
41463179 41463181
33837446 33837449
33792864 33792868
32580912 32580917
36090734 36090737
33853833 33853836
33701737 33701740
28925801 28925808
41482491 41482493
29369474 29369514
41465101 41465104
33860105 33860107
39139543 39139545
33860110 33860112
39139603 39139604
33860156 33860160
39929436 39929438
33777698 33777702
31972465 31972470
38633334 38633336
31971818 31971826
41474575 41474576
33777649 33777650
33789877 33789880
33997027 33997029
28801388 28801393
28828342 28828345
33718008 33718012
41468435 41468437
33956952 33956955
33859974 33859978
41472603 41472604
28950237 28950244
32600541 32600547
41468285 41468287
34018817 34018819
28931395 28931399
36089873 36089876
33710303 33710307
41660257 41660259
36085969 36085974
39138586 39138588
35904459 35904466
39138632 39138634
39139703 39139705
32194373 32194378
41662193 41662195
36089684 36089688
41660726 41660728
41661494 41661496
32116905 32116912
45314815 45314817
33647716 33647720
36090426 36090429
32170370 32170377
38056532 38056534
32010112 32010117
40048452 40048454
38048600 38048603
36654067 36654071
35886889 35886893
40048455 40048458
36653555 36653559
32597389 32597393
33966293 33966297
36074252 36074256
32606647 32606652
31975637 31975645
39138833 39138834
39139728 39139730
35409353 35409355
31996724 31996731
33684287 33684292
33698957 33698958
39924488 39924490
31974470 31974476
39346338 39346340
33700516 33700522
36090459 36090462
33691570 33691572
33853941 33853944
33692332 33692335
33836780 33836784
36090148 36090151
36087674 36087677
36089760 36089765
4130089 4270385
32126980 32126988
36090046 36090050
36087625 36087629
32047338 32047344
33777515 33777518
39138816 39138818
39138806 39138807
39139723 39139725
31000670 31000672
33718621 33718624
45316078 45316080
13372899 13372919
32175258 32175262
36088996 36088999
36084371 36084375
38040760 38040761
36110388 36110393
39138756 39138758
39138821 39138823
39139468 39139469
33730933 33730937
33875089 33875092
41469504 41469505
33875117 33875119
33777674 33777677
39924252 39924254
33957094 33957097
36089877 36089881
33860203 33860207
35411409 35411412
31960054 31960059
35408268 35408270
36087403 36087406
31966249 31966257
33698461 33698465
32117813 32117826
33708959 33708962
39349193 39349196
29369460 29369488
32592748 32592755
41479012 41479014
39919804 39919806
41466322 41466324
41661135 41661137
41661327 41661329
28856194 28856207
32598565 32598568
36089606 36089609
39924052 39924054
32610171 32610177
33710588 33710591
36089661 36089664
41654655 41654657
39919936 39919939
39138781 39138783
28934492 28934516
39138741 39138743
36037839 36037841
38044258 38044260
33809662 33809665
32597018 32597024
6354985 6355009
31969586 31969593
39922780 39922781
39918701 39918702
39923403 39923405
33875188 33875190
39922686 39922688
34101792 34101798
32132588 32132594
28902408 28902415
28857607 28857614
28782424 28782425
28828325 28828327
38048596 38048599
34343398 34343400
40048449 40048451
13506499 13506513
36654671 36654675
39423832 39423837
33710524 33710527
32580147 32580150
32065996 32066001
33709548 33709551
33832804 33832806
28813310 28813319
28980888 28980893
28782262 28782271
41465251 41465253
10544303 10544321
31942542 31942549
35409271 35409273
40048419 40048421
36653702 36653706
38049112 38049116
40048443 40048445
40048446 40048448
45318151 45318153
28823940 28823951
36088813 36088817
28987415 28987422
45858497 45858498
39920336 39920338
34013429 34013430
33875124 33875129
33875133 33875135
39922392 39922394
33875139 33875141
33875098 33875100
41462698 41462702
45858743 45858744
28883557 28883565
15560316 15560328
41472806 41472809
32106690 32106695
28849627 28849634
33708954 33708958
33787317 33787319
31979096 31979102
28987406 28987411
33799039 33799042
40648318 40648320
33791847 33791850
41660092 41660094
41462827 41462829
32569795 32569800
33859917 33859920
41727243 41727244
33792810 33792813
39931612 39931613
33966602 33966607
31969268 31969274
36090593 36090596
41724858 41724860
31991772 31991778
33853866 33853870
35891305 35891310
32594280 32594283
36090021 36090024
33997056 33997060
33853421 33853423
33791638 33791641
32011625 32011632
33853818 33853821
36087035 36087039
41473091 41473092
39922337 39922338
40048584 40048586
41469299 41469300
33777680 33777684
41473581 41473582
33777658 33777662
33966869 33966871
33777712 33777713
32047381 32047389
41481590 41481592
40653286 40653290
31976220 31976225
31986404 31986419
41660994 41660996
34128559 34128561
32164013 32164018
32161354 32161360
33853639 33853643
39926613 39926615
32024585 32024591
41482351 41482353
33709108 33709111
29369461 29369491
33875052 33875054
34054892 34054894
36655243 36655245
34054789 34054790
39138670 39138672
34013442 34013443
39919907 39919909
39918693 39918694
39925917 39925918
36086260 36086263
32583799 32583804
41661595 41661597
39139623 39139625
34034863 34034867
41468033 41468035
36088708 36088711
31966205 31966211
14762509 14762604
33777511 33777514
6647672 6647747
33853695 33853698
39138706 39138708
38040762 38040763
39138723 39138724
36655379 36655383
39344731 39344733
41725493 41725494
41477821 41477823
32200566 32200571
32089900 32089905
35411305 35411309
38045919 38045921
39138697 39138700
32010617 32010627
33997409 33997411
39348850 39348852
49357946 49357947
31987751 31987757
41480763 41480766
33709441 33709443
41660804 41660806
33997400 33997402
32153822 32153832
32562138 32562141
31973842 31973850
39138729 39138731
41726782 41726783
39139688 39139690
33798705 33798707
38044253 38044255
38044265 38044266
38044267 38044268
38044261 38044262
38044263 38044264
39138769 39138771
15562897 15562910
517862 1217905
41660569 41660571
33706906 33706910
32190406 32190411
32174607 32174615
32020046 32020052
41474626 41474628
39932796 39932798
33709319 33709322
31977235 31977243
41462851 41462854
45136373 45136374
32602027 32602031
32196263 32196269
41465431 41465433
35410538 35410542
41660558 41660560
31996588 31996595
33813341 33813344
32092719 32092723
32566227 32566231
33859853 33859858
33710445 33710452
41661552 41661554
36089480 36089483
39350893 39350895
33853372 33853374
41661859 41661861
36089288 36089291
33710535 33710540
36088917 36088920
41473682 41473684
33701698 33701701
39138470 39138472
39139510 39139511
39138440 39138444
28990377 28990380
36090165 36090169
36090706 36090710
41482120 41482122
36089007 36089010
33699007 33699010
32579800 32579803
38046288 38046290
39138464 39138466
34054766 34054768
39139781 39139783
36655803 36655806
38055206 38055208
33997056 33997061
36089078 36089081
40653815 40653817
33693439 33693444
39925919 39925921
36090214 36090217
39933755 39933756
41466693 41466695
33710283 33710286
35410031 35410036
33853767 33853770
33853723 33853726
36089152 36089156
36085566 36085570
36090205 36090209
39138408 39138410
39138419 39138421
39138447 39138449
34054822 34054824
41660881 41660883
32591405 32591409
39139525 39139527
45314918 45314920
34054763 34054765
33697922 33697925
36089910 36089913
41724852 41724853
339258 929504
31989780 31989785
32579464 32579467
36089983 36089986
22004600 22004606
33682240 33682243
36089032 36089036
40646977 40646979
41661543 41661546
45318104 45318106
33997380 33997383
31965951 31965960
36089322 36089325
41661104 41661106
39926884 39926886
33702466 33702468
39925461 39925463
32200484 32200491
41470747 41470749
33709879 33709882
33966573 33966575
33792851 33792858
33709312 33709314
39138374 39138376
31980653 31980657
28902417 28902420
39138377 39138378
34119739 34119740
39138383 39138385
39138343 39138345
33798265 33798267
39138367 39138369
28828335 28828336
32195258 32195262
39138542 39138544
39138338 39138339
34054797 34054800
31982202 31982208
32136032 32136040
33685410 33685413
34050637 34050640
45316114 45316116
28921053 28921063
38044269 38044271
33796854 33796858
39139053 39139055
39932257 39932259
33807912 33807915
45338343 45338345
41659682 41659684
31965323 31965332
33701565 33701569
15181319 15181328
13401485 13401499
32065998 32066004
38049108 38049111
41473035 41473037
33699142 33699145
36086004 36086007
39139684 39139686
32600562 32600565
32599143 32599149
41660765 41660767
33853468 33853469
36089011 36089014
36090618 36090622
41660131 41660133
41472694 41472696
28935868 28935878
45314416 45314418
33799128 33799131
39925584 39925586
31107945 31107951
34054755 34054758
39139592 39139593
33951395 33951398
34035648 34035650
39138709 39138710
38038553 38038554
39138678 39138681
41467468 41467471
36087926 36087930
33798188 33798191
39139419 39139420
33715130 33715133
31976421 31976427
41491719 41491721
40722700 40722702
28895368 28895374
28936503 28936510
13440176 13440191
28830603 28830605
36100334 36100337
28828318 28828320
36086267 36086270
39931706 39931709
33853829 33853832
33994018 33994022
36089941 36089944
40647851 40647855
36088836 36088839
33837480 33837483
41659977 41659979
40654163 40654165
31960004 31960010
33853873 33853875
33966595 33966599
32210625 32210631
41465048 41465050
36553784 36553787
39138737 39138739
15253764 15253774
33875201 33875202
33777666 33777670
41660472 41660474
41726556 41726557
33710118 33710122
36089377 36089380
31969924 31969931
32130037 32130042
36086280 36086284
36090032 36090036
36089331 36089334
41662100 41662102
32138893 32138900
36090306 36090309
33709926 33709929
36087268 36087272
36090524 36090527
28828102 28828108
36110387 36110391
39139633 39139635
39139478 39139480
40048432 40048433
39923411 39923413
36037835 36037838
39138732 39138734
31968082 31968088
41725487 41725488
36089756 36089759
33797198 33797200
33853428 33853430
33853413 33853417
33966635 33966637
32609665 32609668
33650629 33650634
39349424 39349427
36090715 36090718
31971592 31971601
31968364 31968371
31986402 31986410
36089420 36089425
39138720 39138722
39139597 39139598
39138744 39138746
31968250 31968257
33710444 33710448
41469777 41469779
41469480 41469482
33853995 33853998
31976310 31976315
33798537 33798540
39346290 39346292
39931379 39931381
38633305 38633306
28856185 28856191
28892172 28892191
33798261 33798264
39929440 39929442
39925923 39925925
36090840 36090843
33687566 33687570
36089840 36089844
33710492 33710495
33859773 33859777
34127412 34127416
33797999 33798002
33682284 33682288
45857985 45857986
33682568 33682571
33797910 33797913
33647537 33647540
32203350 32203360
31988192 31988198
33709952 33709956
39138508 39138509
39139553 39139555
33687480 33687482
41465583 41465585
32100917 32100926
32000970 32000976
36085982 36085986
41463073 41463076
33708963 33708967
33807942 33807946
33693479 33693482
41481705 41481707
13516333 13516355
41464169 41464171
33997056 33997062
39924484 39924487
8219446 8219453
36090028 36090031
39920110 39920112
39347017 39347019
32092005 32092010
41468640 41468642
15154180 15154188
39924396 39924399
41660461 41660463
33997340 33997342
36090566 36090570
34128536 34128538
36085765 36085768
28804791 28804803
15260092 15260100
33710566 33710568
31964332 31964338
41661776 41661778
38068678 38068680
33874651 33874653
36544548 36544550
33710111 33710113
39138592 39138594
39139620 39139622
36089719 36089722
33875212 33875214
39925933 39925937
39933770 39933772
39929423 39929424
39923401 39923402
39348981 39348983
33875136 33875138
33777144 33777146
32201760 32201765
32123019 32123025
33710401 33710405
33682529 33682532
32168468 32168476
33708934 33708938
7953710 7953733
34054791 34054793
39138525 39138527
39138589 39138591
39138521 39138523
31969482 31969488
33996872 33996877
31970007 31970015
33853707 33853710
41661025 41661028
41724873 41724875
36090507 36090511
33777561 33777564
49357948 49357949
39927164 39927166
33707535 33707540
41660652 41660654
33709173 33709176
39138467 39138469
41726725 41726726
32055313 32055319
39350634 39350636
15560822 15560841
31976582 31976591
31976579 31976586
28990395 28990404
36075748 36075752
36090588 36090592
39138503 39138504
33798983 33798985
39138518 39138520
34054775 34054778
36077729 36077732
35904458 35904463
39138308 39138310
39933764 39933767
39344709 39344711
38633312 38633314
33874971 33874973
32155674 32155681
36090642 36090646
41482113 41482115
28801498 28801502
36089807 36089811
31965460 31965466
33798947 33798950
41725960 41725961
36089536 36089540
31958592 31958598
35887082 35887086
38055329 38055331
36088985 36088988
31983038 31983043
39921486 39921487
39922295 39922297
33875102 33875104
33875106 33875108
32123186 32123191
33710074 33710077
39138673 39138675
39138653 39138656
39138690 39138692
39139549 39139550
39139450 39139451
33966708 33966711
41660026 41660028
39139613 39139615
38038548 38038550
39139464 39139466
41464599 41464601
31967130 31967137
13400383 13400396
31971210 31971219
33709435 33709439
36085862 36085865
28770123 28770132
33966625 33966628
33808613 33808616
33996867 33996868
31977356 31977361
36089448 36089451
41660987 41660989
39918706 39918707
45859054 45859055
31960908 31960917
39138340 39138342
39138380 39138382
39138492 39138493
33951372 33951374
4986951 4987047
31978221 31978228
31969484 31969492
33875176 33875178
32583709 32583714
33716695 33716697
41463469 41463471
39138582 39138583
32032240 32032246
39344489 39344491
33997190 33997192
44229230 44229233
39344689 39344691
39933753 39933754
40048439 40048442
39919311 39919312
39919309 39919310
32206936 32206942
36654196 36654199
28802235 28802239
40048604 40048605
39925927 39925930
40048600 40048602
36029222 36029224
32596992 32596995
28923966 28923971
33698342 33698348
28915777 28915784
39138489 39138491
32581479 32581483
36653567 36653570
40048424 40048426
40048430 40048431
39918691 39918692
39933757 39933758
33777694 33777696
31959827 31959833
13392785 13392800
9634477 9634488
40648321 40648323
33787901 33787906
36076994 36076998
33853857 33853859
36089233 36089237
33701131 33701138
32166471 32166476
41473813 41473815
32063744 32063749
31959552 31959570
33997346 33997349
36089490 36089494
28902025 28902035
33798153 33798156
31971077 31971085
31960017 31960022
33860171 33860176
34051735 34051740
33798127 33798131
33710463 33710466
41463331 41463333
32009110 32009120
36089184 36089187
33860196 33860201
33709883 33709887
40653828 40653830
41469371 41469373
31970009 31970023
36106651 36106655
40653153 40653155
25404870 25404895
39927889 39927892
31982387 31982393
39932319 39932321
32578614 32578618
36083018 36083023
36089264 36089267
34120243 34120244
33873219 33873221
31982484 31982489
39138404 39138406
35904467 35904471
39139776 39139778
38633485 38633487
39138411 39138413
33704907 33704910
33859871 33859876
32040595 32040602
33786753 33786756
39920367 39920370
33966618 33966621
39138568 39138570
34054582 34054583
39138597 39138599
33799088 33799092
36090352 36090355
39923805 39923808
32144175 32144180
32566434 32566436
31986809 31986816
33860138 33860140
33875121 33875123
39929433 39929434
48465749 48465750
40048434 40048435
40048436 40048438
40048414 40048416
32005832 32005835
33808373 33808375
39926881 39926883
33703907 33703908
15250355 15250361
31977489 31977497
33997389 33997393
36089410 36089413
28828228 28828229
45330770 45330772
31966885 31966890
33858585 33858587
32582596 32582600
32137720 32137725
30488778 30488786
36090729 36090733
32028465 32028471
33997430 33997434
31967199 31967205
31967201 31967208
30489226 30489233
41470862 41470864
34051700 34051703
41470108 41470110
32099739 32099742
33703943 33703946
41468324 41468326
32561977 32561981
39930710 39930712
36089301 36089304
31969489 31969500
32111673 32111677
39927395 39927396
32184955 32184961
36076822 36076825
33685298 33685302
33966695 33966698
30493053 30493057
31966774 31966780
32139373 32139380
34086969 34086972
33798451 33798454
41660686 41660688
40653840 40653843
34086233 34086237
36075936 36075939
33694360 33694363
36087300 36087303
33798461 33798464
36088731 36088734
30489946 30489953
33798146 33798150
33798047 33798050
33797835 33797838
36073257 36073260
32162155 32162161
33798687 33798690
33798648 33798651
32202158 32202163
41468394 41468396
33853711 33853714
33706912 33706914
41466278 41466280
33709355 33709358
33807917 33807919
41469075 41469077
36089356 36089360
33694263 33694265
33777574 33777577
33798683 33798686
36100727 36100730
33874959 33874963
32092402 32092405
32201891 32201894
33692092 33692094
32162430 32162435
33997074 33997077
33709034 33709037
33685374 33685378
40653818 40653821
34051011 34051015
33708838 33708841
36090448 36090451
33709548 33709552
41659551 41659553
39927158 39927160
41726162 41726163
31974647 31974652
41661338 41661340
41661706 41661709
36089105 36089108
33685370 33685373
41660413 41660416
30488828 30488833
33787103 33787108
36088900 36088904
33694252 33694254
33966717 33966721
41661401 41661403
41468354 41468356
33797826 33797831
32162430 32162436
34087026 34087028
30490033 30490046
31960048 31960053
31971725 31971731
39927161 39927163
41725511 41725512
32602209 32602213
41469393 41469395
34051694 34051697
41660982 41660984
33684776 33684781
33832876 33832879
32158487 32158492
339234 929481
39927149 39927152
33703209 33703211
39138956 39138958
39138931 39138933
39138934 39138936
34051704 34051707
39138925 39138927
39138937 39138939
39138912 39138914
39140071 39140074
33685441 33685444
39138928 39138929
34054813 34054817
39138917 39138919
39138940 39138942
32162426 32162429
39138906 39138908
34013121 34013125
39138909 39138911
34054835 34054837
35411118 35411121
36090182 36090186
40647079 40647081
33709637 33709640
32132986 32132991
32579849 32579855
33700457 33700460
41660823 41660825
32154445 32154450
33966589 33966592
33709486 33709489
36089404 36089409
41726558 41726559
41464648 41464651
33710317 33710321
41464652 41464655
36090328 36090331
32187936 32187939
41469294 41469296
41468206 41468208
32140549 32140555
39919983 39919985
33798901 33798904
33808541 33808544
15258377 15258384
33966655 33966658
33685423 33685426
32583167 32583171
41465225 41465227
33798757 33798761
36088693 36088697
36089528 36089532
36083793 36083796
33853446 33853449
35411181 35411184
33705497 33705502
33708871 33708875
33695873 33695878
36751211 36751216
28794267 28794270
33797933 33797937
32579830 32579833
36088755 36088758
32079579 32079583
33682580 33682584
35407505 35407508
32579835 32579840
32593695 32593698
33798132 33798134
41468586 41468588
36100339 36100342
36090059 36090065
28931944 28931947
36089680 36089683
33853761 33853765
32147011 32147014
32100545 32100554
7459434 7459457
34014733 34014735
32123160 32123170
33798713 33798717
33715599 33715603
33798315 33798318
33788775 33788778
41661237 41661239
39349328 39349330
32196623 32196629
33854197 33854199
33853910 33853913
36080393 36080397
33684252 33684255
33708931 33708933
33966741 33966743
33966610 33966612
36090694 36090698
33853658 33853660
33798731 33798734
41652940 41652942
33794615 33794618
41660003 41660006
33965973 33965976
36078410 36078413
32586107 32586110
34014742 34014745
36089580 36089583
36090190 36090193
31974761 31974766
32577596 32577600
39349362 39349364
41661322 41661324
31966213 31966220
36103917 36103922
13477473 13477492
33792874 33792880
33853960 33853963
28856069 28856074
33853668 33853671
41468495 41468497
45221962 45221963
36090175 36090179
36090175 36090180
33708809 33708812
32579807 32579811
33786720 33786725
33798843 33798846
33708814 33708817
41662859 41662862
33966727 33966729
33797832 33797834
31975976 31975982
33709807 33709812
41474556 41474558
33709641 33709644
41726560 41726561
32163765 32163769
36092677 36092682
36105358 36105361
41461760 41461762
33712119 33712124
33794291 33794296
13095804 13095827
33859765 33859768
33966679 33966681
35412358 35412361
36087854 36087857
41660671 41660673
28804762 28804767
39925581 39925583
36088874 36088877
33952500 33952502
33853592 33853594
39924849 39924851
31970491 31970497
36089440 36089444
33792590 33792593
36090082 36090085
28936278 28936281
32586107 32586111
31975647 31975654
39349756 39349758
32136903 32136907
33709865 33709868
41468532 41468534
33798040 33798044
36090345 36090348
41684494 41684497
33853507 33853511
36089282 36089286
39931375 39931377
36103724 36103727
36073288 36073291
31988082 31988087
39917889 39917891
33710084 33710089
13095773 13095798
41462797 41462799
33699040 33699042
36105269 36105274
41477281 41477283
36089557 36089561
41727471 41727472
33798588 33798593
39344782 39344784
41661780 41661782
32125776 32125781
31947235 31947241
33710262 33710265
41661374 41661377
40647067 40647069
41661722 41661724
36092764 36092767
32605362 32605370
32059902 32059906
33697544 33697547
36089171 36089175
33853689 33853692
41467272 41467275
33693402 33693407
33698366 33698370
33997361 33997364
33685303 33685306
41667436 41667439
33853919 33853922
36089596 36089599
41660114 41660116
32174168 32174178
41660874 41660876
36087850 36087853
39932325 39932328
33966744 33966747
33685720 33685723
36088956 36088959
28980879 28980885
38046336 38046339
41727337 41727340
33808628 33808630
41468662 41468664
33854200 33854204
36547496 36547499
33682405 33682409
33709994 33709996
39926887 39926889
39920456 39920458
39920456 39920459
28857625 28857629
34014720 34014723
32602023 32602026
33693649 33693652
33794292 33794298
40648457 40648459
33798167 33798171
32570481 32570486
31981656 31981661
45324830 45324832
36090562 36090565
36087285 36087289
36089979 36089982
36078759 36078762
28794182 28794185
8768338 8768392
33710154 33710157
36090626 36090630
36090132 36090135
36089390 36089395
31979208 31979217
36092391 36092396
33966646 33966648
31985100 31985107
41470364 41470366
32099414 32099417
33798051 33798053
32603948 32603952
36089311 36089314
36090006 36090009
36093028 36093031
41661335 41661337
41726257 41726258
33711163 33711166
38049552 38049553
38049554 38049555
38049556 38049557
33798974 33798977
33682325 33682327
41463866 41463868
41660997 41660999
32127548 32127554
39348688 39348690
13478167 13478177
13193917 13193929
33710098 33710101
33853983 33853986
40654178 40654180
33709066 33709070
41660058 41660060
33956956 33956959
36089097 36089101
33777519 33777523
32206368 32206372
31958108 31958116
31977611 31977619
41725485 41725486
31960024 31960030
32577968 32577971
33692027 33692030
36088847 36088851
33709287 33709290
34034135 34034140
32127854 32127860
33798033 33798036
33682320 33682324
41661188 41661190
33957122 33957126
15263856 15263866
33682522 33682526
33798118 33798120
41469271 41469273
33709760 33709764
14721182 14721194
32561054 32561056
32092000 32092004
39922665 39922667
33692392 33692395
36090455 36090458
36089975 36089978
33710300 33710302
33966676 33966678
41468602 41468604
33798382 33798385
33798168 33798174
32047346 32047351
36090117 36090121
41481595 41481597
41470063 41470065
36089345 36089348
36089370 36089373
36653042 36653046
41661507 41661509
8768339 8768401
32145563 32145568
28957359 28957367
31962051 31962056
5731358 5731423
39139032 39139033
39139016 39139018
40048412 40048413
39920980 39920982
39139041 39139042
39139056 39139058
39139011 39139013
39921393 39921394
39139038 39139040
39139067 39139069
36037819 36037823
39139047 39139049
40048592 40048594
39139050 39139052
39139061 39139063
33860143 33860148
33860088 33860090
39139064 39139066
39139070 39139071
39139026 39139027
39139092 39139093
38633428 38633430
39139089 39139091
41666026 41666028
39139082 39139084
36556808 36556811
39139080 39139081
39139076 39139077
39139078 39139079
39138166 39138168
34054735 34054737
39918696 39918698
40048595 40048598
33875180 33875182
34054499 34054501
40048640 40048641
34049999 34050000
39138221 39138222
39138185 39138186
32593007 32593017
33875168 33875169
40048422 40048423
39138192 39138195
39138173 39138175
33787920 33787924
33799722 33799726
39138169 39138171
40048417 40048418
39138197 39138199
33996222 33996225
39138182 39138184
39138187 39138188
39919705 39919707
33860126 33860128
39138233 39138235
36037818 36037821
34054628 34054630
39138228 39138232
34054825 34054827
38633264 38633266
39138200 39138203
40048580 40048582
33996215 33996219
33996214 33996217
40048576 40048578
34054786 34054788
39138213 39138214
39138208 39138210
41470394 41470395
39138241 39138243
28853508 28853511
33875184 33875186
39139699 39139701
39138223 39138225
39138236 39138238
32582057 32582063
39139021 39139023
39138250 39138252
39138255 39138257
39139710 39139712
33875163 33875166
33873216 33873218
39138274 39138276
33859898 33859901
39920079 39920080
34054740 34054742
33875151 33875154
39138291 39138293
33875171 33875174
33859983 33859985
40048427 40048429
33777691 33777693
39138294 39138295
39138268 39138269
34013446 34013449
39138261 39138263
39138280 39138282
39138247 39138249
34808136 34808138
34119728 34119730
39138977 39138979
39138944 39138946
34054769 34054771
49357950 49357951
39138990 39138992
32162810 32162815
28980429 28980435
40048590 40048591
32606987 32606990
33860095 33860098
33860153 33860155
41473907 41473909
33706965 33706967
39138189 39138191
39138215 39138217
39138302 39138304
32201887 32201890
36090175 36090181
32140850 32140856
36090251 36090254
41661140 41661142
41660890 41660892
31001684 31001686
36037834 36037837
41478326 41478329
39927644 39927646
31006022 31006025
32155276 32155288
41684335 41684338
39920283 39920285
35409290 35409292
39929372 39929374
34117379 34117382
34124018 34124022
39921616 39921618
34101629 34101631
28893320 28893323
39923502 39923504
31980544 31980550
34118350 34118353
41685580 41685582
34014121 34014123
34117383 34117385
41685391 41685393
34123641 34123643
28923890 28923893
38633425 38633427
13506611 13506628
34034873 34034877
45326036 45326038
48173899 48173900
48173901 48173902
36654623 36654625
39929443 39929444
36654689 36654693
48173903 48173904
48173905 48173906
41469750 41469751
33875198 33875200
39919708 39919710
34013439 34013440
33875143 33875147
39919233 39919237
33875216 33875218
33875220 33875222
33875224 33875226
39920084 39920085
34013451 34013454
33777708 33777710
39918699 39918700
38633547 38633549
34123612 34123614
40048587 40048589
33815611 33815613
34013456 34013458
39138211 39138212
39138283 39138284
39138299 39138300
39138335 39138337
39138258 39138260
39138320 39138322
39138326 39138328
39138277 39138279
41666256 41666259
35407040 35407042
39138296 39138298
39138530 39138532
39138351 39138353
34018557 34018559
39138285 39138286
41668222 41668224
39138287 39138289
39138305 39138307
33853646 33853649
11715203 11715212
28828115 28828117
31983921 31983926
33695736 33695739
32210796 32210801
48145313 48145314
39933762 39933763
33875228 33875231
39919911 39919913
39923407 39923409
39919695 39919697
39922788 39922790
33687575 33687577
39923158 39923159
39919313 39919315
34054639 34054642
39139289 39139291
39139750 39139752
39139193 39139195
31969484 31969493
38038551 38038552
