45105158 45105162
45105326 45105329
38634688 38634694
39458020 39458024
39458046 39458050
45991634 45991637
35863019 35863028
15222322 15222331
38634478 38634483
35863031 35863038
33100113 33100117
35541912 35541914
45991638 45991640
35538977 35538980
33098050 33098056
33096681 33096686
45105377 45105379
49175294 49175296
15414971 15414978
49175297 49175299
32635903 32635908
36766069 36766073
35863065 35863073
38172857 38172859
37687224 37687227
38635766 38635770
38090134 38090139
15415074 3939668
33097977 33097983
14572850 14572861
33096664 33096669
38634402 38634405
21670453 21670462
33100768 33100776
38633797 38633799
45104966 45104970
49175302 49175304
34807029 34807039
38634535 38634538
3647710 3958588
38635566 38635570
44958363 44958367
33098905 33098909
45105639 45105641
49035383 49035384
45991646 45991649
45991650 45991652
38635631 38635635
15400543 15400550
34806438 34806445
15218643 15218649
36766042 36766046
33095279 33095286
45105732 45105735
33097643 33097647
15185585 15185594
49175307 49175309
49175310 49175312
35863126 35863130
38634999 38635001
35863133 35863139
33095473 33095477
33095645 33095650
33097429 33097438
32634852 32634858
45105458 45105460
21876818 21876824
38634583 38634587
33094899 33094906
32631968 32631980
38635543 38635548
38636038 38636047
37693192 37693196
38635414 38635419
45105570 45105572
38635476 38635480
33098619 33098624
35537675 35537679
49175321 49175323
39487808 39487816
38635138 38635140
32555527 32555533
12632553 12632563
37684055 37684056
31940568 31940576
38635205 38635208
33095050 33095056
45991655 45991657
37695416 37695420
38634368 38634373
49364036 49364037
38634269 38634272
49364038 49364039
45105629 45105631
38635757 38635760
34389115 34389122
14612877 14612891
33099891 33099896
45279297 45279300
35540359 35540366
38634058 38634064
37693768 37693772
33111765 33111773
38633863 38633869
38635130 38635137
37695704 37695709
45105554 45105557
45991668 45991671
33096495 33096500
39461012 39461014
35539535 35539539
37687765 37687769
38635549 38635553
32631982 32631988
45991674 45991676
38635222 38635227
38634179 38634183
38633725 38633727
31072758 31072761
38634505 38634511
38634333 38634337
15398731 15398739
28759601 28759608
33095953 33095959
15410395 15410401
33100006 33100009
38635340 38635342
15414997 15415003
38634023 38634026
32635338 32635346
45105357 45105359
49175352 49175354
38633930 38633934
49364040 49364041
37705751 37705757
38634041 3204751
38634872 38634877
38634780 38634786
33095694 33095698
38635789 38635792
28759496 28759501
45991691 45991693
28741165 28741173
49175355 49175357
15408530 15408538
38633992 38633995
33094780 33094784
38634751 38634755
45105417 45105421
33111826 33111834
45991698 45991700
15428777 15428785
33098997 33099005
534698 1250472
33098630 33098634
37684206 37684213
7482746 7482778
12112280 12112291
38635773 38635779
35863252 35863261
34952406 34952410
45991708 45991710
33098472 33098478
35863279 35863286
38634744 38634749
35863290 35863296
33095918 33095922
28739966 28739977
37683039 37683043
33096650 33096656
45105711 45105713
14647167 14647181
38634882 38634888
21717133 21717145
33112018 33112025
49364042 49364043
36689136 36689141
38635841 38635846
49364044 49364045
45285491 45285494
33831508 33831516
33095946 33095951
38635355 38635357
39462686 39462690
33098641 33098646
45105020 10193100
14231678 14231695
45105003 45105007
33096618 33096624
39462967 39462973
38634761 38634767
38634626 38634631
45104955 45104957
38634008 38634016
12137922 12137935
12346052 12346065
38634030 38634032
38633898 38633903
25418390 25418399
38635511 38635515
45991723 45991725
45104874 45104877
28367190 28367197
38635571 38635577
33111888 33111893
45992106 45992109
32626595 32626602
25419152 25419162
38634101 38634104
36688781 36688788
34864505 34864508
38634070 38634074
9896449 9896459
41672256 41672259
38170955 38170958
45105120 45105121
45991726 45991729
38635661 2618379
33100095 33100098
14711239 14711245
38634649 38634653
45991734 45991737
38634432 38634434
38633784 38633786
31940634 31940642
14611222 14611232
28816554 28816559
35863362 35863368
38633925 38633929
38634865 38634867
33095118 33095123
35863395 35863401
49175380 49175382
14582542 14582554
25435191 25435197
36766164 36766169
15399092 15399101
38633904 38633910
33097663 33097667
35863425 35863430
38636059 38636063
35863433 35863440
38635957 38635960
9594008 9594018
32989383 32989390
45105290 45105293
33094809 33094817
33111738 33111742
49175387 49175389
39532108 39532113
3647777 3958673
14679903 14679915
33096342 33096349
34893928 34893935
38634545 38634550
39466645 39466651
1015083 1866511
38634531 38634534
36765909 36765916
15422154 15422166
38634472 38634477
38635965 38635968
36766088 36766094
32627590 32627595
34827548 34827557
32627601 32627608
38635300 38635303
38635389 38635391
36764751 36764757
38634192 38634194
38635530 38635539
32627616 32627623
36765971 36765978
33096158 33096163
33098228 33098234
49175392 49175394
37701348 37701355
38635971 38635975
34891748 34891751
45991778 45991781
38635578 38635581
39466987 39466993
45105496 45105498
33097733 33097739
38633787 38633789
33096592 33096594
38634654 38634659
45105626 45105628
33805443 33805450
15236303 15236312
41672624 41672627
33098511 33098516
41668890 41668894
38633815 38633817
32554977 32554983
45105750 45105752
15411073 15411079
35539613 35539616
32551723 32551728
35537362 35537368
49364046 49364047
33098748 33098754
15404280 15404287
33099411 33099418
37688749 37688755
33100092 33100094
33111999 33112003
30308589 30308597
33111782 33111787
49364048 49364049
33097600 33097604
32627657 32627663
38633728 38633730
33095364 33095370
38634569 38634572
38633935 38633940
49175407 49175409
45104944 45104946
15430377 15430384
38635469 38635471
45991854 45991857
38636103 38636106
33098023 33098028
34828771 34828775
39503921 39503924
38635173 38635178
34806101 34806104
38634035 38634038
38635363 38635367
28760172 28760185
45105318 45105321
33095261 33095264
38635106 38635110
33095236 33095238
33095562 33095567
37694052 37694055
38635459 38635462
38634414 38634418
33099507 33099511
43699732 43699736
49175416 49175418
49364050 49364051
25440537 25440544
33096205 21995213
37702042 37702048
45991814 45991817
45992347 45992349
38633758 38633762
32636296 32636306
38633996 38633999
35541369 35541374
33097632 33097638
36721710 36721718
38636191 38636193
36721709 36721715
38633962 38633967
33099057 33099061
45991826 45991828
32626710 32626718
361591 960708
37693833 37693838
21889117 21889125
38634705 38634710
35863611 35863618
41334546 41334550
33100257 33100262
36766156 36766160
33098186 33098191
37693178 37693185
38634843 38634847
38634253 38634260
45105669 45105672
15416237 15416244
38633922 38633924
38633755 38633757
45991838 45991840
35863626 35863632
38635986 38635989
12709995 12710004
49175425 49175427
38635904 38635906
38635506 38635507
35863644 35863649
33096016 33096021
38633851 38633854
15398132 15398143
38633689 38633695
11522061 11522078
7496750 7496816
1004379 1855055
45105248 45105251
33097010 33097014
49175430 49175432
38634287 38634289
38635560 38635565
33098192 33098195
11732843 11732861
38636016 38636020
28884691 28884700
15263084 15263091
45105566 45105568
45294109 45294112
38636194 38636197
38635115 38635118
38634810 38634814
33097370 33097375
38634452 38634456
28760052 28760060
38634413 38634416
45105705 45105707
34915300 34915304
38634124 38634128
38634136 38634139
49175445 49175447
38635666 38635669
45105724 45105727
35863731 35863735
39472504 39472510
38635384 38635388
33095415 33095421
38634081 38634085
38635437 38635439
38635940 38635942
39491348 39491353
32636255 32636262
28904799 28904838
15256321 15256330
33098923 33098932
15411662 15411670
45105172 45105176
38633620 38633625
36766137 36766142
32552168 32552173
33098057 33098062
15236257 15236266
30308561 30308567
38634487 38634492
45991877 45991880
10270907 10270916
38635481 38635483
40770844 40770847
34895295 34895300
45105143 45105146
45267428 45267431
39473679 39473683
15399952 15399960
45105054 45105056
32596554 32596564
36766131 36766136
39473729 39473733
38633803 38633805
44958932 44958935
28539142 28539147
38635293 38635297
38635400 38635407
25427559 25427565
25438093 2433781
33111863 33111869
28904750 28904778
39474333 39474338
38635260 38635264
37688848 37688853
45105501 45105504
33099702 33099709
34873714 34873721
2481015 3155309
45105200 45105204
1281044 2158187
15409579 15409586
15401927 15401937
30306977 30306983
39475344 39475351
38633800 38633802
36765986 36765991
15407884 15407892
15411329 15411340
37693433 37693440
21793778 21793788
33098769 33098780
33095830 33095835
37698085 37698088
31168847 31168852
38634978 38634984
49364052 49364053
38634612 38634618
45105558 45105562
33098809 33098815
38634527 38634530
35538111 35538118
41671122 41671126
38634965 38634968
39476909 39476913
37688465 37688469
15235616 15235626
33098988 33098993
49175467 49175469
38635420 38635423
45991914 45991917
45105266 45105268
33098918 33098922
38634293 38634297
45991918 45991920
45105651 45105653
4690496 4694721
33097447 33097453
28280544 28280550
15408571 15408580
34894450 34894452
34826623 34826631
15416033 15416044
32555973 32555982
15401854 15401861
38635265 38635271
28759702 28759709
28759777 28759785
38635499 38635504
15247263 15247269
45991930 45991932
38633818 38633820
39461015 39461020
45105281 45105283
45105595 45105596
38634399 38634401
33099711 33099716
36765993 36765997
14623209 14623222
32636285 32636291
40035548 40035552
25411947 25411953
33097544 33097549
38635998 38636000
33098660 33098664
9707732 9707743
36766149 36766154
36765998 36766004
33098910 33098917
38634789 38634793
15401914 15401923
14611237 14611255
45285733 45285737
45991948 45991951
33096456 33096459
39935507 39935512
45991952 45991955
14610463 14610470
36765923 36765929
38634039 578177
32627170 32627174
45296668 45296671
39494986 39494992
39482439 39482444
33331736 33331741
49175482 49175484
39481684 39481689
38636075 38636082
30306958 30306970
35536603 35536609
32632690 32632699
38634540 38634544
38634493 38634503
33099011 33099017
25419184 25419189
38633943 38633949
33095011 33095014
11361739 11361752
30315150 30315159
32636267 32636273
49175485 49175487
15432082 15432090
33097536 33097542
21721162 21721168
33099375 33099383
28760042 28760050
45105323 45105325
38634859 38634864
35540524 35540533
45991986 45991989
9435770 9435775
40035543 40035546
38633650 38633654
14234528 14234544
49035365 49035367
35864266 35864271
33097248 33097254
38634832 38634836
38633979 38633983
36765942 36765949
36684606 36684610
28763986 28764001
31103165 31103169
33097228 33097233
38634389 38634392
38635488 38635495
33096091 33096101
45991993 45991995
45104820 45104824
32616249 32616254
37694045 37694050
35864307 35864313
45105509 45105511
35864314 35864320
36693827 36693830
36693851 139174
38635801 38635806
14231699 14231718
35536646 35536650
45991998 45992000
36766019 36766025
39486893 39486897
15411100 15411109
33719569 12287
45105546 45105548
30354723 30354732
36744761 36744765
45105577 45105579
32558341 32558346
39487658 39487662
32636236 32636244
38634619 38634625
35541735 35541738
45105193 45105196
43595782 43595783
32626616 32626622
33097348 33097355
38633666 38633668
37684306 37684311
45105468 45105471
15411853 15411861
37683008 37683013
39488280 39488286
38634044 38634049
38635737 38635742
38635885 38635890
38635216 38635220
36765962 36765969
21942379 21942386
45992014 45992017
38633987 38633990
30655124 30655129
45992022 45992025
45992026 45992029
36693854 36693859
39488572 39488578
45105389 45105392
38635625 38635630
32556002 32556008
38635273 38635275
30353263 30353268
38636029 38636035
34829775 34829781
33100623 33100630
39488762 39488766
38634821 38634826
38634989 38634995
45105485 45105487
15411258 15411267
37694158 37694162
33097811 33097817
10855259 10855269
38633876 38633879
38633829 38633831
45293629 45293633
38633821 38633823
21930437 21930446
40035604 40035608
28781498 28781501
38633657 38633661
15236250 15236256
10909883 10909897
32636687 32636691
33095351 33095356
32636211 32636219
38633712 38633715
45105336 45105340
32557890 32557900
9202710 9202744
33095244 33095250
33099668 33099674
36723475 36723481
38635689 38635693
45105013 45105016
38636084 38636087
32638483 32638488
34807014 34807019
25411961 25411966
33098076 33098086
38635646 38635650
14610498 14610511
33830789 33830794
32552792 32552797
31096559 31096562
9202755 9202782
45104915 45104918
33097378 33097385
38634680 38634686
33100023 33100027
39489416 39489420
38634794 38634798
21908812 21908826
38635823 38635826
33096802 33096808
32631627 32631634
45298224 45298227
36765918 36765921
38635670 38635675
39489549 39489553
15204283 15204292
38635860 38635868
15412804 15412816
38634109 38634113
14628393 14628402
38635014 38635017
33100046 33100050
31941145 31941152
33098410 33098415
39502486 39502491
38635430 38635432
45105689 45105691
38635708 38635713
38633959 38633961
35539548 35539552
33097792 33097799
28904852 28904860
39935299 39935304
15409696 15409709
45105103 45105106
33099906 33099910
14507780 14507789
35864684 35864689
31116688 31116691
38634215 38634220
12739508 12739521
25428896 25428902
32559212 32559220
34806097 34806100
3647707 3958581
38634325 38634331
38635425 38635429
30308576 30308587
33098740 33098745
36721693 36721697
49175544 49175546
38633790 38633792
45105122 45105125
38634375 38634381
13096110 13096129
38635516 38635520
45992065 45992067
39492049 39492054
36765957 36765961
36765930 36765936
38635018 38635021
38635714 38635718
33100055 33100061
33097691 33097695
49175549 49175551
45105085 77330
33098851 33098855
38634640 38634644
36766107 36766111
15410841 15410849
28776078 28776085
38634140 38634144
38634146 38634149
45104896 45104899
38633824 38633828
15411021 15411029
38634221 38634227
14552872 14552880
35542087 35542092
12097964 12097978
45104881 45104882
38634115 38634118
14611266 14611277
37695312 37695314
38636053 38636055
38635119 38635122
45105698 45105700
38634458 38634460
45105310 45105314
28904800 28904846
28316121 28316129
45104979 45104982
37693825 37693831
45105147 45105150
36721719 36721722
49175564 49175566
25417493 25417499
38635582 38635586
15410935 15410942
33095254 33095260
39939145 39939151
39492714 39492719
36721698 36721702
33095450 33095456
36688737 36688744
12766397 12766409
38635602 38635606
38635327 38635330
45105616 45105619
38635276 38635281
45105362 45105364
33095160 33095166
45105333 45105335
36766061 36766068
39492806 39492813
35864773 35864781
28904757 28904817
32638110 32638114
37694063 37694067
45992084 45992086
38635144 38635149
38634803 38634807
38635310 38635317
44958777 44958782
28774721 28774729
39472249 39472254
15412824 15412831
32629199 32629204
38633749 38633754
30298479 30298486
35539708 35539710
885749 1701419
33111843 33111849
49364054 49364055
28904749 28904773
37683275 37683279
45105231 45105233
33095211 33095216
14714480 14714488
23747848 23747861
36766123 36766130
38634468 38634471
21860486 21860493
45105444 45105446
31099714 31099717
39936979 39936982
15230741 15230750
21860473 21860484
21834772 21834777
33096658 33096663
38636131 38636138
36765980 36765985
33095809 33095814
38634574 38634580
35864817 35864824
15414987 15414995
45104998 45105000
32632002 32632010
45992099 45992101
38635141 38635143
38634357 38634359
32558785 32558791
38634645 38634647
33098243 33098248
38634150 38634156
45105447 45105450
15409250 15409258
33096250 33096256
33097653 33097657
45105061 45105064
38634409 38634412
37697827 37697835
34878089 34878093
38633880 38633885
15400818 15400824
38635343 38635346
39495230 39495233
3647778 3958683
45105098 45105102
30308553 30308557
38633662 38633664
15410418 15410426
33097393 33097398
15411845 15411852
38635935 38635939
31089495 31089501
33830926 33830933
34893811 34893814
38634944 38634948
33096906 33096912
39495774 39495778
38635151 38635154
49364056 49364057
49364058 49364059
35864883 35864889
49175599 49175601
35539888 35539892
38635907 38635913
11769173 11769179
33096734 33096740
35536575 35536578
33097322 33097330
38635521 38635524
38634670 38634674
33099205 33099210
35539934 35539941
33098879 33098885
33111657 33111662
32557051 32557056
35674763 35674770
38635540 38635542
49175606 49175608
35864913 35864919
33097313 33097318
35541415 35541420
41668912 41668914
41668851 41668855
45105480 45105482
33098588 33098594
33097301 33097308
45992140 45992142
45992143 45992146
38633719 38633724
6312972 6313007
45992149 45992151
37684219 37684223
28576708 28576727
34836437 34836442
34891688 34891694
45992158 45992160
38635652 38635657
38633775 38633777
39496789 39496794
3188254 3647815
32628851 32628855
28753575 28753580
45292201 45292204
33097464 33097469
34865283 34865287
25429483 25429487
35536438 29011456
35536441 35536445
38633806 38633808
38636146 38636149
33096673 33096677
37687595 37687601
45105399 45105403
14283419 14283428
41668884 41668889
33095270 33095275
38635719 38635724
15411683 15411688
32632650 32632654
38633768 38633774
28776031 28776037
34927821 34927822
38633975 38633978
34923127 34923131
39497455 39497460
38633855 38633862
38634512 38634515
35541133 35541137
38634955 38634960
45283744 45283748
38635990 38635992
45275163 45275166
38634461 38634465
35536813 35536820
38635194 38635198
30329952 30329960
32623702 32623707
45105306 45105309
39498230 39498235
49175637 49175639
38119792 38119793
14647880 14647889
36766048 36766052
38634157 38634162
33096597 33096603
29026659 29026665
38633870 38633875
25442959 25442963
38634348 38634350
33094834 33094838
9449136 9449152
37693233 37693236
33096052 33096060
32631889 32631895
45269669 45269672
6313012 6313038
28767300 28767309
37693197 37693201
38635595 38635600
15220118 15220127
38634935 38634940
38634661 38634664
32555183 32555190
37693202 37693206
30404412 30404419
37692763 37692770
45992208 45992211
38635038 38635041
35536961 35536967
39496851 39496858
38635392 38635394
33100028 33100033
33111648 33111652
15398724 15398730
34853462 34853467
38635961 38635964
38634229 38634232
35865143 35865150
38636049 38636052
34863990 34863995
38635199 38635204
45105253 45105255
45992220 45992222
38634484 38634486
14698900 14698905
39508913 39508917
36766012 36766018
33095306 33095312
3647762 3958661
45105226 45105228
38635614 38635616
12184578 12184590
32555984 32555998
38634838 38634842
32626596 32626609
36766143 36766148
38634973 38634977
38635813 38635817
25443902 25443908
38635636 38635642
37683461 37683466
38635043 38635047
33095871 33095877
39502445 39502449
32552395 32552401
32554921 32554925
33096585 33096591
45105039 45105043
38635732 38635736
15410342 15410352
38636208 38636211
33095524 33095527
33096629 33096634
36684619 36684626
33095550 33095557
38634853 38634858
35865189 35865195
39501068 39501073
38634406 38634408
15404333 15404339
35710522 35710529
38635914 38635916
38634298 38634302
33100778 33100784
38164039 38164044
35536562 35536567
14254113 14254123
45291284 45291288
38634722 38634725
15414942 15414949
34807009 319395
32620112 32620119
38635395 38635399
862118 1675871
45105215 45105218
36688750 36688755
45105256 45105260
33097517 33097523
38633698 38633700
38633707 38633711
44958942 44958945
49364060 49364061
37695331 37695339
41672757 41672760
34924974 34924978
38635496 38635498
33095464 33095470
39496806 39496812
33097902 33097909
33096226 33096233
37693187 37693191
38634163 38634166
30389863 30389871
33097903 33097916
33098316 33098321
38633913 38633918
38636069 38636074
30787303 30787307
45105380 45105383
15411416 15411423
49175681 49175683
28760508 28760514
45280426 45280430
38634985 38634988
38636172 38636175
38633969 38633974
28904752 28904786
33098576 33098581
38635508 38635510
12939078 12939089
35865293 35865299
32629598 32629603
39506836 39506840
15409261 15409268
30486718 30486725
36693905 36693909
38636009 38636012
33099499 33099505
32556049 32556055
38633793 38633796
45105580 45105581
33098605 33098611
45105272 45105276
38635875 38635883
39117313 39117322
33111800 33111806
33111902 33111905
32556307 32556313
45104935 45104938
49364062 49364063
10020583 10020598
32636311 32636320
11716068 11716076
30317999 30318004
38634088 38634089
34763953 34763960
30357042 30357048
15411855 15411865
34988988 34988991
45105197 31804200
38634591 38634597
14270015 14270023
45303891 45303894
15408521 15408529
49364064 49364065
43781727 43781731
39509004 39509013
14533793 14533805
38635358 38635361
925399 1733471
35539553 35539557
38634996 38634998
45992269 45992271
45992272 45992274
2566718 3206863
33097170 33097175
35865436 35865441
39510269 39510272
38635607 2833101
33097868 33097875
34904370 34904376
38633832 38633833
33099676 33099683
45992287 45992289
35865501 35865509
15412851 15412858
28774709 15646214
39462185 39462190
33096184 33096188
36693842 36693847
38633676 38633682
32637622 32637630
30354726 30354738
45105206 45105209
37705370 37705376
38633809 38633810
45105489 45105493
23747832 23747845
33112012 33112016
49175697 49175699
15410944 15410950
41672618 41672623
34867730 34867735
45992298 45992300
33111928 33111932
33098106 33098113
38635002 38635005
38635831 38635838
38635969 15208192
33095634 33095640
49364066 49364067
37701336 37701343
36765896 36765903
33095580 33095584
45104844 45104846
33098564 33098568
45105701 45105703
33095396 33095404
14729927 14729937
28904759 28904826
39530280 39530285
36765904 36765908
45992303 45992306
38636220 38636224
38635155 38635157
38635943 38635946
33111808 33111813
38633893 38633897
15512839 15512846
38636165 38636168
38636100 38636102
38633744 38633747
45105372 45105374
38634396 38634398
35539597 35539602
35679849 35679854
37687739 37687741
39936103 39936105
45992309 45992311
35537110 35537115
38635472 38635475
38635917 38635919
35540732 35540740
39514640 39514645
14610485 14610492
38635996 38635997
45277722 45277725
3486755 3852642
33099922 33099929
15412306 15412314
33095218 33095227
15416982 15416991
37695315 37695320
38634050 38634054
37698209 37698213
34946916 34946921
33098768 33098775
15196339 15196346
45992319 45992320
38635074 38635077
38635743 38635747
37693820 37693824
45992325 45992327
38636022 38636026
38635725 38635730
34748107 34748112
37687215 37687221
28759537 28759543
45105643 45105646
38635067 38635073
30315142 30315148
38634730 38634738
15399420 15399426
45105758 45105762
38634419 38634424
45305163 45305166
34867744 34867749
35865742 35865747
35540104 35540108
32634588 32634592
45104869 45104871
33831326 33831333
15568093 15568105
38634055 38634057
38635588 38635593
38634198 38634201
15406809 15406816
45992341 45992344
33097888 33097894
35865779 35865787
11903373 11903379
39517136 39517146
38635006 38635008
38636212 38636217
33095901 33095906
33098326 33098332
33096611 33096616
9574233 9574278
35539171 35539173
35539091 35539094
39517278 39517282
34827803 34827809
10909887 10909907
38634632 38634638
35539733 35539737
14228885 14228891
38634941 38634943
45104900 45104903
15406828 15406836
38634001 38634006
38635869 38635873
36693770 36693775
35361558 35361563
38633763 38633767
33097558 2267681
21672275 21672283
28759867 28759875
33097659 33097662
30771970 3711884
45105151 45105153
4397776 4450735
41668859 41668863
15398741 15398749
33095201 33095205
10832471 10832485
38634665 38634669
14610453 14610461
38635694 38635699
38635678 38635682
15414961 15414969
38634077 38634080
38634303 38634307
36723468 36723473
28776069 28776077
39519591 39519596
28760686 28760695
33095541 33095548
33112048 33112054
33100722 7737417
38636176 38636178
49175722 49175724
15409849 15409860
38635158 38635163
37697998 37698000
25440522 25440527
36766034 36766038
35865856 35865861
33096133 33096139
34763714 34763719
30329944 3017827
28361686 28361693
38636001 38636005
37692749 37692754
49175727 49175729
38633738 38633742
38635852 38635859
38635164 38635167
38635212 38635215
38634382 38634384
36766027 36766033
14663013 14663029
15415016 15415027
38635092 38635096
36116115 36116122
35863326 35863329
39936252 39936254
30318005 30318009
38635086 38635090
11031925 11031935
38634172 38634176
36766113 36766118
38634739 38634743
33099492 33099498
15410461 15410472
30315160 30315163
38634436 38634441
3647743 3958630
14610471 14610475
33100086 33100091
32629950 32629961
33097494 33097501
32636326 32636334
33098274 33098280
38635051 38635054
37688857 37688861
28904853 28904866
36766099 36766103
33099587 33099594
14522687 14522699
32557556 32557563
49175740 49175742
37693220 37693225
15411689 15411695
33097625 33097630
33111908 33111915
38634338 38634342
33098801 33098805
38634273 38634277
33100145 33100153
33095765 33095770
38634919 38634924
39523478 39523483
28904753 28904794
33100228 33100233
14231753 14231761
10866282 10866300
32558032 32558039
39523651 39523657
33099932 33099936
14700596 14700606
38634588 38634590
32628906 32628912
38634385 38634387
37693168 37693171
39936937 39936942
38635753 38635756
13077767 13077783
25433467 25433475
44959250 44959255
28776086 28776092
40229197 40229199
39228807 39228812
38636180 38636182
38635168 38635172
33099107 33099113
12078381 12078387
35866044 35866050
38635347 38635353
41668902 41668904
32634879 32634884
41672289 41672293
10823451 10823461
15401902 15401913
43409286 43409290
39522983 39522986
37693637 37693640
34867751 34867755
3662137 3965871
38635289 38635291
32556346 32556351
31941915 31941930
32636275 32636282
2564440 3205805
4288029 4373714
49364068 49364069
38634552 38634559
31168024 31168029
40035671 40035674
38634360 38634364
37683288 37683291
36721704 36721708
33097401 33097406
33095851 33095857
36762047 36762051
38633834 38633837
39528581 39528589
38635761 38635765
33094890 33094897
33097101 33097105
38634565 38634568
25425760 25425767
45992422 45992425
41672634 41672639
38636088 38636092
36723494 36723500
38635525 38635528
38635099 38635103
38634711 38634715
33097525 33097531
45105243 45105247
45105065 45105068
14525347 14525358
35536631 35536634
45105598 45105601
37701326 37701330
38633731 38633736
35538595 35538597
38636203 38636207
33100099 33100103
21849561 21849569
38634393 38634395
38633839 38633843
35866124 35866130
33098282 33098287
45992434 45992437
45104988 45104992
38635009 38635013
15398713 15398722
38635373 38635380
38635793 38635796
45105604 45105607
45105297 45105301
45992444 45992446
30321031 30321038
38635891 38635897
31092234 30710439
33099730 33099736
45105654 45105656
33098704 33098707
12121476 12121485
33099630 33099634
45299150 45299154
38633845 38633850
15416613 15416621
32556363 32556368
38635529 38635534
49175765 49175767
38635464 38635468
38635898 38635903
38634775 38634777
38633778 38633782
33111819 33111822
33094826 33094829
38168149 38168155
15891632 15891642
38635797 38635800
10188952 10188954
45105719 45105722
37688239 37688245
49176453 49176454
28760355 28760360
38636108 38636111
32631989 32631996
38634815 38634818
33831509 33831522
38633702 38633706
49364070 49364071
38634598 38634603
45992457 45992459
45992460 45992462
45105021 45105025
