250622 741698
976787 1819830
116304 374516
2274889 2995456
405574 1034842
1914546 2692035
35787415 35787420
359574 958512
1564816 2423799
257994 753136
280173 787785
45623 196691
30321979 30321986
771858 1554617
2408894 3097522
281154 789394
85899 293860
788141 1575196
422786 1063938
134668 423837
1617909 2467384
7171913 7171927
41202 170144
1191412 2066008
1502510 2366700
16532 84749
130456 416762
16852 86964
264037 762453
798035 1589118
15548302 15548315
12025209 12025218
15694476 15694482
1317150 2188205
49368464 49368465
107839 352342
131362 417877
299088 823920
6032848 6032877
294447 815006
647723 1388822
1632328 2478295
16690 86199
2595135 3230452
2413697 3101628
2214630 2948915
252416 745107
233048 714385
269166 771581
1618778 2468221
277638 784693
2131093 2878284
100127 330384
286354 798990
136182 426312
252799 745455
282445 793062
3084858 3572845
651410 1393768
1571199 2430179
4179522 4303344
194760 589484
3698365 3989315
1103113 1974310
1015485 1867065
714732 1473940
398286 1007659
559295 1281290
588078 1319989
251986 744366
1563481 2422537
298062 821788
3158209 3629236
1321113 2191862
230845 709037
948220 1777980
7310087 7310099
3105609 3588208
610321 1348278
54148 221325
316636 853513
88156 303126
54303 221791
129312 415666
59367 239834
916030 1724477
175793 540912
2477805 3151991
78730 277043
54814 226226
218411 670329
271448 775087
50813 214833
86499 295280
1519583 2377686
3575824 3910767
591638 1325066
1321246 2191914
924464 1732964
8398083 8398137
116864 375975
15706063 15706070
2318164 3024669
3790699 4042385
38951 158994
8601279 8601304
906330 1718153
752465 1533525
430151 1074574
11625552 11625562
2611803 3241986
9205228 9205247
251690 743872
1497442 2362151
942009 1773120
4282677 4370776
1539657 2399622
128861 415138
216321 656961
971015 1810338
297359 820854
1358169 2232491
338932 929299
587914 1319585
16527 84685
177614 546923
79835 278386
15694494 15694504
186943 576507
251061 742357
50610 214423
420758 1060442
1544552 2404876
540488 1261026
2292390 3011217
298334 822342
38734 158328
271263 774460
14282214 14282224
234495 717602
54128 221285
3462151 3834930
647726 1388830
116210 374336
280172 787775
771814 1554594
939490 1770762
509992 1204484
3197012 3653389
1341908 2215037
39600 162259
256438 751393
296615 819013
13454362 13454372
191409 585872
750604 1530986
1046869 1908923
787076 1574053
172549 532405
897667 1709235
1721983 2557135
286698 799380
190827 585034
132997 420739
1291902 2169091
358058 955891
402027 1015780
1912311 2689664
285605 797036
310210 844129
588902 1321239
311992 847213
11224132 11224144
862717 1676187
419047 1058890
126054 410606
23096 125504
87691 298413
207035 617832
752431 1533485
677035 1419903
14899 79122
3095157 3581061
427921 1072036
105132 337665
16923 87337
87725 298934
93586 318610
11866671 11866679
156249 493888
6571077 6571093
93423 318392
1590866 2447900
4141884 4279448
2585218 3222268
15705357 15705363
3947479 4148458
13459961 13459972
771895 1554676
752505 1533611
1899 21143
251445 743336
851721 1666638
968258 1807519
4566614 4581737
80539 280197
1110257 1982420
13524621 13524633
263964 762363
102334 334201
1518617 2377379
131776 418530
1142691 2013862
4234375 4340435
87694 298497
7699989 7700008
346045 934385
15715365 15715374
252037 744590
16689 86169
86264 294512
1321035 2191819
510165 1204730
86493 295233
14240652 14240659
1618780 2468234
20292 115224
510221 1204779
2445454 3127112
420102 1059907
1525198 2382372
539292 1259314
591631 1324972
2759693 3348133
242134 729833
41237150 41237152
2595432 3230671
75885 270841
982770 1825958
6019784 6019800
510390 1205035
7693017 7693026
264398 762866
252003 744394
2708336 3303449
2635792 3259775
146474 462268
3202866 3660750
2484250 3158054
1959904 2730932
194763 589494
268281 770302
769081 1551980
54473 223667
13463149 13463162
260781 756675
556034 1279404
1251574 2130180
3557642 3899730
1519662 2377717
366626 964671
1573484 2432800
1178415 2051211
160092 502572
252019 744417
1497556 2362203
987774 1834008
1124289 1995905
28382354 28382356
3562322 3901976
156121 493428
1081916 1943672
222705 688736
381058 989806
106970 351136
394600 1004580
15708493 15708499
9254822 9254872
730989 1502280
12218250 12218264
263065 761382
3922486 4131533
9539884 9539900
15641811 15641820
263059 761337
51500 216696
925339 1733412
16861 87048
987665 1833986
6448866 6448885
772007 1554782
588915 1321283
593765 1328676
160063 502404
1318627 2189939
128226 414206
3224314 3674928
251385 743134
75059 269328
4409652 4458597
1393741 2267436
232854 713415
6014837 6014845
79972 278696
4317570 4394127
1687553 2523626
866938 1681292
761267 1544539
252787 745439
557202 1280148
35746 142131
2933517 3467980
679007 1421650
2131719 2878915
12190459 12190467
477852 1151564
473421 1144789
77513 274736
298071 821838
205114 613479
54938 227378
730910 1502199
848787 1662918
366243 964110
16914 87257
158705 498919
252334 745001
150614 474674
1601887 2453143
1620129 2468823
1497554 2362189
105318 337798
118867 380381
695331 1450359
207004 617709
166575 520230
87723 298879
672583 1415651
847975 1662073
16571 84932
119522 381691
106936 351106
3528219 3881146
115269 371845
53764 220913
2635300 3258960
2413651 3101605
105265 337771
671743 1414788
196699 591737
449670 1105844
263061 761357
12197466 12197476
1808172 2619935
5653249 5653315
611709 1350046
5037612 5037631
1313498 2185363
263888 762320
4105652 4254811
4171177 4298883
257655 752712
584953 1314546
1327656 2199452
887879 1702703
3936451 4142435
990432 1836036
127790 413725
586698 1318100
609695 1347651
270304 772919
553019 1275928
1092516 1957228
2405592 3094867
681043 1434263
71872 263637
12197440 12197462
62740 245052
1617374 2467055
566876 1284228
1533767 2392287
847971 1662049
15714579 15714583
1070026 1933080
72471 264739
1533768 2392298
265941 765182
511237 1206343
51046 215947
16853 87012
350054 936301
985234 1831657
409622 1046280
424816 1067242
7787084 7787103
46666 201644
589147 1321430
744371 1522168
11720501 11720506
1853298 2654994
897864 1709306
590543 1323070
80543 280258
51167 216114
340461 930571
1144916 2015987
366979 964978
604471 1341651
190634 584643
988620 1834396
2396284 3088340
108776 352937
256553 751770
35011585 35011587
165865 519507
85900 293884
68499 257370
116730 375718
270288 772895
207009 617758
426271 1069126
5965018 5965046
9827625 9827641
297638 821242
959147 1793966
77223 274066
412345 1050255
234111 716914
5336890 5336911
63082 245551
968051 1807214
5707048 5707070
832124 1642500
2410583 3098433
818526 1625089
39733 162715
87087 296862
292991 811854
2427935 3111938
13060196 13060205
143022 449953
866849 1681258
195629 590179
439071 1086183
116232 374389
752442 1533501
282795 793462
182117 555517
675149 1416594
103603 335666
2014465 2780345
472846 1143584
106827 351031
1667402 2506731
15695127 15695141
298064 821811
132621 419967
268042 769876
189545 582643
25427660 25427667
87635 298004
345916 934293
657684 1400226
1046142 1908391
771553 1554339
75369 270009
379429 985251
772852 1555974
18105 91828
66018 253618
41256833 41256835
613866 1351995
46048 197777
87661 298180
821893 1629044
4906868 4906910
292990 811838
4580367 4593131
7762970 7762986
752491 1533568
866640 1681204
369927 969753
1321917 2192956
185816 573387
351660 940013
7658006 7658023
9626685 9626691
1458827 2329601
271205 774386
7719602 7719622
2180583 2918523
193122 588140
68093 256840
174456 538430
2287415 3008237
107563 351396
1329065 2200940
1584297 2442674
1208976 2085033
7691100 7691114
497148 1181661
97122 326522
772772 1555737
1891 20980
1321437 2192095
379278 985160
298072 821851
587658 1319199
101138 332046
105824 338128
2737340 3328464
13857465 13857473
771904 1554697
443367 1092528
779780 1566027
1721373 2556998
53035 219595
9509919 9509929
1922980 2699436
133324 421234
1687552 2523615
124561 405937
3572562 3908680
374009 976902
126207 411289
371394 971429
81355 282637
251338 743014
251405 743237
296735 819446
181721 554343
102520 334335
52857 219013
227085 701853
914404 1724028
1501460 2365656
15240562 15240589
2405707 3094979
308786 841772
87692 298450
107522 351367
1465728 2335315
2453149 3132699
939491 1770778
1519663 2377736
1513911 2375467
260847 756717
1208972 2085020
127649 413578
257433 752529
559469 1281360
103442 335543
318895 857956
87667 298312
23453486 23453492
40599362 40599364
1307589 2183384
58729 239036
13462119 13462129
7362573 7362610
762461 1545651
7477540 7477573
14414417 14414423
41210625 41210628
726752 1495755
10465112 10465140
444213 1094035
548244 1271374
2180514 2918429
185748 573100
534247 1248583
273029 777764
551955 1275376
735223 1506656
11025746 11025752
79846 278458
1120753 1992336
785441 1571708
611164 1349512
132185 419135
612218 1350413
986602 1833438
126996 412584
8093858 8093879
14875674 14875685
544521 1267121
1321779 2192817
1506869 2370344
897460 1709101
589424 1321849
2055349 2814946
1350387 2224843
4229370 4337704
544262 1266767
9050112 9050117
1071305 1933918
14607342 14607346
4758180 4758957
185747 573065
9224959 9224970
8119823 8119841
487496 1165973
9225125 9225135
4311724 4390234
3534961 3885533
1214818 2090665
80091 278899
231482 710580
252959 745753
544751 1267421
2155534 2897816
439982 1086921
8098927 8098941
399025 1009147
707336 1466006
1074969 1937014
1506085 2369727
9367733 9367744
1868338 2667446
13605642 13605649
6939565 6939589
1506064 2369702
1465925 2335450
463079 1128036
190291 584085
1505971 2369621
8519481 8519496
255709 750203
6443716 6443732
100262 330606
3967134 4160924
5782109 5782132
100040 330344
4672960 4678140
340970 931294
582214 1300082
2379512 3070596
190714 584813
270761 773935
10331517 10331526
548440 1271595
412091 1049885
75889 270852
2081952 2836464
551294 1274546
1816209 2626311
1050329 1912551
823676 1631933
8011574 8011605
9832232 9832242
8103435 8103458
8989626 8989637
1264670 2141853
38584 158012
195743 590355
501079 1189717
254958 749220
44506 189246
243605 731589
6741061 6741074
113511 370499
555676 1279140
113512 370550
87696 298527
180197 551400
286696 799358
6576362 6576463
251753 744099
172225 531673
462625 1127236
87697 298562
556998 1279866
73654 266443
199039 597047
589360 1321744
1210176 2086082
705830 1464617
266355 765918
372652 974217
144064 454201
251747 744036
81453 282836
160064 502428
591629 1324914
579310 1296312
823439 1631465
411879 1049612
154832 488602
446105 1098652
766999 1551140
16969 87537
467864 1135384
576146 1292051
591630 1324945
2058534 2817793
191407 585829
2196093 2932681
746706 1526068
87704 298787
809343 1611570
358212 956073
179139 549592
39401 161605
65093 250488
414441 1053017
255387 749780
243880 732023
125995 410520
136524 426725
550767 1273735
1316375 2187376
186794 576064
485024 1162750
256571 751802
13252905 13252921
70555 261032
280909 788940
5346651 5346686
41250242 41250245
13468903 13468916
11672299 11672308
11788435 11788444
15717416 15717423
13145625 13145636
907940 1718981
213615 650037
252925 745711
16692 86231
214872 653648
116193 374190
20423 115747
156251 493915
189287 582127
287972 802514
53702 220837
13682453 13682467
13826840 13826846
242958 730657
15704831 15704839
2386629 3079727
529412 1239217
38588 158078
2416295 3103467
453629 1113730
296517 818891
82377 284746
266586 766383
312854 849072
746737 1526220
1320400 2191085
9112562 9112577
581800 1299458
1046005 1908183
105369 337842
16907 87208
611524 1349950
50369 212863
256403 751354
297046 820612
21226 118297
118182 378987
16837 86839
16835 86768
118181 378952
16836 86809
39734 162744
50261 212629
1901 21213
2822 35733
2272359 2994108
690467 1445422
265662 764782
117853 378466
6576077 6576117
16569 84894
103048 334876
411933 1049684
847973 1662063
91758 312375
16811 86614
68424 257192
755 6092
55257 228163
215985 655170
65418 251044
1513712 2375392
744815 1523306
297422 820917
74395 268395
80879 281106
194944 589670
251273 742883
898146 1709492
651341 1393737
6700498 6700512
2451548 3131113
547160 1270402
129710 416072
13791735 13791744
11159508 11159516
353190 943240
46791 202007
66019 253646
99457 329307
466553 1133389
194227 589027
411916 1049655
428890 1072811
116835 375891
252021 744463
144067 454232
444325 1094317
130545 416872
411654 1049381
603999 1340909
413908 1052715
135114 424259
322392 871845
690469 1445437
557545 1280409
16530 84721
194802 589519
6876975 6876995
77978 275656
3070414 3561777
117200 376768
1881 20870
52313 217914
1549109 2409320
80766 280572
1278529 2154987
194713 589388
392838 1003080
427154 1071265
3757365 4024058
265667 764803
133496 421857
272079 775985
50475 213850
690338 1445202
2059613 2819090
67247 255668
366479 964396
125340 408982
1354084 2227734
678518 1421431
1095676 1961565
68954 257878
440275 1087296
2843097 3402086
367875 966213
19838 112382
214256 652264
1394369 2268417
96328 323836
21625 119752
19871 112482
101430 332808
7890288 7890301
1530415 2388630
16890 87144
131744 418478
52653 218708
1719145 2554729
2477644 3151873
349864 936209
511241 1206361
970590 1809879
195183 589896
309740 843398
255905 750594
115254 371822
765156 1549238
1524593 2381502
653492 1396426
173812 536784
61732 242172
227234 702015
54301 221760
245607 734237
54471 223630
109088 353167
191560 586055
538006 1257853
293388 812641
127299 413169
50476 213922
97888 327261
170648 526675
243882 732059
245058 733605
1129046 2000557
23079 125259
760583 1543731
87662 298205
54715 226117
1052268 1914902
231589 710777
3557678 3899760
1731885 2565830
987306 1833758
130070 416358
561879 1282089
223479 690982
698903 1455136
178168 547635
762459 1545630
252830 745471
684479 1437196
760582 1543712
16908 87226
308421 841275
369928 969772
8463513 8463528
12247952 12247961
218394 670308
252313 744892
494259 1176790
4141875 4279427
381825 990970
785866 1572449
297434 820946
15940 82262
421730 1061751
693350 1448232
877958 1695231
116758 375788
131570 418226
658310 1400494
657738 1400311
15704359 15704368
87659 298122
105904 338209
52273 217853
987412 1833825
947642 1777486
133323 421214
1617877 2467342
330934 900515
74652 268801
50829 215000
52135 217625
409803 1046457
79737 278032
139451 434087
719405 1479171
137424 429787
1664355 2504357
808192 1610388
289031 806569
252110 744700
454856 1115541
990914 1836996
1515703 2376201
15705304 15705314
54293 221703
100163 330492
297047 820628
38587 158052
87698 298604
58435 238373
19376 110517
54935 227322
39735 162785
81334 282579
252542 745210
5385575 5385601
580864 1298000
721171 1481228
280268 787932
50785 214752
193494 588468
2523038 3185286
76831 273380
427255 1071383
447069 1101043
134390 423293
221952 684931
191796 586344
136230 426342
365274 963520
116779 375815
98263 327651
15710023 15710029
990641 1836574
3704219 3993610
53735 220868
38730 158280
763465 1547182
15660502 15660507
133664 422430
354773 949854
594476 1329373
367926 966375
165586 519176
1932727 2708395
278083 784997
376668 980146
609647 1347585
1516409 2376279
965635 1805868
821466 1628706
18871 105960
118940 380541
54647 224297
388737 999586
251446 743355
831322 1642064
206956 617641
11742452 11742459
289982 808140
146267 461444
1106064 1978025
257408 752427
8820154 8820178
21248 118532
1813916 2624966
157870 497445
843697 1654465
107182 351169
420103 1059928
379501 985290
15717696 15717705
752315 1533276
