31883052 31883055
31883052 31883056
13439827 13439852
13439827 13439853
13439827 13439854
13439827 13439855
31840767 31840769
31896252 31896275
31896252 31896276
31896252 31896277
31896252 31896278
31844317 31844319
31844317 31844320
22018684 22018689
22018684 22018690
22018684 22018691
31855579 31855586
31860093 31860100
31860093 31860101
31835148 31835149
1590494 2447676
31869797 31869798
31861870 31861871
31861870 31861872
31848850 31848861
31848850 31848862
31848850 31848863
31843337 31843339
31843337 31843340
31843337 31843341
31855208 31855211
31855208 31855212
31855208 31855213
31855208 31855214
31855208 31855215
31855208 31855216
31872053 31872055
31872053 31872056
31835502 31835505
31835502 31835506
31835502 31835507
31879117 31879119
31879117 31879120
31879117 31879121
31854820 31854824
31854820 31854825
31854820 31854826
31854820 31854827
31854820 31854828
31841110 31841113
31843898 31843899
31843898 31843900
31860165 31860168
31860165 31860169
46143792 46143793
31887441 31887443
1590496 2447689
1590496 2447690
1590496 2447691
1590496 2447692
1590496 2447693
31879151 31879153
31879151 31879154
36111362 36111363
31862933 31862935
31862933 31862936
31862933 31862937
31861936 31861945
31861936 31861946
1590494 2447677
1590494 2447678
1590494 2447679
31898588 31898591
31898588 31898592
3125208 3602179
3125208 3602180
3125208 3602181
31872022 31872024
31872022 31872025
31855568 31855572
31855568 31855573
31855568 31855574
31855568 31855575
1590492 2447663
1590492 2447664
31855872 31855875
31855872 31855876
46143794 46143795
31855594 31855600
31855594 31855601
1483122 2350756
2616226 3245454
2616226 3245455
2616226 3245456
21986367 21986373
21986367 21986374
21986367 21986375
31898588 31898593
722417 1483131
722417 1483132
31874272 31874274
31896091 31896093
31896091 31896094
46143817 46143818
46143817 46143819
3692822 3986228
3692822 3986229
31855741 31855744
31855741 31855745
31846349 31846352
31859049 31859053
31859049 31859054
31908134 31908138
31908134 31908139
31908134 31908140
31908134 31908141
31908142 31908144
31908142 31908145
31908526 31908529
31908526 31908530
31849204 31849206
3692825 3986256
3692825 3986257
31895882 31895884
31895882 31895885
31855741 31855746
31855741 31855747
31908224 31908228
31840906 31840907
31844445 31844446
31844445 31844447
29712473 29712480
29712473 29712481
29712473 29712482
33949960 33949961
31841214 31841215
31906243 31906254
31906243 31906255
31906243 31906256
31881250 31881251
2619392 3248206
2619392 3248207
2619392 3248208
2619392 3248209
2619392 3248210
2445012 3126819
2445012 3126820
2445012 3126821
30380888 30380894
30380888 30380895
30380888 30380896
30380888 30380897
30380888 30380898
30380888 30380899
37667355 37667359
34034605 34034606
31849337 31849338
31890889 31890892
31890653 31890654
46143820 46143821
4971223 4971256
4971223 4971257
4971223 4971258
4971223 4971259
3678289 3975706
31900191 31900194
31850499 31850501
796351 1587754
796351 1587755
796351 1587756
31871999 31872003
31852931 31852936
31852931 31852937
31861957 31861959
2993271 3509070
31836800 31836802
31844218 31844220
31879007 31879008
31879007 31879009
31849051 31849053
31849051 31849054
1632277 2478225
1632277 2478226
1632277 2478227
31850390 31850392
3848730 4084874
3848730 4084875
3848730 4084876
3848730 4084877
3848730 4084878
3848730 4084879
3848730 4084880
3848730 4084881
3848730 4084882
3848730 4084883
31835840 31835843
31878998 31879000
31878998 31879001
31878930 31878932
31878930 31878933
31843012 31843014
28839261 28839286
28839261 28839287
28839261 28839288
46143828 46143829
31835805 31835808
31835805 31835809
31835805 31835810
31907657 31907659
31907657 31907660
31907657 31907661
31907657 31907662
31907657 31907663
3125212 3602203
3125212 3602204
3125212 3602205
46143830 46143831
31835636 31835640
31835636 31835641
2990669 3506244
2990669 3506245
2990669 3506246
31878953 31878956
31878953 31878957
31896183 31896184
31835636 31835642
31844487 31844489
31844487 31844490
31844487 31844491
31864346 31864347
31864346 31864348
31864346 31864349
31860237 31860241
660698 1401949
660698 1401950
660698 1401951
660698 1401952
660698 1401953
31879073 31879075
31879073 31879076
31846818 31846822
3125200 3602114
3125200 3602115
3125200 3602116
31853237 31853241
31853237 31853242
31895521 31895523
31895521 31895524
31895521 31895525
31895521 31895526
34096955 34096956
31907959 31907962
31905868 31905879
31905868 31905880
31905868 31905881
31907956 31907958
31838585 31838587
31836829 31836830
2619390 3248182
2619390 3248183
2619390 3248184
31863805 31863810
31863805 31863811
31863805 31863812
3125199 3602102
3125199 3602103
3125199 3602104
10491737 10491831
10491737 10491832
31853254 31853258
31853254 31853259
31859872 31859874
31859872 31859875
31895556 31895559
31895556 31895560
1483122 2350757
1483122 2350758
10491731 10491760
10491731 10491761
31854985 31854987
31854985 31854988
33993912 33993913
2619408 3248255
2619408 3248256
4345827 4413152
4345827 4413153
4345827 4413154
4345827 4413155
31838580 31838583
31838580 31838584
1971526 2743392
1971526 2743393
1971526 2743394
1971526 2743395
31876370 31876373
31876370 31876374
1584675 2443181
1584675 2443182
1584675 2443183
31908545 31908547
31906643 31906646
31835148 31835150
31835148 31835151
31855360 31855361
31855360 31855362
29717756 29717769
31890909 31890911
31840767 31840770
31840767 31840771
31841142 31841144
31841142 31841145
31855390 31855392
31855390 31855393
33949386 33949387
31906643 31906647
31879214 31879216
31879214 31879217
31860012 31860019
31860012 31860020
13418094 13418108
13418094 13418109
13418094 13418110
33642854 33642858
33642854 33642859
31859930 31859935
31859930 31859936
2837614 3398085
2837614 3398086
2837614 3398087
2837614 3398088
2837614 3398089
31840809 31840811
31840809 31840812
33950088 33950089
33950088 33950090
33950088 33950091
34034612 34034613
34034612 34034614
34034612 34034615
31906368 31906369
31906368 31906370
31906368 31906371
33949473 33949474
31859521 31859524
31876327 31876328
31856316 31856319
31856316 31856320
10574549 10574554
10574549 10574555
10574549 10574556
31896006 31896009
31896006 31896010
31862975 31862977
31862975 31862978
34019309 34019310
31904544 31904545
31904544 31904546
31888007 31888008
31888007 31888009
34088386 34088388
34088386 34088389
34088386 34088390
31850598 31850600
31850290 31850293
34089159 34089161
33720166 33720167
31850665 31850666
31843128 31843132
31843128 31843133
31843128 31843134
34089228 34089229
34089228 34089230
22105647 22105653
22105647 22105654
22105647 22105655
22105647 22105656
31855952 31855954
31855952 31855955
31855952 31855956
29028893 29028896
29028893 29028897
29028893 29028898
29028893 29028899
29028893 29028900
29028893 29028901
31849096 31849097
31849096 31849098
31849096 31849099
31888029 31888030
31888029 31888031
31888029 31888032
31859952 31859954
31859952 31859955
31859952 31859956
31862370 31862372
31862370 31862373
31862370 31862374
31862370 31862375
31908290 31908293
31908290 31908294
31908290 31908295
31843154 31843156
31843154 31843157
31908201 31908208
31908201 31908209
39137101 39137104
39137101 39137105
2198275 2935130
2198275 2935131
2198275 2935132
2198275 2935133
2198275 2935134
2198275 2935135
31854495 31854499
31854495 31854500
31854495 31854501
31854495 31854502
31854495 31854503
31854495 31854504
31854495 31854505
31854408 31854417
31854408 31854418
31854408 31854419
31854408 31854420
31854408 31854421
31854408 31854422
31854408 31854423
31906135 31906139
31906135 31906140
31906135 31906141
31855449 31855453
31855449 31855454
31854598 31854601
31854598 31854602
31854598 31854603
31854598 31854604
31854598 31854605
31854598 31854606
31854598 31854607
31850364 31850368
31850364 31850369
31908306 31908311
22259133 22259137
22259133 22259138
22259133 22259139
22259133 22259140
31905960 31905967
31905960 31905968
31905960 31905969
34096964 34096966
34073814 34073816
34073814 34073817
31899921 31899922
4123850 4266040
4123850 4266041
4123850 4266042
31855307 31855309
31855307 31855310
34097460 34097461
31895660 31895663
30707060 30707072
30707060 30707073
31888045 31888047
31888178 31888180
4123850 4266043
31854776 31854778
31854776 31854779
31854776 31854780
4123850 4266044
2616229 3245467
2616229 3245468
2616229 3245469
31874246 31874248
31874246 31874249
39137106 39137109
30707059 30707070
31850605 31850606
31908519 31908524
31908519 31908525
31905740 31905742
31905740 31905743
31843646 31843647
31905740 31905744
31874290 31874292
46142864 46142865
34009408 34009410
34009408 34009411
34009408 34009412
31862301 31862304
31890920 31890921
33868099 33868100
33868099 33868101
6622904 6622918
6622904 6622919
6622904 6622920
6622904 6622921
31905467 31905470
3171588 3637446
31850355 31850358
31890833 31890834
31890833 31890835
31859095 31859099
31859095 31859100
31859095 31859101
31887518 31887522
31887518 31887523
31887518 31887524
31890691 31890694
31890691 31890695
31890691 31890696
3791228 4042545
3791228 4042546
3791228 4042547
3791228 4042548
31859211 31859216
31859211 31859217
31862555 31862561
31862555 31862562
31862555 31862563
31862555 31862564
31862555 31862565
31862555 31862566
31862555 31862567
31855842 31855846
31855842 31855847
31855136 31855139
31855136 31855140
3479577 3848745
3479577 3848746
3479577 3848747
3479577 3848748
3479577 3848749
3479577 3848750
3479577 3848751
3479577 3848752
3479577 3848753
31862068 31862070
31862068 31862071
31862068 31862072
31862068 31862073
31876033 31876035
31876033 31876036
31850607 31850609
31861780 31861782
3125213 3602214
3125213 3602215
3125213 3602216
31837893 31837895
31837893 31837896
31844551 31844553
31844551 31844554
31844551 31844555
31844551 31844556
31844551 31844557
31903089 31903090
31874212 31874215
31903347 31903349
31866485 31866491
31866485 31866492
31866485 31866493
31866485 31866494
31866485 31866495
4236707 4342388
4236707 4342389
4236707 4342390
4236707 4342391
4236707 4342392
4236707 4342393
22001059 22001074
22001059 22001075
22001059 22001076
22001059 22001077
31897298 31897301
31897298 31897302
31862440 31862442
31866479 31866482
31866479 31866483
31896060 31896062
31896060 31896063
4084861 4236723
4084861 4236724
4084861 4236725
4084861 4236726
4084861 4236727
39135637 39135639
31889910 31889914
31889910 31889915
31889910 31889916
31849337 31849339
31849337 31849340
31896057 31896058
31896057 31896059
31838573 31838575
31850507 31850510
34060281 34060282
31866390 31866393
31866390 31866394
31898796 31898799
31898796 31898800
4999149 4999173
4999149 4999174
4999149 4999175
4999149 4999176
4999149 4999177
4999149 4999178
34019319 34019320
29714194 29714195
31895605 31895609
31895605 31895610
31895605 31895611
34060274 34060276
31898700 31898701
31898700 31898702
31898700 31898703
31840162 31840169
31840162 31840170
31840162 31840171
31878911 31878914
31878911 31878915
2436452 3118376
2436452 3118377
31840668 31840670
31840668 31840671
4999150 4999182
4999150 4999183
4999150 4999184
4999150 4999185
4999150 4999186
31868482 31868484
31868482 31868485
31906425 31906427
31906425 31906428
31874197 31874199
31862635 31862636
31888115 31888116
31887777 31887778
31888287 31888288
31835806 31835814
31835806 31835815
28760939 28760946
28760939 28760947
31866416 31866419
31866416 31866420
31866416 31866421
31895830 31895831
31895830 31895832
660708 1402037
660708 1402038
660708 1402039
660708 1402040
29028524 29028542
29028524 29028543
29028524 29028544
46143780 46143781
46143832 46143833
31895914 31895921
31895914 31895922
31895914 31895923
31895914 31895924
31896251 31896258
31896251 31896259
31879036 31879038
31879036 31879039
31895768 31895770
31895768 31895771
31862573 31862574
31862573 31862575
2198160 2934758
2198160 2934759
2198160 2934760
2198160 2934761
31843772 31843774
31843772 31843775
31906164 31906166
31906164 31906167
31896157 31896159
31896157 31896160
31896157 31896161
33949855 33949856
31849174 31849177
31849174 31849178
31849174 31849179
37667360 37667366
31843515 31843519
31843515 31843520
31905016 31905018
31905016 31905019
31905016 31905020
31906259 31906262
31906259 31906263
22018671 22018675
22018671 22018676
22018671 22018677
31906728 31906731
31906728 31906732
31906728 31906733
31887299 31887301
31887299 31887302
31896075 31896077
31896075 31896078
31896075 31896079
31896075 31896080
31896075 31896081
31896075 31896082
31896075 31896083
39136795 39136797
39136795 39136798
650550 1392904
650550 1392905
650550 1392906
650550 1392907
650550 1392908
650550 1392909
650550 1392910
31860119 31860123
31860119 31860124
31841219 31841221
31841219 31841222
31864505 31864508
31864505 31864509
46143782 46143783
31906819 31906821
30671500 30671502
31862000 31862002
31862000 31862003
31862000 31862004
34097550 34097551
31909908 31909911
31835692 31835696
46143834 46143835
21998037 21998042
21998037 21998043
21998037 21998044
31872028 31872029
31872028 31872030
31879020 31879023
31879020 31879024
31904643 31904644
660722 1402105
660722 1402106
660722 1402107
660701 1401992
660701 1401993
31898968 31898994
31898968 31898995
31898968 31898996
31898968 31898997
31842803 31842804
31861949 31861952
31861949 31861953
31861949 31861954
31861949 31861955
31861949 31861956
3125217 3602252
3125217 3602253
3125217 3602254
46142766 46142767
31847201 31847203
31847201 31847204
34060272 34060273
31857282 31857285
31895648 31895650
31895648 31895651
964232 1804224
964232 1804225
964232 1804226
31799666 31799669
31799666 31799670
650529 1392876
650529 1392877
650529 1392878
650529 1392879
650529 1392880
650529 1392881
650529 1392882
31859057 31859061
31859057 31859062
660686 1401876
660686 1401877
660686 1401878
660686 1401879
660686 1401880
31862172 31862174
31862172 31862175
31862172 31862176
31862172 31862177
31852919 31852923
31844609 31844611
31844609 31844612
31844609 31844613
31844609 31844614
31879085 31879088
31879085 31879089
31906827 31906828
31855480 31855482
31855480 31855483
3171419 3637189
3171419 3637190
3171419 3637191
3171419 3637192
31843901 31843903
31843901 31843904
31843901 31843905
31908356 31908358
31908356 31908359
2616333 3245632
2616333 3245633
2616333 3245634
31837920 31837922
31837920 31837923
31837920 31837924
31837920 31837925
31881252 31881253
31881252 31881254
31881252 31881255
31905667 31905672
31905667 31905673
31905667 31905674
31838597 31838598
46143796 46143797
46143796 46143798
31843533 31843537
31843533 31843538
31843533 31843539
31908352 31908355
31856760 31856762
31856760 31856763
31854680 31854685
31854680 31854686
31854680 31854687
31854680 31854688
31854680 31854689
31854680 31854690
31862193 31862195
31862193 31862196
31862193 31862197
31864247 31864249
31864247 31864250
31864247 31864251
31860035 31860037
31860035 31860038
2993306 3509196
2993306 3509197
2993306 3509198
34097577 34097578
13479401 13479432
13479401 13479433
39136980 39136982
2616222 3245432
2616222 3245433
2616222 3245434
31856823 31856824
31856823 31856825
31856672 31856674
31856672 31856675
2616330 3245620
2616330 3245621
2616330 3245622
31835722 31835724
31835722 31835725
31835722 31835726
34073806 34073807
22244729 22244734
22244729 22244735
22244729 22244736
22244729 22244737
921935 1730287
921935 1730288
921935 1730289
31859757 31859759
31856636 31856638
31850516 31850518
31850516 31850519
31908539 31908540
31908402 31908404
31908402 31908405
31908319 31908321
31908319 31908322
31854338 31854343
31854338 31854344
31855097 31855099
31855097 31855100
31856571 31856572
31844314 31844315
31906869 31906871
31906869 31906872
31906869 31906873
31855029 31855031
46143786 46143787
46143786 46143788
46143786 46143789
46143786 46143790
46143786 46143791
31895660 31895664
31895660 31895665
31895660 31895666
31895660 31895667
31895660 31895668
31895660 31895669
37667344 37667350
46142731 46142732
31850512 31850514
31850512 31850515
34011307 34011310
34011307 34011311
31876145 31876147
31844170 31844174
31908392 31908394
31908392 31908395
33804041 33804043
31855539 31855543
31855539 31855544
29028523 29028537
29028523 29028538
31856571 31856573
31908360 31908363
31908360 31908364
31847043 31847045
31847043 31847046
31862927 31862931
31862927 31862932
46143799 46143800
46143799 46143801
46143799 46143802
31908406 31908408
31908406 31908409
31854612 31854614
31854612 31854615
31908399 31908401
31862954 31862958
31862954 31862959
29713711 29713715
29713711 29713716
29713711 29713717
29713711 29713718
37667367 37667372
3171587 3637437
3171587 3637438
3171587 3637439
3171587 3637440
3171587 3637441
31862346 31862347
31871306 31871308
31871306 31871309
31850638 31850640
33943377 33943378
31856354 31856356
31856354 31856357
46143807 46143808
31905284 31905287
31905284 31905288
31905284 31905289
22147122 22147130
22147122 22147131
22147122 22147132
22147122 22147133
22147122 22147134
31905474 31905476
31905474 31905477
31905474 31905478
31890681 31890682
31890681 31890683
31840733 31840735
31840733 31840736
31859654 31859657
31859654 31859658
31859654 31859659
46143809 46143810
31891190 31891192
31854659 31854668
31854659 31854669
31854659 31854670
31854659 31854671
31854659 31854672
31854659 31854673
3171588 3637447
3171588 3637448
3171588 3637449
3171588 3637450
3171588 3637451
31840820 31840822
31840820 31840823
31896286 31896288
31896286 31896289
46143836 46143837
2616223 3245437
2616223 3245438
2616223 3245439
2616223 3245440
2616224 3245442
2616224 3245443
2616224 3245444
2616221 3245428
2616221 3245429
2616221 3245430
31840918 31840920
31840918 31840921
31855964 31855966
31855964 31855967
31855964 31855968
31906197 31906200
31906197 31906201
31906197 31906202
31906197 31906203
31879041 31879044
31879041 31879045
34097652 34097653
31861694 31861697
31861694 31861698
31861694 31861699
21974793 21974802
21974793 21974803
21974793 21974804
46143778 46143779
31859521 31859525
31838616 31838617
31838616 31838618
31838616 31838619
31838616 31838620
31876347 31876348
31848711 31848713
31848711 31848714
31848711 31848715
46143803 46143804
46143803 46143805
46143803 46143806
46143784 46143785
31904539 31904542
31904539 31904543
31852955 31852956
31852955 31852957
31843805 31843806
31843805 31843807
31843805 31843808
28971261 28971281
28971261 28971282
31842568 31842571
21974795 21974810
21974795 21974811
21974795 21974812
3842000 4081143
3842000 4081144
3842000 4081145
31906346 31906349
31906346 31906350
31906346 31906351
31842568 31842572
31906486 31906490
31895732 31895734
31895732 31895735
31895732 31895736
31895732 31895737
31908231 31908235
31874566 31874568
31879195 31879197
31862623 31862629
31862623 31862630
31862623 31862631
31862623 31862632
31862623 31862633
31862623 31862634
46143838 46143839
31872031 31872032
31872031 31872033
2993313 3509245
2837487 3398023
2837487 3398024
2837486 3398016
2837486 3398017
2837486 3398018
2837486 3398019
2837486 3398020
46143840 46143841
21967415 21967421
21967415 21967422
21967415 21967423
21967415 21967424
21967415 21967425
21967415 21967426
31844714 31844716
31844714 31844717
31855830 31855833
31855830 31855834
31855830 31855835
31855830 31855836
31908146 31908149
31908146 31908150
31862472 31862475
31862472 31862476
31862472 31862477
31850633 31850636
34043466 34043467
34043466 34043468
33829756 33829761
31895961 31895963
31895961 31895964
31895961 31895965
31895961 31895966
22147141 22147145
22147141 22147146
22147141 22147147
22147141 22147148
31904552 31904554
31904552 31904555
31853248 31853249
31853248 31853250
31838600 31838602
31838600 31838603
31850633 31850637
31849215 31849216
31849215 31849217
31849215 31849218
28777053 28777085
28777053 28777086
28777053 28777087
28777053 28777088
6622945 6622964
6622945 6622965
34096905 34096907
34096905 34096908
34096905 34096909
31861141 31861143
31861141 31861144
31860081 31860083
31860081 31860084
31856823 31856826
31862473 31862479
31862473 31862480
31862473 31862481
31874566 31874569
31874566 31874570
31859925 31859928
31896190 31896192
31896190 31896193
3841999 4081134
3841999 4081135
3841999 4081136
31895421 31895422
31895421 31895423
31895421 31895424
33949899 33949900
33949899 33949901
33784176 33784177
6622956 6622992
22147141 22147149
31896097 31896103
31896097 31896104
31896097 31896105
31896097 31896106
31879206 31879209
31879206 31879210
46143822 46143823
3692821 3986224
3692821 3986225
31838576 31838578
31838576 31838579
22010392 22010398
22010392 22010399
22010392 22010400
2731589 3322275
31879178 31879180
31879178 31879181
31875945 31875948
31890915 31890916
46143824 46143825
31850653 31850658
31850653 31850659
31866466 31866470
31866466 31866471
2198160 2934762
2198160 2934763
2198160 2934764
2198160 2934765
2198160 2934766
2731589 3322276
2731589 3322277
31843239 31843241
31843239 31843242
31843239 31843243
31854576 31854582
31854576 31854583
2837488 3398026
2837488 3398027
31909842 31909843
31909842 31909844
31844407 31844408
31844407 31844409
31844407 31844410
31844407 31844411
31862938 31862941
31862938 31862942
31862938 31862943
2270254 2989752
2270254 2989753
31896117 31896119
31896117 31896120
660678 1401818
660678 1401819
660678 1401820
660678 1401821
660678 1401822
660678 1401823
660678 1401824
660700 1401973
660700 1401974
660700 1401975
660700 1401976
660700 1401977
660700 1401978
1590489 2447646
1590489 2447647
34097111 34097113
31835874 31835876
31861630 31861633
31861630 31861634
31861630 31861635
31861630 31861636
31861630 31861637
31861646 31861649
31861646 31861650
31861646 31861651
31861646 31861652
31871343 31871345
31871343 31871346
31864571 31864574
31864571 31864575
31864571 31864576
10491733 10491796
10491733 10491797
10491733 10491798
31871313 31871316
31871313 31871317
31871313 31871318
31904875 31904877
31904875 31904878
31836551 31836552
34096928 34096929
31861861 31861863
31861861 31861864
31906734 31906736
31906734 31906737
31906734 31906738
31887462 31887465
31867118 31867120
31867118 31867121
31867118 31867122
34097002 34097003
31855753 31855756
31855753 31855757
31853682 31853684
31878964 31878968
31878964 31878969
31878964 31878970
13439823 13439831
13439823 13439832
13439823 13439833
33949876 33949877
46142784 46142785
21967415 21967427
31838564 31838567
31838607 31838608
31896011 31896012
31896011 31896013
31896011 31896014
31854821 31854833
31854821 31854834
31907996 31907997
31856749 31856751
31856818 31856821
31856818 31856822
31854893 31854896
31854893 31854897
38029122 38029123
38029122 38029124
29028546 29028564
31854719 31854720
31854719 31854721
31854719 31854722
39137900 39137902
39137900 39137903
39137900 39137904
31874295 31874296
31874295 31874297
31874295 31874298
31855579 31855587
31855579 31855588
31855579 31855589
31855579 31855590
31861638 31861641
31861638 31861642
31861638 31861643
3479956 3849092
3479956 3849093
1094685 1960703
1094685 1960704
1094685 1960705
31847545 31847560
31847545 31847561
31847545 31847562
1854690 2656113
1854690 2656114
1854690 2656115
1854690 2656116
1854690 2656117
1854690 2656118
1854690 2656119
31879164 31879165
31879164 31879166
3508137 3863080
3508137 3863081
22252796 22252804
22252796 22252805
31855243 31855247
31849207 31849210
31849207 31849211
31849207 31849212
31895484 31895485
31895484 31895486
31898748 31898753
31848849 31848855
31848849 31848856
31848849 31848857
31862338 31862340
31855050 31855061
31855050 31855062
31855050 31855063
31855050 31855064
31879151 31879155
31854484 31854486
31854484 31854487
31855244 31855248
31892409 31892410
31874096 31874097
31896066 31896068
31896066 31896069
31895547 31895549
31895547 31895550
31895547 31895551
31855758 31855760
31855758 31855761
31854639 31854647
31854639 31854648
31854639 31854649
31854639 31854650
31855255 31855258
31855255 31855259
31855255 31855260
31855255 31855261
31862216 31862217
31895561 31895563
31895561 31895564
31895561 31895565
31842706 31842708
31842706 31842709
31842706 31842710
31842706 31842711
31847623 31847629
31847623 31847630
31838592 31838595
31842672 31842674
31842672 31842675
31842672 31842676
31898862 31898864
31898862 31898865
31898862 31898866
31859821 31859823
31859821 31859824
31861780 31861783
31859508 31859515
31859508 31859516
31904520 31904522
31904520 31904523
31904520 31904524
31844532 31844534
31844532 31844535
31883057 31883058
31895568 31895570
31895568 31895571
31895568 31895572
31862647 31862649
31862647 31862650
31907011 31907013
31907011 31907014
31907011 31907015
34097572 34097574
34097572 34097575
34097572 34097576
34097698 34097699
34097698 34097700
34097698 34097701
31866475 31866477
31866475 31866478
1854687 2656095
1854687 2656096
1854687 2656097
31906148 31906150
31906148 31906151
31906148 31906152
10491732 10491784
10491732 10491785
31906996 31906998
31906996 31906999
31906996 31907000
592202 1326578
592202 1326579
592202 1326580
592202 1326581
31858882 31858884
31858882 31858885
31858882 31858886
31878934 31878936
31878934 31878937
31862962 31862966
31862962 31862967
31862962 31862968
33781225 33781228
33781225 33781229
2445019 3126867
2445019 3126868
2445019 3126869
31854160 31854162
31854160 31854163
31854160 31854164
31854160 31854165
31854160 31854166
31854160 31854167
31849222 31849224
592202 1326582
592202 1326583
592202 1326584
31861815 31861818
31861815 31861819
31861815 31861820
31850560 31850565
31862947 31862950
31862947 31862951
31862947 31862952
31862947 31862953
31895825 31895827
31895825 31895828
31859703 31859704
31849372 31849374
31849372 31849375
31849372 31849376
31844218 31844221
31844218 31844222
31844218 31844223
15103400 15103436
31905867 31905873
31905867 31905874
31905867 31905875
31906329 31906331
31906329 31906332
31906329 31906333
31895713 31895714
31895713 31895715
31895713 31895716
31895713 31895717
31907001 31907004
31907001 31907005
31907001 31907006
33868072 33868074
33868072 33868075
33868072 33868076
31890864 31890865
31890864 31890866
2616332 3245625
2616332 3245626
2616332 3245627
31859266 31859269
31859266 31859270
31854889 31854891
31854889 31854892
31881213 31881215
31881213 31881216
31881213 31881217
31881213 31881218
2616141 3245313
2616141 3245314
2616141 3245315
31864370 31864372
31864370 31864373
31879231 31879233
31879231 31879234
31879231 31879235
31864281 31864283
31864281 31864284
31864281 31864285
31891895 31891898
46143826 46143827
46143811 46143812
4984911 4984926
4984911 4984927
4984911 4984928
31874208 31874209
46143813 46143814
31856754 31856756
31856754 31856757
31890233 31890239
31890233 31890240
31890233 31890241
37667379 37667383
37667379 37667384
46143815 46143816
37667373 37667376
37667373 37667377
37667373 37667378
31906980 31906984
31906980 31906985
31906980 31906986
31890691 31890697
31867270 31867283
31867270 31867284
31846266 31846268
31846266 31846269
31862526 31862528
31862526 31862529
31866390 31866395
31866390 31866396
31866390 31866397
31874030 31874033
31874030 31874034
31874030 31874035
31881267 31881269
31840789 31840793
31840789 31840794
31840789 31840795
31908426 31908430
31908426 31908431
31841198 31841199
31880383 31880385
31853977 31853979
31853977 31853980
31848332 31848335
31848332 31848336
31848332 31848337
31848332 31848338
31848332 31848339
31836450 31836452
38028736 38028739
38028736 38028740
31835749 31835751
31835749 31835752
31835749 31835753
31859532 31859535
31859532 31859536
31843349 31843351
31843349 31843352
31843349 31843353
31906228 31906232
31906228 31906233
31906228 31906234
31887260 31887264
31887260 31887265
31887260 31887266
31887260 31887267
31872017 31872019
31872017 31872020
22018684 22018692
31886625 31886634
31886625 31886635
33948866 33948868
31895858 31895867
31895858 31895868
31895858 31895869
31895858 31895870
31843080 31843084
31843080 31843085
31843080 31843086
31880371 31880373
31880371 31880374
31879886 31879891
31879886 31879892
37667968 37667972
39135697 39135699
39135697 39135700
2993179 3508783
2993179 3508784
22000158 22000163
22000158 22000164
22011775 22011783
22011775 22011784
22011775 22011785
31867435 31867440
31867435 31867441
31867435 31867442
2445015 3126845
2445015 3126846
1854691 2656128
1854691 2656129
31846333 31846336
31846333 31846337
31846333 31846338
31868851 31868857
31868851 31868858
31866884 31866896
31866884 31866897
31854507 31854517
31854507 31854518
31908367 31908370
31908367 31908371
31908367 31908372
31890283 31890291
31890283 31890292
31907001 31907007
31907001 31907008
31907001 31907009
31855470 31855473
31855470 31855474
31855470 31855475
31855426 31855430
31855426 31855431
31855426 31855432
31855426 31855433
31864113 31864115
31864113 31864116
31855594 31855602
31855594 31855603
2616220 3245422
2616220 3245423
2616220 3245424
2616220 3245425
31908490 31908499
31908490 31908500
31908490 31908501
31908490 31908502
31908490 31908503
31908490 31908504
31908490 31908505
31846376 31846378
31897178 31897179
31906069 31906072
31849298 31849305
31849298 31849306
34043402 34043404
31847131 31847133
31847131 31847134
31851939 31851940
31851939 31851941
31851939 31851942
31851939 31851943
31851939 31851944
31844718 31844719
31844718 31844720
31844718 31844721
10485636 10485649
10485636 10485650
10485636 10485651
31883066 31883068
31859720 31859723
31859720 31859724
31844616 31844620
31844616 31844621
31844616 31844622
31844616 31844623
31893092 31893095
31893092 31893096
2950605 3479587
2950605 3479588
2950605 3479589
2950605 3479590
31908299 31908301
31908299 31908302
31908299 31908303
31859299 31859302
31859299 31859303
31859069 31859075
31859069 31859076
31859069 31859077
15547815 15547821
15547815 15547822
31895934 31895935
31895934 31895936
31895934 31895937
31874605 31874608
31874605 31874609
31906836 31906839
31906836 31906840
31906836 31906841
31906836 31906842
31868268 31868272
31868268 31868273
31841229 31841232
31841229 31841233
31852023 31852024
31868386 31868387
31868386 31868388
31867413 31867423
31867413 31867424
46144597 46144599
46144597 46144600
46144597 46144601
31860113 31860116
31860113 31860117
31860113 31860118
31895748 31895751
31895748 31895752
31895748 31895753
31888228 31888230
31888228 31888231
31878680 31878681
31878680 31878682
31899340 31899342
31899340 31899343
46144553 46144555
46144553 46144556
31846305 31846308
31846305 31846309
31841001 31841002
31840979 31840981
31906699 31906701
22010553 22010560
22010553 22010561
22010553 22010562
31863950 31863954
31863950 31863955
31863950 31863956
3744762 4016460
3744762 4016461
3744762 4016462
31846394 31846397
31846394 31846398
31906440 31906442
31906440 31906443
31906440 31906444
46144602 46144604
46144602 46144605
31854153 31854157
31854153 31854158
31854153 31854159
31898603 31898605
31898603 31898606
31898603 31898607
31847191 31847195
31847191 31847196
31904442 31904444
31906000 31906006
31906000 31906007
31906000 31906008
46144620 46144621
46144620 46144622
46144620 46144623
31875573 31875574
31896043 31896046
31896043 31896047
31896043 31896048
31867400 31867404
31867400 31867405
46144606 46144607
964218 1804165
964218 1804166
964218 1804167
964218 1804168
31851900 31851902
31862460 31862461
31862308 31862311
21974795 21974813
21974795 21974814
21974795 21974815
31840482 31840486
31840482 31840487
31840482 31840488
31840482 31840489
33949752 33949753
31896022 31896024
31896022 31896025
31868302 31868306
31868302 31868307
31868302 31868308
31867426 31867427
31867426 31867428
31886624 31886630
31886624 31886631
31880375 31880378
31908583 31908585
31908583 31908586
31908583 31908587
31862348 31862351
31846386 31846388
31903742 31903744
31903742 31903745
31903742 31903746
3125208 3602182
3125208 3602183
3125208 3602184
3125208 3602185
31835686 31835688
28737354 28737366
28737354 28737367
46144595 46144596
31895969 31895974
31895969 31895975
31895969 31895976
31895969 31895977
31895969 31895978
31859564 31859568
31859564 31859569
31835835 31835837
31835835 31835838
31835835 31835839
31862085 31862091
31862085 31862092
31862085 31862093
35412236 35412239
35412236 35412240
3125200 3602117
3125200 3602118
3125200 3602119
31898608 31898610
31898608 31898611
31898608 31898612
31854112 31854114
31854112 31854115
31854112 31854116
31854112 31854117
29714145 29714146
29714145 29714147
29714145 29714148
31883003 31883005
31883003 31883006
31847088 31847099
31847088 31847100
31847088 31847101
31854974 31854975
31854974 31854976
31874170 31874173
31874170 31874174
31850864 31850866
31850864 31850867
31882919 31882923
31882919 31882924
31882919 31882925
33678633 33678634
31843207 31843210
31843207 31843211
31843207 31843212
31862151 31862160
31862151 31862161
31906240 31906248
31906240 31906249
31906240 31906250
31843743 31843744
31895713 31895718
31895713 31895719
31895713 31895720
31891199 31891201
31891199 31891202
31891199 31891203
31891199 31891204
31895754 31895763
31895754 31895764
31895754 31895765
31895754 31895766
37667287 37667296
37667287 37667297
37667287 37667298
37667287 37667299
31847289 31847290
31847289 31847291
37667329 37667335
37667329 37667336
2619391 3248196
2619391 3248197
31878667 31878669
31896075 31896084
31896075 31896085
31896075 31896086
31896075 31896087
31896075 31896088
31836186 31836191
31836186 31836192
31836186 31836193
5004725 5004769
5004725 5004770
5004725 5004771
5004725 5004772
31899099 31899103
31899099 31899104
31899099 31899105
33678045 33678047
33678045 33678048
31860170 31860173
31860170 31860174
31843975 31843977
31843975 31843978
31878662 31878664
29711956 29711958
29711956 29711959
29711956 29711960
31850543 31850546
31850543 31850547
31905062 31905066
31905062 31905067
31859470 31859474
31859470 31859475
31858893 31858897
31858893 31858898
31858893 31858899
31858893 31858900
31858893 31858901
31887951 31887955
31887951 31887956
31887951 31887957
31862053 31862058
31862052 31862057
31840739 31840741
31840739 31840742
31840739 31840743
31840739 31840744
31895772 31895775
31895772 31895776
31887545 31887547
31887545 31887548
31887545 31887549
31895575 31895578
31895575 31895579
31859781 31859783
31859781 31859784
31859781 31859785
31905365 31905368
31905365 31905369
31905365 31905370
31835104 31835109
31835104 31835110
31837242 31837243
31837242 31837244
31837242 31837245
31887937 31887939
37667300 37667308
37667300 37667309
37667300 37667310
37667300 37667311
31863974 31863979
31863974 31863980
31863974 31863981
31887619 31887622
31887619 31887623
31887619 31887624
31840739 31840745
31840739 31840746
31840739 31840747
31905009 31905012
31905009 31905013
31905009 31905014
31864409 31864416
31864409 31864417
31847146 31847149
31847146 31847150
31847146 31847151
31878667 31878670
31906363 31906365
31906363 31906366
31906363 31906367
31850913 31850915
31876395 31876398
31908454 31908456
31908454 31908457
31908454 31908458
31903765 31903767
31903765 31903768
31868413 31868415
31868413 31868416
33867717 33867719
33867717 33867720
31841079 31841082
31841079 31841083
31841079 31841084
31859965 31859967
31859965 31859968
31859965 31859969
31887198 31887201
31887198 31887202
31887198 31887203
31887198 31887204
31843274 31843277
31843274 31843278
31843274 31843279
31876290 31876291
31907952 31907953
31906571 31906575
31906571 31906576
31906571 31906577
31874649 31874650
31874649 31874651
31874649 31874652
31893382 31893385
31893382 31893386
2198276 2935139
2198276 2935140
31851208 31851212
31851208 31851213
31851217 31851218
31851217 31851219
31849006 31849009
31841010 31841013
31841010 31841014
31841010 31841015
15031553 15031560
15031553 15031561
15031553 15031562
31863889 31863892
31863889 31863893
31863889 31863894
31905959 31905963
31905959 31905964
31905959 31905965
31863910 31863914
31863910 31863915
31863910 31863916
38027788 38027789
31905247 31905264
31905247 31905265
31905247 31905266
31905247 31905267
31905247 31905268
3469030 3842194
3469030 3842195
3469030 3842196
31905246 31905250
31905246 31905251
31905246 31905252
31905246 31905253
31905246 31905254
31905246 31905255
31883070 31883072
31883070 31883073
31843413 31843414
31843413 31843415
31864452 31864453
31859991 31859993
31859991 31859994
31854842 31854845
31854842 31854846
31849368 31849370
31849368 31849371
31900780 31900781
672156 1415312
672156 1415313
672156 1415314
672156 1415315
672156 1415316
3123448 3600500
3123448 3600501
3123448 3600502
3123448 3600503
31852940 31852943
31852940 31852944
37667968 37667973
37667968 37667974
31889935 31889938
31889935 31889939
31850355 31850359
31850355 31850360
31880335 31880337
4237434 4342935
4237434 4342936
31844031 31844032
31844031 31844033
31844031 31844034
31859633 31859636
31859633 31859637
31859633 31859638
31862454 31862457
31862454 31862458
31862454 31862459
21827604 21827610
21827604 21827611
21827604 21827612
21827604 21827613
31850423 31850425
31850423 31850426
31899128 31899131
31899128 31899132
31864266 31864270
31864266 31864271
31874623 31874625
31874623 31874626
31899133 31899134
2217698 2950616
2217698 2950617
2217698 2950618
2527540 3187207
2527540 3187208
2527540 3187209
2527540 3187210
46144540 46144541
4971185 4971211
4971185 4971212
4971185 4971213
4971185 4971214
4971185 4971215
31862104 31862108
31862104 31862109
31893400 31893403
31893400 31893404
31850607 31850610
31850607 31850611
39135701 39135703
39135701 39135704
31877587 31877589
31877587 31877590
31877587 31877591
39136549 39136552
39136549 39136553
39136549 39136554
31898588 31898594
31898588 31898595
31843401 31843403
31843401 31843404
31843401 31843405
31898646 31898647
31868370 31868371
31868370 31868372
31868370 31868373
31868370 31868374
29713527 29713542
29713527 29713543
31862428 31862431
31862428 31862432
31895949 31895953
31895949 31895954
31844560 31844563
31844560 31844564
31850484 31850487
34097360 34097363
31862237 31862240
31862237 31862241
31862237 31862242
31850881 31850884
31842757 31842762
31842757 31842763
31854964 31854970
31854964 31854971
35411494 35411496
35411494 35411497
46143454 46143455
31904946 31904950
31904946 31904951
39137181 39137183
46144608 46144610
46144608 46144611
31840923 31840926
31840923 31840927
31840923 31840928
46144557 46144560
31850877 31850880
3636907 3951946
3636907 3951947
3636907 3951948
34097058 34097060
34097058 34097061
31855123 31855124
31855123 31855125
3010186 3523241
3010186 3523242
38038225 38038228
38038225 38038229
38038225 38038230
38038225 38038231
31864500 31864501
31864500 31864502
31882930 31882932
31882930 31882933
31861855 31861858
31861855 31861859
46144549 46144550
31890318 31890323
31890318 31890324
31880361 31880363
31877571 31877573
31877571 31877574
31877571 31877575
31887945 31887949
31887945 31887950
31850885 31850888
31850885 31850889
31850885 31850890
31850885 31850891
31878674 31878678
31878674 31878679
31869526 31869527
31835445 31835446
31906456 31906459
31906456 31906460
31906456 31906461
31906591 31906592
31905428 31905433
31905428 31905434
31905428 31905435
31905428 31905436
34036499 34036501
34036499 34036502
34036499 34036503
31910040 31910043
31859889 31859895
31859889 31859896
31905709 31905713
31905709 31905714
31905709 31905715
31881325 31881329
31881325 31881330
31909524 31909525
31909524 31909526
31862184 31862190
31862184 31862191
31850851 31850856
31850851 31850857
33676691 33676692
31903759 31903761
31847139 31847141
31847139 31847142
2993312 3509243
2993312 3509244
33949765 33949771
34097522 34097526
34097522 34097527
34097522 34097528
31850858 31850862
31850858 31850863
31846406 31846409
31846406 31846410
38049118 38049121
38049118 38049122
31888150 31888153
31888150 31888154
31888150 31888155
31895498 31895499
31895498 31895500
31847732 31847737
1401954 2276387
1401954 2276388
31861764 31861766
31861764 31861767
31855551 31855552
31846367 31846372
31851951 31851954
31851951 31851955
31851951 31851956
2990915 3506324
2990915 3506325
31909520 31909521
31909520 31909522
31904845 31904847
31904845 31904848
660690 1401898
660690 1401899
660679 1401837
660679 1401838
660679 1401839
2276375 2996646
2276375 2996647
38024746 38024749
38024746 38024750
31909502 31909504
31909502 31909505
46144551 46144552
31855075 31855084
31855075 31855085
46144577 46144579
46144577 46144580
31898967 31898978
31898967 31898979
31898967 31898980
31843729 31843732
31843729 31843733
31850905 31850909
31850905 31850910
31850905 31850911
13500010 13500013
13500010 13500014
13500010 13500015
13500010 13500016
13500010 13500017
1632277 2478228
1632277 2478229
31895648 31895652
31895648 31895653
31895648 31895654
31895648 31895655
31895648 31895656
31895648 31895657
31895648 31895658
31867477 31867480
31867477 31867481
39136099 39136103
39136099 39136104
39136099 39136105
22147101 22147117
22147101 22147118
22147101 22147119
22147101 22147120
22147101 22147121
21991767 21991771
21991767 21991772
21991767 21991773
31859749 31859753
31859749 31859754
31890255 31890258
31890255 31890259
31874024 31874025
31874024 31874026
31898882 31898885
31898882 31898886
31906943 31906949
31906943 31906950
31906943 31906951
31906943 31906952
31905284 31905290
31905284 31905291
31905284 31905292
2616231 3245476
2616231 3245477
964220 1804193
964220 1804194
964220 1804195
964220 1804196
31908224 31908229
31908224 31908230
31899693 31899696
31899693 31899697
796350 1587722
796350 1587723
796350 1587724
796350 1587725
796350 1587726
31848933 31848936
31848933 31848937
31848933 31848938
31906188 31906193
31906188 31906194
31906188 31906195
31835261 31835265
31835261 31835266
31835261 31835267
31835261 31835268
31835261 31835269
31852971 31852973
31852971 31852974
31852971 31852975
31862509 31862510
31862509 31862511
31859749 31859755
31846361 31846364
31846361 31846365
31850842 31850844
31850842 31850845
31850842 31850846
31891190 31891193
31891190 31891194
31891190 31891195
1579444 2437940
1579444 2437941
38042949 38042950
22147100 22147110
22147100 22147111
22147100 22147112
31896123 31896126
31896123 31896127
31896123 31896128
31891180 31891183
31891180 31891184
31891180 31891185
31899137 31899139
31899137 31899140
31899137 31899141
37667978 37667982
37667978 37667983
29028526 29028555
29028526 29028556
29028526 29028557
29028526 29028558
31859581 31859583
31859581 31859584
31896180 31896181
31896180 31896182
46144545 46144547
46144545 46144548
31889651 31889653
31889651 31889654
31889651 31889655
31908266 31908269
31908266 31908270
31908266 31908271
31835445 31835447
31835445 31835448
46144569 46144571
33993823 33993824
46144569 46144572
31908231 31908236
31908231 31908237
22010748 22010756
22010748 22010757
22010748 22010758
22010748 22010759
22010748 22010760
30642140 30642144
30642140 30642145
31855547 31855549
31855547 31855550
31909923 31909926
31909923 31909927
31891640 31891643
31891640 31891644
31891640 31891645
31844633 31844638
31844633 31844639
31844633 31844640
31844633 31844641
31844633 31844642
31844633 31844643
31906318 31906322
31906318 31906323
31855487 31855492
31855487 31855493
31855487 31855494
31855487 31855495
31855487 31855496
31855487 31855497
31859680 31859682
31859680 31859683
31854639 31854651
31854639 31854652
31854639 31854653
31854639 31854654
31854639 31854655
31854639 31854656
31899122 31899125
31899122 31899126
31899122 31899127
37667978 37667984
37667978 37667985
31846421 31846423
46144561 46144562
31846421 31846424
31900180 31900185
31900180 31900186
31900180 31900187
31900180 31900188
31871074 31871078
31871074 31871079
31871074 31871080
31862433 31862437
31862433 31862438
3692824 3986247
3692824 3986248
3692823 3986237
3692823 3986238
3692823 3986239
31868251 31868253
31868251 31868254
31907959 31907963
31907959 31907964
31905145 31905151
31905145 31905152
31905145 31905153
31905145 31905154
31896241 31896249
31896241 31896250
2731611 3322340
2731611 3322341
2731611 3322342
2731611 3322343
31847054 31847058
31847054 31847059
31847054 31847060
31859654 31859660
31859654 31859661
31874024 31874027
39137181 39137184
39137181 39137185
22008454 22008466
22008454 22008467
22008454 22008468
31880388 31880389
31880388 31880390
31880388 31880391
31859881 31859884
31859881 31859885
31859881 31859886
31855651 31855654
31855651 31855655
31860068 31860072
31860068 31860073
31890325 31890326
31890325 31890327
31890325 31890328
31906936 31906940
31906936 31906941
31906936 31906942
34097639 34097641
34097639 34097642
31850560 31850566
31850560 31850567
31862535 31862536
31862535 31862537
31852947 31852950
31852947 31852951
31862218 31862221
31862218 31862222
31862549 31862551
31862549 31862552
31846361 31846366
31852138 31852142
31852138 31852143
31860119 31860125
31860119 31860126
31879905 31879907
31879905 31879908
31844852 31844854
31844852 31844855
31844852 31844856
31844525 31844526
31874232 31874234
31874232 31874235
22221702 22221711
22221702 22221712
31855394 31855401
31855394 31855402
31855394 31855403
31848182 31848185
31848182 31848186
31848182 31848187
31878683 31878684
31895732 31895738
31895732 31895739
31895732 31895740
31893341 31893343
31893341 31893344
31893341 31893345
31854917 31854920
31854917 31854921
31854917 31854922
31854917 31854923
31850892 31850894
31850892 31850895
31850892 31850896
31850892 31850897
31876395 31876399
31876395 31876400
31868859 31868864
31868859 31868865
31868938 31868942
31868938 31868943
2619393 3248227
2619393 3248228
2619393 3248229
660692 1401907
660692 1401908
31867491 31867493
31867491 31867494
31855113 31855115
31855113 31855116
31855113 31855117
31862355 31862357
31862355 31862358
31864446 31864449
31841208 31841210
31841208 31841211
31841208 31841212
31874212 31874216
31874212 31874217
31868890 31868894
31868890 31868895
31847104 31847111
31847104 31847112
2994351 3510154
31850847 31850849
31850847 31850850
31864542 31864545
31864542 31864546
31895580 31895591
34073876 34073878
34073876 34073879
34073876 34073880
31862146 31862149
31862146 31862150
46144586 46144588
46144586 46144589
46144582 46144584
46144582 46144585
31881267 31881270
31881267 31881271
31862482 31862493
31862482 31862494
31862482 31862495
31864605 31864611
31864605 31864612
31895980 31895984
31895980 31895985
31895980 31895986
31895980 31895987
31895980 31895988
31862060 31862063
31862060 31862064
31862060 31862065
31891221 31891224
31891221 31891225
31891238 31891241
31891238 31891242
31891238 31891243
31891208 31891209
31891208 31891210
31891208 31891211
33994354 33994356
33994354 33994357
33994354 33994358
2198157 2934735
2198157 2934736
2198157 2934737
2198157 2934738
31907606 31907609
31907606 31907610
2445014 3126836
2445014 3126837
2445014 3126838
31896213 31896216
31896213 31896217
2616219 3245414
2616219 3245415
2616219 3245416
2616219 3245417
31889870 31889876
31889870 31889877
31889870 31889878
31889870 31889879
31904990 31904991
38023729 38023731
31898614 31898617
31898614 31898618
31898614 31898619
31854399 31854405
31854399 31854406
31854399 31854407
31859864 31859866
31859864 31859867
1590493 2447670
1590493 2447671
1590493 2447672
31904920 31904924
31904920 31904925
31904920 31904926
31904920 31904927
31843115 31843118
31843115 31843119
31843115 31843120
31854079 31854087
31854079 31854088
31854079 31854089
31854079 31854090
31854079 31854091
31840814 31840817
31840814 31840818
31840814 31840819
31842819 31842822
31842819 31842823
31842819 31842824
31835364 31835366
31835364 31835367
31835364 31835368
31835364 31835369
34097360 34097364
5004684 5004695
5004684 5004696
5004684 5004697
31849434 31849437
31849434 31849438
31908156 31908159
31908156 31908160
31908156 31908161
31908156 31908162
31903759 31903762
31903759 31903763
31905043 31905050
31905043 31905051
31909821 31909825
31909821 31909826
31909821 31909827
31841125 31841128
31841125 31841129
31841125 31841130
31843269 31843272
31843269 31843273
31855748 31855750
31855748 31855751
31855748 31855752
31908380 31908382
31908380 31908383
31908380 31908384
31908380 31908385
31861925 31861928
31861925 31861929
31859544 31859546
31859544 31859547
10491732 10491786
10491732 10491787
31861668 31861672
31861668 31861673
31844448 31844450
31844448 31844451
31844448 31844452
31899380 31899382
31899380 31899383
31891212 31891214
31891212 31891215
31891212 31891216
31891212 31891217
31859266 31859271
31859266 31859272
31859705 31859708
31859705 31859709
31859705 31859710
31842554 31842556
31860183 31860184
31835877 31835879
31835877 31835880
31860185 31860188
31860185 31860189
13481911 13481919
13481911 13481920
13481911 13481921
31865404 31865414
31865404 31865415
31850351 31850353
31850351 31850354
31905979 31905980
31848775 31848781
31848775 31848782
31848775 31848783
31848775 31848784
31891238 31891244
31891238 31891245
31859628 31859630
31859628 31859631
31883082 31883085
31883082 31883086
31861575 31861579
31861575 31861580
31891233 31891235
31891233 31891236
31891233 31891237
31844650 31844654
31844650 31844655
31844650 31844656
31844650 31844657
31844650 31844658
31898661 31898665
31898661 31898666
31898661 31898667
31874606 31874611
31874606 31874612
31874606 31874613
31844824 31844829
31844824 31844830
31907587 31907589
28760827 28760834
28760827 28760835
28760827 28760836
28760827 28760837
28760827 28760838
31905309 31905314
31905309 31905315
31905309 31905316
31905309 31905317
46144542 46144543
46144542 46144544
31898677 31898680
31898677 31898681
31898677 31898682
1632275 2478210
1632275 2478211
1632276 2478221
1632276 2478222
31890313 31890316
31890313 31890317
31880356 31880359
31880356 31880360
31898748 31898754
31898744 31898747
31898634 31898636
31898634 31898637
31898634 31898638
31898634 31898639
31887133 31887136
31880364 31880366
31880364 31880367
34036298 34036299
34036298 34036300
31904836 31904838
31904836 31904839
31904840 31904842
31904840 31904843
31854781 31854785
31854781 31854786
31854781 31854787
31843138 31843141
31843138 31843142
31895687 31895692
31895687 31895693
15569074 15569095
15569074 15569096
15569074 15569097
15569074 15569098
15569074 15569099
15569074 15569100
31862078 31862082
31862078 31862083
6482446 6482640
6482446 6482641
6482446 6482642
31887984 31887985
31895580 31895592
31895580 31895593
2585862 3222566
2585862 3222567
2585862 3222568
2585862 3222569
2585862 3222570
2585862 3222571
2585862 3222572
2585862 3222573
2585862 3222574
2585862 3222575
31850898 31850899
31850898 31850900
31874257 31874262
31874257 31874263
31887339 31887342
31887339 31887343
31887339 31887344
31860049 31860052
31860049 31860053
31860049 31860054
31860049 31860055
31860049 31860056
31849259 31849262
31849259 31849263
31849259 31849264
31899023 31899024
31853482 31853485
31853482 31853486
31853482 31853487
31836450 31836453
31836450 31836454
31905121 31905125
31905121 31905126
31905121 31905127
31905121 31905128
31896137 31896140
31896137 31896141
31893667 31893668
31847075 31847080
31847075 31847081
1579443 2437921
1579443 2437922
1579443 2437923
31895535 31895542
31895535 31895543
31895535 31895544
31895535 31895545
33993867 33993870
33993867 33993871
31883101 31883104
31883101 31883105
31883101 31883106
31861975 31861977
31861975 31861978
31864113 31864117
31855322 31855331
31855322 31855332
31855322 31855333
31855322 31855334
31855322 31855335
31855322 31855336
31895439 31895443
31895439 31895444
39135806 39135809
31874242 31874244
31874242 31874245
29712686 29712692
29712686 29712693
31860134 31860136
31860134 31860137
31860134 31860138
31859434 31859438
31859434 31859439
31870119 31870123
31867505 31867508
31867505 31867509
15103400 15103437
15103400 15103438
15103400 15103439
31844747 31844750
31844747 31844751
31844747 31844752
31874264 31874266
31874264 31874267
31862326 31862333
31862326 31862334
6622975 6623009
6622975 6623010
6622975 6623011
6622975 6623012
6622975 6623013
6622974 6623002
6622974 6623003
6622974 6623004
6622974 6623005
31844188 31844189
31904834 31904835
31854977 31854979
31854977 31854980
31897723 31897726
31897723 31897727
31903322 31903325
31903322 31903326
31848326 31848327
31848326 31848328
33994305 33994308
33994305 33994309
33994305 33994310
33994305 33994311
31838544 31838545
31838544 31838546
38035274 38035277
38035274 38035278
38035274 38035279
31905101 31905110
31905101 31905111
31905101 31905112
31905101 31905113
34097143 34097148
34097143 34097149
39136323 39136326
39136323 39136327
2616141 3245316
2616141 3245317
2616141 3245318
2616141 3245319
13481913 13481924
31854876 31854880
31854876 31854881
31854876 31854882
31854876 31854883
31880349 31880353
31880349 31880354
31906381 31906383
31895477 31895480
31895477 31895481
22025607 22025613
22025607 22025614
22025607 22025615
22025607 22025616
31863211 31863213
31863211 31863214
31905204 31905211
31905204 31905212
31905204 31905213
31905204 31905214
31905204 31905215
31860049 31860057
31860049 31860058
31860049 31860059
31889639 31889642
31889639 31889643
31889639 31889644
31889639 31889645
31840453 31840455
31840453 31840456
31904970 31904971
31904970 31904972
31904970 31904973
31872045 31872047
31872045 31872048
31859825 31859828
31859825 31859829
31864252 31864254
31864252 31864255
31842640 31842647
31842640 31842648
31906543 31906546
31906543 31906547
31906543 31906548
31908432 31908435
31887210 31887217
31887210 31887218
31887210 31887219
31887210 31887220
31887210 31887221
31846310 31846317
31846310 31846318
31895409 31895419
31895409 31895420
39137625 39137628
39137625 39137629
46144612 46144614
38048528 38048531
38048528 38048532
38048528 38048533
33936888 33936895
33936888 33936896
33936888 33936897
31883038 31883041
31883038 31883042
2993072 3508141
2993072 3508142
31895993 31895999
31895993 31896000
31854236 31854242
31854236 31854243
31887381 31887389
31887381 31887390
31887381 31887391
31887381 31887392
236821 722437
236821 722438
31895450 31895456
31895450 31895457
31862100 31862102
31862100 31862103
31864127 31864129
31864127 31864130
31852215 31852219
31852215 31852220
31847544 31847556
31847544 31847557
31859346 31859349
31859346 31859350
34057453 34057454
31847027 31847038
31847027 31847039
31844805 31844809
31844805 31844810
31844805 31844811
31844805 31844812
33782768 33782770
33782768 33782771
31864127 31864131
1396379 2271123
1396379 2271124
1396379 2271125
1396379 2271126
31865479 31865489
31865479 31865490
31882952 31882955
31882952 31882956
38048536 38048538
31883014 31883015
31883014 31883016
31847082 31847085
31847082 31847086
2198158 2934744
31903600 31903601
31844259 31844261
31844259 31844262
31844673 31844675
31844673 31844676
31896145 31896147
31896145 31896148
31896145 31896149
31896145 31896150
31842576 31842578
31883007 31883012
31883007 31883013
31861981 31861992
31861981 31861993
2198158 2934745
2198158 2934746
22007466 22007474
22007466 22007475
22007466 22007476
22007466 22007477
22007466 22007478
31846279 31846284
31846279 31846285
31895847 31895848
31895847 31895849
3125216 3602240
3125216 3602241
3125216 3602242
3125216 3602243
31864450 31864451
31847205 31847207
31847205 31847208
31847205 31847209
34097534 34097535
31883028 31883032
31883028 31883033
31847064 31847074
31896218 31896222
31896218 31896223
31896218 31896224
31883043 31883045
31883043 31883046
31883043 31883047
31859912 31859914
31859912 31859915
31843196 31843198
31843196 31843199
660699 1401965
660699 1401966
15569031 15569066
15569031 15569067
15569031 15569068
15569031 15569069
15569031 15569070
15569031 15569071
15569031 15569072
31905217 31905221
31905217 31905222
31905217 31905223
31905217 31905224
31862308 31862312
31835612 31835615
31835612 31835616
31835612 31835617
31862335 31862336
31862335 31862337
31878241 31878242
31859487 31859489
31859487 31859490
31844871 31844875
31844871 31844876
31888200 31888202
31888200 31888203
2369129 3063412
31878243 31878244
31844861 31844864
31844861 31844865
31844861 31844866
31844861 31844867
31844861 31844868
31844861 31844869
34035981 34035982
34035981 34035983
31858963 31858980
31858963 31858981
31858963 31858982
31858963 31858983
31855691 31855708
31855691 31855709
31874653 31874655
31874653 31874656
31874657 31874658
31874657 31874659
31896015 31896017
31896015 31896018
31889236 31889237
31878685 31878686
31859736 31859738
31859736 31859739
31859736 31859740
31859286 31859294
31859286 31859295
31853539 31853543
31853539 31853544
31853539 31853545
31844683 31844686
31844683 31844687
31908465 31908467
31908465 31908468
31858926 31858940
31858926 31858941
31858971 31858988
31858971 31858989
31855370 31855371
31855370 31855372
33943311 33943312
31859616 31859618
31859616 31859619
31844840 31844844
31844840 31844845
31844840 31844846
31844840 31844847
31844840 31844848
31844840 31844849
31898391 31898392
660680 1401850
15599493 15599504
15599493 15599505
15599493 15599506
31864211 31864212
37667988 37667991
37667988 37667992
31906865 31906867
31906865 31906868
31841122 31841124
31844453 31844460
31844453 31844461
660680 1401851
31840453 31840457
31908507 31908511
31908507 31908512
31908507 31908513
31908507 31908514
31908507 31908515
31908507 31908516
31908507 31908517
31908507 31908518
31880392 31880393
31880392 31880394
31844425 31844428
31844425 31844429
31859244 31859246
31859244 31859247
31852241 31852243
31852241 31852244
31852241 31852245
31840653 31840656
31840653 31840657
31846399 31846402
31846399 31846403
31898705 31898707
31898705 31898708
2439318 3121350
2439318 3121351
31861716 31861718
31861716 31861719
46142811 46142812
46142811 46142813
31862671 31862673
31862671 31862674
1580419 2439327
1580419 2439328
15547815 15547823
15547815 15547824
31860108 31860110
31860108 31860111
31896054 31896055
31896054 31896056
31908446 31908447
31908446 31908448
31854229 31854232
31854229 31854233
31854229 31854234
31864170 31864174
31864170 31864175
31905230 31905236
31905230 31905237
31905230 31905238
31905230 31905239
31861763 31861765
31858076 31858079
31858076 31858080
31849634 31849635
31849623 31849624
31849625 31849626
31867495 31867497
31867495 31867498
31859347 31859353
31859347 31859354
31859082 31859084
31859082 31859085
3171590 3637457
3171590 3637458
3171590 3637459
31858943 31858965
31906725 31906726
31858943 31858966
31858943 31858967
31858943 31858968
31858943 31858969
31858943 31858970
31859670 31859671
31889110 31889112
46143672 46143673
46143672 46143674
31858937 31858960
31858937 31858961
31858924 31858932
31858924 31858933
31887689 31887692
31887689 31887693
31887689 31887694
31887689 31887695
31887689 31887696
34057325 34057327
34057325 34057328
31888093 31888102
31858927 31858946
31858927 31858947
31858927 31858948
31860009 31860011
33804861 33804862
1590491 2447656
1590491 2447657
1590491 2447658
34043349 34043350
31896316 31896317
31846322 31846330
31846322 31846331
46144615 46144617
31861906 31861912
31861906 31861913
31861906 31861914
31861906 31861915
31861906 31861916
1590497 2447698
1590497 2447699
1632278 2478233
1632278 2478234
1632278 2478235
1632278 2478236
37667891 37667895
37667891 37667896
31867290 31867305
31867290 31867306
31888159 31888160
31867393 31867398
31867393 31867399
31905680 31905684
31905680 31905685
31905680 31905686
31860196 31860197
31908436 31908440
15569017 15569043
15569017 15569044
15569017 15569045
15569017 15569046
15569017 15569047
15569017 15569048
15569017 15569049
31846379 31846381
46144565 46144567
46144565 46144568
31843892 31843894
31843892 31843895
31843892 31843896
31850916 31850917
31850916 31850918
31908254 31908258
31844814 31844816
31844814 31844817
10576108 10576125
10576108 10576126
46142673 46142674
31862506 31862507
31862506 31862508
31899110 31899113
31846260 31846263
31905594 31905600
31905594 31905601
31905594 31905602
31905594 31905603
31905594 31905604
29589311 29589313
29589311 29589314
29589311 29589315
29589311 29589316
29589311 29589317
31896336 31896339
31896336 31896340
2197806 2934193
2197806 2934194
31846383 31846385
31874230 31874231
31896129 31896135
31896129 31896136
22017654 22017661
22017654 22017662
22017654 22017663
31908470 31908473
31893387 31893389
31893387 31893390
31855796 31855803
31855796 31855804
31855796 31855805
31872049 31872052
31908480 31908481
31908480 31908482
31862517 31862525
31862512 31862515
31854944 31854951
31854944 31854952
31854944 31854953
46144590 46144591
39137005 39137008
39137005 39137009
31898656 31898659
31898656 31898660
31903329 31903330
31903329 31903331
6622978 6623032
6622978 6623033
31906179 31906183
31906179 31906184
31906179 31906185
31906179 31906186
31874187 31874189
39138024 39138027
22011723 22011748
22011723 22011749
22011723 22011750
22011723 22011751
39135614 39135617
31840758 31840761
31840758 31840762
31840758 31840763
1579445 2437949
1579445 2437950
46144563 46144564
34036476 34036477
33804861 33804863
31887222 31887228
31887222 31887229
31887222 31887230
31887222 31887231
22221702 22221713
31849631 31849632
31849631 31849633
15146791 15146798
15146791 15146799
15146791 15146800
31874190 31874194
31874190 31874195
2198159 2934751
2198159 2934752
31849636 31849637
46144573 46144574
46144573 46144575
31908188 31908196
31908188 31908197
31908188 31908198
31859280 31859283
31859280 31859284
31859280 31859285
31903613 31903614
31855612 31855613
31855612 31855614
31898071 31898073
31898071 31898074
31836134 31836138
31836134 31836139
31836134 31836140
31836134 31836141
33943386 33943387
31903600 31903602
31896235 31896238
31896235 31896239
31896168 31896169
31896168 31896170
31867483 31867484
31867483 31867485
31867483 31867486
31867483 31867487
31867483 31867488
31867483 31867489
31867483 31867490
31849627 31849628
31849627 31849629
31849627 31849630
31849618 31849619
31835131 31835138
31835131 31835139
3692817 3986211
3692817 3986212
3692817 3986213
3692817 3986214
3692817 3986215
31906755 31906760
31906755 31906761
31906755 31906762
31906755 31906763
31906755 31906764
31906804 31906805
31862611 31862612
31862611 31862613
31862212 31862214
31862212 31862215
31840496 31840498
31842558 31842563
31842558 31842564
31849006 31849010
31849006 31849011
31849006 31849012
31859418 31859422
31859418 31859423
34096987 34096992
34096987 34096993
34096987 34096994
31906747 31906749
31906747 31906750
31906747 31906751
31844753 31844755
31844753 31844756
31844753 31844757
31844597 31844602
31844597 31844603
31844597 31844604
31844597 31844605
31844597 31844606
31844597 31844607
31908578 31908579
31908578 31908580
31861972 31861973
31861972 31861974
31883107 31883109
31883107 31883110
31883107 31883111
31905446 31905451
31905446 31905452
31905446 31905453
31905446 31905454
31859786 31859790
31859786 31859791
31905328 31905332
31905328 31905333
31905328 31905334
31905328 31905335
31849638 31849639
31849638 31849640
31887958 31887961
31887958 31887962
31861720 31861728
31861720 31861729
31896298 31896299
31896298 31896300
31888093 31888103
31888093 31888104
31888093 31888105
31888093 31888106
31888093 31888107
37667962 37667966
37667962 37667967
31844357 31844359
31844357 31844360
31862162 31862164
31862162 31862165
31861626 31861628
31861626 31861629
22144123 22144133
22144123 22144134
22144123 22144135
31905089 31905094
31905089 31905095
31905089 31905096
31905089 31905097
31888605 31888606
31883381 31883383
31862443 31862449
31862443 31862450
31862443 31862451
31862443 31862452
31862443 31862453
31847049 31847050
31847049 31847051
39138021 39138023
31887222 31887232
31895427 31895430
31895427 31895431
31849620 31849621
31849620 31849622
31904450 31904452
31904450 31904453
31862178 31862181
31862178 31862182
31904879 31904885
31904879 31904886
31904879 31904887
31905371 31905378
31905371 31905379
31905371 31905380
2198233 2934997
2198233 2934998
3600489 3926566
3600489 3926567
31861739 31861743
31861739 31861744
31861891 31861893
31861891 31861894
31861932 31861934
31861932 31861935
3926563 4133699
3926563 4133700
31861796 31861801
31861796 31861802
4133696 4272998
4133696 4272999
38048525 38048527
31883021 31883023
31883021 31883024
31883021 31883025
31882948 31882950
31882948 31882951
31858952 31858975
31858952 31858976
31886660 31886661
31886660 31886662
31886654 31886658
31886654 31886659
