31034117 31034118
31045151 31045152
31042049 8869924
31039159 15187358
31033529 15187358
31044669 31023712
31052598 31023712
31041943 31041944
31054401 31041944
31054961 31041944
31059053 31041944
31053553 31041944
31057040 31041944
31051908 31041944
31051097 31041944
31030817 15405305
31030817 31015477
31052846 14567553
31042061 14567553
31045883 31045884
31047870 31047872
31019385 13124286
31033529 13124286
31039860 13124286
31033355 31033305
31037243 31033305
31033601 31033305
31056622 31033305
31055998 31033305
31033303 31033305
31036196 31033305
31052977 31033305
31039304 31033305
31057726 31033305
31041619 31033305
31037413 31033305
31060780 31033305
31054692 31033305
31062203 31059452
31059450 31059452
31024006 15477687
31033472 15218350
31045143 15218350
31065124 15218350
31063465 15218350
31035941 15218350
31038342 15218350
31060882 15218350
31039169 15218350
31042645 15218350
31042281 15218350
31037844 15218350
31059577 15218350
31062236 15218350
31050433 31041503
31052927 31041503
31038982 9646278
31033308 7121812
31028858 7121812
31025504 28318213
31028394 28318213
31039130 31039131
31026962 11415417
31018884 31018885
31039159 31027249
31033529 31027249
31027248 31027249
31050086 14566263
31055686 14566263
31052254 14566263
31049275 14566263
31027411 18720
31037473 9179035
31039159 9179035
31036202 9578556
31037473 12964260
31039159 12964260
31038455 31018532
31038469 31018532
31037473 12964276
31039159 12964276
31048192 9568274
31039159 8154266
31033529 8154266
31015217 31015219
31020154 7899223
31043330 6853351
31036029 31036030
31047306 7182030
31054067 7576867
31057722 7576867
31036535 353912
31019485 13110246
31054374 12121787
31043577 12121787
31044070 15222798
31054067 31039361
31057722 31039361
31023887 10322221
31023889 10322221
31027294 28318473
31027300 28318473
31024471 10308532
31015726 10308532
31026734 10308532
31056590 10308532
31053241 10308532
31015534 10308532
31023634 10308532
31043827 10308532
31018667 10308532
31025725 10308532
31018457 10308532
31049378 346150
31039417 31039418
31049277 10298559
31016415 31016416
31063200 15513146
31053927 15513146
31060714 15513146
31054416 15513146
31059223 15513146
31048173 15513146
31057696 15513146
31065313 15513146
31056337 15513146
31037900 31037901
31043507 31043508
31057486 31054447
31054446 31054447
31063184 31054447
31060911 31055057
31055617 31055057
31055056 31055057
31033102 31033104
31051511 31051512
31060911 31051512
31055617 31051512
31055056 31051512
31050154 31050155
31053753 31050155
31054170 31025672
31063934 31025672
31043954 31025672
31058334 31025672
31048194 31025672
31051016 31025672
31054953 31025672
31036571 31025672
31064985 31025672
31063926 31025672
31062959 31025672
31044055 31025672
31053736 31025672
31051835 31025672
31033784 31025672
31028952 31025672
31038836 31025672
31054190 2998450
31058533 2998450
31050889 2998450
31059999 2998450
31061695 2998450
31037473 2536166
31039159 2536166
31025017 31025018
31040741 31025018
31063094 12217890
31053289 8127909
31065490 31065491
31061863 31059803
31059802 31059803
31064936 31059803
31033096 31033097
31048627 31033097
31051036 31033097
31049151 15331963
31050125 15331963
31047651 15331963
31052831 15331963
31063181 15331963
31048142 5383635
31040622 12768652
31062579 7263798
31059266 7263798
31043678 28305841
31052425 31049572
31049571 31049572
31058109 31049572
31027030 31018421
31041487 15429391
31048874 15429391
31051057 15429391
31063347 15429391
31057514 15429391
31059191 15429391
31052451 15429391
31044467 14375014
31037473 15508981
31039159 15508981
31036539 870513
31015176 31014841
31027294 31015218
31027300 31015218
31015176 28319446
31040730 28319446
31049488 31049491
4978191 4978204
31037473 31037474
31039159 31037474
31056508 28319619
31059205 28319619
31023581 28319624
31043725 28319680
31058446 28319696
31031331 28319696
31045285 28319766
31024662 28319788
31026561 28319788
31053708 28319891
31055581 28319891
31016747 28319923
31040579 28319932
31037860 28319959
31036456 28319959
31044520 28320056
31056508 2998466
31059205 2998466
31016747 28320261
31028616 28320339
31024424 28320339
31024252 28320339
31018917 28320428
31042091 28320464
31038308 28320464
31039139 28320464
31051940 28320464
31046083 28320464
31058736 28320464
31039748 28320464
31037473 28320464
31044522 28320464
31036019 28320464
31038769 28320464
31062654 28320464
31039159 28320464
31036221 28320464
31044346 28320464
31058594 28320464
31055204 28320464
31027036 28320464
31037199 28320464
31043682 28320464
31061107 28320464
31058631 28320464
31048009 28320464
31049729 28320464
31058586 28320464
31057287 28320464
31047509 28320464
31028014 28320464
31049216 28320464
31060372 28320464
31016934 28320606
31015472 28320606
31014771 28320606
31027030 28320606
31025768 28320606
31019670 28320606
31042136 28320614
31035357 28320614
31028601 28320614
31063801 28320655
31045732 28320655
31044835 28320655
31052951 28320655
31025504 28320668
31057614 28320742
31046497 28320792
31061175 28320806
31063349 28320806
31064608 28320806
31016537 28320832
31037485 28320852
31028901 28320858
31039159 28320858
31027767 28320858
31054746 28320867
31060902 28320867
31065090 28320894
31053456 28320894
31050161 28320894
31048828 28320894
31057463 28320894
31059685 28320894
31054067 28320894
31052017 28320894
31060671 28320894
31057722 28320894
31063018 28320894
31056614 28320894
31061160 28320894
31058423 28320894
31054249 28320894
31061546 28320894
31027294 28320905
31027300 28320905
31033331 28320926
31025076 28320955
31049477 28321044
31049737 28321044
31058456 28321081
31049427 28321081
31050458 28321081
31028344 28321146
31046497 28321240
31048717 28321240
31061319 28321249
31061506 28321249
31040630 28321249
31038530 28321249
31054105 28321249
31052041 28321249
31056247 28321321
31055195 28321321
31059720 28321321
31062638 28321321
31025730 28321349
31063830 28321412
31063275 28321412
31065232 28321412
31052730 28321433
31056678 28321433
31027294 28321433
31045654 28321433
31027300 28321433
31055693 28321433
31049248 28321433
31016062 28321444
31044448 28321461
31048057 28321569
31050427 28321569
31048063 28321569
31052072 28321626
31043846 28321637
31044070 28321656
31045638 28321663
31041183 28321663
31044016 28321663
31044023 2998448
31049562 28321695
31044370 28321774
31035291 28321799
31027957 28321815
31062445 28321817
31065245 28321817
31046674 28321830
31020987 28321877
31026561 28322051
31041474 28322109
31025020 28322117
31045262 28322118
31053951 28322118
31020425 28322155
31059670 28322176
31062986 28322176
31025657 28322176
31036019 28322176
31039159 28322176
31044317 28322176
31057411 28322176
31035904 28322176
31027036 28322176
31037199 28322176
31033455 28322176
31033529 28322176
31053810 28322176
31047548 28322182
31047626 28322220
31050007 28322469
31014699 28322477
31046373 28322506
31039369 28322730
31052076 28322730
31047216 28322730
31045209 28322751
31037473 28322772
31039159 28322772
31030806 28322772
31018449 28322979
31020700 28323007
31020702 28323007
31047403 28323352
31065325 28323563
31021095 28323563
31064143 28323563
31061980 28323563
31027021 28323563
31028265 28323563
31024916 28323563
31057890 28323569
31050220 28323569
31053628 28323569
31054846 28323714
31057998 28323714
31039746 28323714
31059313 28323714
31063522 28323714
31054225 28323715
31048733 28323715
31059938 28323715
31050129 28323715
31060067 28323831
31063106 28323831
31028901 28323903
31039159 28323903
31027767 28323903
31024422 28324056
31043924 28324336
31044736 28324401
31026251 28324476
31026537 28324476
31019551 28324993
31016419 28324993
31049753 28325041
31043795 28325041
31036363 28325172
31027907 28325217
31053972 28325334
31059550 28325342
31065026 28325342
31049141 28325349
31053891 28325398
31056487 28325398
31051706 28325398
31050817 28325746
31054067 28325746
31057722 28325746
31046083 28326257
31026442 28326294
31060547 28326304
31065237 28326304
31062277 28326304
31035854 28326327
31036051 28326327
31039854 28326355
31033672 28326355
31033345 28326355
31040855 28326368
31028976 28326430
31058706 28326728
31043924 28326728
31058460 28326728
31061433 28326728
31058085 28326728
31044488 28326753
31060172 28326828
31056555 28326828
31019163 28326872
31049753 28326982
31043795 28326982
31063287 28327014
31060192 28327014
31056317 28327014
31050037 28327282
31026380 28327292
31040638 28327330
31025709 28327330
31026442 28327330
31024843 28327330
31025717 28327330
31025260 28327330
31041908 28327567
31035876 28327934
31039159 28328086
31041783 28328520
31033121 28328542
31044551 28328646
31037030 28328764
31033814 28328774
31028901 28328815
31039159 28328815
31027767 28328815
31044467 28328867
31049678 12234919
31052224 12234919
31049690 12234919
31050726 28329415
31056601 28329415
31049005 28329415
31050007 28329466
31037960 28329514
31043451 28329514
31056388 28329514
31041142 28329514
31044417 28329514
31046115 28329514
31038275 28329666
31039159 28329837
31033529 28329837
31028970 28329837
31056603 28329916
31039159 28330053
31033529 28330053
31036559 28330081
31053652 28330298
31061002 28330298
31056450 28330298
31039384 28330358
31063960 28330484
31061424 28330484
31063991 28330484
31064240 28330484
31060758 28330484
31034152 28330778
31027461 28331230
31056491 28331859
31060394 28331859
31061790 28331859
31018548 28331986
31053470 28332022
31062270 28332046
31059883 28332046
31065087 28332046
31058141 28332046
31048106 28332292
31051483 28332442
31027937 28332492
31042073 28332492
31041134 28332538
31037858 28332538
31060782 28332675
31057297 28332675
31064390 28332675
31061458 28332675
31040626 28332852
31053652 28333224
31061002 28333224
31056450 28333224
31049003 28333259
31041908 28333279
31050726 28333432
31056601 28333432
31049005 28333432
31026380 28333607
31040689 28333897
31037886 28333897
31037960 28333916
31043451 28333916
31056388 28333916
31041142 28333916
31044417 28333916
31046115 28333916
31048221 28333953
31049851 28333953
31028901 28333957
31039159 28333957
31027767 28333957
31019253 28334074
31019255 28334074
31041627 28334470
31039711 28334668
31038321 28335300
31057307 15525691
31059936 15525691
31055021 15525691
31054778 28335596
31056413 28335596
31046558 28335663
31043088 28336418
31034049 28336748
31048213 28337309
31045746 28337309
31045748 28337309
31027461 28337329
31028832 28337332
31033390 28337332
31045638 28337405
31044016 28337405
31033102 31033103
31028901 7873361
31039159 7873361
31027767 7873361
31033272 28337604
31050726 28337684
31056601 28337684
31049005 28337684
31054107 28337726
31057183 28337726
31050924 28337726
31047600 28337739
31048702 28337739
31058446 28337997
31043250 28338160
31048838 28338160
31052575 28338160
31033730 28338296
31039529 28338359
31025158 28338359
31050566 28339003
31057704 28339122
31063147 28339122
31047893 28339122
31062282 28339122
31051485 28339122
31052441 28339122
31056001 28339122
31052555 28339122
31054235 28339122
31061078 28339122
31059583 28339122
31063232 28339122
31027082 28339212
31024395 28339239
31062990 28339248
31060970 28339248
31060067 28339248
31061751 28339248
31063106 28339248
31063036 28339248
31028428 28339269
31060178 28339296
31058488 28339296
31015567 28339327
31036535 28339461
31064804 28339463
31063014 28339463
31035430 28339463
31063287 28339581
31060192 28339581
31056317 28339581
31036114 28339598
31039406 28339637
31037030 28339637
31055043 28339657
31049151 28339689
31050125 28339689
31047651 28339689
31052831 28339689
31063181 28339689
31043250 28339724
31048838 28339724
31052575 28339724
31038321 28339791
31063287 28339852
31060192 28339852
31056317 28339852
31042186 28339993
31047477 28340087
31041540 28340138
31044691 28340177
31041485 28340177
31056746 28340177
31037387 28340177
31059744 28340177
31027748 28340221
31033529 28340317
31036385 28340336
31056594 28340398
31053670 28340398
31048045 28340398
31061572 28340398
31050031 28340398
31053307 28340398
31044620 28340398
31055324 28340398
31059440 28340398
31033173 28340463
31031331 28340512
31027888 28340714
31025504 28340746
31054762 28340750
31051590 28340750
31047525 28340862
31058446 28340895
31064938 28340922
31063374 28340922
31060547 28340922
31058861 28340922
31061820 28340922
31054467 28340922
31055713 28340922
31065237 28340922
31062277 28340922
31060250 28341069
31046369 28341100
31041729 28341122
31053448 28341140
31047880 28341140
31060911 28341188
31055617 28341188
31055056 28341188
31041937 28341221
31043831 28341428
31057128 28341481
31037325 28341481
31058736 28341481
31044522 28341481
31059962 28341481
31038165 28341481
31033595 28341481
31058594 28341481
31043682 28341481
31060340 28341481
31058631 28341481
31062260 28341481
31048009 28341481
31058586 28341481
31049216 28341481
31037983 28341596
31059936 28341663
31055021 28341663
31033499 28341817
31056474 28341967
31048862 28341967
31055043 28342249
31057463 28342279
31059685 28342279
31054067 28342279
31052017 28342279
31057722 28342279
31063018 28342279
31054249 28342279
31041729 28342300
31064125 28342491
31058845 28342491
31061552 28342491
31058498 28342491
31052744 28342661
31047796 28342661
31055942 28342661
31049978 28342661
31059269 28342661
31038988 28342726
31016873 28342746
31021129 28342746
31020709 28342808
31047878 28342841
31061924 28342841
31057596 28342841
31059307 28342841
31058394 28342872
31033767 28342972
31038994 28342980
31044814 28342980
31041993 28342980
31037949 28342980
31038267 28342980
31039423 28342980
31044023 28342980
31041134 28342980
31037858 28342980
31037446 28342980
31058785 28343027
31026537 28343114
31047933 28343154
31052186 28343154
31062613 28343320
31045160 28343369
31045287 28343410
31039754 28343453
31051613 28343654
31050799 28343654
31047475 28343654
31034117 28343698
31061451 28343864
31058410 28343881
31062424 28343881
31058840 28343881
31047418 28344079
31034156 28344193
31048080 28344338
31047893 28344439
31051485 28344439
31052555 28344439
31047162 28344488
31062249 28344492
31064063 28344492
31064499 28344492
31055753 28344492
31058879 28344492
31063771 28344492
31024403 28344552
31046406 28344573
31064272 28344573
31062863 28344573
31049909 28344573
31058718 28344573
31048025 28344573
31055827 28344573
31049972 28344573
31023486 28344582
31048120 28344620
31019946 28344727
31038218 28344897
31047475 28344908
31036377 28344987
31053289 28345085
31046369 28345097
31061863 28345223
31059802 28345223
31064936 28345223
31062325 2998456
2279525 2998456
31061403 2998456
31065355 2998456
31048015 2998456
31047437 2998456
31057181 2998456
31048117 28345473
31053299 28345473
31050740 28345497
31039139 28345679
31058795 28345707
31055027 28345707
31063296 28345707
31055668 28345707
31053448 28345709
31047880 28345709
31062511 28345734
31039871 28345926
31042951 28345926
31043526 28345926
31049423 28345926
31049406 28345926
31046459 28345926
31050477 28345926
31037900 28345965
31065034 28345977
31056522 28345977
31058774 28345977
31059934 28346015
31062677 28346015
31052635 28346023
31049520 28346023
31057648 28346023
31051048 28346023
31051986 28346074
31044667 28346162
31046878 28346402
31055290 28346472
31041764 28346579
31045636 28346579
31057704 28346609
31063147 28346609
31052441 28346609
31056001 28346609
31054235 28346609
31059583 28346609
31027030 28346638
31059934 28346777
31059614 28346777
31060056 28346777
31053639 28346777
31065289 28346777
31060148 28346777
31049292 28346777
31063427 28346777
31057755 28346777
31055296 28346777
31057510 28346777
31062677 28346777
31065301 28346777
31049889 28346777
31056012 28346777
31042880 28346877
31055806 28347100
31059918 28347100
31052716 28347100
31052078 28347100
31064322 28347100
31049550 28347170
31053682 28347170
31061224 28347170
31052341 28347170
31057605 28347170
31036187 28347183
31016487 28347531
31027642 28347604
31015049 28347688
31019163 28347694
31051920 28347746
31052425 28347978
31049571 28347978
31058109 28347978
31033272 28347980
31050801 28348039
31048196 28348039
31028811 28348043
31051180 28348190
31049314 28348202
31052488 28348214
31049452 28348269
31048702 28348386
31059887 28348498
31047696 28348498
31033499 28348505
31020180 28348561
31020182 28348561
31037487 28348697
31019163 28348770
31015472 28348770
31043709 28348842
31044480 28348842
31026245 28348955
31024280 28348985
31037268 28348985
31043314 28348985
31027942 28348985
31028905 28348985
31039272 28348985
31033866 28348985
31062129 28349240
31063198 28349240
31036377 28349240
31054185 28349240
31057603 28349240
31060821 28349240
31051657 28349240
31041629 28349240
31028344 28349658
31064494 28349735
31063394 28349735
31062245 28349735
31056434 28349735
31062913 28349735
31025756 28349735
31014699 28349743
31056583 28349833
31060734 28349833
31054707 28349833
31061902 28349833
31028901 28349935
31039159 28349935
31027767 28349935
31061210 28350014
31033102 28350044
31052632 28350083
31062147 28350083
31052203 28350083
31056296 28350083
31064836 28350083
31047288 28350226
31054273 28350347
31056491 28350363
31060394 28350363
31061790 28350363
31041783 28350426
31043882 28350427
31043825 28350427
31021043 28350489
31057475 28350542
31059262 28350542
31037315 28350807
31043831 28350860
31037981 28351023
31035976 28351023
31046344 28351023
31046613 28351032
31033096 28351101
31028254 28351423
31028258 28351425
31036363 28351446
31060023 28351464
31047391 28351475
31037485 28351516
31037030 28351516
31040819 28351516
31063287 28351550
31060192 28351550
31056317 28351550
31039738 28351620
31043791 28351620
31048074 28351622
31054050 28351622
31055228 28351665
31027748 28351687
31027036 28351723
31037199 28351723
31057475 28351748
31059262 28351748
31041705 28351833
31047945 28351871
31050152 28351871
31024631 28351894
31020844 28351894
31049598 28352023
31049934 28352023
31055049 28352023
31037091 28352035
31027062 28352035
31063723 28352035
31036497 28352035
31051847 28352035
31056262 28352035
31028587 28352035
31059782 28352035
31027318 28352035
31028591 28352035
31036098 28352035
31052825 28352035
31059972 28352038
31062317 28352038
31064215 28352038
31036204 28352199
31057307 28352371
31059936 28352371
31055021 28352371
31056583 28352512
31060734 28352512
31054707 28352512
31061902 28352512
31016537 28352563
31051855 28352617
31053589 28352617
31045823 28352707
31064153 28352971
31063495 28352971
31048085 28353140
31045646 28353140
31046553 28353140
31055693 28353155
31045656 28353324
31038773 28353367
31051855 28353520
31053589 28353520
31060972 28353586
31040774 28353615
31043890 28353615
31038465 28353615
31036862 28353615
31042609 28353615
31036563 28353615
31028501 28353662
31042645 28353665
31042281 28353665
31038478 28353732
31063389 28353732
31056683 28353732
31042136 28353732
31035357 28353732
31054579 28353732
31047430 28353732
31045151 28353732
31049177 28353732
31057086 28353868
31050769 28353868
31052233 28353868
31062090 28353882
31052007 28353882
31063287 28353935
31060192 28353935
31056317 28353935
31041134 28354040
31037858 28354040
31049540 28354101
31052953 28354101
31057549 28354114
31063989 28354114
31050544 28354114
31063932 28354114
31038403 28354114
31060954 28354114
31059993 28354114
31062543 28354114
31055247 28354114
31063108 28354160
31064149 28354160
31059385 28354160
31031331 28354160
31040785 28354224
31047475 28354275
31048188 28354358
31047399 28354358
31050487 28354358
31044480 28354441
31033499 28354531
31027251 28354531
31043924 28354949
31058085 28354949
31028901 28354993
31039159 28354993
31027767 28354993
31043731 28355178
31044070 28355208
31046089 28355208
31028811 28355307
31035974 28355502
31039159 28355502
31033529 28355502
31020447 28359050
31020450 28359050
31064133 11603387
31058798 11603387
31061580 11603387
31047668 2998469
31063629 31063630
31064057 31063630
31064356 31063677
31063676 31063677
31063734 31063735
31063629 31063631
31064057 31063631
31063748 31063750
31064127 31063750
31064063 31063774
31063771 31063774
31064236 31064237
31037852 9214715
31037030 9214715
31057733 15480464
31061070 15480464
31051831 15480464
31059687 15480464
31058370 15480464
31063135 15480464
31037220 31016095
31041490 31016095
31045262 31016095
31053951 31016095
31052349 31043578
31056208 31043578
31058854 31043578
31050749 31043578
31050129 106038
31038321 31038322
31041160 2556949
31049488 31049489
