34694909 34694915
35169567 35169573
35169560 35169566
34693363 34693368
35118530 35118536
35234763 35234770
35218172 35218179
33126368 33126379
34681233 34681240
14770923 14770940
134698 423887
35039781 35039789
34683614 34683620
35246253 35246264
4828441 4828519
35030286 35030295
39634587 39634591
12195853 12195865
35192296 35192305
75969 270923
35195049 35195060
35034792 35034801
35039276 35039288
34694513 34694517
34704869 34704874
35039952 35039963
35019941 35019953
35165334 35165344
34691883 34691892
13301495 13301518
33126740 33126751
33251764 33251776
35169978 35169984
34685419 34685430
35220774 35220779
35120162 35120167
35233661 35233669
131736 418459
35287424 35287432
35141218 35141221
35139548 35139555
35218775 35218784
35214461 35214466
35208040 35208046
35026927 35026936
33251714 33251720
35026533 35026541
35215383 35215388
4152668 4285745
9726256 9726272
9726072 9726088
35019247 35019255
11658865 11658871
9529861 9529988
15605756 15606190
35217132 35217138
35217123 35217127
35208156 35208162
35115840 35115846
35215771 35215778
35118817 35118823
35203706 35203711
35167997 35168005
35215925 35215932
35223505 35223511
35212986 35212992
30883406 30883521
35077138 35077148
15605765 15606268
35249914 35249925
35031011 35031018
35040359 35040367
35038945 35038953
14763997 14764012
35217706 35217714
32958326 32958406
35287298 35287304
35187900 35187911
35114572 35114580
35194747 35194752
35120559 35120567
35127121 35127125
35127933 35127939
35125048 35125055
35129170 35129177
35215248 35215254
35124998 35125006
35215241 35215247
35235140 35235146
35128592 35128598
35126755 35126760
35129708 35129714
13327233 13327255
35129736 35129741
2874462 3424102
35019055 35019061
4155891 4288427
35119956 35119963
35195767 35195772
35123010 35123015
35286965 35286971
35218828 35218833
34689806 34689810
34689811 34689817
34689797 34689800
35128675 35128681
35156828 35156833
35125698 35125704
35125832 35125837
35170152 35170157
35128957 35128962
34689783 34689789
35128103 35128108
35125516 35125522
38312994 38312999
35218658 35218663
35124015 35124021
35125994 35125998
35123003 35123009
35124657 35124663
34690113 34690117
35222739 35222744
35126194 35126199
35126543 35126548
38338103 38338107
35125661 35125666
35131156 35131163
35040954 35040960
35128963 35128968
35223018 35223023
35122135 35122140
35124750 35122140
35128211 35128216
35221577 35221582
38316908 38316912
34684455 34684459
34687198 34687207
35155053 35155057
34687287 34687295
34687221 34687226
34687251 34687256
34684472 34684473
34687209 34687216
38230130 38230133
38334799 38334802
34687265 34687273
39635560 39635562
38314245 38314248
34687185 34687190
50275721 50275722
34687161 34687170
34687173 34687180
23701693 23701706
35027873 35027886
35039620 35039632
4152651 4285604
35200334 35200341
35215141 35215146
35286259 35286272
35198084 35198094
35215644 35215654
15145259 15145274
35206416 35206425
34689431 34689437
34689771 34689782
11912227 11912245
35173104 35173115
34687605 34687614
4368620 4430476
35286758 35286770
35167816 35167827
13331048 13331068
35034399 35034409
35018894 35018903
13320308 13320323
35036493 35036505
35197695 35197702
35277670 35277677
35121612 35121617
35170012 35170020
35019476 35019485
35118504 35118509
35194753 35194759
39634493 39634497
13284815 13284830
35202022 35202027
35041032 35041045
8332559 8332662
4699896 4703133
15833983 15834002
13404131 13404145
3959923 4155940
14772311 14772325
34688557 34688561
4811074 4811221
35207331 35207338
32949605 32949616
35233786 35233793
34698817 34698822
35038467 35038474
35038482 35038488
35038476 35038481
35038458 35038464
35157704 35157712
35102245 35102255
33250245 33250256
35201802 35201809
35138878 35138887
35120048 35120056
34693384 34693389
35206444 35206451
35102739 35102748
35250430 35250436
35281753 35281761
35037224 35037236
35112514 35112521
35211963 35211970
14885193 14885202
35037067 35037078
35090951 35090964
35223224 35223230
35022230 35022239
35025582 35025593
32948602 32948613
4827298 4827378
34474465 34474476
34693409 34693414
35122899 35122905
4827380 4827499
4827501 4827564
35242105 35242116
35122766 35122775
32947939 32947953
15605775 15606337
15605799 15606506
34694985 34694990
35215616 35215620
35215801 35215808
35115233 35115240
35120342 35120348
35211478 35211484
35223377 35223384
35203602 35203607
35287700 35287703
35200071 35200079
34698869 34698877
35200709 35200712
34694980 34694984
35119777 35119786
35216181 35216185
38317836 38317839
35215703 35215711
35201685 35201690
35276189 35276192
35207953 35207957
35287051 35287057
35198634 35198642
35218373 35218377
4732645 4734182
35167727 35167733
35207402 35207409
3600386 3926491
35222581 35222587
29593451 29593462
35041107 35041117
13407970 13407984
35127841 35127846
35027234 35027247
34449382 34449391
33584820 33584872
35035403 35035419
13309246 13309261
35018752 35018765
1653367 2495649
35218689 35218698
35215912 35215918
35234959 35234964
35286097 35286104
35038218 35038231
32958318 32958350
35207421 35207427
34675881 34675883
35213317 35213324
35221737 35221742
34685170 34685174
15605767 15606278
34687323 34687327
34687328 34687334
35219877 35219881
35250050 35250057
35223530 35223537
35234141 35234148
9748666 9748678
34687355 34687363
35250401 35250407
35216114 35216118
35233967 35233973
34691680 34691686
35220923 35220930
35249753 35249758
35120496 35120504
15711299 15711391
35287105 35287113
35049596 35049627
35281476 35281482
34685307 34685313
34687296 34687304
35217924 35217931
35177613 35177617
1250506 2128194
35159076 35159082
38313161 38313166
34687311 34687315
35210049 35210054
35287500 35287506
35118912 35118916
35197766 35197770
35108775 35108780
35120661 35120667
35114599 35114605
34687337 34687343
38334849 38334852
35227458 35227464
32958321 32958367
35120981 35120986
35200080 35200087
35214065 35214072
38231264 38231269
35122855 35122861
34702699 34702703
35051962 35051982
35213586 35213591
15711307 15711454
35124773 35124779
35117279 35117284
35220217 35220222
35163761 35163768
35215944 35215950
35181898 35181904
35249692 35249699
35142722 35142729
35177681 35177687
35237348 35237352
35202654 35202659
35177688 35177693
35284861 35284864
35168591 35168596
35177654 35177658
35165293 35165298
35140230 35140236
35140218 35140224
35210286 35210293
34695336 34695342
35202588 35202596
35140174 35140181
35109005 35109013
35220205 35220213
35214635 35214642
35140193 35140200
35280955 35280960
35275908 35275914
35211850 35211857
35215091 35215098
35168584 35168590
35141121 35141127
35177659 35177666
35281723 35281729
35117214 35117221
35208286 35208293
35169869 35169877
35168433 35168439
35032733 35032740
35117312 35117317
35234031 35234041
35220223 35220230
35176529 35176535
35168603 35168610
35177672 35177680
35117285 35117292
35220234 35220238
35196083 35196093
34698190 34698198
32948819 32948827
34683911 34683919
32948805 32948816
1582752 2441348
34702207 34702218
35217397 35217401
35028958 35028967
35021641 35021648
1786019 2602514
8332554 8332639
35020161 35020173
35022809 35022828
33141741 33141754
34683889 34683904
32843519 32843577
35197791 35197799
35223364 35223369
35040435 35040443
34694165 34694170
35031950 35031961
35205551 35205561
34694172 34694178
35176628 35176633
5000165 5000193
35201904 35201910
35249361 35249367
35276953 35276959
35125363 35125369
32958322 32958378
35026445 35026452
35130317 35130324
35207101 35207107
35169532 35169537
35140301 35140307
9726109 9726126
34678711 34678719
2578534 3217856
34705027 34705035
34691530 34691541
35287236 35287240
32949266 32949280
32949254 32949265
35026656 35026665
4810681 4810880
35037709 35037719
33126451 33126463
34699223 34699230
35037199 35037210
35175350 35175361
35148249 35148260
4827108 4827181
35201035 35201041
35276836 35276842
35129311 35129318
35218271 35218276
35116515 35116522
35222318 35222325
35217349 35217360
4781379 4781798
35169676 35169680
35211080 35211086
1250508 2128216
5002366 5002393
35174112 35174118
15828440 15828453
35196158 35196163
35142978 35142989
35118611 35118617
35149446 35149456
35206649 35206655
13320261 13320281
13296143 13296158
35211418 35211423
35037692 35037701
3969077 4162014
2226169 2956656
4501695 4528460
35031613 35031622
35025046 35025060
35235210 35235220
32949692 32949705
32949069 32949079
4811518 4811657
34704759 34704764
35222888 35222897
35216835 35216839
35178476 35178479
35117107 35117111
35124621 35124628
35123263 35123271
35216840 35216845
35128786 35128790
35205100 35205109
35170281 35170287
35202440 35202446
35221941 35221947
35124952 35124956
35219789 35219793
35026042 35026048
35222566 35222570
35217625 35217633
35035526 35035535
35127645 35127650
35119793 35119799
43640295 43640298
35120906 35120913
35222673 35222679
34693093 34693107
34691515 34691524
35020602 35020616
35035873 35035880
35222524 35222531
35218607 35218612
35218379 35218386
35222312 35222317
35234670 35234676
34683854 34683861
35119478 35119485
34704689 34704696
34703807 34703813
4809533 4809737
9748350 9748363
126756 412255
35139823 35139827
35279362 35279368
35139680 35139686
35206614 35206619
35237416 35237423
35237372 35237378
35140624 35140629
35140553 35140558
34689494 34689498
35129123 35129129
35030862 35030872
9716181 9716197
35206866 35206872
34683492 34683500
35026492 35026502
35027852 35027864
9313454 9313478
35206756 35206764
35210422 35210428
35164413 35164418
32702100 32702121
35025372 35025381
35027696 35027710
13293858 13293877
34693837 34693841
35170079 35170084
35157903 35157910
35169508 35169513
35130682 35130690
34693829 34693834
35286147 35286154
35168135 35168141
35125559 35125563
34689566 34689570
38324814 38324817
35178728 35178733
35223425 35223432
35148469 35148474
34689535 34689539
35122674 35122680
35217810 35217814
35118013 35118020
38337415 35118020
35201137 35201147
34689554 34689558
35218158 35218163
35148547 35148552
33127036 33127048
13308009 13308029
35216930 35216938
34675622 34675627
34689559 34689563
35208081 35208089
35208680 35208686
35127338 35127343
35127639 35127644
35197502 35197508
35040907 35040920
35020084 35020097
35124942 35124947
35126979 35126985
35030094 35030104
35124302 35124307
2862992 3414225
14775711 14775728
35020996 35021003
34675973 34675980
35126614 35126619
35168620 35168626
35028158 35028165
35224208 35224216
35124351 35124358
35119271 35119277
35023273 35023285
33126503 33126516
35131007 35131012
35022698 35022709
35279348 35279354
35215326 35215332
38330753 38330757
35286240 35286247
35132130 35132136
9726239 4797474
13316085 13316099
35213925 35213935
35214567 35214573
35223052 35223059
35148801 35148808
35039123 35039129
13318856 13318874
35128358 35128364
35129493 35129498
35023210 35023221
35237353 35237360
35231125 35231133
35169246 35169251
35183336 35183341
2535931 3192258
35215290 35215295
35127150 35127156
35031019 35031025
35216651 35216657
35206728 35206736
35221547 35221552
35211278 35211283
35221612 35221617
5000161 5000188
35121822 35121831
35125838 35125844
39634568 39634572
35134105 35134110
35128740 35128745
35124728 35124734
34687488 34687494
34682311 34682316
35121973 35121978
35127568 35127573
35033992 35033999
35173601 35173607
4827550 4827640
35276892 35276898
35207998 35208007
34687506 34687512
35128688 35128695
15836148 15836156
35029940 35029946
35125749 35125755
35126039 35126046
35128324 35128329
35128791 35128796
34676364 34676371
35125281 35125285
35032869 35032878
35033641 35033647
13395046 13395056
35213801 35213806
35286504 35286510
35234379 35234385
33125504 33125513
35125935 35125941
35036339 35036350
34422483 34422493
9716305 9716322
4827758 4827831
35191296 35191302
35241844 35241853
35210307 35210315
35035486 35035497
35129884 35129888
35126747 35126753
35234422 35234429
34684673 34684680
35232938 35232944
33135183 33135192
35216742 35216751
34695256 34695262
35218939 35218946
35131279 35131284
35130797 35130801
35130228 35130234
35219188 35219193
35168366 35168372
34704482 34704488
35250220 35250226
35249503 35249509
3356498 3765903
35287326 35287333
35028707 35028716
35282415 35282422
39635458 39635462
32843516 32843546
35217092 35217099
35287242 35287248
35216998 35217004
15829953 15829961
35214907 35214916
35207356 35207362
35249374 35249380
13318922 13318941
34478477 34478487
38312434 38312441
35197882 35197889
13362913 13362926
33125573 33125588
13303418 13303436
13322734 13322748
33135021 33135032
35287305 35287312
35200675 35200683
35287199 35287207
1646020 2488799
33088246 33088283
35214146 35214153
33126695 33126705
34473365 34473371
33126609 33126624
33126815 33126824
35211327 35211335
35208098 35208109
32950095 32950107
34681716 34681724
15605738 15606054
14766577 14766592
35034818 35034828
15836843 15836856
13423008 13423029
35118711 35118716
35021604 35021614
35213731 35213739
35031089 35031100
23703002 23703021
35030305 35030316
38321779 38321782
35120916 35120921
34680186 34680192
35124500 35124507
34686871 34686878
34686853 34686861
34683270 34683277
34683258 34683265
35119487 35119492
35124161 35124167
34367912 34367919
34449353 34449357
35126232 35126238
35213111 35213116
35221282 35221291
35171880 35171885
35277302 35277307
35175719 35175726
3192226 3649919
10229398 10229414
35211947 35211959
35231188 35231196
23672633 23672647
35026633 35026648
1786020 2602532
33126518 33126528
35031691 35031706
15711317 15711533
39634974 39634978
35276055 35276061
5002787 5002802
35123935 35123941
35123833 35123838
35127689 35127694
35129846 35129851
35129754 35129759
35129772 35129778
35129788 35129794
35129766 35129771
35129760 35129765
35129748 35129753
35216307 35216313
15605729 15605978
35178511 35178524
984232 1828625
35139738 35139744
35140703 35140710
35184010 35184016
35118001 35118006
35249994 35250000
35219795 35219802
9726350 9726365
35140924 35140929
35140365 35140371
35140237 35140242
35025482 35025491
35169275 35169279
35285929 35285938
3774174 4033020
15838087 15838097
35249147 35249154
4131709 4271623
35244525 35244533
34470179 34470187
34694924 34694930
35140022 35140027
35286944 35286951
35120477 35120483
34698440 34698450
31772861 31772871
35029281 35029288
34675889 34675896
35286646 35286655
4827914 4827999
35130856 35130861
35130869 35130874
35220999 35221004
35235406 35235412
35122205 35122214
35276687 35276691
38312070 38312074
13304241 13304257
35173419 35173431
35142966 35142974
35027435 35027452
35026112 35026122
23673273 23673285
15829158 15829171
35208395 35208402
35287131 35287139
38333168 38333172
34689761 34689766
35208475 35208481
34349675 34349687
34683782 34683787
34683595 34683600
35212146 35212154
35026549 35026562
4501716 4528690
35035438 35035447
2232162 2962854
35025335 35025346
34681536 34681548
13297163 13297181
35162486 35162493
281892 792253
13331374 13331391
35026769 35026783
3428899 3809755
30458037 30458048
4809343 4809531
14768914 14768930
34690122 34690131
14484427 14484468
35222665 35222672
3079159 3568770
35077162 35077171
35165801 35165809
4827643 4827711
35123328 35123336
35124744 35124748
35123492 35123497
35197419 35197432
14771799 14771814
4807404 4807624
4155892 4288447
14762271 14762286
13305057 13305075
14777916 14777928
35115788 35115792
35022865 35022878
35280995 35281001
35219316 35219322
35169182 35169189
34449361 34449371
35191565 35191572
35199933 35199938
35249566 35249572
34698926 34698933
34420484 34420489
34704775 34704781
35147447 35147453
34690720 34690725
35040750 35040760
34679809 34679815
34698620 34698625
34704574 34704579
34692575 34692580
35212065 35212071
35222103 35212071
38334016 38334020
35117911 35117923
13320129 13320145
35183836 35183841
13339615 13339633
35141348 35141356
35149262 35149267
34704635 34704641
35118809 35118816
34683008 34683019
34701242 34701247
35241135 35241143
8332558 8332648
35040637 35040648
35048361 35048369
4809164 4809341
33089416 33089436
34679035 34679045
34689712 34689719
9529859 9529967
15878019 15878027
9726196 9726211
35032068 35032080
35218492 35218498
35218106 35218112
35118217 35118222
35222061 35222066
33126558 33126568
35195971 35195979
35200618 35200623
35162358 35162368
35020326 35020339
35020182 35020191
35038851 35038862
13318834 13318854
35215933 35215940
35026993 35027001
35165415 35165426
33088245 33088270
13431772 13431788
15605731 15605998
984268 1829035
35113135 35113143
35286249 35286256
35215190 35215195
35116129 35116135
35222134 35222140
35185367 35185372
35220047 35220054
14768896 14768913
35026304 35026312
32957063 32957077
4723669 4725454
35214179 35214187
35026810 35026821
4807626 4807785
35202430 35202439
14777849 14777861
35170052 35170059
34704644 34704652
13309811 13309827
34694003 34694006
35184930 35184935
35249606 35249614
38228109 38228114
35131425 35131430
34679823 34679831
13313807 13313830
35287523 35287530
35249733 35249741
4714377 4716877
4725435 4727137
35208635 35208644
33125877 33125885
35173845 35173855
35126071 35126076
35022830 35022837
35040452 35040461
4501696 4528475
35232045 35232051
35227094 35227100
984287 1829249
10180702 10180717
35220630 35220635
35125904 35125911
35249226 35249235
35217408 35217414
35217421 35217429
35203503 35203509
35286174 35286183
35276525 35276535
35020249 35020258
35032890 35032900
35204454 35204463
35219046 35219051
35169056 35169062
35120268 35120274
35217047 35217052
35216939 35216945
35035654 35035664
35235269 35235276
35037830 35037837
35130520 35130525
35223315 35223320
35120168 35120174
35026199 35026205
33040048 33040055
35207267 35207273
35035791 35035798
35122699 35122705
12588478 12588792
35071292 35071306
35158898 35158903
35023328 35023337
34675917 34675925
35026743 35026756
35155918 35155930
34703644 34703656
35032756 35032769
35155035 35155049
38330195 38330199
35040650 35040662
35215966 35215972
35218962 35218968
35116453 35116458
35203323 35203328
35180680 35180684
35215973 35215980
35210478 35210486
35207141 35207147
35037083 35037089
35128537 35128542
35126930 35126937
34691457 34691468
34691427 34691434
34691442 34691446
35139591 35139597
35213688 35213696
4826950 4827039
35248992 35248999
34446055 34446061
35027516 35027524
35215734 35215740
35211620 35211625
35167690 35167696
12588460 12588522
35223286 35223292
35194687 35194695
9717349 9717369
35020280 35020288
35038274 35038285
35239068 35239077
33251778 33251787
35149380 35149385
35149390 35149396
35211830 35211835
35218500 35218506
35022219 35022228
3428888 3809743
4501698 4528490
14959572 14959596
35025764 35025773
4368625 4430538
28201613 28201625
4368544 4430031
4368626 4430551
4501702 4528549
15605743 15606096
35037261 35037270
35139884 35139890
35140992 35140997
34697905 34697916
35198209 35198214
35207810 35207820
35125962 35125967
13329986 13330005
35142352 35142360
35223489 35223497
35039153 35039159
35024256 35024268
34683155 34683160
35195946 35195951
35140225 35140229
35119299 35119305
35196269 35196273
14777281 14777293
38314889 38314893
35122146 35122153
35119558 35119562
35207663 35207667
35220951 35220958
35122141 35122145
35158553 35158557
35207939 35207943
35169946 35169953
35215080 35215085
35169124 35169136
35140750 35140756
35140772 35140776
35170041 35170046
35141138 35141144
14768256 14768269
14775691 14775702
35139755 35139761
32702101 32702136
35169959 35169964
35169954 35169958
35284356 35284362
35218236 35218241
35237392 35237398
35168907 35168912
35203946 35203952
35148030 35148035
35119536 35119540
35140757 35140764
35204441 35204448
71573 263220
35140765 35140771
35219685 35219689
11005994 11006007
35237335 35237341
35155401 35155410
4131710 4271644
34680663 34680672
12588461 12588539
12588464 12588600
34680697 34680703
34680287 34680292
33126487 33126497
35249316 35249323
15605712 15605854
35219136 35219142
35223498 35223504
35038327 35038338
35123894 35123901
35216156 35216171
13314514 13314530
35207459 35207465
35120484 35120490
35140886 35140893
35251307 35251313
35035915 35035923
5000732 5000803
35134181 35134187
35211034 35211039
35118917 35118923
35118303 35118311
35172196 35172201
35222798 35222804
34685603 34685609
35132451 35132456
5001861 5001897
35120767 35120774
35208507 35208515
281955 792394
35219079 35219085
35213610 35213616
15834275 15834290
35138809 35138819
35220857 35220863
35243774 35243781
35185425 35185432
35216614 35216625
35021070 35021081
35117348 35117353
35128530 35128536
35277318 35277325
35216965 35216970
35167026 35167032
35217061 35217068
35117946 35117951
35235244 35235251
35249933 35249939
35129351 35129357
35222345 35222351
35215183 35215189
35206585 35206590
35035866 35035872
35152318 35152324
35170496 35170503
35189597 35189605
35221454 35221459
35277128 35277134
35217169 35217177
34685241 34685244
35124285 35124291
39635357 39635361
35141532 35141536
35124584 35124589
39635222 39635225
35126092 35126098
35221464 35221472
35202639 35202644
35218219 35218225
35223080 35223085
35127311 35127318
35127482 35127488
35127304 35127310
35123918 35123923
35124884 35124889
35210857 35210863
35201880 35201886
34684609 34684617
34683745 34683753
35286710 35286718
34684524 34684531
34410343 34410350
34683181 34683191
34687951 34687957
35035361 35035370
38311368 38311373
34675705 34675711
34687929 34687934
34683549 34683553
34684287 34684296
13308217 13308233
14763624 14763644
13318908 13318917
4501726 4528777
34704307 34704316
35230895 35230903
35170566 35170573
4807253 4807419
35118675 35118680
35020675 35020687
35188957 35188961
35234647 35234654
35119386 35119392
35191731 35191737
35192243 35192248
34676509 34676515
34676517 34676523
35201692 35201703
34689878 34689890
34495054 34495067
4747599 4748798
4683517 4688074
35019671 35019684
13259591 13259610
34689477 34689489
34700295 34700308
13331149 13331165
35027138 35027148
35188833 35188840
35231371 35231377
35132401 35132406
35032232 35032242
3959940 4155955
15711303 15711420
34698801 34698808
35206743 35206749
35286273 35286278
33157793 33157802
35214411 35214418
35286993 35287000
35128849 35128854
35115586 35115592
35174482 35174487
35129588 35129592
34689383 34689388
35126847 35126852
35216075 35216081
33140748 33140759
35129610 35129614
35250147 35250153
32958327 32958415
35277452 35277458
35104317 35104326
35287409 35287413
34686171 34686175
34683045 34683053
15711298 15711377
35108790 35108799
35219933 35219940
35189621 35189626
34428866 34428872
35210703 35210709
35139629 35139635
35137336 35137342
76659 273163
34703985 34703992
35216031 35216038
35207466 35207473
34676040 34676046
35036594 35036602
15711321 15711562
35120295 35120300
35038262 35038268
34699232 34699239
35287006 35287015
34691056 34691065
34691066 34691076
34691278 34691288
34691134 34691142
34691254 34691265
34690793 34690803
34691199 34691210
34691182 34691192
34691118 34691129
34691239 34691249
34682962 34682970
34691212 34691221
35122083 35122087
34681492 34681500
14775977 14775988
34691160 34691168
34691146 34691154
38327262 38327266
35040815 35040823
34691047 34691055
35134386 35134391
35018845 35018857
38325038 38325043
34680083 34680095
35022908 35022919
34681445 34681451
35153304 35153314
35040930 35040939
35172256 35172266
35215826 35215830
34691229 34691238
6554127 6554151
35118180 35118193
35032551 35032561
35033651 35033659
984211 1828344
14959575 14959624
35286846 35286852
35125777 35125783
35129274 35129279
35124533 35124538
35128947 35128952
35104641 35104646
35286514 35286519
35166088 35166094
23672790 23672801
33126533 33126550
39634546 39634550
35129293 35129299
35119289 35119293
35152427 35152434
23665678 23665689
35178639 35178642
35119848 35119856
35139138 35139141
35214588 35214592
35215765 35215770
35215578 35215585
34700100 34700109
35153582 35153594
35246575 35246581
35240548 35240556
35221023 35221030
35176053 35176059
35029289 35029296
35208611 35208618
13352385 13352399
35170161 35170167
35126957 35126963
35234847 35234853
35194734 35194740
35129939 35129949
35173756 35173763
35173729 35173737
35211802 35211811
33126727 33126739
13449538 13449630
34495027 34495036
35211380 35211384
35214756 35214762
9729036 9729046
4828199 4828276
4827026 4827106
34676703 34676708
35041021 35041031
35127243 35127248
14776991 14777001
35208310 35208314
35194983 35194988
35034744 35034751
35189438 35189442
35207527 35207531
35021548 35021557
34687068 34687077
35276965 35276970
35207602 35207608
35123082 35123087
35204427 35204434
35277554 35277557
12588465 12588616
32702103 32702155
35018340 35018350
9726092 9726106
35040895 35040905
34686910 34686914
35127709 35127715
34686936 34686948
35213936 35213946
35128668 35128674
35203437 35203442
34482261 34482266
13300359 13300380
15837112 15837125
35123151 35123156
35197522 35197527
35218131 35218136
38324309 38324314
35286312 35286318
35223120 35223125
35231663 35231670
35234447 35234452
35191498 35191503
35037965 35037976
35285141 35285146
35202490 35202500
35249251 35249257
35121252 35121257
35223453 35223458
35234056 35234064
35276363 35276368
35115055 35115061
35281648 35281653
35287657 35287664
35217178 35217185
35271939 35271946
35214073 35214078
35250465 35250472
35212819 35212823
35145946 35145951
35250520 35250527
35200555 35200563
13442544 13442562
35217832 35217838
35214738 35214747
35285207 35285212
10574056 10574082
35020473 35020484
12588459 12588504
23666488 23666505
35249168 35249175
23670741 23670753
35210717 35210722
35196009 35196014
35039898 35039907
35163873 35163883
35219437 35219445
13335050 13335065
35030376 35030388
35209782 35209792
4811640 4811783
35153688 35153700
35211400 35211406
35214483 35214490
35235679 35235685
35221865 35221870
14763472 14763487
14764612 14764627
14777262 14777280
11643225 11643242
35023377 35023387
35213947 35213955
35018791 35018804
13358865 13358879
35148359 35148369
14768196 14768207
35028520 35028532
35125574 35125579
35126921 35126929
35124317 35124323
35277016 35277022
35168050 35168056
35122719 35122724
35141326 35141332
35187814 35187820
35213956 35213964
35213965 35213974
34681560 34681566
35173123 35173138
33140717 33140724
13321346 13321364
35158795 35158799
35165368 35165374
35132521 35132529
9726139 9726159
35219429 35219434
35210372 35210378
35120541 35120548
35218879 35218884
9726130 9726137
34675522 34675528
35120534 35120540
35155872 35155882
34397808 34397815
34687648 34687654
35124336 35124344
984222 1828508
130005 416306
35124852 35124858
4939796 4939811
35165354 35165359
35211770 35211776
132403 419623
35026758 35026768
35189506 35189513
35020574 35020583
35124664 35124669
35129509 35129514
33135051 33135063
35124371 35124376
35211580 35211585
35191573 35191577
35039864 35039871
35125226 35125231
35123952 35123956
35128342 35128347
34689679 34689686
35127377 35127382
35249428 35249437
35033012 35033020
35037138 35037145
35213568 35213575
35139850 35139857
35129923 35129933
35026209 35026217
35035462 35035473
35026172 35026184
15879766 15879778
35215563 35215571
1250510 2128235
33157667 33157679
35197720 35197729
35126318 35126323
34683025 34683032
35204650 35204658
35131191 35131194
34691390 34691399
35219499 35219503
33126706 33126718
35149139 35149145
13303074 13303090
35191530 35191535
35208052 35208060
35214942 35214949
4155890 4288407
4152660 4285678
35284880 35284886
35207287 35207293
13329330 13329347
35216602 35216610
4745442 4746564
33126770 33126780
35220020 35220024
35129548 35129556
34701352 34701366
35201489 35201494
4808154 4808323
33251724 33251738
34704944 34704951
34698045 34698053
4152650 4285592
4737011 4738429
32843518 32843566
35208185 35208192
13303871 13303889
35115802 35115809
35211732 35211737
35118847 35118855
4152690 4285900
35024444 35024452
35184611 35184616
14775736 14775746
34375971 34375981
35215752 35215758
34407419 34407428
34486330 34486342
34422949 34422957
35248288 35248295
13417369 13417387
39113733 39113739
34681643 34681652
35190329 35190335
35243756 35243765
35211186 35211192
35161741 35161747
35227316 35227324
35188746 35188752
984286 1829235
35035448 35035456
35140589 35140594
35140894 35140900
35134440 35134445
35277909 35277915
35250634 35250641
35158728 35158735
35158762 35158767
34677889 34677897
35207752 35207758
4152679 4285821
35185399 35185404
35174899 35174903
34692322 34692327
34692316 34692321
34693692 34693694
35141096 35141100
34704512 34704520
35122187 35122195
35029012 35029018
35124675 35124682
35208713 35208718
35119919 35119925
35220386 35220393
4810562 4810680
35115793 35115799
34683520 34683529
34683636 34683647
4742161 4743447
35200055 35200062
4739804 4741098
35196226 35196234
35282407 35282411
35223357 35223363
35175712 35175717
34683584 34683591
34683692 34683702
33126422 33126435
35123871 35123878
14768931 14768943
34683935 34683942
4368621 4430500
34684273 34684284
35176419 35176424
35148272 35148277
35025609 35025614
35165317 35165323
3425249 3807414
13350680 13350696
35040243 35040253
35019560 35019570
35125232 35125239
35129650 35129654
13398929 13398945
35171922 35171930
984330 1829643
35184554 35184560
35190777 35190780
35185477 35185483
35211752 35211757
34695343 34695347
35140417 35140422
35220239 35220245
35140977 35140983
35158684 35158689
35035931 35035941
35184474 35184479
35168255 35168261
35141109 35141115
15605779 15606364
35140143 35140147
4735565 4737008
38318995 38319003
13517983 13517999
35104356 35104362
35287467 35287473
35219210 35219215
35217955 35217961
35221396 35221402
35217932 35217939
35217963 35217969
35211837 35211843
35217946 35217953
35126498 35126503
35212802 35212808
35129451 35129457
35121832 35121838
35213640 35213645
35152438 35152443
35104034 35104042
23671684 23671693
35026617 35026626
34684259 34684268
34683652 34683657
4743449 4744421
35238915 35238924
35203230 35203236
35029030 35029037
35122649 35122654
33126259 33126273
35277191 35277197
35250756 35250761
35287548 35287554
35287418 35287423
35126020 35126027
35126365 35126371
35214447 35214452
35194906 35194912
35021091 35021098
35116240 35116246
35024435 35024442
35128617 35128622
35215810 35215816
35215889 35215896
35216666 35216671
35125580 35125586
35127227 35127232
35234990 35234995
35221060 35221065
34698853 34698859
35196152 35196157
35234161 35234166
35286804 35286811
35118618 35118623
35030297 35030303
35125475 35125480
35034945 35034954
35040965 35040973
35250839 35250845
35217555 35217562
35032309 35032315
35217994 35217999
35119546 35119551
35127682 35127688
35124683 35124689
35037211 35037218
35207711 35207718
35166120 35166125
5001143 5001163
35125587 35125594
35039670 35039677
28731214 28731221
35132642 35132650
35132220 35132225
35221192 35221198
35215010 35215016
34475731 34475737
35131797 35131803
35130987 35130994
35125213 35125217
35188162 35188166
35168019 35168023
34439038 34439045
35034770 35034777
4811222 4811376
35210092 35210097
35215109 35215115
35287020 35287025
35215102 35215108
35250560 35250567
35207438 35207443
35284399 35284406
35235121 35235127
35249620 35249625
35244880 35244886
35028469 35028476
35250846 35250853
35034760 35034769
35276412 35276419
35022096 35022104
35120326 35120332
35127865 35127872
35129561 35129565
35218664 35218669
35195820 35195823
35122942 35122947
35126405 35126411
35146099 35146105
35189581 35189588
35286922 35286931
35286443 35286449
23668021 23668035
35250247 35250254
35128109 35128114
35234930 35234937
35207566 35207573
35118554 35118560
35234792 35234799
35235327 35235332
35248501 35248506
35223460 35223466
35207792 35207800
35211533 35211538
32843524 32843605
35118841 35118846
34689376 34689379
35215720 35215725
35275799 35275806
35181867 35181874
35120113 35120119
35120668 35120674
35122163 35122172
35110651 35110657
34690105 34690110
35217475 35217481
35118829 35118834
35221144 35221150
35120239 35120247
35214707 35214712
35209433 35209441
35211255 35211261
35035498 35035513
35020340 35020348
35211163 35211168
35220371 35220380
14771053 14771069
30474044 30474059
35250058 35250065
34398318 34398325
35250026 35250034
35216575 35216582
35286600 35286607
34692429 34692434
35219868 35219876
35192204 35192209
33127058 33127066
35214682 35214687
35140015 35140021
35214715 35214723
35213679 35213687
4826898 4826970
35194719 35194728
35214338 35214346
4828139 4828210
35191514 35191524
35213601 35213609
35208246 35208252
35208659 35208666
35140042 35140048
35215741 35215746
35223344 35223350
35139665 35139674
35021374 35021385
35215116 35215121
35120450 35120455
35213424 35213429
35133842 35133850
35283546 35283553
35150313 35150318
34461785 34461791
35191019 35191024
35201566 35201573
35140432 35140439
35184506 35184512
35169479 35169484
35140049 35140056
35126360 35126364
35116136 35116142
35277232 35277237
35213875 35213881
35124695 35124700
35104138 35104144
35167005 35167011
4827814 4827928
35120397 35120404
35221849 35221855
35118342 35118349
35129346 35129350
35202559 35202565
35120953 35120959
35218419 35218425
32843517 32843554
35170518 35170524
35024571 35024581
35217722 35217731
10374905 10374923
15830546 15830559
35125167 35125172
35216567 35216574
35165577 35165582
35213811 35213817
13306837 13306853
4827983 4828062
35227648 35227656
35225819 35225827
35115390 35115396
33088244 33088260
14777700 14777718
32949733 32949748
35115424 35115432
4927067 4927106
35230960 35230968
35153324 35153335
34691618 34691638
35222336 35222342
35219672 35219678
35034802 35034813
35206843 35206853
35206833 35206842
35104835 35104843
