15241403 15241417
15241403 15241418
15241403 15241419
15241403 15241420
3931586 3131081
22087458 2906949
15039075 15039088
287746 802291
4586040 4597725
4597719 4608538
4586040 4597726
4571867 4586039
4597719 4608534
4571867 4586043
202 1308
4571867 4586044
4597719 4608535
4586040 4597720
15141671 15141688
4775668 4776166
807032 1607257
4777293 4777899
4586040 4597727
4778392 4778990
4607027 4617177
4586040 4597728
4554929 4571869
4571867 4586045
4586040 4597729
4586040 4597723
10346062 10346070
15122130 10346070
22218053 4295192
50403035 21974870
37891352 10345809
14983993 14984006
14983993 14984006
2457171 3136015
33997937 33997787
22218053 3976609
22244420 22244422
50403036 37888053
2451499 3131066
33997937 33689162
22218053 22218056
4659922 289406
3931586 2451577
4681568 4686046
22244418 22244419
22036114 4437306
33782055 33320581
33782057 33320576
807032 1607235
33782055 33320580
22241154 22241156
22087458 3820740
22036138 21976522
33997937 33997920
33997937 7229329
4642106 4556000
802355 1594470
22268768 4437323
33997937 33997938
2451300 3130882
22036112 4437307
33997937 4437307
22042354 22042360
33997937 21964742
22036120 22020997
22244430 21992618
22223400 22087466
22087458 22087466
4778392 4778981
4779565 4778981
15170977 4643392
22036112 21963215
33997937 33997939
22036123 22036129
33782056 33320578
3931586 3131124
287801 802353
802355 802353
2451300 3130883
22164775 4431200
4508113 4431200
287746 802283
14950248 14950250
1638210 801567
22257776 15778544
22257776 15778549
22257776 15778622
22079055 3131273
15075708 35076
14893333 14705449
4534766 4554933
22257776 15778528
22257776 15778721
22265776 15152809
10712224 10712235
15012635 15012643
15039075 15039089
1594561 2451840
22257776 15778686
22257776 15778529
22257776 15778716
22257776 15778548
14897039 14897041
4715684 4718062
22265776 3275686
36544955 4637412
22184466 4637412
36544955 4645468
22184469 4645468
22257776 15778603
36544955 35878828
33946947 33946951
22257776 15778710
36544955 4555974
36544955 4619413
22184473 4619413
33946947 13479659
36544955 4372421
22184457 4372421
36544955 4432851
22184457 4432851
36544955 4475958
22184457 4475958
36544955 4637428
22184469 4637428
36544955 4609003
22164775 4554907
36544955 4152330
22184461 4152330
807032 1607240
36544955 4372410
22184466 4372410
36544955 4152323
36544955 4509269
22184457 4509269
36544955 4628803
22184469 4628803
36544955 3174848
22184463 3174848
36544955 4535743
36544955 4619404
22184473 4619404
22095279 21977621
22257776 15778581
22257776 22257779
22257776 15778590
4779565 4779638
22256466 14967289
4908845 4908868
4908845 4908870
22257776 15778527
4571867 3139810
14999830 14999836
14893333 103846
22257776 15778683
4642106 4572734
36544955 4572711
14999876 14999896
14999860 14999879
807032 84096
4776661 4777231
4779565 4777231
36544955 3640084
22184463 3640084
14999876 14999897
14904146 10504051
14927132 14927141
4779565 4777255
14920206 14920219
4619340 4628681
22257776 15778679
4626593 4635457
84100 289438
22164775 4554887
4534758 4554887
36544955 3640083
22184463 3640083
22257776 22257778
14999876 14999898
22257776 15778565
22042354 4607800
15141671 15141675
36544955 4586648
22076291 22005880
14946544 4629926
202 1276
22046468 15486946
22257776 15778558
14194174 14194182
22257776 15778557
36544955 4285187
22257776 15778545
15039075 15039090
14920206 14920213
4775668 4776158
4779565 4776158
4626593 4635462
14979937 14897862
15020378 580228
4619340 4628689
4619340 4628690
4586791 4598375
4628678 4637375
4609100 4619342
4681568 4686053
4686048 4690197
4556127 4572841
4671208 4676672
4609100 4619343
4619340 4628691
22134065 21980516
4619340 4628692
4619340 4628693
4586791 4598376
4572835 4586793
4619340 4628694
4628678 4637376
4556127 4572842
4609100 4619341
4628678 4637377
4609100 4619344
22265776 15052024
4778392 4778983
4628678 4637378
22223587 22089063
22089058 22089063
4609100 4619345
22234109 22234113
4587263 4598818
22140829 22140832
22201383 22025356
1607254 2457174
1278 16227
50403035 37877566
4665325 4670907
5516911 5516933
3945848 4147616
202 1314
4571867 4280656
4152450 4285257
3954033 4152459
4777293 4777900
4776752 4777304
22201383 22011578
22201383 22026280
4587263 4598819
1278 16233
1594561 2451841
1594561 2451842
1594561 2451836
4508113 4474710
33956845 33956839
22210460 22210468
14922388 14922415
22256466 22022357
4374070 4434045
4374070 4434046
4374070 4434047
4374070 4434048
14960283 14960303
22133842 22133850
14960352 14960363
22199909 22199913
14960537 14960546
14960424 14960437
15169632 15169636
14960371 14960396
15014489 15014499
22180211 22180223
14960482 14960488
22263144 22263146
14960486 14960497
15014539 15014547
22199909 22199912
15014489 15014500
22263144 22263147
15014539 15014549
22240773 22240775
22180211 22180224
22180211 22180225
14960359 14960379
15035387 15035400
14960427 14960455
21983471 21983478
22180211 22180226
14960289 14960333
21972265 21972272
22180206 22180212
22265776 4572453
22199909 22199911
22180211 22180227
15014489 15014501
14960469 14960472
14960514 14960528
14960491 14960509
15014483 15014492
22199909 22199914
22180206 22180213
22111777 22111786
21966840 21966852
22240773 21981264
14960388 14960414
14960601 14960607
22180211 22180228
14960563 14960570
22180206 22180214
15035361 15035377
22180211 22180229
14960331 14960354
22180206 22180215
15014489 15014502
14960280 14960286
22279073 22279076
15014489 15014503
15024943 4633958
10712228 10712249
14904238 4554314
15039075 15039091
15039075 15039092
15113956 15113968
287746 802292
22164775 4554930
4534766 4554930
4659922 4665927
14893333 1733267
15039075 15039093
22042354 14977009
807014 1607165
84100 289439
84100 289440
4775668 4776159
4779565 4776159
4953120 4953124
4776661 4777230
4779565 4777230
4626593 4299802
289436 807016
3191747 3649719
15024943 4656659
4953120 4953128
807032 1607249
1607254 2457173
853363 1667791
33946947 21981395
4955079 4955086
84100 289447
807014 1607168
4659922 807310
22256466 21990022
22134461 15486928
853363 1667796
22256466 22002924
22063609 802350
287801 802350
4535872 4556147
14194174 14194183
14201139 14201146
33946947 33946952
3945848 4147618
15020378 2176318
15020378 4564415
4715684 4718061
22177718 21983000
4774556 4769367
2451499 3131069
287746 802288
4779565 3885791
4778392 4778982
3607088 3130749
807032 1607238
22164775 4144104
4534766 4144104
807014 1606989
4626593 4635463
4659922 16382
807032 1607237
3934257 1593800
4432864 4476033
4778392 4778980
4779565 4778980
15141671 15141680
3136026 807309
4659922 807309
4765022 4765661
22042354 21967439
28878083 28878086
4665705 4671203
853363 1667797
34079737 22016906
826649 1638139
853363 1667798
22207199 21974538
4556127 4572833
4556127 4572833
22070205 4572688
22256466 21969128
3954033 4152460
4626593 4635464
4535872 4556145
3930581 4137707
4779565 4777261
853363 1667795
853363 1667792
14904186 14904191
14946544 4638374
15039075 15039094
16221 1290
202 1290
22207199 21974535
807032 1607231
22046409 22046416
14946544 4646630
4619557 4536539
14201139 4641437
4626593 4635458
4750327 4751456
14941278 14941307
4626593 4635459
4953120 4953118
4626593 4172571
4626593 4172571
4615692 4625100
4626593 4635466
4615692 4625101
4615692 4625102
15085922 4660796
22207199 21974537
3242113 3688953
826649 1638142
4535872 4556151
826649 1638145
826649 1638137
807032 1607243
4605385 4615685
4776661 4777235
202 1315
4704246 4139930
3242113 3688952
4594424 4605399
4594424 4605400
4594424 4605398
4587263 4598815
826649 1638136
4554929 3139815
22164775 3139815
22216659 22216677
22216659 22216676
4605385 4615686
22164775 4534763
4508113 4534763
22274365 22025600
3606949 3606997
22164775 4144095
4571867 4144095
14922237 14922247
22223587 22023299
4681568 4637369
4628678 4637369
34081256 4637369
15148964 15148967
14946544 4653925
15163519 15055172
22270295 21991268
22211977 826657
1638210 1592928
1638210 826656
22247601 22008075
4596248 4428131
4596248 4366228
14984001 14984036
4596248 4607030
4704246 4278081
14201139 14201142
826649 1638134
33652990 21981590
22237465 22237468
22109931 22027953
22046406 22046412
22095611 21992313
14922251 14922283
15024742 15024753
22066610 22066625
15024742 15024752
16267 83528
16267 83519
15085922 4654099
826649 1638138
16267 83520
16267 83521
4534766 4554932
4534766 4554937
4534766 4554934
4508113 4534764
4508113 4534771
4508113 4534759
4554884 4571813
4554884 4571814
16267 83522
4534758 4554898
4534758 4554899
4554884 4571815
4676664 4681571
14946544 4660648
14946544 14946548
14946544 14946547
22066610 22066622
22066610 22066621
22066610 22066627
22066610 22066623
22095611 14922423
4955079 4955088
4731565 336635
4571867 4586038
4607027 4137174
4908845 4908869
4779565 3535611
14983993 14984000
15024921 4624895
22265776 4624895
4677463 4682214
15020281 14997869
34031933 22014955
14922237 14922249
37899286 22010523
22095611 21973760
33946947 33946953
15113956 15113965
33876336 33876337
4596248 4607028
14910089 14910105
15177532 15171889
4953120 4953127
4953120 4953159
4681584 4167555
22042354 21985653
22256466 4553943
22164775 3616180
4571867 3616180
22254706 22254709
22223587 22223590
4586040 4369586
22256466 21984039
22239403 3713022
22239403 3998886
15024742 4355206
15085922 4646777
4681584 4686082
4596248 4607029
15148964 15148970
15148964 15148966
22270295 21991271
22270295 21991266
287801 802359
802355 802359
287801 802360
802355 802360
4152450 4285261
4152450 4285264
4152450 4285265
22129780 22129782
202 1279
4780666 4780164
21987421 21987429
22113468 22113475
4587263 4598820
826649 1638143
15024943 15024962
826649 1638144
4596248 4607032
22040069 22040073
22068333 22068345
22102468 22102476
21987551 21987559
15599766 15599773
15599334 15539004
22113473 22113481
22068338 22068355
22263248 22017024
22068342 22068360
15113888 15113898
22254700 22254707
22068333 22068346
22068371 22068381
22125244 22125253
22216885 22216888
22088756 22088765
34090918 33988839
15599738 15599745
34090918 34090369
21987548 21987553
22068342 22068361
22068342 22068362
22068330 22068334
22113465 22113470
15599766 15599771
21987421 21987430
4121312 4264212
22237465 4264212
22088756 22088762
22110990 22110996
22184554 22184561
22237465 4357056
4264214 4357056
22111000 22111005
4421149 4466636
4596248 4607033
15024921 4633936
14909472 14909476
22132149 22132155
3945848 4147617
22216659 22216678
1607254 2457172
14922279 14922310
14922388 14922414
14922217 14922228
4681584 4686088
15025294 15025296
3934257 4140379
33876339 22004309
15599869 4689506
22206750 22206755
22190039 22190044
4535872 4556146
4586040 4431194
4619557 4573289
22164775 4585999
4642106 4649922
15177532 15171880
4642106 4649920
15599869 4704194
22265776 3679995
14194174 4707310
4572874 4586809
14194174 14194177
202 1289
4774556 4770032
22120293 14994481
4681584 4686086
14983993 14984016
14904149 10504037
4556149 4572877
22132151 22132161
4556149 4572878
3606986 3606982
4572874 4586815
4535872 4556152
4586804 4598399
15100261 15100279
15100261 15100283
15100261 15100284
15100261 15100285
15100261 15100286
15100261 15100280
15100261 15100287
15100261 15100273
15100261 15100288
15100261 15100289
4535872 4556153
4681568 4686054
4556149 4572879
4572874 4586810
4509469 4535874
22216645 22216652
4572874 4586808
4586804 4598400
4586804 4598401
4586804 4598394
4509469 4535876
4509469 4535877
22044765 22044736
22132151 22132162
4556149 4572880
4572874 4586811
4556149 4572876
4556149 4572881
4509469 4535878
4572874 4586806
4556149 4572883
4572874 4586812
4572874 4586807
4509469 4535879
4586804 4598402
4619557 4556825
4572874 4586813
4509469 4535880
4556149 4572882
4535872 4556154
4509469 4535881
22216645 22216651
10712224 10712236
14946544 14946551
14922217 14907960
22265776 4596473
15100256 15100265
15100256 15100266
15100256 15100267
15100256 15100268
22192869 22192873
4704246 4690536
22113440 22113444
14946544 14946555
4615652 4625019
22079168 22079173
22206750 21977520
15085922 4638575
4556817 4573232
22132151 22132163
15033594 15033598
4953120 4953160
15048435 15048444
14976554 14976565
14976554 14976566
14976554 14976567
14976554 14976568
14976554 14976569
22079055 21984171
14922327 14922354
22210488 22210490
14922371 14922389
22046071 22046075
4615652 4625020
4615652 3135991
14922237 14922252
15599869 4701076
1607254 2457178
14910089 14910104
15163519 15163526
14903715 14903722
22190039 21972910
15163519 15163527
15163519 15163527
15025294 15025300
14909472 14909484
15177532 15177534
4710657 4713106
15163519 15163521
33779804 33779806
4619557 4628991
22251510 22251513
22192869 22192874
1607254 2457177
22265776 3353728
22154275 22004320
14922217 14922230
22192869 22192875
14922237 14922248
34029918 34029921
14922352 14922372
15163519 15163522
4615653 4625041
15024943 15024968
4571867 1610633
14922352 14922373
22154275 22004316
4619557 4628990
4710657 4713108
22154275 22004325
15020399 4074066
37869240 37869241
37869240 37869242
50403036 22024316
15002019 4644006
22257112 21971854
22257112 21971856
22257112 21971858
22257112 21971862
22257112 21971864
22257112 21971867
22257112 21971871
22257112 21971873
22257112 21971877
22257112 21971879
22257112 21971883
22257112 21971885
22257112 21971888
22257112 21971892
22081589 21966908
22081589 21966910
22081589 21966913
22081589 21966915
22081589 21966918
22081589 21966921
22081589 21966925
22081589 21966927
22081589 21966931
22081589 21966933
22081589 21966937
22081589 21966939
21905968 21905966
4710657 4713102
15599869 4697507
15599869 4693549
22050963 22050969
1278 16222
22257776 15778701
15599869 15599880
14893333 3610795
22211697 22211701
22211697 22211700
15599869 15599881
15599869 15599882
15599869 15599883
15599869 15599884
15599869 15599885
15599869 15599878
15163519 15163528
15113956 15113964
15169026 15169032
22234109 22010667
22234109 22234111
15019161 4283265
4780666 4780671
14925797 14925799
15048435 15048439
10712224 10712233
10712224 10712229
22095596 22095600
37865417 21982577
4666704 387269
22042354 22042359
22042354 22042361
22042354 22042358
22042354 22042363
22042354 22042365
22042354 22042364
22042354 22042357
22042354 22042362
4681584 4686081
1607254 2457013
4659922 2457013
3607254 3607172
22068342 22068359
4953120 4953161
22113465 22113471
22153218 21994204
22046428 22046442
22113465 22113469
22040012 22040016
22159798 22159805
22046445 22046458
15107459 1591559
4659922 804458
4652825 4659638
4652825 4659639
2507196 3175491
22096916 4700909
22265776 21973114
22265776 4372996
22265776 22265779
4677463 4682216
807032 1607251
22256466 4428808
4628678 4537706
3931586 1594395
3934257 801802
4619340 4608175
22164775 3939807
4534766 3939807
14922217 14922231
4686682 4690919
4138703 3130508
15083826 14899269
15083828 14899269
15163519 15160653
34001891 34001892
34001891 15155753
14909472 14909482
15163519 15163524
14909472 14909485
14909472 14909481
34001891 15158467
22118055 22118058
22265089 22265093
15179868 15179870
22265089 22265094
15075708 15075715
22046396 22046401
15148964 15148971
22046409 22046419
22139798 4638370
287801 802361
802355 802361
5146193 5146250
4659922 3135928
289436 807021
22211697 22211704
14938542 14938545
33826398 22007810
15001536 4500873
15048435 15048442
22210459 22210464
22210459 22210465
15599738 15599744
22096916 22000322
4535872 4556150
3136026 84099
4659922 84099
3606950 3607000
22189314 10524416
4746969 4747992
22096916 4617391
15048435 15048440
22171982 22171987
22267208 22171987
22079224 22079232
22079219 22079226
14897039 14897054
15048435 15048445
37869598 15048445
15148964 15148972
15075708 15075718
807032 1607258
4776170 4515567
15048435 15048446
4138703 4277085
807032 1607245
3931586 290330
287746 290330
15048435 15048438
22176839 4432855
22129764 22129766
1638210 801566
22211977 1638178
4534758 4554889
22171979 22171985
22265776 15179534
15075708 15075716
34081256 34081257
22211977 1638169
4776170 4776741
15107459 15107467
4775668 4776160
4776752 4763718
35869431 35869433
22129764 22129767
15048435 15048447
4619340 4628677
3136026 3611347
807032 1607239
281472 1285
202 1285
289436 807017
4776170 4540476
15486927 15486939
4665705 4671201
1594014 2451215
15056599 15056605
22125229 21996348
22125229 21996350
22256466 4660613
22063609 802354
287801 802354
22079214 22079217
4681584 4686083
15019161 15019175
15019161 15019169
22141651 21973106
15148964 15148973
22266133 22027302
22187471 22187475
22176839 4475980
22266133 22027305
22180393 21988808
2451299 3130859
22046409 22046418
4615652 4625015
15020281 14997864
22079224 22079233
22046468 22046485
22046484 22046485
22180393 21988813
22141651 21973109
4953120 4953162
22153206 22153211
22153218 22153232
22153218 22153231
22153218 22153229
22167878 21981010
22187471 22187476
6338462 6338474
3688899 3983843
22083704 22083706
22265776 22016299
14999833 14999862
14999830 14999837
15056379 14917646
22265776 4483957
22180393 21988819
4138703 4277089
4138703 4277090
4138703 4277087
4138703 4277091
4138703 4277092
2507196 3175495
4138703 4277093
22042354 3130698
4776752 4764414
3954033 4152451
4615652 3688658
21919699 21919702
14999834 14999868
10712224 10712234
22180393 21988823
10346062 10345917
22153248 22153256
15113814 15113819
15113814 15113820
15113814 15113821
22132149 22132153
22153248 22153255
22180393 21988830
853363 1667785
2507196 3175494
3934257 4140383
14920206 14920214
22213129 22213132
4508113 4534762
50403037 37895443
3934257 4140381
4542942 4561705
4597719 4608485
22044761 22044766
14904161 10504267
4776170 4559710
22153206 22153212
22153258 22153268
807032 1607229
807032 1607233
22129764 22129770
4676664 4554541
22256466 4628058
4618782 4628058
2451299 1808308
3607254 3931288
289436 289417
4659922 289417
22125593 4636171
22125588 4636171
22046460 22046470
807032 1607241
22256466 22015385
14997808 3934057
22095279 21979493
4659922 84097
15107459 15107465
4553122 4570092
14983993 14984018
14983993 14984018
4775668 4776164
289436 807024
22159796 22159801
15010808 15010801
15010808 15010792
22129549 22129556
22180206 22129556
14960453 14960466
14960526 14960535
15014539 15014548
14960505 14960518
14960476 14960484
22111777 22111784
15014489 15014504
22111777 22111785
15035376 15035388
14960591 14960603
15014539 15014546
15014489 15014505
15169627 15169633
22129555 22129560
14960533 14960539
14960471 14960477
21987415 21981381
4615653 4625032
4619340 4628688
4508113 4534760
14922412 14907949
14922327 14907865
14922279 14907865
22066610 22066624
14983993 14984021
14983993 14984021
15486927 15486940
22176839 4509309
14922182 14908002
6338462 6338477
15025294 15025298
22112238 22112244
22202859 22202862
22202859 22202864
22202859 22202865
22202859 22202866
14957659 14957668
4121312 4264209
22211697 22211705
21984561 21984563
14904155 10504102
4777293 4777886
4686682 4690920
289436 807026
14904161 10504213
15599875 15599901
960193 1797186
15169026 4506403
3136026 3611350
4152450 4285267
289436 807022
15113956 15113966
807032 1607232
807032 1607225
3954033 4152452
2451300 1594044
22084835 22084841
3136026 84167
4776170 4575568
807032 1607236
1594561 2451835
22239403 3275681
22188821 22188823
3606949 3606954
3606958 3606954
4777293 4777882
2507196 3175497
22243733 15194748
4778392 4778986
22222220 22222226
22222220 22222225
22222220 22222227
22222220 22222228
22222220 22222229
22222220 22222230
22222220 22222231
22222220 22222232
22222220 22222233
22222220 22222234
22222208 22222213
22222208 22222214
22222208 22222215
14922182 14908010
14922182 14908017
22079055 4660824
807032 1607252
2507196 3175496
14946544 14946550
4534758 4554886
4652825 4659640
22041715 22041724
15020281 14997874
15599875 4680756
4582185 4594490
4953120 4953163
21987425 21987435
21987418 21987423
15113956 15113967
22237465 22237467
4598931 4609697
281472 1295
202 1295
22101725 22101727
22066604 22066611
2457171 3136016
2457171 3136017
2457171 3136019
2457171 3136023
2457171 3136013
2457171 3136024
2457171 3136020
2457171 3136018
2457171 3136014
2457171 2456646
2457171 3136022
2457171 3136021
2457171 3136010
2457171 1299
4659922 1299
202 1299
2457171 84163
4659922 84163
22153261 22153272
2457171 3136012
22176839 4535780
22046521 22046524
33946947 33946954
14984001 14984041
21919655 21919657
14999860 14999880
14893326 4668923
22191251 22191255
22191251 22191258
22191251 22191257
22191251 22191259
22087127 4429737
6338462 6338475
22087129 4368207
22087127 4368207
33946947 33937111
4908845 4908877
22210092 22210095
22046409 22046417
1278 1280
202 1280
22099355 22022803
33653165 33653167
22099374 22099380
22099379 22099380
22099355 22099360
4659637 4597457
4619340 4597457
50403037 41689831
22066604 22066613
22110979 22110982
33946947 11923678
4642106 4509296
807032 1607227
50403036 37857669
22209603 22008681
6338462 6338472
22167878 21977565
13486395 4160285
13486321 4160285
3966538 4160285
4610002 4160285
33681038 33680942
33681038 33680943
22066604 22066612
13486395 4160284
13486321 4160284
4160289 4160284
3966538 4160284
21919641 21919645
22265776 4653240
13486395 3966541
13486321 3966541
3663298 3966541
4160289 3966541
4610002 3966541
14999833 14999861
14999876 14999899
1607254 2457179
1607254 2457180
1607254 2457181
22265776 4598001
14979937 14897849
33866662 33866663
33866662 33866666
33866662 33866667
33866662 33866668
33866662 33866669
33866662 33866670
33866662 33866671
33866662 33866664
33866662 33866672
33866662 33866673
22210092 22210096
22142775 22142783
22142799 22142783
22087127 4473914
33728146 33728121
22256466 4595631
22175752 22175755
22072459 22072461
22066604 22066614
22153207 22153216
22142774 22142779
22079224 22079230
37876255 37876225
21987548 21987555
22079224 22079231
22039995 22039999
22040026 15509349
22071038 22071041
22160840 22160846
14201139 14201145
15024989 4649808
15241403 4628596
4782922 4783333
22265776 4649789
4676664 4681574
4776752 4765079
22243733 15194750
22167878 21977569
14893326 4663005
22210092 22210097
807014 1607178
33835694 33835695
289436 806947
10712289 10712324
3136026 3611348
84100 289453
14999860 14999883
3607088 3931128
10712224 10712237
3130879 3607251
3607254 3931339
807014 1607171
4615652 4625016
4776155 4624778
4642106 4535764
4681568 4686044
2451299 3130857
14983993 14984012
14983993 14984012
14983993 14984005
14983993 14984005
15012635 15012645
14984001 14984037
14941275 4629286
22079055 14910499
4554884 4571806
14999866 14999887
14999866 14999888
14999866 14999872
14999876 14999895
10488779 10488681
10488779 10488719
10488779 10488767
15024921 4624897
14920206 14920217
4615653 4619247
4665705 4671204
14893326 4656641
3136026 3611351
22209603 22209605
289436 807018
21987469 21987476
4607027 4617178
4781630 4782082
4746016 4747190
15056599 15056607
807032 1607234
14983993 14984008
14983993 14984008
3607088 3931123
3130879 3607263
807032 1607246
34001939 33688551
33809059 15005732
287668 801998
2451300 801998
22265776 4689191
4659637 4665708
4686682 4690921
4642106 4475970
14201139 14201148
807032 1607230
15107459 2448308
14983993 14984019
14983993 14984019
14983993 14984013
14983993 14984013
14983993 14984007
14983993 14984015
14983993 14984015
37889189 962791
21919699 21919703
14957641 14933997
14979937 14897865
4587263 4598801
3945848 4147619
33946947 33946955
4615653 4625031
807032 1607228
4781630 4782085
4121312 4264203
22237465 4264203
3607088 3931124
3607088 3931125
14893326 14893334
22042354 15007479
1607254 2457182
14893326 14893335
807032 1607248
3934257 4140375
14893326 14893336
22256466 4593841
22090074 22090085
13486395 4435719
4376210 4435719
33653318 22017977
807014 1607175
15024930 4663062
15100256 15100262
289436 807020
807014 1607174
289436 807023
4554884 4571808
22129764 22129768
3934257 806938
22216659 22216673
22055962 22055965
4652825 4659635
3931586 4138546
15107459 15107468
4553122 4570077
10712448 10712464
1638210 2482210
22111000 22111004
14904248 4533780
10712448 10712468
3606958 3606977
4553122 4570088
4553122 4570081
4553122 4570080
4553122 4570082
3606860 3930586
15113814 15113829
3136026 289427
3136026 3611352
14904155 10504111
4553122 4570079
34081256 4659632
4652825 4659632
4652825 4659634
4553122 4570083
4553122 4570086
3934257 4140376
3606986 3606984
4535872 4556141
4434588 4477541
4665705 4571574
14957653 14957658
22265776 22183286
34081256 4609048
4652825 4609048
15107459 15107466
3607254 3931340
14983993 14984020
14983993 14984020
807014 1607173
807014 1607170
807014 1607176
22265776 14991538
22154276 4679659
2451299 3130852
14983993 14984002
14983993 14984002
14983993 14984009
14983993 14984009
22267958 22267961
22267958 22267962
22267958 22267963
22267958 22267964
22267958 22267965
22267958 22267966
22267958 22267967
22267958 22267968
22267958 22267969
22267958 22267971
22267958 22267972
22267958 22267973
3607254 3931341
3130879 3607255
2451299 3130871
2451299 3130853
2451299 3130860
22068008 22010228
4677463 4682222
22063699 21973019
22063704 21973019
202 1309
4659637 4665710
3954033 4152457
4686048 4690193
14997808 4140097
2507196 3175493
37867900 21736411
37867902 21736411
22180393 21988837
22211697 22211699
22099353 22099358
22066604 22066616
22142796 22142787
22142777 22142787
22134462 22134468
4587263 4598814
34088066 10504128
14904155 10504128
287668 801999
14976554 14976559
15141671 15141684
5146154 5146195
5146154 5146196
5146154 5146197
15100261 15100272
22153254 3066429
4572835 4586788
15024943 4649815
4686682 4690922
281472 83871
4554929 2460746
3607088 3931129
4681568 4686049
14984001 14984033
3607088 3931119
4586040 3616204
4597719 4554872
15024930 4527516
3607088 3931132
4554929 4571868
4357054 4421151
22237465 4421151
15486927 15486942
4466634 4501463
22053099 22053106
22053099 22053107
5146135 5146155
33946947 33946956
14924499 4627238
4671208 4676642
22129764 22129772
4553122 4570078
34005926 21992991
3606986 3606978
34001939 33688556
4686682 4690914
22118055 22118061
4607027 3930127
3607254 3931342
15113814 15113822
22251508 22251511
13486395 3966542
13486321 3966542
3663298 3966542
4587829 3966542
13486395 4291522
13486321 4291522
4160283 4291522
4599253 4291522
13486375 4557668
4537719 4557668
22105823 22105825
22069655 22069660
4782497 4782501
4782922 4783334
4121312 4264210
22237465 4264210
4121312 4264205
4121312 4264211
4121312 4264206
4121312 4264204
22237465 4264204
4121312 4264207
22237465 4264207
4121312 4264202
36538047 36538049
4652825 4598326
15107459 2448309
4652825 4619268
4615653 4625030
2451299 3130872
14957620 14933869
2451299 3130863
3607254 3931335
2457205 2457247
14927819 2457247
14927132 14927143
14927132 14927144
15056599 15056610
4955079 4955092
50403037 37874075
2507196 3175506
4755236 4657852
4782922 4783335
4615652 4625013
4677463 4682217
14957648 14934026
14957648 14934021
15024742 15024755
287746 802286
22046468 22046486
22046484 22046486
2451299 3130864
2611914 3242099
22079055 22026906
14983993 14984011
22042354 15056656
15056640 15056656
22198446 21965058
960193 1797189
960193 1797188
960193 1797190
960193 1797187
960193 1797191
960193 1797192
960193 1797193
960193 1797194
4598703 4609411
2451299 3130861
4644596 4652209
4644596 4652207
4681568 4686045
3945848 4147625
10712289 10712326
15012635 15012646
3945848 4147621
37882116 33679475
4665705 4585831
4652825 4586742
4652825 4659641
3607088 3931127
3607088 3931130
3931586 2451582
1278 16225
3945848 4147620
22265776 14979484
15019250 15019254
22200342 22200345
22265776 4587443
14907544 14907568
14907544 14907559
22079055 15139655
3242113 3688954
3242113 3688955
3242113 3688956
3242113 3688957
3242113 3688958
3242113 3688959
3242113 3688960
3242113 3688961
3242113 3688962
1797185 2611921
1797185 2611922
1797185 2611923
1797185 2611924
1797185 2611925
1797185 2611926
1797185 2611927
1797185 2611928
1797185 2611929
2611914 3242100
2611914 3242101
2611914 3242102
2611914 3242103
2611914 3242104
2611914 3242105
2611914 3242106
2611914 3242107
4594424 4605387
4594424 4605388
4594424 4605389
4594424 4605390
4594424 4605391
4594424 4605392
4594424 4605393
4594424 4605394
4594424 4605395
4594424 4605396
4671208 4676663
4782497 4782924
4605385 4615675
4605385 4615676
4605385 4615677
4605385 4615678
4605385 4615679
4605385 4615680
4605385 4615681
4605385 4615682
4605385 4615683
4605385 4615684
4782497 4782923
4549864 4567248
4549864 4567249
4549864 4567250
4549864 4567251
4549864 4567252
4549864 4567253
4549864 4567254
4549864 4567255
4549864 4567256
4549864 4567257
4549864 4567258
4549864 4567259
33652929 33652931
4782922 4783331
1638210 2482209
3242137 3688984
3242137 3688985
3242137 3688986
3242137 3688987
3242137 3688988
3242137 3688989
3242137 3688990
3242137 3688991
3242137 3688992
4615692 4625103
4615692 4625104
4615692 4625105
4615692 4625106
4615692 4625107
4615692 4625108
4615692 4625109
4615692 4625110
4615692 4625111
4572835 4586782
37880905 34003515
4686048 4690194
4955079 4955090
4571867 3939793
4597719 4508105
4508113 4534761
4597719 4571778
14983993 14983999
22109931 22109935
15107459 3128803
22046428 22046439
15024930 15024940
4626593 4635468
22080532 22012121
22080532 22024376
22080532 22080535
34001939 33688558
15024921 4649792
4659922 4092499
22189310 22189317
3688899 3983844
3688899 3983845
3688899 3983846
3688899 3983847
3688899 3983848
3688899 3983849
3688899 3983850
3688899 3983851
22243733 22230141
4686048 4690188
4597719 4597618
4607027 4275868
10488599 10488643
10488779 10488643
4681568 4686040
34081256 4686040
4676664 4681577
34081256 4676659
4671208 4676659
4765022 4765659
2451299 3130865
22206748 22206752
4750361 4751479
4671208 4676662
14927132 14927142
22265776 21965258
15049940 15049947
35413292 34031935
50403038 22011953
4652825 4659633
4652825 4659631
22099374 21973236
4908845 4908871
4587263 4598813
4587263 4598812
14927132 14927145
50403039 21996534
2451299 3130873
50403040 37884771
50403039 37896732
22042354 14890528
4659637 4665702
3607254 3931343
15173335 15173342
15173335 15173343
4666704 4672373
4757710 4748005
4572835 1606367
22132483 22132486
22132483 22010420
2451299 3130866
22206748 22020011
2451299 3130867
4731565 4689607
4751449 4752482
2451299 3130854
3130879 3607257
3607254 3931345
3130879 3607258
14904182 10504108
4666704 4672372
22099353 22099357
36850143 33728272
3607254 3931344
4752480 4753421
36654932 33666710
14201139 14201147
36654932 33666712
21987421 21987427
14903715 14903725
22189327 22189329
16221 1277
202 1277
22164775 2460742
36010791 36010793
4686048 4690198
4586804 4598403
36010792 36010794
34081256 34081258
22240773 22240776
22180206 22180216
22228705 22228707
22133842 22133849
4644596 4652214
4644596 4652215
4665705 4671205
4607027 4617179
4681584 4686096
4681584 4686097
4710657 4713114
4710657 4713115
4715684 4718072
14909472 14909483
37895394 37895395
4593339 4604503
4593339 4604504
4593339 4604505
4593339 4604506
4593339 4604507
4593339 4604508
4593339 4604509
4593339 4604510
4593339 4604511
14902878 14902885
14902878 14902886
5146239 5146308
5146239 5146310
5146239 5146314
5146239 5146311
5146239 5146313
5146239 5146307
5146239 5146309
5146193 5146245
5146193 5146246
5146193 5146241
5146193 5146242
5146193 5146244
5146193 5146247
5146193 5146240
5146193 5146243
5146154 5146191
5146154 5146192
5146154 5146185
5146154 5146188
5146154 5146186
5146154 5146190
5146154 5146187
5146154 5146189
41689833 37893233
41689833 37884224
37884225 37884224
41689833 37884226
41689833 37884227
21996800 21996810
41689833 37884228
4586788 4598359
41689833 37868926
41689833 4635736
4626969 4635736
5146135 5146157
5146135 5146158
5146135 5146159
5146135 5146160
5146135 5146161
5146135 5146162
5146135 5146163
5146135 5146164
5146135 5146165
5146135 5146166
5146135 5146167
14904599 14904611
33998439 14904611
33998438 14904612
14904599 14904612
22211702 22211712
22071020 22071029
4585467 4597133
15025294 4597133
15025294 15025301
15025294 15025299
15025294 15025299
22152036 22152040
22231224 22152040
36850143 15100098
15100093 15100098
21969625 15100098
4627475 4636208
36850143 4636208
22167878 21977579
15163519 15163525
9592502 9592522
22118055 22118059
22154276 4684141
15024943 4642025
22101728 22101731
15009012 15009022
1278 1297
202 1297
15113989 15113997
4659922 806931
15113888 15113899
22102464 22102469
14194174 4473475
22154181 22154186
22230122 22230125
22191256 22191266
37888861 34043139
33946947 22020569
15012635 15012644
15113888 15113900
3606949 3606956
31880266 13239822
22175752 22175756
22046502 22046515
22200342 22200347
3606949 3606955
22200342 22200346
22200344 22200352
22200344 22200351
22071020 22071028
22200344 22200353
287801 802358
802355 802358
4152450 4285266
22142781 21994441
4743818 4744837
22221123 22008006
22221123 22019954
22221123 22006062
22221123 21970235
22221123 22221125
22142772 22015591
22142796 22015591
22142799 22015591
22142786 22015591
1638210 1592937
15113847 15113859
22134494 21990124
14957659 14934010
14957641 14934010
34002515 33320750
3606860 3930583
22259637 22259640
22259637 22259639
22259637 22259641
22174334 22174339
21666065 21666075
21666065 21666076
21666065 21666077
21666065 21666078
21666065 21666079
21666065 21666080
21666065 21666081
21666065 21666082
3606986 3606979
4676664 4681572
22111007 22111015
22275820 22275822
22135512 22135513
22135506 22135513
4666704 4672368
22207197 22030814
4955079 4955095
4955079 4955095
33946947 33946957
22068330 22068335
15778605 15778616
15778625 15778616
15778605 15778613
15778625 15778613
15778625 15778648
15599766 15599772
33835694 33835697
33835694 33835698
33835694 33835699
33835694 33835700
33835694 33835701
33835694 33835702
33835694 33835703
33835696 33835705
33835696 33835706
33835696 33835704
33835696 33835707
33835696 33835708
33835696 33835709
33835696 33835710
33835696 33835711
33835696 33835712
33835696 33835713
33835696 33835714
15113605 15113608
22207197 22207200
14903715 14903723
4777293 4777893
34090921 34090897
34081256 4681570
4676664 4681570
3606986 3606959
14194174 14194181
22113473 22113480
801991 1594016
34090918 34090899
22109931 22021534
22134487 22134496
15042731 15042740
15008983 15008989
22223587 22159811
15113989 15113998
22230750 10028440
22216645 9197970
22086574 22086580
22142796 21998715
22142774 21998715
22142786 21998715
22254695 22254701
34002332 33870831
22036966 22036971
22165269 22165279
22158158 22158165
22137912 22137917
22142001 22142007
22192867 22192870
22216645 22216653
4582185 4594488
22167881 21977585
13486395 4478819
4435716 4478819
3606860 3930582
22201383 22201386
2620107 3248847
673815 1416226
673815 1416225
673815 1416227
673815 1416228
673815 1416229
673815 1416230
673815 1416231
673815 1416232
673815 1416233
673815 1416234
673815 1416235
673815 1416236
673815 1416237
673815 1416238
673815 1416239
14987155 14987163
4554884 4571803
15227556 15227576
15227556 15227580
15227556 15227574
15227556 15227579
15227556 15227582
15227556 15227551
15227556 15227578
15227556 15227575
15227556 15227583
22087397 22087406
22134469 22134481
15019604 15019611
1416222 2289050
1416222 2289049
1416222 2289051
1416222 2289052
1416222 2289053
1416222 2289054
1416222 2289055
1416222 2289056
1416222 2289057
1416222 2289058
1416222 2289059
1416222 2289060
1416222 2289061
1416222 2289062
1416222 2289063
1416222 2289064
22158158 22158163
22223587 22223591
287801 802351
802355 802351
3606783 3930546
22194854 3930545
3606783 3930545
3606860 3930585
22077653 21976528
35892713 35892715
35892713 22104723
22104714 22104723
35892721 22104718
22104714 22104718
35892721 22104720
22104714 22104720
22104714 22104728
35892720 35892722
35892720 22104721
22104714 22104721
35892723 22104719
22104714 22104719
35892723 22104722
22104714 22104722
22104714 22104729
35892714 35892717
35892714 22104725
22104714 22104725
22104714 22104724
35923911 35923913
22033339 22033341
22230014 22033341
22257692 22033341
22257692 22033341
22153768 22033341
36036053 22033341
22076458 22033341
22258322 22033341
22231224 22033341
22062169 22033341
22033339 22033345
22230014 22033345
22257692 22033345
22257692 22033345
22258322 22033345
22258327 22033345
22231224 22033345
22233439 22198894
22258327 22198894
15100256 15100263
84100 289449
1594014 2451214
3934257 4140377
22282024 10504029
22257692 22033692
22033685 22033692
22185214 22033692
22231224 22033692
22185214 22185221
22033685 22033690
22185214 22033690
22231224 22033690
22185214 22185220
22257692 22033691
22033685 22033691
22185214 22033691
22231224 22033691
22185214 22185217
22185214 22185218
22185214 22185219
4432908 4476120
202 1291
16267 83506
202 1300
22113443 22113457
22230014 22230019
22033339 22033342
22230014 22033342
22231224 22033342
22230014 22230017
22033339 22033346
22230014 22033346
22230014 22230018
34032436 22230018
15113847 15113856
34002376 34002377
4619340 4580686
22210449 22191931
22033339 22033343
22210449 22033343
22033339 22033344
22210449 22033344
22033339 22033347
22033685 22033347
22191922 22033347
22231224 22033347
22210449 22033347
22210449 22191935
22110359 4291524
4160283 4291524
34032436 22191924
22191922 22191924
22257692 22033687
22257692 22033687
22033685 22033687
22191922 22033687
37907260 22033687
22191922 22191926
22048103 22048108
15113937 15113952
22134494 21990128
22191922 22191929
37907260 22191929
22257692 22191925
22198885 22191925
22191922 22191925
22231224 22191925
22191922 22191927
15599755 15599756
14976554 14976562
22055963 22055968
37888861 37888862
33728352 33728353
33728352 33728354
22134414 22134416
22258324 22134416
22231224 22134416
22134414 22134417
34032436 22134417
22258324 22134417
22134414 22134418
22134414 21994900
22233439 21994900
22257692 21994900
22134414 22134419
15009019 15009027
15114003 15114013
22233439 22233442
22233439 22198888
22198885 22198888
22233439 22198889
22257692 22198889
22257692 22198889
22198885 22198889
22233439 22233441
22257692 22198890
22257692 22198890
22198885 22198890
34032436 22198897
22257692 22198897
22207197 22030816
4665705 4671210
22280729 22257697
22257692 22257697
22258328 22257697
22280729 22258329
34032436 22258329
22258328 22258329
22280729 22280732
22280729 22231234
22257692 22231234
22231224 22231234
22280729 22257701
22257692 22257701
34032436 22240877
37907259 22240877
22240874 22240877
22240874 22240881
22257692 22240879
22240874 22240879
4676664 4681578
22134494 21990131
22216885 22001582
34081256 4681569
4676664 4681569
37869240 22000370
15113869 15113883
22265776 4640103
22206750 21980646
3606950 3606951
3606950 3606951
3606949 3606957
4509465 4535849
4676664 4681575
34081256 4681576
4676664 4681576
22216645 22216650
22137931 22137936
4509465 4509456
3130879 3607259
15113814 15113823
22079224 22079174
22079168 22079174
22090074 22090082
2451300 3130880
22120293 22011911
22087397 22087408
15008983 15008988
289436 807015
22159803 15464537
15600054 15600058
37888861 37888863
22044768 22044744
21987497 21987504
10712228 10712252
22041699 22041706
34001939 33806390
15008999 15009005
22088748 22088752
15600078 15600089
22240874 22240882
22240874 22240878
22240874 22240884
22240874 22240880
37907259 22240883
22257692 22240883
22240874 22240883
22135220 22135230
22135220 22135228
22135220 22135227
22135220 22135229
22257692 22135223
22135220 22135223
22135220 22135225
22135220 22135224
22135220 22135226
22191256 22191267
22282272 22033694
22033685 22033694
22079169 22079180
22282272 22282277
22282272 22033688
22033685 22033688
22282272 22282276
22153218 22153230
22066604 22066615
22056774 22056776
22257692 22033693
22282272 22033693
22033685 22033693
22282272 22282275
22282272 22282278
22282272 22282280
22142772 21980428
22142799 21980428
22142786 21980428
22198885 22198887
22198885 22198891
15599343 15599347
22090075 22090089
22090072 22090077
22090088 22090077
22090074 22090077
22090088 22090098
22090072 22090078
22090094 22090100
22090094 22090101
36013770 36013772
15599343 15599348
22090088 22090099
22090075 22090090
22033685 22033695
22033685 22033696
21987469 21973006
22087397 22087407
3606949 3606976
3606958 3607003
22276245 22231233
22231224 22231233
34002515 34002516
4774556 4775119
3130879 3607260
4666704 4672369
4666704 4672370
4671208 4676667
14897039 14897043
2620107 3248846
34081256 21986763
4637368 4645403
4659637 4665707
22111014 22012198
22215054 22215057
4628678 4556080
4777293 4777885
15024930 15024945
41688541 33653180
22191252 22191263
22088758 22088770
22142796 22012846
22142799 22012846
22142781 22012846
22142786 22012846
3954033 4152461
4556817 4573222
22046394 22046397
22237465 22237472
22159796 22159800
22192869 22192876
4774556 4775113
15008976 14974678
15113814 14969979
22030306 21977920
22088758 22088771
37902508 22044728
22044725 22044728
22090080 22090083
22090074 22090083
22134494 21990122
15019250 802327
22184548 22184551
22048103 22048109
22134465 22134474
22070782 21985837
15113869 15113884
22111031 22111034
15600057 15600068
15008973 14974679
15009012 15009020
22132149 22132156
22157532 22157534
22099135 22099138
22158158 22005658
22047524 22047531
4677463 4682213
33946947 33946958
16221 83245
22223587 22159806
22159798 22159806
22088756 22088763
15113847 15113860
15113847 15113857
22040069 22040074
15113996 15114004
1278 16235
34090918 34090919
15113869 15113885
22055931 22055936
22134465 22134472
21987469 21987473
15114003 15114014
22134465 22134473
34002332 33870832
22137943 22137945
22044740 21966421
34002332 33870829
34002332 33870825
34002332 33870824
34002332 33870826
34002332 34002335
34002332 34002334
34002332 34002333
22120293 22120295
22216645 22216654
21987454 21987460
4121312 4264208
22237465 4264208
22142796 21979995
22142775 21979995
22142799 21979995
22142786 21979995
22158158 22005660
15113972 15113983
22113468 22113477
22046411 22046424
33946947 13372776
22132149 22132154
22046526 22046532
15113972 15113984
4605466 4615809
22137934 22137940
15008983 15008987
22192869 22192877
22142001 22142004
15113888 15113901
50403037 37887630
15113937 5894055
22048103 22048110
15113920 15113930
15598411 15598425
15113920 15113934
22132149 22132152
15085193 15085066
22102462 22102465
22134487 21990136
22044755 22044759
22142796 22025534
3191747 3649720
22044768 22044733
22099164 22099169
22040032 15465912
22090072 22090076
22090074 22090076
22044768 22044737
15113972 15113985
22221669 22221675
22182420 22182424
21999157 21999160
4152450 4285260
22164775 4474704
4586040 4474704
15113920 15113932
22162213 22162217
22162213 22162218
22162213 22162219
22162213 22162220
22162213 22162221
22162213 22162222
22162213 22162223
22162213 22162224
16221 83238
4666704 4672371
3931586 4138545
3954033 4152462
22036975 21986937
22216659 22216674
22134487 21990133
22125257 22125266
4756069 4756832
37888861 22010008
14201139 4473665
4753419 4754338
22111014 22012200
15113814 15113825
5146239 5146312
15113814 15113818
22068342 22068363
14983993 14984022
15100256 15034813
14908599 14900178
4955079 4955089
15113956 15113963
15024921 4633941
4659637 4665703
14924499 4635983
34001939 33806392
33674668 33674207
15056640 15056654
15056640 15056649
15056599 15056603
4746969 4747994
15113996 15114005
41688541 22011364
22191262 22191274
21919707 4637290
22088758 22088772
22076714 22076719
22184829 22184833
22040069 22040075
34014138 34014140
34014138 34014139
14976554 14976563
15100261 15100276
15100256 15034807
15100261 15034821
4642106 4649919
22135515 22135518
4677463 4682220
22142781 22000726
21919713 21919714
22079219 22079227
22046500 22046511
22046507 22046511
22142796 22002284
22142786 22002284
22142777 22002284
22270295 22001260
14903715 14903724
22088758 22088768
3606986 3606985
22254692 22254697
22223587 3131164
22159799 3131164
22099174 22099177
4556817 4573223
4677463 4682223
4609410 4619556
4686048 4690191
15085193 15085197
15599766 15599769
4746969 4747997
15600078 15600091
22254695 22254702
22111014 22111019
4556817 4573224
22216649 22216664
4715684 4718073
15008999 15009004
14897039 14897042
22223587 22023301
22159803 22023301
22089053 22023301
4509465 4535852
22206750 22007898
22237465 22237469
4619340 4628680
4554884 4571805
15113888 15113902
15009012 15009021
15113920 15113933
22216649 22216662
15075404 15071215
15075404 15071229
15113814 15113826
22087397 22087405
15600057 15600069
22090080 22090084
22090074 22090084
15008973 14974684
15113814 15113827
22254706 22223589
22223587 22223589
22077653 22077656
22216649 22216663
34002332 34002336
34002332 34002337
22017852 22017854
22221669 22221674
22088758 22088769
15008999 15009006
3136026 3611346
22206750 22022766
4710657 4713105
22111017 22111017
21987542 7363461
4509465 4535855
4619340 4628686
36039809 36039811
4644596 4652216
4644596 4652217
4609410 4619560
4609410 4619561
4609410 4619562
4609410 4619563
4609410 4619564
4609410 4619565
4609410 4619566
22017852 22017855
3191747 3649721
3191747 3649722
3191747 3649723
22046396 22046402
15008999 15009003
22002847 22002853
4619557 4628992
4619557 4628993
4619557 4628994
4619557 4628995
4556817 4573225
4556817 4573226
22277527 22277530
22277527 22277531
22277527 22277532
22277527 22277533
22277527 22277534
22277527 22277535
22277527 22277536
22277527 22277537
22277527 22277538
22277527 22277539
22277527 22277540
22277527 22277541
22277527 22277542
22277527 22277543
22277527 22277544
22102464 22102470
15113869 15113886
4152450 4285268
15113917 15113925
22134487 22134495
1278 16232
22134469 22134480
22160840 22160847
22086574 22086579
22201383 22201387
287801 802352
802355 802352
22201383 10345988
10345951 10345988
3945848 4147626
4908845 4908878
15113847 15113858
33809059 22006311
34081256 4671206
4665705 4671206
4665705 4628687
4619340 4628687
4644731 4652392
4618782 4628060
15019260 15019264
22134461 22134466
15113917 15113926
15008976 14974686
4618782 4628055
4644731 4644760
3191747 3649724
4652391 4659126
3606958 3930802
4731565 4685414
15600078 15600090
22068333 22068344
3191747 3649725
4908845 4908879
15113989 15113999
22088748 22088753
4556817 4573227
4572835 4586790
22273974 10712251
10712228 10712251
22017852 4573228
4556817 4573228
22017852 4609414
4598703 4609414
4677463 4682221
4746969 4747993
22017852 22017856
4677463 4682224
34002376 15069154
22282817 22282823
22282817 22282825
22282817 22282827
22282817 22282822
22282817 22282824
22282817 22282826
22282817 22282821
15008993 15009000
22210459 22210466
15019250 15019256
15600057 15600070
22134469 22134482
15008973 14974676
15113989 15114000
15113920 15113935
22142796 22027917
22142786 22027917
22142777 22027917
15113917 15113927
22142775 21996561
22142786 21996561
15113814 15113828
22125252 22125259
15019250 15019255
15600078 15600092
22052623 22052630
4681584 4686080
22216659 22216675
36850143 33688726
14904186 14904192
1278 16236
22071805 22071810
4756094 4756852
15008976 14974682
22216649 22216661
4780163 4779555
22191262 22191275
22159799 2451619
22159796 2451619
22142796 22027879
22142774 22027879
22142786 22027879
22046456 22046465
37888861 33653283
22268582 21978754
37888861 22008590
14924786 4629282
14904238 4585648
22071805 22071809
22071805 22071813
14984039 14984123
22069656 22069669
4715684 4718067
15141671 15141689
22201383 22201388
36004768 22201388
281472 790194
15083848 15083856
4627849 4636481
4432864 4476037
14904193 4618321
14904238 4571418
14904182 10504118
15141671 15141685
4587263 4598821
15019604 15019609
202 1310
84100 289446
3136026 3611349
3931586 3607509
4681584 4686089
4429123 2773208
15019604 15019610
22087458 2906950
4642106 4649923
853363 1667784
22071805 22071812
15083842 4606988
15056640 15056657
4593339 4604500
22203964 21998942
14927819 14927821
4587263 4598822
14954285 14930845
22265776 22265781
15241403 15241405
4432864 4476038
16221 1294
202 1294
14201139 14201143
22088280 22088287
281472 307
202 307
22165500 307
14984001 14984035
22265776 22019215
36110152 15009834
4780664 4777745
4686682 4690915
2451299 3130862
14904158 10504024
34088063 10504024
22134067 22134072
15241403 15241406
36030028 33835737
3607088 3931121
4681584 4686093
4629668 4629666
4620337 4629666
22257692 4629666
4731808 4629666
14904155 10504161
14904146 10504069
22042354 10504023
14904158 10504023
34088063 10504023
4432864 4476039
4432864 4476040
4776155 4776668
10488779 10488721
37880905 34003513
4612437 4622317
4612437 4622318
22265776 22265780
34001939 33688552
22118055 22118060
14987155 14987162
22236601 22012886
37880905 34003514
33779815 33779819
14897039 14897055
4432864 4476045
4432864 4476046
22160871 22160872
14904178 10504098
14904158 10504016
34088063 10504016
22265776 22003372
14954285 14930860
281472 790199
14935981 14935993
22207075 14935993
4615653 4625028
22079055 22079061
14904146 10504080
4597719 4534750
4776661 4777237
15141671 15141690
4594421 4605377
802355 1594471
4686682 4690923
15083826 14899280
4554929 4571872
4597719 4608539
34000676 34000677
4534766 4554931
4554929 4571875
15026174 14900500
34031933 34031934
4597719 4608536
28962217 15128447
15083826 14899268
4534758 4554900
22171982 3627404
22267208 3627404
15083834 4570035
4554929 4571873
15083826 14899266
15026563 15026573
4138703 4277083
14893333 4136581
14893333 4649806
15019604 15019612
22118055 22118063
22265776 21985794
13443190 13443192
22257692 22257720
22257692 22257721
22257692 22257704
22257692 22257698
22257692 22257695
37873803 22257695
22257692 22257694
22257692 22257705
22257692 22257706
22257692 22257707
22257692 22257708
22257692 22257710
22257692 22257710
22257692 22257703
22257692 22257700
22257692 22257716
22257692 22257717
22257692 22257718
22257692 22257709
22257692 22257711
22257692 22257712
22257692 22257713
22257692 22257702
22257692 22257714
22257692 22257699
22257692 22257715
22018438 22018436
22276245 22276253
22276245 22231235
22231224 22231235
22276245 22231239
22276245 22231241
22276245 22276248
22276245 22276251
22276245 22276249
22276245 22276252
22276245 22276250
22276245 22276254
22231224 22231236
22231224 22231228
22231224 22231227
22231224 22231229
22231224 22231230
22231224 22231231
22231224 22231226
4549881 4567286
13486375 13486397
22152036 13486397
22174506 22174517
22174506 22174515
22174506 22174512
22174506 22174513
22174506 22174510
22174506 22174521
22174506 22174514
22174506 22174509
22174506 22174516
22174506 22174511
22174506 22174518
15600438 15600443
35969815 35969819
35969815 35969820
35969815 35969821
35969814 35969816
35969814 35969817
35969814 35969818
10712448 10712469
10712448 10712470
10712448 10712471
10712448 10712472
10712448 10712473
10712448 10712474
10712448 10712475
10712448 10712476
22167881 21977590
15004847 14972017
14922412 14907955
4756094 4366367
22079055 21993186
22070205 4912612
4753419 4754339
4752480 4753422
4757759 4757761
4752499 4684891
4752480 4753423
15241403 15241407
10488766 10488782
10488805 10488782
14984039 14984121
36037536 36037539
14987155 14987165
14984039 14984122
33667742 33667747
33667742 33667746
33667742 33667748
33667742 33667749
33667742 33667750
33667742 33667751
33667742 33667752
33667742 33667753
33667742 33667754
33667742 33667755
33667742 33667756
33667742 33667757
33667742 33667758
33667742 33667759
33667742 33667760
33667742 33667761
33667742 33667762
33667742 33667763
33667742 33667743
33667742 33667764
33667742 33667765
33667742 33667744
33667742 33667745
33667742 31911532
37867280 37867281
37867280 37867282
37867280 37867283
37867280 37867284
37867280 37867285
37867280 37867286
37867280 37867287
37867280 37867288
37867280 37867289
15040082 15040095
15040082 15040096
15040082 15040097
15040082 15040098
15040082 15040099
15040082 15040100
15040082 15040101
15040082 15040102
15040082 15040103
15040082 15040104
15040082 15040105
15040082 15040106
15040082 15040107
15040082 15040108
15040078 15040083
15040078 15040084
15040078 15040085
15040078 15040086
15040078 15040087
15040078 15040088
15040078 15040089
15040078 15040090
15040078 15040091
15040078 15040092
15040060 15040064
15040060 15040065
15040060 15040066
15040060 15040067
15040060 15040068
15040060 15040069
15040060 15040070
15040060 15040071
15040060 15040072
15040060 15040073
15040060 15040074
15040060 15040075
15039982 15040015
15039982 15040016
15039982 15040017
15039982 15040018
15039982 15040019
15039982 15040020
15039982 15040021
15039982 15040022
15039982 15040023
15039982 15040024
15039982 15040025
15039982 15040026
15039982 15040027
15039982 15040028
15039982 15040029
15039957 15039966
15039957 15039967
15039957 15039968
15039957 15039969
15039957 15039970
15039957 15039971
15039957 15039972
15039957 15039973
15039957 15039974
15039957 15039975
15039957 15039976
15039957 15039977
15039986 15040034
15039986 15040035
15039986 15040036
15039986 15040037
15039986 15040038
15039986 15040039
15039986 15040040
15039986 15040041
15039986 15040042
15039986 15040043
15039986 15040044
15039986 15040045
15039986 15040046
15039986 15040047
15039965 15039988
15039965 15039989
15039965 15039990
15039965 15039991
15039965 15039992
15039965 15039993
15039965 15039994
15040002 15040050
15039965 15039995
15040002 15040051
15039965 15039996
15040002 15040052
15039965 15039997
15040002 15040053
15039965 15039998
15040002 15040054
15039965 15039999
15040002 15040055
15039965 15040000
15040002 15040056
15040002 15040057
15039980 15040004
15039980 15040005
15039980 15040006
15039980 15040007
15039980 15040008
15039980 15040009
15039980 15040010
15039980 15040011
22192878 22192886
15486941 15486957
15486941 15486958
4584761 4596607
22088276 22088282
4776155 4776666
3931586 3131128
4681584 4686085
22030312 22030313
33779866 33779867
22256755 22256759
33099915 33099914
15227559 15227589
22201383 10345845
10345826 10345845
37891352 10345845
37891352 15122133
15122130 15122133
15019161 15019170
22030309 22030311
4659637 4665704
15122130 15122134
15122130 15122135
15122130 10345935
10345881 10345935
15122130 15122136
15122130 15122137
15122130 15122138
15122130 10345936
10345881 10345936
15122130 15122139
22186996 22187000
22186996 22187001
22186996 22186998
4534301 4554533
4152450 4285259
22173336 22173340
4509469 4535869
10712224 10712238
22186996 22187002
10345843 10345866
22186996 10345866
10346004 10345866
10345951 10345866
3607088 3931126
22186996 10345949
36004768 10345949
36001874 10345949
10345934 10345949
22030309 22030310
22030292 22030293
22173336 22173341
22186996 22187003
10346062 10346067
22186996 10346067
22056042 22005704
22095249 22005704
22056040 22005704
13486375 4557669
4537719 4557669
14987155 14987166
10345944 10345967
22105823 10345967
22105823 22105829
10345917 10345942
10346015 10345942
22105823 10345942
22105823 22105830
22105823 22105831
22105823 22105832
4152450 4285271
34002376 15069153
3930560 4137607
4137608 4137607
34450933 21969092
21919662 21919667
36039269 34004173
33779871 15600289
22176846 22176852
34002376 21828986
22192878 22192890
22188766 21995856
36039269 34004174
33936246 33936244
3606860 3930588
34133643 22067814
22046460 22046473
22046460 22046471
22046460 22046472
22046460 22046474
22046468 22046487
22046468 22046488
22046468 22046489
22046500 22046506
22046500 22046508
22046500 22046509
22046500 22046510
22046507 22046510
22046500 22046512
22046507 22046512
22046500 22046513
22046507 22046513
22046468 22046490
22046411 22046425
4615653 4625037
4955079 804459
22203274 21979813
4556149 4473685
15241403 15241412
22046460 22046475
22046460 22046476
22046460 22046477
4659637 4608342
36544955 22266257
4651061 4657863
29715549 29715578
29715549 29715552
29715549 29715550
29715549 29715553
33674668 33674657
22099374 22099381
3606820 3930563
33658992 33658993
33658992 33658994
33658992 33658995
33658992 33658996
33658992 33658997
33658992 33658998
33658992 33658999
33658992 33659000
33658992 33659001
33658992 33659002
4137610 4276287
34001939 33806398
34001939 33806395
22087130 22087141
15210389 15210404
15210389 15210405
15210389 15193206
281472 1281
202 1281
1278 1292
202 1292
14904173 10504042
34088063 10504042
4715684 4718066
22070205 4912621
22154673 22154676
22263014 22167011
22118347 22118358
22087130 22087142
33876690 22012888
14893333 14893347
14893333 14893348
22110359 4376219
4291528 4376219
22110359 4376217
4291528 4376217
22225132 22154775
14957692 14957698
22110359 4160291
3966539 4160291
22110359 4160290
13486375 4160290
3966539 4160290
4573947 4160290
4587829 4160290
22110359 4376211
4291520 4376211
13486395 4376212
4291520 4376212
22110359 4435718
4376210 4435718
22110359 4478818
13486395 4478818
4435716 4478818
22110359 4511868
13486395 4511868
13486321 4511868
4478816 4511868
4599253 4511868
13486375 4537720
4511865 4537720
13486375 4537721
4511865 4537721
13486375 4573948
4557667 4573948
37879968 4573948
13486375 4573946
4557667 4573946
13486375 4587830
4573947 4587830
13486321 4629451
4620029 4629451
13486321 4629452
4620029 4629452
22152039 13486381
13486344 13486381
22152039 13486380
13486344 13486380
13486375 13486398
22071053 21913781
10345843 10345865
22069655 10345865
10345868 10345915
22069655 10345915
22069655 22069661
22069655 22069664
22069655 22069665
22069655 22069666
22069655 22069662
4686048 2351926
4637368 4645402
4749180 4750328
1607254 2457183
15024930 15024949
33946947 33946950
3650871 3960619
22278907 3960619
3650871 3960620
22237106 3960620
14922412 14907888
3650871 3960621
22278907 3960621
853363 1667793
22046428 22046440
4686048 4690187
4509469 4535870
14920206 14920218
22256466 22256468
4615653 4625035
14999860 14999878
4731565 4733113
3650871 3960622
22278907 3960622
3650871 3960623
22237106 3960623
3650871 3960624
22278907 3960624
3650871 3960625
22237106 3960625
3650871 3960626
22219578 3960626
3650871 3960629
22219578 3960629
3650871 3960627
3650871 3960628
22219578 3960628
4671208 4676658
22265776 4627598
2537464 3193363
2537464 3193364
2537464 3193365
4908845 4908872
2537464 3193366
14922412 14907910
2537464 3193362
2537464 3193367
2537464 3193371
2537464 3193368
2537464 3193369
2537464 3193370
14700843 14700851
14700843 14700852
14700843 14700848
14700843 14700853
14700843 14700854
14700843 14700855
14700843 14700850
22167881 22167886
22088774 22088780
22088774 22088781
33779814 33779818
33779873 33779876
33779815 33779820
22099374 22099382
37903715 37903716
15600438 15600444
33779886 33779882
15045391 15045396
4432908 4476124
4472519 4472521
4428299 4428305
3930562 4137612
14922251 14907881
36047271 34091775
22265776 4715606
1634901 2480525
36047970 36047971
36047970 36047972
33876690 22012892
22256466 22256469
22265091 22265097
22190039 21972905
4756094 3606628
22251874 22251876
22251874 22251878
22251874 22251879
22251874 22251877
4665705 4671202
4681568 4686043
22112238 22112241
22112238 22112242
4955079 4955094
4138703 4277084
14201139 14201149
22063699 4792129
1594561 1296
202 1296
1594561 1286
202 1286
1594561 16289
1594561 1293
202 1293
4509465 4535851
1594561 16338
14904176 10504077
22066602 22066605
33779886 33779883
4749223 4750374
15600438 15600445
15241403 14921808
4651061 4657864
22274064 22274067
34091084 34091085
22192878 22192887
22192878 22192888
22192878 22192889
22088766 22088776
34079566 34079569
22167881 21977598
33656183 33656185
33876690 22012895
1594014 2451208
12827384 12827401
12827384 12827402
34079566 34079570
34079566 34079568
22099353 4604550
22088958 22088960
22088958 22088961
22088958 22088962
22088958 22088963
22088958 22088964
22088958 22088965
12827384 12827403
14194174 14194176
22079055 15176884
22070205 4912642
4659637 4665709
14927802 14927805
22263014 22167013
22167881 21977603
3130879 3607261
3130879 3607261
84100 289445
4137608 4276282
4374070 4434042
4644596 4652218
50403041 15180690
22095279 21975846
3606998 3930907
3606980 3930907
3606998 3931005
3606998 3930910
3606980 3930910
3606998 3930911
3606980 3930911
3606998 3931006
3606998 3930921
3606980 3930921
3606998 3930922
3606980 3930922
3606998 3931007
3606998 3930923
3606980 3930923
3606998 3930908
3606980 3930908
15093853 15093856
4745834 4746977
37895810 34005121
3606999 3930913
3606980 3930913
3606999 3930914
3606980 3930914
3606999 3930915
3606980 3930915
3606999 3930916
3606980 3930916
3606999 3930904
3606980 3930904
3606999 3930917
3606980 3930917
3606999 3930918
3606980 3930918
3606999 3930903
3606980 3930903
3606999 3930919
3606980 3930919
3606999 3930905
3606980 3930905
3606986 3930987
3606986 3930988
3606986 3930989
3606986 3930990
3606986 3930991
3606986 3930992
3606986 3930993
3606986 3930994
3606986 3930995
3606958 3930803
3606958 3930804
3606958 3930805
3606958 3930806
3606958 3930809
3606958 3930807
3606958 3930808
22140464 22140468
3606980 3930906
3606980 3930909
3606980 3930924
3606980 3930925
3606980 3930926
3606980 3930927
14899178 5014899
14920206 14920215
33779890 33674958
22066602 22066606
3606950 3930696
3606950 3930697
3606950 3930698
3606950 3930699
3606950 3930700
3606950 3930701
3606950 3930702
3606950 3930703
3606950 3930704
3606950 3930705
3606950 3930706
3606950 3930709
3606949 3930678
3606949 3930679
3606949 3930680
3606949 3930681
3606949 3930682
4681568 4686042
21987482 21987489
21987548 21987554
21987421 21987428
33674668 33674670
84100 289448
22262242 22262245
22077401 22077403
33674668 33674671
32795734 22064069
14909472 14909479
37865765 22018485
21987566 21987570
21620688 21620711
21620686 21620708
21620686 21620709
21987540 21987544
22014426 22014428
22195816 22075921
4745834 4746979
4756107 4755244
4754379 4755244
4615653 4625034
13486321 13486346
13486321 13486348
13486344 13486378
13486344 13486385
13486344 13486386
13486344 13486377
13486344 13486379
13486344 13486382
13486344 13486387
13486344 13486388
22110359 4511867
4478816 4511867
37879968 37879969
13486308 13486330
13486308 13486325
13486308 13486327
13486308 13486326
13486308 13486324
13486308 13486329
13486308 13486332
13486308 13486328
13486308 13486323
13486308 13486331
13486302 13486309
13486302 13486310
36547266 13486310
13486302 13486311
36547266 13486311
13486302 13486312
13486302 13486313
13486302 13486314
13486302 13486315
13486302 13486316
13486302 13486317
21987497 21987503
21987500 21987503
2451299 3130868
21987433 21987444
4607027 4617181
15033918 15033930
15033918 15033931
15033918 15033932
15033918 15033933
15033918 15033934
15033918 15033935
15033909 15033913
15033909 15033914
15033909 15033915
15033916 15033920
15033916 15033921
15033916 15033922
15033916 15033923
15033916 15033924
15033916 15033925
15033916 15033926
15033916 15033927
15033916 15033928
21987497 21987502
21987500 21987508
15243110 15243136
15243110 15243141
15243110 15243139
15243110 15243140
15243110 15243142
15243110 15243147
22272895 22013141
22272895 22272901
22272895 22272898
22272895 22272899
22272895 22272900
22272895 21982629
22272895 4702219
22272895 21976403
22272895 22272897
22272895 4507236
5595887 5595918
22210457 22210461
14920206 14920216
21987425 21987436
21987459 21987464
21987482 21987490
21987525 21987532
21987469 21987477
21987459 21987465
33779873 33779877
4651061 4657865
14924499 14924517
15241403 15241411
15091527 15091533
22244430 22019430
22191367 22191371
4744834 4745830
4752499 4752510
22225132 22225138
287668 802001
34091084 34005317
21919655 21919658
15042665 15042672
5146193 5146249
4556127 4572837
4615653 4625029
15024930 15024941
14904173 10504060
34088063 10504060
22256466 22256471
15243110 15243143
15243110 15243137
15243110 15243145
4637368 4645410
4637368 4556078
22265776 15152140
15024930 15024948
15600438 15600447
4776155 4776665
4652391 4659130
84100 289443
22141223 22141227
14904193 4608144
5146154 5146184
22120300 22019393
15091527 15091534
34005815 33876696
22087130 22087139
34005815 33876695
22160979 22160982
22174334 22174342
14920206 14920209
14194174 14194178
22125226 22125228
15600054 15600059
3945848 4147627
4572874 4586805
22079055 22079060
84100 289441
4776155 4776662
4779565 4776662
22160840 22160844
14950248 14950260
15024930 15024946
33721001 33721003
22190502 22190507
4651061 4657866
14927132 14927146
15014908 15014913
4686048 4690195
14201139 14201151
14924499 14924514
4644731 4652394
14194174 14194184
4671208 4676661
4618782 4628059
22256466 14982362
15141671 15141677
22210488 22210491
22195816 22075918
807032 1607242
33674668 4651179
22194734 22194736
34005815 33876699
15054535 4140372
22234109 22011758
50403042 34010731
22087130 22087138
32795734 22064063
22268641 15103406
22051557 15103406
15103396 15103406
22051557 21984418
22210479 22210482
15103396 15103404
22194734 22194738
15103376 15103379
15103396 15103379
15103376 15103380
15103396 15103380
15103396 15103409
21835046 21835048
22179324 22179327
22179324 22179326
15045391 15045395
22201956 15045395
22259987 14961423
22201956 22201958
15103396 15103407
15103396 15103410
15103396 15103411
15103396 15103405
22071805 22071811
22268641 4629279
15103396 4629279
37879195 37879194
4664452 4670201
32795735 22203761
37867596 801967
22160496 22160499
22160500 22160499
22160501 22160499
22160496 22160498
22160500 22160498
22160501 22160498
4664452 4670204
4710657 4713107
15600438 15600446
22158150 22158154
22125226 22125230
22167881 21977608
14899178 5014894
15241403 15241408
21987425 21987437
21987520 21987523
22176844 22176847
22079219 22079225
36047970 36047968
4612437 4622319
4665325 4670908
4432908 4476125
22256466 22048419
36654374 33956829
4509465 4535856
14194174 14194180
36544955 22266259
15024930 4668985
14924499 14924509
22191256 22191268
3241705 3688695
4171217 3688695
15131960 3688695
37900291 3688695
3241705 3688696
3241705 3688697
29590846 3688697
37900294 3688697
3241705 3688698
14923013 3688698
15131960 3688698
37900291 3688698
22243953 3688698
4556127 4572838
1796622 1796628
3241705 1796628
4171217 1796628
37900291 1796628
14923013 1796629
14923067 1796629
37682578 1796629
3241705 3688699
3241705 3688700
3241705 3688701
37900291 3688701
3241705 3688702
3241705 3688703
22243953 3688703
3241705 3688704
3241705 3688705
22145335 22074420
22074417 22074420
22209780 22074420
22074417 22074421
22209780 22074421
14201139 13498209
13498230 13498209
13498136 13498209
13498136 13498210
34005815 34005816
34005815 34005817
34005815 34005818
34005815 34005819
34005815 34005820
13498231 13498233
22141223 22141226
22145335 22074419
22074417 22074419
4955079 3934155
3934151 3934160
3934152 3934160
2456886 3135692
3934156 3135692
2456886 3135694
22247647 3135694
2456886 3135693
22247647 3135693
33866053 3945942
33866053 3626744
14910089 14910096
33863800 22140047
14922128 14922137
14922185 14922137
22217042 1857186
14922128 14922138
14922185 14922138
37900287 14922138
37900294 14922138
14922128 14922131
29590845 14922131
37900287 14922131
37900294 14922131
14922128 9133556
29590845 9133556
15135756 9133556
34015663 34015664
14922128 14922132
14922128 14922139
14923013 14922139
29590846 14922139
15135756 14922139
37900294 14922139
14922128 14922133
14922128 14922134
14922128 14922135
14922128 14922136
22251838 4373007
14923013 4373007
4373005 4373007
4373005 4433386
37682582 4433386
22251838 14923016
14923013 14923016
22070545 14923016
22268998 14923016
22269005 14923016
22070545 22070547
37682582 22070547
22251838 14923017
14923013 14923017
22167761 14923017
22251838 22005066
22167761 22005066
22167761 22167763
37682582 22167763
22071323 15135867
37682582 15135867
15135864 15135867
22071323 22071325
37682582 22071325
22265776 4382245
14921714 14921718
14923013 14921718
22262492 14921718
22268998 14921718
22269005 14921718
4703981 4706883
22262492 22262494
37682582 22262494
14921714 14921723
14923013 14921723
15022799 14921723
15022799 4644133
22231831 4644133
14921714 14921719
22234425 14921719
22225796 22225798
22231831 22225798
22268998 22225798
37682582 22225798
33876566 22225798
22234425 22225798
14921714 14921721
22268998 14921721
22269005 14921721
33876566 14921721
14921714 14921720
14921714 14921722
14921714 14921724
22200538 14921724
14921714 14921717
14921714 14921725
22200538 14921725
14921714 14921726
14923051 4570208
14923013 4570208
4553237 4570208
14923051 14923018
14923013 14923018
15066871 14923018
37682582 4570209
4553237 4570209
14923051 14923019
14923013 14923019
15135840 14923019
14923284 14923019
15135840 3130773
37682582 3130773
15066871 15066874
37682578 15066874
14923051 14923073
14923285 14923073
14923153 14923073
37682578 14923163
14923153 14923163
14923051 14923074
14923051 14923075
14923051 14923076
14923051 10450636
14923051 14923077
14923051 14923078
14923051 14923079
14923051 14923080
14923013 14923020
14923067 14923020
37682578 14923020
15135864 14923020
287801 802362
802355 802362
287801 802363
802355 802363
287801 802364
802355 802364
14922536 14922543
22139583 14922543
15135848 14922543
14922536 14922545
14922603 14922545
14922604 14922545
14922536 14922547
14922536 4651340
14922536 14922544
14922536 14922541
14922536 14922540
14922536 14922546
14922536 14922548
14922536 14922539
22243659 14922539
14923284 14922539
22220997 14922539
15135672 14922539
14922536 14922542
37682578 14922542
22178632 14922542
15135848 14922542
22139583 15135675
37885144 15135675
22243659 15135675
37682578 15135675
15135672 15135675
14922603 2847025
22139583 2847025
14922604 2847025
37682578 2847025
37883215 37883213
22156463 1593848
22272852 4278483
4140544 4278483
4140544 4278481
14927802 4278481
4140544 4278482
14927802 4278482
22279563 22222425
22222423 22222425
22265776 22265784
2457205 3136074
14927819 3136074
22265776 22265778
22265776 22265783
22249267 22222426
22222423 22222426
14923206 14923210
22103537 14923210
22103542 14923210
14923206 14923209
22249267 14923209
22103542 14923209
37859236 37859237
37859241 37859242
37859236 37859238
14923206 14923211
22208085 14923211
22208091 14923211
14923206 14923212
22249267 14923212
37900297 14923212
37900297 14923212
14923206 14923213
15135864 14923213
14923206 14923215
14923206 14923216
14923283 14923216
14923284 14923216
14923206 14923218
14923206 14923219
14923206 14923217
14923206 14910003
22261182 3608813
22217838 3608813
22217838 22217836
22217837 22217836
22217832 22217836
14957057 801966
22220136 801966
22220133 801966
22220134 801966
22220137 801966
22265776 801966
22220133 22220138
22220134 22220138
14923283 14923306
37900297 14923306
14923284 14923306
22220137 1807592
14957074 14957114
14957077 14957114
14895392 14895393
14924494 14895393
4749094 4750236
4749095 4750236
4749094 4749098
21969296 4749098
4749095 4749098
21969296 10914644
21969296 21969305
21969296 21969306
21969296 21969307
21969296 21969308
21969296 21969309
21969296 21969310
21969296 4423579
21969296 21969311
21969296 21969312
21969296 21969313
21969296 21969298
21969296 21969299
21969296 21969314
21969296 21969315
36654374 22064064
22283066 22283068
22283066 14923290
22283066 14923292
22283066 22217503
22217501 22217503
22283066 14923287
22283066 22283069
22283066 22283070
22283066 22217504
22217501 22217504
22283066 22283071
22283066 22283072
22283066 22283073
22150085 10488581
22150085 22000469
22150085 22015760
22150085 22002524
22002523 22002524
22002523 22002524
22237475 22002524
22150085 22150087
22150085 22150088
22150085 22150089
22251838 22251840
22251838 22251843
22251838 22000030
22251838 22251842
22251838 10516469
22251838 22251844
22251838 22251841
22033127 22033132
37900299 22033132
22187444 22033132
22033127 22033133
37900299 22033133
22187444 22033133
22033127 22033131
22268998 22033131
37900299 22033131
22269005 22033131
22187444 22033131
37900299 22187446
22187444 22187446
22225796 22225799
22268998 22225799
37682582 22225799
22269005 22225799
36654374 36654376
22069656 22069671
10345950 10345983
22069656 10345983
22069656 22069672
22069656 22069673
22069656 22069674
22069656 10346001
10345985 10346001
22069656 22069675
37900297 14923313
14923285 14923313
4644717 4597731
22249267 14923249
22208091 14923249
22208085 22208087
22208091 22208087
22139583 4275860
22243659 4275860
37682578 4275860
14922604 4629142
14922604 14922619
37682578 14922619
22103537 22103539
22103537 15135869
15135864 15135869
22103537 4666392
22187305 21966384
22187305 21978537
22187305 4722920
22187305 22187307
22187305 22187308
22187305 22187309
22187305 22027750
22187305 22187310
22236110 22187310
22187305 1946237
22277131 1946237
22187305 4701842
22187305 21972803
14922279 14907893
14922352 14907893
14922371 14907893
22187305 22187311
22187305 22187312
22187305 22187313
22187305 22187314
22187305 22187315
22236110 22187315
22187305 21966385
22187305 1946142
22277131 1946142
22236110 22236112
37874984 14907856
14922279 14907856
14907897 14907856
22063704 22063708
14910099 14910124
10485641 10485653
22225132 22225137
22063704 22063710
14946544 14946556
14946544 14946557
14946544 14946558
37682578 31911545
14923285 14923312
37900299 14923312
37900299 31911549
37900299 14923053
37900299 14923156
37900299 14923069
22033127 4171224
22033127 10516470
22033127 22033134
22033127 14922186
22033127 4661828
22033127 4171232
22033127 3688662
22033127 22033135
22033127 1796630
22139583 22139585
37874984 14907864
14922352 14907864
22234876 22178634
22178632 22178634
22178639 22178634
22079195 22079201
22079183 22079193
4432908 4476121
37865368 37865369
37865368 37865370
37865368 33675591
37865368 37865371
37865368 37865372
14935981 14240403
14240372 14240403
14935981 14935994
22087130 22087140
3128881 3605356
4136169 3605356
4432908 4476126
4432908 4476122
4432908 4476127
4432908 4476128
4432908 4476129
4432908 4476130
4432908 4476131
22279754 3672157
22279754 3672157
4625552 4634554
4625552 4634555
4625552 4634556
2507196 3175500
2507196 3175501
2507196 3175503
2507196 3175507
2507196 3175508
2507196 3175509
2507196 3175510
4625552 4634557
4625552 4634558
4625552 4634559
4625552 910077
4625552 4634560
4625552 4634561
4625552 4634562
22210479 22210481
22174334 22174340
4598703 4609415
14907544 14907560
22259344 22026701
22259344 21610282
22259344 22259346
22259344 22259347
22259344 22259353
22259344 21982659
22259344 22259349
22259344 22259350
22259344 22259351
22259344 8539438
22259344 22259352
22259344 22259348
10821695 10821696
22183403 10821696
14919375 14919391
14919375 10821697
10821698 10821697
10821698 10821697
14919375 14919392
14919375 9877158
14919375 14919393
14919375 14919394
14919375 14919395
14919375 14919396
14919375 7258165
14919375 14919397
22257305 4533559
3526072 3879770
22257305 3879770
14919375 14919398
14919375 14919399
22178909 22178915
22220997 22220999
22220997 4534567
4507849 4534567
4689154 4693201
22082240 4693201
4689154 4693202
22082240 4693202
15076084 15076088
22263913 22263915
22273482 22263915
22263913 22222016
22222012 22222016
22273482 22222016
22273482 22273485
22273482 22273490
22222012 22222015
22273482 22222015
22273482 22273486
22262129 22019651
22019645 22019651
22262129 22019652
22019645 22019652
22273482 22273487
14950248 14950262
14950271 14950262
14950248 4368229
14950271 4368229
22273482 4368227
22273482 22273488
22273482 22273489
22273482 22273484
22285002 22285004
22285002 21977482
14919540 14919569
14919540 14919568
22120574 22120582
22032228 1946238
22262738 22262740
34084398 22262740
4269502 4360485
4269500 4360464
22280800 22280802
37886878 22280802
4269502 4269507
4269502 3585890
4269502 4360486
4269502 4360487
4269502 4360488
4269502 4360489
4269502 4360490
4269502 4360491
4269502 4360482
4269502 4360483
4269502 4360492
4269502 4360493
4269502 4360494
4269502 4360495
4269502 4360481
4269501 4269506
4269501 3585889
4269501 4360467
4269501 4360468
4269501 4360469
4269501 4360470
4269501 4360471
4269501 4360472
4269501 4360473
4269501 4360474
4269501 4360475
4269501 4360476
4269501 4360477
22174334 22174347
22220997 4432865
22249593 4432865
22220997 22221001
4637651 4645696
36111325 4645696
4637651 4645697
36111325 4645697
15027052 15027038
15027031 15027038
15027052 4659848
22220997 4659848
22220997 22221000
22220997 10489852
10489845 10489852
4598756 4609474
4598756 4609473
4598760 4598764
4598760 4609492
22220997 4598761
22272436 4598761
22232377 22232381
22232377 22232380
22220997 22221003
4598758 4598762
4598754 4609465
4598754 4598765
4598759 4598763
4955674 4598763
4598759 4599408
4955674 4599408
4556895 4573356
37898426 37705842
37898426 21972805
37898426 1946239
37898426 4724325
4638677 4646844
4724329 4724321
4724329 4726136
22045601 4724320
4724328 4724320
15129181 4724320
37898426 3669875
37898426 37705854
37898426 37705837
37898426 37705802
37898428 22016576
37898428 37705817
22215282 22215289
22215280 22215283
37898428 37705785
37898428 37705813
37898428 14928778
37898428 37705811
37898428 37705815
37898428 37705822
40600317 37705830
40600317 37705828
33651309 33651310
40600317 37705844
40600317 4684061
40600317 37705820
40600317 37705805
40599997 4716164
37867906 37867906
37867907 37867907
22199599 22199603
50403043 37889886
22129856 22129860
22129855 22129858
40599997 37705787
40599997 4241048
40599997 37705791
40599997 37705924
40599997 37705922
22113575 7620260
22113575 22113580
4782497 4782925
22281025 22281027
36047970 36047973
22281025 22281028
22281025 22281029
22281025 22281030
22281025 22281031
22281025 22281032
22281025 22281033
22281025 22281034
22281025 22281035
13486201 13486200
13486201 13486226
13486201 13486225
13486201 13486229
13486201 13486224
13486201 13486227
13486201 2742840
13486201 13486222
13486201 13486228
13486201 13486223
2451299 1594055
22113442 22113451
3931586 3131080
16221 83236
37898461 37898463
50403041 37885402
22165094 21973686
22165105 21973686
22203274 21979818
37901230 22079058
22079055 22079058
37898515 22079063
22079055 22079063
37894016 22079062
22079055 22079062
22164775 4554890
4534758 4554890
3607018 3931067
2451299 3130869
50403044 50403045
36005214 34410855
22271465 22271467
22273028 22273030
37872789 37872788
22273028 22273031
3606949 3930683
4676335 4652367
34055487 34055488
34055487 34055489
4644596 4652219
22113440 22113445
37898644 34042785
37898644 34042789
15059443 15059446
37879445 15074593
37879445 34042794
22203274 21979823
37898721 33782003
15243110 15243135
15243110 15243138
15243110 15243144
37898721 33655878
40600227 21781397
40600227 37705832
37879447 9767614
37879447 34042795
37898755 22011794
37898755 34042798
37879449 33681347
4644596 4652213
22163257 22163259
37876696 22202423
22202421 22202423
22202421 22202424
14957057 14957066
14957057 14957061
22264039 14957061
14957057 14957065
22196731 14957065
37878060 14957065
22170050 22170052
22196731 22196733
14957057 14957069
14957125 14957069
14957057 14957067
14957057 14957068
14957057 14957063
14957057 14957070
14957057 14957064
14957057 14957062
14957057 14957060
22264039 14957060
37878057 14957060
37898762 37898763
37898762 37898764
37878057 31911537
15054535 15054538
22252813 15054538
15054535 4311659
22213208 4311659
22192839 4473997
22154833 4473997
15097304 15054572
15054535 15054539
15054575 15054539
15054535 15054540
37878062 15054540
15054535 15054543
15054535 15054541
22221286 15054541
15054535 15054544
15054535 15054547
15054535 4599391
15054535 15054545
22221444 4140373
14934364 4140373
22072121 3934253
4432864 4476041
1634901 2480529
22174334 22174341
33228739 15074591
33228740 33228741
33228740 33228742
37898789 34042801
37879449 34042802
37879451 34042804
37879451 34042806
34017955 15077598
15077590 15077598
37865794 37865795
37865794 33833576
37865796 33833576
33247328 22273158
37865807 22273158
22273155 22273158
33247328 22273159
37865807 22273159
22273155 22273159
37865807 33247331
33247330 33247331
37865807 33247332
33247330 33247332
33247327 21986142
33247335 21986142
33247347 21986142
33247327 21968371
33247347 21968371
33247374 22014302
33247374 22013384
37869743 37869744
33247349 33247350
33247349 33247351
33247335 33247336
33247338 33247336
33247338 33247339
4774556 4770654
33247315 33247317
33247315 33247316
33247335 22010715
33247375 22010715
22010714 22010716
37878300 22010716
22259987 3934157
37878300 37878301
33247324 33247325
33247324 4172473
33247335 33108756
33247347 33108756
33108754 33108756
33247347 33108755
33108754 33108755
4778392 4778984
4779565 4778984
37874627 37874628
22122311 22122318
33247352 33247353
37888541 36850190
33247355 33247356
33247357 33247358
10493766 10493772
14891078 14891103
33247360 33247361
22127239 22127241
37874169 37874170
15131806 15131810
33247363 31911534
22223173 22223176
35946754 22223176
33247365 33247366
37868436 37868437
36849828 36849830
33247367 33247368
33247375 33247376
33247369 4756153
14937568 4756153
33247369 14937572
14937568 14937572
4753536 4754426
15024921 4656621
33247320 33247321
33247320 33247322
33247370 33247371
33247370 21984657
4686048 4690189
33108748 33108749
33108748 33108750
40600292 36850109
15083826 14899271
22174334 22174348
16221 1301
202 1301
4152450 4285258
10712224 10712239
22174334 22174345
33809058 21985050
16267 83529
33876338 21963338
22164775 4369596
15014133 14914869
36544955 4598263
4586804 4598397
22042354 14903794
22265776 4140231
4776661 4777232
4779565 4777232
22174334 22174337
22265776 22000487
4609410 4510325
4781630 4782086
3945848 4147622
22206748 22206751
22174334 22174349
2451299 3130856
36544955 4609205
22184473 4609205
2451499 3131067
4637368 4645406
14904173 10504033
34088063 10504033
4637368 4645407
4619340 4628683
4607027 4617173
34001891 22014565
4607027 4617175
4508113 4534768
22120300 22019395
21905968 21905965
4776752 4777298
853363 1667794
15024930 4549546
4745834 4746980
3954033 4152454
14950248 14950253
4637368 2456015
14907544 14907566
14907544 14907565
22174334 22174343
14924499 4644008
22174334 22174344
4652391 4659129
14907544 14907561
31880266 22008343
22257692 22008343
22257692 22008343
22174334 22174338
4644731 4636713
22014415 15009846
22256466 10504090
4659922 289512
15020395 3455618
16267 83514
14927132 14927140
4659922 2455172
4715684 4718060
84100 289442
4374070 4434043
22105823 22105826
15024930 15024944
14919357 14919364
4908845 4908880
14907544 14907567
14907544 14907564
34081256 4598398
4586804 4598398
15100256 15100269
22042354 4473903
4152450 4285263
14983993 14984017
4598703 4609416
16267 83523
14907544 14907562
16267 83516
33946947 33946948
16267 83524
22079168 22079175
22120302 22120307
22114621 22114626
22265776 15156288
4509465 4535857
4432864 4476042
22164775 4571804
4554884 4571804
10346062 10345950
16267 83515
4534758 4554888
4745834 4746981
289436 807019
15024943 4624910
4731565 4733111
4955079 4955093
15141671 15141679
807032 1607250
4554884 4571807
281472 1298
202 1298
2451299 3130870
4749180 4750325
4681568 4534307
3136026 1607142
4659922 1607142
15083848 15083857
22256466 21993715
1796622 2611419
3241705 2611419
287668 802000
2451299 968943
22077385 22077387
22113442 22113450
14201139 14201152
22247601 22009419
15083848 15083858
4750361 4751482
202 1288
14897039 14897056
4676335 4659107
34081256 4535838
4637368 4535838
1607254 2457175
4776155 4776664
4779565 4776664
4572835 4586787
4780664 4778378
4754336 4755199
4681568 4686041
287668 801995
202 1284
22099355 21975022
15004847 14972013
22203274 21967518
4534758 4554894
14950248 14950257
4745834 4746982
1278 16228
4755236 4137347
14920206 14920212
15083836 4596207
15024943 15024965
15101995 15102001
10712224 10712230
22265776 3764459
22053137 22053142
4677463 4682218
22142001 22142006
22068008 22010226
807014 1607172
4749180 4750329
22063699 4429469
4715684 4718068
4607027 3606400
4509465 4535858
4731565 4733116
22164775 4554891
4534758 4554891
4637368 4645408
14950248 14950258
4681584 4686084
4681584 4686087
22203274 21967523
4681584 4552984
22079055 14926423
4755236 4657851
4671208 4676668
22210483 22210487
4652825 4627853
35947459 22012385
22095279 21990836
4509465 4535848
4715684 4718063
22256466 15053206
4615652 4625021
4731565 4733117
22095611 14907953
22159799 3131163
15024943 15024961
14194174 14194185
4715684 4718065
4556127 4572834
15600054 15600060
4665705 4671209
4745834 4746983
3688899 3983852
4615652 4576919
14950248 3611260
14950248 14950259
14950248 14950255
14950248 14950251
14950248 14950256
15024943 15024960
37869240 21974709
22256466 14982365
4955079 4955091
22095065 2453315
22138208 2453315
84100 289444
22265776 15036117
4677463 4682215
15024930 4500823
1638210 287281
34054980 21833365
22190039 21972900
10712289 10712323
22042354 14920791
14957602 14933939
4607027 4617183
15024921 4642006
14960189 14960226
22133842 22133847
22063751 22063758
5146239 5146316
22255639 22255628
14910099 14910122
4626593 4635471
14960582 14960593
281472 16371
22133842 22133848
16221 16253
1278 16224
14960568 14960577
14960242 14960269
4686048 4690190
14960266 14960281
3934257 801804
22203274 21967514
3945848 4147628
22129558 22129565
22180211 22129565
22079055 15088063
14960242 14960270
14960556 14960565
15024943 4656665
14960576 14960585
14924499 14924513
22053166 22053176
22190039 21972895
4607027 4617180
4586791 4598372
3931586 1594380
14960214 14960249
22072441 22072445
15083828 14899276
14960543 14960557
4774556 4771319
22165260 22165270
14922279 14907930
14922352 14907930
14922388 14907930
34054980 21816560
4731565 4733112
15083834 4584292
14899176 5014945
3954033 4152455
4509465 4535850
15083842 4617118
16221 83239
1278 16223
1278 16226
15020395 2914781
2451300 3130881
4715684 4718064
4594421 4605378
3934257 287609
4659922 287609
22063704 22025644
22079055 15094331
22113442 22113452
14899178 14899186
14909472 14909480
14904229 4597325
16267 83507
1594014 2451213
22081066 22081070
3934257 4140382
14201139 14201144
4777293 4777883
4908845 4905204
4594421 4605379
15113605 14899382
22063751 22063759
22256466 21989199
3130879 3607252
22095279 22006345
14909472 14909474
22141223 22141228
14910099 14910121
4642106 4649921
4609100 4619338
13443190 13443196
3191747 3649717
22203274 21979820
14923206 14923214
4681708 4686211
287746 802289
4637368 4645409
22203274 21979815
37865417 21977782
22256466 4575387
22079055 4619647
15241403 15241413
22079055 11674551
22042354 15099947
4777293 4777884
4628678 4637371
22042354 14972639
4671208 4676666
22060362 22060365
22256466 21965341
4628678 4557650
14904182 10504136
22063748 22063753
22046189 22046192
3934257 4140380
15020378 188173
14984001 14984040
10712448 10712467
22095279 22004045
22159799 22003544
22120300 22120304
3934257 4140378
14121135 14121139
4666704 4672366
15012635 15012647
4710657 3642612
22203274 21967520
22256466 14930878
14904178 10504086
22210492 22210495
22210494 22210495
22246811 22246813
22256466 21987132
22042354 14959867
22079055 15139349
3688899 3983841
4710657 4713104
14924499 14924515
4710657 4713103
22256466 21977749
14924499 14924510
4619340 4573924
22203274 21967525
5146193 5146251
4619340 4628679
15033916 15033917
4715684 4718069
5146193 5146252
22046428 22046441
4666704 1847528
36544955 4609209
22184473 4609209
36068484 4694629
4757759 4758543
10712224 4585830
3931586 2451572
2451300 3130885
4607027 3130165
15024921 4662985
16267 83508
289436 807013
1607254 807013
4659922 807013
15141671 15141678
15020378 44309
22274365 22003699
14194174 14194179
287668 802002
4659922 289408
3931586 802282
287746 802282
287746 802293
287668 801996
3931586 3131117
15020399 3831505
4572835 4586789
4659922 1607155
15141671 15141683
15020378 1297306
15024921 4642004
4686682 4690916
33876338 21993678
16267 83510
15039075 15039095
4598703 4477071
4659922 3133743
15024930 15024947
4554929 808455
22164775 808455
807032 1607244
4775668 4776161
4779565 4776161
3606949 3607004
3606958 3607004
3607018 3607004
287668 801994
2451300 801994
14950248 14950252
287746 802285
22079055 15019410
202 1287
4659922 806912
36544955 3953744
22184461 3953744
287746 802284
15024921 4649796
16221 83235
4644596 4652220
4644596 4652221
22105823 22105827
15039075 15039096
4642106 4649926
15039075 4644132
807014 1607179
4908845 4908873
4619340 4628695
22063699 4553608
22265776 4685689
4586791 4598377
4586791 4598378
15024921 4633937
22256466 14930882
4586791 4598379
4586791 4598380
4619340 4628696
4637368 4645414
22265776 4589153
807014 1607169
4677463 4682212
31880266 21984281
4908845 4908882
287746 802290
4598703 4609417
4609100 4619346
4586791 4598381
4615652 4625012
4619340 4628697
5146239 5146305
5146239 5146318
5146239 5146315
4686048 4690199
853363 1667786
4659922 806897
4671208 4676660
4637368 4645415
4554929 1610635
22164775 1610635
3931586 3131129
287668 801993
4586791 4598382
4659922 1604730
3931586 1594391
3606949 3930684
4572835 4586794
4609100 4619347
37867899 21736410
37867903 21736410
37867905 21736410
37867906 21736410
37867907 21736410
4556127 4572843
4572835 4586795
15056599 15056606
4619340 4628698
4619340 4628699
4681568 4686055
4628678 4637379
4609100 4619348
4556127 4572844
4586791 4598383
3136026 3611345
4556127 4572845
4609100 4619349
4609100 4619350
4619340 4628700
4686048 4690200
4556127 4572846
15008983 14974689
4776661 4777228
4779565 4777228
15141671 15141676
1594014 2451209
2451300 2451209
14907544 14907563
4607027 2450306
3607254 3931346
33809058 22025224
22256466 22025224
4534766 4280668
4152450 4285262
4908845 4908881
14893333 14893345
16267 83509
34088066 10504190
14904161 10504190
287668 801997
1594014 2451210
2451300 2451210
202 1311
14941251 14941265
4659922 3862333
2451299 3130855
3130879 3607262
3607088 3931131
807032 1607247
14983993 14984004
4597719 4585984
807014 1607177
4609100 4587802
14983993 14984014
50403037 37873741
15241403 15160032
16221 16343
4554929 4571874
