30772069 1654956
32243471 1102454
39882713 1655088
32243747 1207385
8398425 2824652
32243813 1207376
32244377 2083872
28706425 1525392
10078620 2083851
549042 1271915
32244746 2066374
32244752 2083863
32244962 310514
32245184 1655072
32245746 3566957
4499413 2814737
32246340 3382379
32246580 2814557
4434863 3565610
32247109 2892906
32247291 47811
32247389 2871976
3108464 3590755
32248344 3742785
32248374 2639031
32244916 780504
32248699 2018316
4990104 2891499
32249053 10209095
9838134 2892000
32249563 28402431
32249770 3244659
32250032 2124260
32250356 1290531
32250890 2592620
30407756 2505972
32251292 3585283
32251472 3100829
29371774 3234011
32251554 516047
32251838 3075535
32252056 2140728
32252314 2592518
8700017 2385851
32252657 1929210
32252765 2122856
32252955 1666508
32253039 1128845
39892045 3233926
32253075 2124115
7222623 1666545
32253334 1525320
470218 1138808
32253562 2814586
32253611 1528607
32253617 2382657
32253865 3315056
32254561 1138948
32237112 310443
32254865 2924060
32254945 851669
10069381 310455
32255517 121304
32255563 10041510
32255613 10187469
32255793 3075696
1115294 1462155
32256513 13065344
32249321 13537881
32256805 13436632
32257209 1666526
32257351 13537985
4396543 3677780
23766205 3394711
32258154 13538655
238590 725771
32259089 12841257
549060 1271921
32247321 6452053
32259454 310199
571948 1286935
28737208 1158753
32260246 4613358
32260284 356522
32260886 554376
32260972 573778
32246827 186032
12208829 571329
32261851 571374
32261883 754052
32262005 754060
847886 754048
32262715 753509
23756325 753506
32263489 753510
32263751 257227
32263961 289880
32264771 486782
32264907 274642
32264971 238240
32265225 2150652
32258964 936067
32266491 707463
32264217 707470
32267592 707471
32268012 610958
32268520 3747103
32268740 280515
8004341 3665127
39797752 3075485
32269082 90346
39823433 2083881
32269279 1502524
32269396 612774
15657234 310284
39846443 844234
32269541 716000
32269548 815777
32269579 2083907
32269694 229973
32270886 478151
32269699 542396
32269717 229977
32270070 731283
32270074 731318
32270170 7578899
32270183 1502544
32270480 3682454
32270514 2413369
32270811 157718
32531150 797172
32270815 2496967
32270869 684865
32270926 494511
32271091 1222223
32271103 1655009
32271107 1067356
39884069 1067440
2699422 844181
32271130 121328
49409930 610771
32271135 514525
32271146 312450
51068556 461975
32271163 13698264
32271172 2868436
32271331 270667
32271381 308839
39794539 704831
32271398 1138688
32271417 2777010
49409933 2150179
32271444 786123
49409934 279156
32271449 575539
10645670 211923
32271652 1101348
32271765 489305
32271818 13218800
32272019 11989875
32271843 11432305
32271890 138266
32271895 844296
32271987 310478
32271994 310492
32272064 2008420
32272113 844140
32272130 3593616
32272147 4012025
32272779 234130
32272865 186017
32272993 156566
32273753 754112
32273931 453932
32274432 753615
32274647 155014
23766727 454159
32276021 153044
32276384 63835
32276861 453882
32277295 144133
32277489 1274183
32277741 239634
32277950 2891461
32273151 2149597
150590 474649
32278914 3359021
32279058 57229
32279370 149939
32279524 1129816
32279558 855713
32279608 1138972
32279758 1139031
32279872 1138935
32280187 855628
32280311 148389
32280487 276133
32280499 1112611
4407265 453248
32280827 3642882
32281005 2753180
32281133 601626
32281161 18485
32281627 1473503
32281867 144572
32281975 36697
32282139 148342
32282495 456412
32277455 2383002
32282995 310162
30295740 1546384
39801073 310405
9891592 310521
32283671 234458
32283941 310558
32283989 61986
32284283 61987
32237634 2150285
32284657 13543056
32284743 613385
32285667 2124157
32285967 544488
32286071 10039125
32286161 430995
32286195 1351936
32286335 61995
32286517 61996
32287366 2599977
32287580 718113
32287886 2638980
32288122 1476454
32288362 2892817
32288640 148069
32288740 2522941
32288916 3176932
32289130 206226
39785005 83043
32289246 83066
32289324 83067
32289426 763740
2780321 83044
32290158 83045
32290676 4016899
32290850 83046
32291296 83068
32291346 233544
474587 83047
32292241 83048
32292463 3682439
32292826 83049
32293099 2383732
32293254 3594779
32293482 83050
32229636 2009115
32293904 83069
32294252 83051
32288798 83052
30295731 83053
32295426 83070
32295596 83054
32295718 83055
32283013 83056
32295874 83057
9759533 83071
32276401 3678211
44125479 754046
32296332 128886
32296426 754143
1138797 131314
23740549 494762
32296908 417720
32297562 754072
32297835 1057430
32298047 783193
32298159 417708
32230461 163443
32299125 461842
32299748 469734
32299964 1178769
32300174 3467404
32300348 336416
32300473 479504
150534 469802
32301522 591916
11957315 842121
32301716 486824
32302122 157234
32302258 196809
32302716 196808
3736380 2892721
32303506 1973160
32304193 2511501
32304377 1080979
32304479 1080980
8880398 43720
32304929 198524
8946170 1552883
32305651 1212176
32305851 181385
32306203 3233854
32306379 1336917
32306505 3179064
474316 1145843
32306785 152504
32306913 56262
32307035 75845
32307165 1221452
4441538 616743
32307795 617773
32308199 1053437
32308333 2413374
32308445 842655
32308781 2577245
32309081 3676273
32300330 78301
474294 276395
32309623 276404
32309685 276313
1061691 782857
32310392 782839
1132371 431000
32310508 276353
32310736 276329
32311418 38187
32311574 230968
32311758 37121
32312058 13544919
32312284 2814643
32312390 2742982
32312668 13586216
32312704 163636
32313150 37724
32310000 163637
32313576 526066
32313044 163630
32314160 467715
32314364 163654
1923300 163638
32314612 163639
32314264 163640
32315445 2121929
32315565 150932
32315775 232846
32316217 163617
32316491 1115036
32316683 163618
32316819 163619
32316963 1159026
32317225 572816
10084597 2413166
32317373 163655
29370998 144009
32318327 163620
32318821 163641
32318921 163642
32319057 163621
32319113 163643
32319121 2169280
4990102 163644
32319497 163645
32319509 2871743
32319545 161739
32319615 399094
32320139 753637
32320713 159832
32320733 573814
32320807 501351
32320819 573788
32320825 509331
32320841 280409
32320955 753672
32321161 1347897
32321715 2713372
32322145 2226266
32322203 2932812
32322221 1190519
32322271 3356030
32322301 2150255
32322489 149833
32322631 462946
32322957 525922
32322975 235774
32323149 479745
32323377 253731
32323447 200069
32323503 200070
32323537 527309
32323593 2383256
4990103 164777
32323785 46371
32323791 200062
32323913 175843
32323985 502267
32324011 502259
32324087 502260
32324157 232518
32324181 502261
4990105 2891308
32325343 484269
32325631 719245
32325641 2382785
4003255 491186
32325923 232560
32325969 841155
32325987 2891942
32326135 3353531
32326151 3418518
9893049 9893054
32326895 178796
32327029 473190
32327081 2364253
32327093 1261553
32327214 597988
32327220 3075764
32327332 2908520
23756217 3945263
32327900 156925
32327942 4410449
137921 177342
32328470 239308
32328518 199780
32328532 546065
32328548 398600
32328774 1144854
32319541 13494057
32328992 3075797
32329070 13547562
421694 398524
32329106 206730
32329162 474936
32324073 457868
32329228 435382
32329249 1115075
32329299 13473275
32329311 13587618
32329399 1276780
32329829 1525353
32329911 1059005
32329961 469709
4407270 423693
32330623 2720200
32330671 158120
39802329 1129947
4902241 469703
32330821 30212946
32330949 1938172
32322263 854412
5022 45791
430900 1075689
32331407 1998784
32328786 1926446
32330945 7705130
32332549 1064162
32323751 973989
32332689 614394
32332695 2428883
32332743 2445825
32332957 1132380
32333083 753688
32333185 1917267
32333191 753749
431064 1076023
32333277 7040111
32333281 3382387
32333607 2347856
32333631 430192
32333695 85292
32333729 146589
32333737 473441
32334011 2015781
32334201 2114589
32529304 151009
1075972 1181695
32334859 485981
32334875 1130587
32334937 232987
32335009 422738
32329271 150849
32327558 399885
32335715 2347854
32336133 1653267
32336203 90722
32320237 841531
32336723 2347855
32337157 151534
32337225 92584
29369378 203687
32337459 476251
32337483 492878
32337793 490229
32337811 1275221
32337875 3075543
9792080 9792090
32338049 2428811
32338087 147772
32232792 198426
32338215 317228
32338393 783163
32338489 470662
32338551 461460
32338603 1108147
32338661 749610
29372333 711093
32339363 149669
32339541 542715
32340361 1061996
32340613 164090
32340785 1754500
32341069 1128723
32341537 2428840
32341699 1096363
32341741 1982323
32341838 1980110
32341930 456514
32341941 235218
32341969 711079
32342031 157274
32342065 198923
32342261 496127
32342309 1947549
32342319 2538025
32342349 143420
32342363 145157
32342398 485952
32342598 170781
32342686 57340
32342738 234706
32342906 1999865
32342947 152344
32343413 555092
32343440 1277714
30045566 2049920
32343554 1110246
32343716 2755329
32343739 159929
32343753 155319
29372247 155063
32343931 496018
32344139 709598
32344303 2049936
32344354 1982384
32344378 90746
32344452 477939
32344498 1982346
32344539 854629
32344544 548895
32344569 308898
32344635 3228130
32344653 1151650
30074911 1151651
32344717 28225651
32344785 400253
32344895 56784
32344927 1110299
470870 509273
32345067 382242
32345139 753619
29889067 3093387
32345250 509303
32345404 489041
32345464 2392522
32345491 2404250
32345623 1569612
470871 851759
32345669 760771
32345679 760776
32345701 760762
32342667 760814
32345763 760773
32345782 760810
32345804 46275
32345966 760757
32345992 175687
32346070 3359831
32346236 1167919
32346266 2404111
32346318 540700
32346558 2150132
32346683 2811922
32346823 783109
32346943 3238787
32346995 2720219
32347115 2957656
32347205 991230
32347311 508933
32347319 29915724
32347525 1553026
32347693 760813
32347791 38327
32347861 760812
32347889 760815
32347937 1815334
32347963 991518
30128398 1010384
32348171 1815333
32348213 382241
32348398 2404219
32348438 489040
32348638 181104
32348649 3114765
32348697 3472536
32348755 3335679
32348795 3335677
32348945 840959
32348965 3176926
32349007 512374
32349049 145053
15937120 276416
1008545 1858841
32349369 1100695
32349426 783237
32349466 276383
32349627 3227594
32349767 276375
1076026 715890
32349934 2891448
32349952 13570954
32349962 494450
32350096 1289197
32350225 2479333
3261620 2052377
32350400 143126
32350462 2891435
32350622 2599810
32350649 4021726
32350957 2600094
32351045 2742843
32351186 2641526
32351192 453444
32351412 2122897
39908156 2136886
32351498 2149509
32351554 163981
8645980 3436043
32351702 3566971
5368175 473468
32351772 550880
32352058 1273853
7318619 647465
32352366 2883014
32352442 311640
32352582 753656
32352852 469394
32353156 753658
32353414 753623
32353605 2079957
32353683 713091
32353955 1204118
32354101 509324
32354237 280509
32354251 199803
32354331 2009129
32354370 3344323
32354634 2000351
32354892 2811898
32354932 2933097
32355138 3545006
32355318 3354790
32355326 2494214
32355344 3702654
32355388 240306
32355412 240322
32355438 240323
32355444 240307
32355478 240324
32355580 240308
32355646 240309
32355682 1506959
32355816 240325
32353809 240310
32356066 430925
32356102 550261
32356290 240326
32356302 240311
32356444 399133
32356478 240327
32355910 2122870
32356670 240328
32356731 1998791
32356815 936020
32356855 310879
32356941 227864
32357061 177108
32357107 2047035
32357197 155729
32357281 2046963
32357429 2907346
32357473 1174397
32357541 496885
32357661 2871943
32353747 3074319
32358003 2428957
32358050 2124326
32358112 1144144
32358140 308303
32358478 1553002
39791266 3720923
32358681 150218
32358705 931430
32358737 452672
14465065 13673748
32358959 749319
32359017 212444
32359109 13405173
32359251 1177262
32359285 2721138
32359355 3566392
32359365 142669
32357369 611159
32359535 234805
32359959 254468
32359999 201444
32360021 319507
32360113 1572941
32360253 2009108
32360473 280507
32360587 543046
32360849 280518
32360963 133352
32360969 1144698
32361155 2768684
32361399 1274127
855197 646828
39847747 3226189
39830147 1158189
32361577 5632782
32362010 2149486
32362080 555372
32362178 1526280
32362492 1278527
32362628 416004
32362682 2871998
32362686 469407
32362738 574098
39916120 754056
32362834 1289967
32363058 137868
10084317 2003980
32364066 754026
32361073 2003938
10187517 1938188
39799601 3956735
32364888 2228709
32364994 3026696
32365024 2362874
32365278 2814666
32365370 1676852
32365736 456198
32365960 1049801
32366446 2431180
10411923 2789015
32366728 478020
32366738 2892839
32367064 175540
32367250 170058
32367508 480181
39812558 479237
317739 479237
39794001 479235
32367606 612899
32367856 2150636
32367918 4317224
39791262 186267
32368192 175591
32368196 452375
32368414 2050588
32368806 542292
32369078 479236
32369146 2050590
32370026 30167349
32370436 3311332
32370474 29934898
10411904 154991
32370756 2893310
32370760 382156
32370932 13725788
10067936 10067939
32373168 30022530
32373214 2643787
32373238 2712920
32373580 3422096
32373678 29762776
32373696 372203
855184 501645
32373950 501659
39905985 501634
1352638 782901
32374218 2821923
32374252 3179268
32374616 2957601
32374718 847111
32374772 3682561
32375168 177229
15107963 528507
32375800 528607
32376050 172260
32376060 774757
32376170 1569549
32376262 3035015
32376468 2891289
32364716 13700885
32376864 782846
32377038 137850
32377278 430519
32377292 430533
32377540 271309
32377552 211679
32378088 3421680
32378300 1569378
32378446 32378447
15136437 270499
32378847 11800477
32378947 171290
32378975 528311
32378981 171329
1076061 311048
32379295 525658
32379777 2382877
10066611 3803860
32380239 782916
32380311 270512
39908659 1353673
32380437 10240896
32380515 1179514
32380533 13288675
32380617 13698659
30179601 3227915
32380974 32380975
32381207 1138633
32381451 1243909
32381539 1973269
32381497 13762869
32381573 1986867
32381719 933718
32381897 1547407
32381968 3851316
32382115 1050675
32382289 1218958
1143503 1553028
32382565 2753833
32382757 3289656
32382823 3851314
7410315 146758
32383425 753310
29831558 3565090
32383799 2872347
32383859 754070
32383895 1154446
32384075 3578766
32384274 2479221
32384394 539365
32384562 1064546
32384992 170683
32385284 176141
32385400 473816
32385540 170684
4868196 501873
5064317 3472478
32386236 2149926
32386330 2509181
32386486 3413981
29372279 13614232
32386820 238500
32386874 230772
32387122 91186
32383771 185450
32387302 310597
32382395 2801846
32387678 2810566
32387940 512390
32381489 3365067
30489514 2810046
32384538 524318
32385274 201315
32382309 3358531
32385404 2149769
32389024 13716512
32389122 2615200
32389184 32389185
32384127 32384128
32389363 2868482
32389491 13560738
32387682 177280
32390515 245755
32390579 32390580
32388104 6562387
32390999 5697856
32391103 12013159
32391149 11166372
32386764 13760786
4868206 4868216
32391807 13002276
32390639 542188
28171251 430229
32385306 146642
32392609 234848
32392773 243945
32393005 462849
32393216 600235
29969745 170544
32393538 32393539
32383631 2413465
32394053 367160
32394129 170389
32394191 612892
32394513 476288
32381557 458760
3977564 476332
1143517 476332
32392473 3418490
32395002 3179102
32395278 2771150
32392931 13711199
32394717 514243
8870007 307732
32385000 748976
32395684 526486
32238242 1265460
32395810 13629863
32395873 2149494
32395878 2428318
32396410 7934151
32396609 2149647
32396621 1223434
32396660 2709568
32396693 2599757
32397003 13561312
39912055 3642782
32397037 13561345
32397250 1461623
32397420 1572044
6968849 1078006
1858845 327667
597984 218110
32397719 95476
32397730 299643
32396756 66148
32397954 2731
32398075 374496
32398133 238233
3314671 97966
32398397 94513
32533350 99520
32398574 126905
32398915 119556
32398928 97406
32398933 429253
32398954 240514
1652553 240514
32398994 93116
32399000 355631
32399077 55339
32399108 267323
32399130 270892
39903943 36178
32399276 312772
32399310 41541
32399314 260843
32399413 339675
32399431 112008
32399451 70616
32399457 62372
32399475 93763
32399543 102227
32399795 97967
32399943 67461
32400008 471927
39849943 131191
32400092 128023
32400152 320856
32400344 226588
32400410 172287
32400440 361646
32400500 654165
32400666 524081
32400724 65891
32400784 230942
32400816 299760
32400908 66234
32400993 324174
32401193 96101
32401207 125121
32401329 98597
32401896 1403
39880557 330879
32402334 537634
32402374 94441
32402402 110313
32402426 310730
32402446 41577
32402452 52443
32402491 75544
32402655 122644
32403132 181904
32403136 137390
32403200 93660
32403237 98990
32403265 142164
32403269 17122
32403319 87869
32403337 112353
32403351 252442
32403431 97968
32403465 109872
32403605 95420
32403645 144659
32403739 53912
32403795 77299
612697 2051
32403973 189083
32404099 362064
32404117 94379
32404151 100173
32404165 220047
32404175 192467
32404189 128627
32404217 907401
32404315 265798
32404390 416660
32404438 134384
32404456 102869
32404466 272747
32404756 170776
32404834 112766
32404868 325865
32404878 101773
32404932 352627
32404952 137091
32404982 253506
39786909 867739
32405002 104318
32405020 280588
32405056 107816
32405210 181952
32405214 340407
32405218 259815
39796632 177083
32405488 330019
32405516 127306
32405814 1489902
32405830 100865
32405834 98894
32405868 227444
32405892 124601
32405960 227326
32406029 190414
32406079 233355
32406089 218350
32406143 207959
32406161 862062
32406165 1488841
32406185 392706
32406419 81079
32406441 1183336
4355979 38601
32406594 109460
32406627 52283
32349842 939247
32406677 235251
32406747 218184
32406769 207674
32406855 99466
32406861 338367
32406887 109361
32406897 92391
32406921 248043
32406985 95477
32407021 159430
32407051 335602
32407069 413231
32405188 295527
32407231 105965
32407337 142296
32239030 2765
32407357 46551
32407375 99329
39809099 539310
30485092 478401
32408465 852853
32408487 136229
32408494 266066
30757800 98089
32408680 85355
32408700 468523
32408714 248635
32408738 462428
32408748 98090
32408780 371696
32408852 333406
32409034 70132
32409378 445273
32409398 350302
32409439 361082
32409465 235554
32409644 228832
32409676 413949
32409800 50641
32410422 867410
32410470 143678
32410576 79062
32399419 95844
32410632 218351
32410707 146505
32410715 864661
39907039 170566
32410723 5574
32410733 121432
32410801 94291
29595430 109557
32410827 99638
32410839 35770
32410903 910410
32410923 308389
32410935 53775
32410939 8726
32410948 142975
39874108 56614
39786212 214916
39886948 65892
32411012 65893
32411046 100174
32411068 247392
32411090 207413
32411094 330443
32410919 340921
32411100 349477
32411124 606239
32411128 57951
32411136 51272
32411348 49226
32411352 44231
32411366 48130
32411398 174013
32411446 313069
32411470 209913
29372628 17965
32411523 571365
32411541 232110
32411553 193217
32411559 76283
32411563 115808
32415037 213723
32411567 56306
32411573 207244
39894304 16634
32411579 21168
32411604 987693
32411650 339406
39833794 56882
32411664 164414
39791634 99899
32411675 36136
32411681 201889
32411685 251760
32411727 100612
32411869 133581
32411885 199288
32411889 192468
32411897 50847
49364016 39645
39871153 460478
32411949 48180
32411975 285750
32412005 153107
32412021 101824
39819314 164479
32412029 534666
32412033 51072
32417269 52284
32412037 72776
32412041 874028
32412065 324697
32412069 119839
32412081 87760
32412085 100356
32412097 226733
32410893 536794
32412115 659890
39791636 43032
32412125 256121
32412153 1623
32412165 194014
32412171 280820
51068557 57569
32412272 345071
32412416 332711
32412434 38891
51068559 355110
32412454 70658
39849945 1314486
32412484 99838
32412504 135379
32411118 511952
32412719 340477
39791638 290456
32412731 126762
32412751 101380
39833798 148971
32412769 470029
32412773 213164
32412777 216889
32412785 660888
39805136 100560
32412849 442889
32412859 296411
32412867 325747
23751196 98440
32412883 129066
32412899 226083
32412947 291056
32412968 47642
32412986 143461
32412992 500374
32413004 549879
32413030 236667
32413050 344610
494250 221631
32413110 324840
32413116 21100
32413130 715442
32413136 603787
32413202 101649
32413214 79784
1913623 80182
32413240 53973
32413250 288721
32413256 102808
32413262 142932
39801075 5619
32413268 460251
32413284 78774
39907043 803747
7946183 216074
32413372 612418
11498051 443467
32413438 72968
32413457 214201
32413477 5458
32413485 612420
32413493 489201
32413497 346863
32413513 884273
32413531 398052
32413537 326289
1299607 47953
32413621 350851
39828267 248263
39907045 122363
32413627 295146
32413647 131781
32413675 83126
51068560 612425
32413709 93544
32413721 125483
32413749 416836
32413763 199766
32413833 53644
32413090 612421
32413861 98318
1328637 612428
32413895 98661
32413908 50642
32413934 312626
32413944 215260
32413956 64154
32413974 87215
32413998 248601
32414112 391402
32414118 248536
32414124 100679
32414136 66290
32414144 322284
32414156 392673
32231320 52187
32414168 393842
32414182 53974
32414188 195505
32413966 340530
32414229 783503
32414275 52722
32414287 97604
32414301 51716
32414313 339734
32414339 361578
32414347 623849
29370583 276691
32414372 296843
32414376 226189
32414428 146557
32414444 199694
32413382 338946
32414476 790120
32414480 108200
51068561 108200
32414494 336221
32414506 256261
32414534 70843
32414558 476784
32414562 64541
32414576 795334
32414612 70879
32414622 691498
32414642 56740
32414646 339004
32414656 50087
32414684 56927
32414693 219932
39825291 95716
39863995 322356
32414699 71289
32414715 37581
32414723 46897
32414733 36838
39805138 53403
32414743 37409
32414763 51830
32414777 458448
32414843 194015
39809101 46122
32413829 37974
32414885 489772
32414910 98713
32414926 338947
32414946 43099
32414962 342009
32414969 36765
32414977 220815
32414989 341221
32414995 328730
32415005 70133
32415015 430299
32415031 137740
32415053 358425
32415057 50958
32410711 56780
32415071 56166
32415087 21879
39796637 307798
32415093 500717
32414172 353551
32415165 277547
32415181 100354
32415211 390357
32415271 246686
32415362 51909
32415529 199936
13119017 41132
32415604 415691
32415619 191088
32415666 118269
10060905 235254
32415886 1089237
32416117 93717
44125630 47455
32416142 212530
32416483 37454
32416562 319682
32416600 43403
32416739 582470
32416938 222331
32416999 462925
32417102 383367
32417106 221879
32417163 261454
32417210 79987
51068562 50516
32417325 52400
32417472 168953
32417573 45959
32417688 345202
32417699 103059
32417871 225048
32417916 204497
32417923 101598
32417996 93596
32418023 407821
32418048 52563
32418059 158181
32418068 218292
32417748 1627
32418231 333037
32418235 58553
32418294 358953
32418421 50959
32418543 428797
32418750 96046
32419039 141995
32419062 224122
32419067 530058
32419188 170047
32419579 865878
32243113 604127
32419798 159311
32418929 251924
32420059 432714
32420254 499902
32420259 51424
32420342 326270
32420503 500045
32420566 192778
32420681 272199
32420794 221648
32420867 386002
32420912 215318
32420925 1073671
32420974 41409
32421069 816702
32421116 276393
32421139 50632
32421283 325244
32421350 322787
32421445 330373
32234056 39812
32421724 123298
32421749 213505
32421818 527714
32415839 208721
32422084 513057
32422101 268636
32421963 118064
32422504 577576
32422513 201295
32422640 276324
32422761 602274
32415256 78211
32423220 325281
32423319 701563
32423354 247642
32423715 525080
32423768 224513
32418616 525618
32424201 186206
32424217 94588
32418526 424827
32424518 35963
32424609 333384
32424622 193147
32424748 329221
32425702 80044
32425739 322839
32425754 50517
32426026 370216
32426373 54016
32426809 95893
23748784 507794
32427965 35869
32428017 225805
32428068 222629
32428214 2052
32428662 325408
32428690 352730
3472326 22485
32428836 131049
32428998 230461
32429140 22144
32429435 293444
32429911 219723
32430139 216891
32430265 895165
32430275 181901
32430296 51360
32430676 1038324
39804863 829997
32430870 456341
32431026 553440
51068563 189478
32431320 338948
32432682 841674
32432708 418104
2416946 99116
32432718 340669
32432771 325203
32432870 347343
32432991 345149
32433055 99774
32433489 462447
32433619 216388
51068564 893149
32433975 893149
32433987 282591
32434199 224514
32434213 19417
32434475 337484
6989453 284181
32434707 507859
39888634 216937
2003745 216937
32435011 346816
32435395 363171
32435639 342010
32435837 109522
32435865 112009
32435955 119697
39875556 507833
4185431 224127
32436052 316509
32436056 361465
32436204 316790
32436294 243663
32433369 243827
32438434 218794
4992127 296099
32430530 105378
32439147 5251
32439333 100091
32439975 112148
32439982 140104
32432292 39344
32440616 160353
32440964 106407
32441252 161358
29815914 507776
32444464 401793
32444522 334392
32428954 120808
32445036 409740
32445146 161412
32446470 136004
32446570 53242
32446720 206621
32446749 736958
32446869 53603
32447461 253352
32447639 261141
32447753 316453
32447961 112083
32447984 21888
32448028 173901
8452293 390358
32448310 120406
32448440 3205
32448479 241436
32448522 216884
32448584 314344
32448842 221493
32448865 5543
32448955 361167
32449008 328942
32449049 324799
32449066 424319
32449091 389158
32449119 396954
10085023 500310
32449167 347275
32449191 51831
6915056 291741
32449484 34446
32449532 336755
32448781 94747
32449981 58040
32450038 97127
32458378 273294
32450152 180780
32450175 592007
32450211 328979
32450246 130349
32450333 284728
32450412 65974
32450452 239805
32450593 342726
32450602 197711
32450848 288535
32450874 109290
32450938 94288
32451009 105187
32451046 51067
32451286 219889
32451364 51905
32451434 224632
32451474 126216
32451511 243050
32451539 167536
32451548 151559
32451629 77422
32451690 37872
32451739 343225
32451771 217287
32451898 344215
32450437 219478
32452106 274126
32452204 579095
32452280 224732
32452339 56835
32452647 131815
32452769 430714
32452973 43893
32452998 154332
32453058 5457
32453077 50960
32453228 48622
32453401 222998
32453450 213166
32453557 376072
32453566 56113
32453718 222178
32453781 93490
32453819 698348
32453998 293695
32454087 41917
32454381 176500
32454484 551462
32454509 43323
32454592 180223
32454668 53079
32454682 252045
32454715 55626
32454743 5460
32454778 440773
32454799 216932
32454882 228617
32454982 176541
32455137 692670
32455147 981998
32455194 831
32455483 190572
32455536 515801
32455571 20035
10050297 50136
10080773 166626
32455775 197487
32455853 104403
32455898 22602
32455961 110314
32456000 95948
32456175 99171
32456204 51275
32456209 17051
32456305 105229
32456542 303181
32456571 989719
32456672 248617
32456685 53373
32456696 283933
32456714 5461
32456809 122484
32456872 129759
32456921 362166
32457020 5596
32457073 56469
32457117 326973
32457422 98662
32457450 54017
32457519 855621
32458044 50388
32458093 128212
32458103 224261
32458163 146221
32458230 345851
32458269 42883
32450092 755999
32458510 702189
32458635 151366
32458712 639957
32458735 939562
32458865 1311632
32458952 519657
32459042 168419
32459258 116945
32459271 85493
32459293 961614
32459308 72229
32459415 220312
32459705 42616
32459786 134253
32459887 37782
32459918 556219
32460118 42697
32460128 57093
32455142 671093
32460194 349661
32460269 99244
32460364 339342
29369760 177132
32460828 99516
32460981 52916
32461044 39567
32461065 316575
39855851 285621
32461276 94748
32461405 356974
32461426 111874
32461435 96767
32461535 317786
32461724 51775
32457092 225049
32462031 202586
32462149 99582
32462364 330067
32462492 370109
32462521 93661
32462548 311572
32462682 97849
32462736 202407
32448375 322613
32452024 335394
32463419 669493
32463513 142031
32463533 401242
32463706 170879
32463882 155436
32463927 100905
32464020 203404
32464156 394805
32464163 314780
32464419 110235
32464484 21101
32464629 96709
32464680 889128
32464789 220264
32464822 333746
32464850 110041
32464872 56375
32464994 100733
32465045 736687
32465375 198583
32465382 104821
32465458 324083
32465710 355881
32450856 110236
32450944 19583
39896571 323991
32466292 662349
32466508 52723
32466533 97203
32466633 144277
32466637 96047
32466801 98038
32466824 50963
30192844 92825
32466942 200309
32467107 92988
32467322 368333
32467404 223272
32467483 21657
32467496 186737
32467615 112245
32467678 77739
32467696 221303
32467760 327088
32467824 736761
39901898 22247
32467884 94164
32467968 652252
32467996 142165
32468026 88062
32468056 407822
32468138 152826
11632971 95717
39863991 400462
32468280 227465
10085790 318824
32468592 294962
32468714 121844
32468726 97305
32468754 47074
32468758 250003
32468795 53857
32468811 35308
32468853 18047
32469137 119438
32469161 568564
32469171 318508
32469227 345588
32469253 97670
32469318 52146
32469552 651770
32469560 121508
32469718 113053
32469902 6067
32469938 55259
32470058 17124
32470068 528891
39869287 109296
32470090 96283
32470116 366606
32470122 549880
44125632 292923
32470192 5462
32470237 324498
32470285 279083
4687704 1071981
32470425 109873
32470496 330444
32470522 53047
32470559 5455
39843512 313488
32470577 203358
32470639 115157
32470728 363241
32470850 441056
32470910 48889
32470922 95155
32470956 196363
32461471 337888
32471024 697261
32471066 328834
32471110 52724
39882705 46219
32471130 200961
32471276 142624
32471291 93136
32471841 18455
32471854 93143
32472069 248730
32472149 324931
32472253 248487
32472336 94890
32472468 665442
32472694 219825
32472700 336869
32472730 35265
32472734 96826
32472784 5463
39869289 54018
32472798 189037
32472824 312630
32472880 101650
32472922 216360
32473164 126761
32473202 126764
32473206 342186
32473350 884143
32473402 83296
32473680 512556
32473700 126765
32473796 142606
32473854 461364
32473926 149569
32473948 312861
39833796 658704
32473952 109421
32473986 19418
32473990 277557
32474004 99840
32474056 100867
32474106 106431
32474212 842555
32474222 16412
32474253 98437
32474311 17197
32474315 90010
32474522 384486
32474526 17880
32474530 95479
32474562 528922
32474638 1046030
32474731 268828
3815633 637624
32474865 5464
32474975 584033
32475035 243994
32475047 202358
32475051 110659
32475099 264889
32475129 109822
32475591 145106
32475653 367549
32475679 201934
32475717 201912
32475793 107878
32475845 101381
32475881 220670
51068565 336159
32475935 297208
32475945 226736
32475979 89891
32475997 142424
32476005 48887
32476011 350409
32476042 97671
32476110 226965
32476130 218795
32476168 215184
32476172 85430
32476220 218719
32476230 357763
32476275 337485
10048395 213506
32476345 365696
32476403 1027367
39838823 342138
32476425 5465
32476473 173390
32476479 174404
32476483 324238
32476489 187404
32476505 229904
32476553 353762
32468554 52837
32476787 207675
32476879 139100
32477006 235856
32477030 162539
32477080 111506
32477190 139146
32477520 235886
32477560 388993
32477564 1005203
32477690 323633
32477696 38791
32477732 423315
39845662 312584
32477815 330627
32477867 100131
32477871 135339
32477907 714483
32478111 1193911
32478405 226591
32478411 8483
32478573 195704
32478587 114870
32478615 111157
32478705 1305231
32478713 205717
23759125 62373
32478869 329314
32478885 53048
32479039 219572
32479121 201582
32479235 893059
32479255 75956
10091268 443337
32479433 674552
32479501 219984
32479589 84824
32479785 342104
32479927 961052
32479987 321609
32480009 480440
32480043 332062
32480051 108201
32480175 179329
32480227 349774
32480415 831766
32480443 339199
32480449 5393
32480465 322840
32480559 744938
14939551 498756
32480675 225050
32480743 287247
32480860 340762
32480904 225051
39787440 325607
32467667 110915
32480946 387077
32480978 336721
32474466 226496
32481134 328943
29369641 94295
32481262 116950
32481278 343986
32481282 96710
32481314 344565
32481335 1032757
32470607 538729
32470589 215088
32481583 611880
32481665 343327
32481769 35775
32481830 501440
11632986 684482
32481946 99038
32481960 362061
32481984 88039
32481990 105526
32474971 84411
32482174 961434
39801077 160655
32482246 354664
32482460 222733
32482528 161796
32482734 224060
32482758 213168
32482858 299349
32482979 336503
32483001 393563
32483044 330474
32479292 759697
32483190 314364
32483206 216026
32483334 157292
32483342 222723
32483430 346486
32483468 154224
32483474 349982
32483516 92465
32483554 242452
32483628 110315
32483694 340600
32483732 157928
32483752 100512
32483824 336222
32483838 252908
32483902 488862
32483987 346920
32484017 48669
32484077 217288
32484127 236431
32484155 328585
32484235 333747
32484321 320962
32484343 626173
32484591 346667
32484597 323562
32484603 219826
32484643 369500
32484813 109558
32484835 100868
32485019 285250
29371149 1372345
32485087 221026
32485215 325609
32485306 394570
32485374 100561
51068566 616661
32485666 881533
32485687 271450
32485751 340923
30390581 408278
32237771 765060
32485979 1009967
32486207 323327
32486367 108226
29369894 109691
32486681 910208
32486704 260541
39833105 308646
32486708 226592
32486721 90718
32486819 308655
32486889 660211
32486975 308663
32487005 141979
32487041 35682
32487117 308672
32487190 250169
32487382 152827
39836809 249794
32487481 308684
32486647 308643
32487638 196550
32487648 308695
32487712 49225
32487750 58968
32487770 269785
32488136 308712
32488250 97378
32488428 125325
39900724 308723
32488446 832043
10080823 343396
32488486 194339
23737070 376225
39816761 246536
32528348 207621
32488572 364582
32488620 36218
8695515 109743
32488838 122803
32488948 54948
32489098 109597
14866846 329680
32489248 79956
32489408 238001
32489594 87060
32489636 52838
32489686 340763
32489714 19586
32489838 98895
32489898 83737
32489950 121112
32490044 49841
32490096 201583
32490104 251545
32490130 54973
32490324 16118
32490370 348874
32490388 218532
32490490 5394
32487385 243765
32490624 312631
32490720 243780
32490732 90390
32490740 207414
32490844 116951
32491014 1406
32491190 341266
32491270 104947
32491296 94891
32491334 220313
32527846 215891
3815631 252943
32491441 330650
32491505 224128
8254549 221741
32491751 790121
32491778 621179
32491918 61751
32491946 9725
32491950 319302
32492066 120696
32492168 251767
32492206 392580
32492236 23007
32492294 36475
32492358 36476
32492378 100775
32492400 36472
32492425 15959
32492439 344217
32492370 99993
32492447 100906
32491417 324239
39801501 328731
32492569 103863
32492595 502911
32492681 512855
32492721 395464
32492727 216411
29371628 99325
32492853 49227
51068567 41918
32492867 700276
32492873 392146
32492953 622838
32492979 677538
32492987 341664
32493027 916073
39887112 99398
32493041 607224
39803812 859512
32493101 1628
32493197 51647
32493225 50389
32493367 35462
39804839 344566
32493403 325610
32493423 687060
32493435 1041575
32493461 342240
28172820 214950
32493557 364504
32493591 344716
10064599 79015
32493713 265418
32493719 327305
32493931 930098
32494929 349478
32494969 315877
32496024 147358
32496034 201483
32496045 612552
39830347 664125
32496085 330445
32496115 322139
32496243 394254
32496247 35289
32496303 24713
32496467 349070
32496495 119640
32497117 323737
32497123 381839
32497147 133512
32497665 14013
32498106 32926
32498154 33128
32498254 324801
32498262 15542
32498578 67229
32498890 648351
32495553 51075
32499558 341133
32499620 328872
10088617 21574
32500492 103466
32527036 163239
32500540 91379
32499250 287828
29372099 48929
32500856 47118
5681513 248910
32501300 242203
32501307 729910
32501325 350157
32501339 229972
32501573 96479
32497523 676001
23747541 305250
32502381 138693
32502645 336073
32502975 92190
32503487 213584
32503499 51999
32503537 101887
32503555 249895
32503621 106456
1651996 144890
32505021 189402
32505045 505652
51068568 43617
32505101 218113
32505177 237419
39796630 342606
32505187 391104
32529682 622839
32505215 331403
9947918 130089
32505274 190301
40097565 321766
32505294 20727
32505318 215089
32505302 512930
32505430 447082
32505444 101897
32505632 543282
32505656 249617
32505694 385926
32505437 526738
32505915 142724
32505930 186118
32505193 862267
32506210 19419
32506232 901983
39799953 275945
32506244 218114
32506272 99522
4515194 63433
32506320 754170
32506328 158897
32506362 224835
32506424 188217
32506488 284244
32506504 67339
32506524 95156
32506542 249624
32506565 95423
10088726 249770
32506886 48890
32535216 201484
32506908 365968
32506964 316482
32506969 54104
32506988 392813
28422438 53430
32507036 53496
32507088 93434
32507358 405085
32507410 658964
39900835 417049
29371736 131166
32507465 112011
32507517 295621
32507521 104320
32507529 95192
32507573 489053
32507941 321018
32507945 310851
32508017 322674
32508055 144080
32508188 333748
32508620 103864
32508653 552813
32508887 48930
39916906 41178
32509015 337267
32509107 149455
32509124 388788
32509385 201657
32509393 274622
32509501 552679
32509601 343397
32509639 290915
32510215 828847
32510553 190416
32510696 124729
32510767 109559
32510771 602409
32510805 148599
32511189 93545
32511203 342868
32511215 52725
32511237 320267
32511379 568165
32511557 352059
32511603 152776
7639462 53776
32511670 624964
32511706 341301
32511710 223258
32511716 53976
51068569 52401
32512080 262045
32512112 53244
32512140 1329933
32512330 392220
32512384 168952
32512416 140022
32512458 325611
32512464 314050
32512502 378506
32512508 137995
32512582 508128
32512658 389829
3739593 199164
4190792 316681
23752776 52044
32513220 345113
32513302 94892
32513350 362202
32513354 152889
2760791 449296
32513456 159905
32513472 698085
32513486 463421
32513502 441136
32513508 671051
32513518 84856
32513524 336757
32513826 175111
32513889 1408
29371442 333688
32513905 440443
32513917 169560
2775484 345684
2008522 345684
32514083 328873
32514151 75158
32514203 98441
32514263 340478
3348678 585411
32514318 332122
32514342 390739
32514428 361705
32514440 186085
32514454 190510
4990121 92262
23752199 227136
32515931 582016
32516121 621310
32516125 391204
32516143 1629
32516503 729545
32516011 1300097
32516674 174210
32516718 163368
32516738 231777
32517015 582480
32517039 251698
32517049 506948
32517149 131519
1980740 473386
32517301 739595
3358103 361168
32517537 96768
32517579 198240
32517709 501573
32517777 43482
32517853 216027
32517857 208417
32518379 46802
32518535 104948
32518564 301018
32518668 461702
32518802 200342
2188569 633762
2927433 633762
32518887 249824
1461435 249861
32518901 222734
39913171 929854
30021689 38611
32518969 313191
32518978 83568
32518984 49653
32519023 17125
29372166 274623
32519174 374294
32519185 484438
32519192 814008
29372165 917416
32519367 580708
32519378 188506
32519383 580700
32534412 144182
32519530 132754
32519547 137391
32519586 325650
32519591 44312
32519612 157929
32519623 351860
32519638 376113
32235142 455832
32519673 462448
32519682 100132
32519687 338643
32519702 594738
32519707 145543
32519742 347381
32519827 739318
32519832 160656
32519839 342871
32519876 160825
32519899 322104
32519906 293978
32519955 249951
32519972 345584
32520033 170671
23749119 713788
32520066 351861
32520083 363240
32520116 505113
32520145 101600
32520166 503682
32520273 329459
32520306 475107
32520325 39079
32520332 340670
32520348 599587
32520383 194695
32520388 579146
32520508 442193
39782795 416172
32513858 446450
32520543 188490
32520614 165501
39893972 758388
10064998 692816
32520643 297153
32520656 344394
32520669 547990
39796287 53044
39809097 13326
39893476 33227
39853847 11469
39825286 7951
39786214 25483
32520896 32026
39786402 23040
32520964 27081
39882707 29919
7799704 10440
39790348 27186
3883598 11586
32521392 273132
39849941 13193
39893479 28079
39887784 10545
1494835 14801
39869291 11712
39801069 10254
39785003 16017
39852045 67747
39801071 8361
39894257 10677
39907041 13475
39916935 24514
39825289 8077
3313950 13587
39819319 9025
49364015 25134
39796635 12865
39819316 10923
39822311 19421
39869285 12655
39849947 23770
39845660 670618
39849949 9157
39786215 9726
32256434 11830
32256346 28178
2839322 12558
39838825 25665
39822309 11038
39855849 7256
33102953 28807
32309872 23910
39875554 11209
39863993 32714
29372129 13925
32523045 31715
10064562 24603
32523115 32818
39881656 8207
39828265 295254
39843515 45819
32523129 45423
39892781 7712
39785568 62354
39833800 55684
39887782 268222
39838820 62882
32523175 214742
39816010 118192
39905524 12453
33103762 51718
32523853 86786
39828271 20945
32523149 66613
32523957 118498
32523979 189681
1076013 651802
