29347682 29347669
4626388 4616973
4612648 4602337
30525624 30525625
2168526 2168537
30518650 30518657
162813 512900
512900 162813
512901 162813
30518637 30518640
30518635 30518640
15057964 15057971
4364559 4274147
3825321 3824022
4065497 4065215
3824454 4065215
4073074 3830009
2911238 3453094
3823786 3449574
4626231 4616846
3823769 3825322
3453299 2911409
3449506 3824001
3824030 3823935
4066226 4223052
2085759 1209553
4543570 4519499
3928348 3603334
3449890 2910008
3449890 2910365
4137042 3929990
3962674 3654107
3792417 3654107
3962676 3654107
3452236 3451834
2170420 2911605
2444135 2444133
2444130 2444133
3126047 2444133
3449395 3823785
3449521 3823785
3450432 2910170
3449574 3823786
3449379 3823753
3823735 3823753
2910283 3449394
2909851 3449394
2909860 3449394
3449397 3449394
2910102 3449394
3449393 3449394
3823787 3449394
4488862 4449482
4274148 4135290
4332720 4222996
3829400 3829393
3451778 3452628
3451781 3452628
3452628 3451778
3451781 3451778
1934718 2710134
3825239 4066763
3825241 4066768
4531651 4552314
4271411 4362099
4131596 4271486
29347872 29347868
4271419 4362127
4274176 4364613
4562195 4577659
4271449 4362185
4271446 4362174
4503302 4469008
3449817 3824628
4321067 4207601
3928324 4135312
4492861 4522326
4471237 4505370
4274255 4364755
4616846 4626231
4595833 4606688
4592322 4603508
4583854 4569374
4596050 4584086
4332761 4223016
4223016 4332761
29347870 29347867
30505327 30505320
30505326 30505320
4223001 4332740
4404297 4332719
4630055 4620836
3125921 2444087
4543310 4519146
2753763 3344462
4135290 4274148
4579111 4563893
2910084 2910059
2170069 2910258
2910614 2910258
4321063 4396270
4626369 4635288
4595968 4606837
4616973 4626388
4426879 4471100
4531645 4552305
3399704 2839615
4222372 4331888
3828585 3452273
3399807 2839683
3825297 3824036
3823755 3825312
3823934 3449474
3449496 3449533
2910170 3450432
4491800 4521586
3824022 3825321
3824019 3825321
3452175 3452174
2910059 2910084
3827888 3452636
2910298 3450832
3461365 2921939
3461363 2921939
2911409 3453299
2170093 2170437
3451760 3450129
3829393 3829400
2444133 2444135
2444130 2444135
3126047 2444135
3126047 2444135
4453183 4401614
4401616 4329193
4066834 3825273
4064590 3823960
4364701 4274239
3824570 4065798
3450276 3825238
4503621 4469318
3603339 3126185
2921935 3461355
3918219 3586557
4076097 3834525
2415535 2415532
1555501 2415532
4423711 4423674
3918221 3586558
3586605 3102837
46142106 46142107
2839615 3399704
3918308 3586612
1555502 772633
1555503 772633
3461385 3834562
3586550 3102802
3452228 3827909
2921939 3461365
3461363 3461365
3834538 4076115
772633 1555502
1555503 1555502
2742149 1970416
1100110 1970416
2742189 1970416
3487725 2962420
4684571 4688845
4700657 4703762
4684577 4688865
3586559 3918225
4680068 4684576
14990832 14990849
3449394 2910283
2909851 2910283
2909860 2910283
3449397 2910283
2910102 2910283
3449393 2910283
3825312 3823755
3823753 3449379
3823735 3449379
3450117 3823770
3823787 3450779
4646669 4638455
4943126 4943035
3103553 2416493
14990910 14990908
3451825 3452629
3452624 3452629
2170158 2911021
207385 48403
1481430 721339
1357448 618497
1357446 618497
3918219 4076116
4230539 4076116
2415543 3102807
3102835 3102807
3102888 3586621
3461387 3586621
4129068 3918273
3918327 3586623
4163288 4293263
2231386 1357451
1357448 1357451
790426 1357451
1357446 1357451
1578695 1357451
3102812 3586578
3586578 3102812
3102807 2415543
3102835 2415543
2184167 1311767
2184165 1311767
15161751 15161753
15161759 15161753
4073080 3830013
3918274 3586600
3918266 4129058
4021290 3751883
2231360 2962078
4531645 4552301
4610647 4620769
4620771 4620769
4269676 4129016
3102837 3586605
3102838 2415544
1357488 2231492
2231492 1357488
2125720 1357488
2231491 1357488
1357488 2125720
2231491 2125720
3918258 3586582
3759960 3344557
1980269 2753839
3447585 2908064
618549 1357518
2231380 2231385
2921939 3461363
3461365 3461363
4401614 4453183
4568265 4582934
3603366 3603375
795814 1585793
162813 512901
14635902 14635878
3834573 4076135
1357356 618503
618476 618503
2231380 1357467
618501 1357467
2962078 2231360
32784464 32784463
3228420 3228419
2593066 3228419
173505 535872
14990870 14990848
14990870 14990848
4293223 4163281
3823785 3449395
3450222 3449395
989866 1835620
3461371 3834566
3971394 4163283
4603062 4613235
4583364 4583365
15058024 15058001
721339 1481430
14990860 14990840
15058064 15058112
4452741 4491458
14990840 14990860
3654107 3962674
1980254 2753761
3228420 3678465
3602976 3927995
4365081 4274570
4135446 3928386
4579114 4592265
4563893 4579111
4616965 4606836
4471097 4505236
4199301 4026503
4332739 4404328
4332716 4404289
4531796 4505268
4577654 4590927
4469361 4425137
2753763 3344461
3102807 3102835
2415543 3102835
4338483 4230560
15161753 15161751
4274177 4135310
3602926 3125897
3918334 4129109
4087155 4238152
4769864 4770496
3671221 3218506
3671223 3218506
4503267 4468993
3834562 3461385
3586582 3918258
4129016 4269676
2910526 2170041
2170093 2170041
1251859 2130378
4584007 4595978
618503 1357356
618485 1357356
618476 1357356
4222999 4332732
4603508 4592322
4427027 4471222
4274245 4364739
4584086 4596050
2444086 3125899
3603163 3928219
4613578 4623280
2415535 2415534
1555501 2415534
2415544 3102838
3586611 3102838
4274300 4364797
3447593 2908065
1357343 618464
30518657 30518650
4362440 4425159
1252195 535404
3399675 2839557
3550376 3895096
1209553 2085759
4447535 4471292
4310988 4389695
1052780 413976
3445839 2908016
3445833 2908016
3834573 4076136
4436974 4436976
4378132 4436976
4436976 4436974
4378132 4436974
15106263 15106254
4199050 4315842
4026246 4199051
14990908 14990910
15106254 15106263
3471368 3844144
3751865 3821602
14990848 14990870
3821410 4062434
4062433 4062434
3916690 4127999
3853112 3487174
4066768 3825241
4066763 3825239
4163283 3971394
4163286 3971394
3126242 2444264
4199051 4026246
30514162 30514161
2416493 3103553
4590924 4602349
3751883 4021290
3102838 3586611
3918304 3586611
3586611 3918304
3821543 3447559
3821543 3447559
2908052 3447559
4293224 4377269
4588712 4600100
4516445 4484915
3449394 2909851
2910283 2909851
2909860 2909851
3449397 2909851
2910102 2909851
3449393 2909851
3449394 2909860
2910283 2909860
2909851 2909860
3449397 2909860
2910102 2909860
3449393 2909860
3449394 3449397
2910283 3449397
2909851 3449397
2909860 3449397
2910102 3449397
3449393 3449397
30518640 30518637
30518635 30518637
30518651 30518659
4552511 4531880
3450280 3450108
3449388 3450108
3450108 3450280
3449388 3450280
2910117 3450280
4638433 4629984
3918262 3918244
3586595 3918244
3918266 3918244
14990833 14990816
4469122 4424978
3450883 2910318
1253174 2131874
1252024 535314
1252022 535314
3826573 4064606
1835620 989866
1585793 795814
4602337 4612648
4408363 4423663
4230563 4338473
4129088 4269778
2961821 3486866
2908064 3447585
3447582 3821576
4315840 4393230
4630024 4620798
1357518 618549
207387 618549
207385 618549
3823921 3449471
2910318 3450883
4650725 4643044
3487174 3853112
3806532 3853112
3447418 3821316
1970416 2742149
1970416 1100110
1291431 2168610
2168600 2168602
30515344 30515343
2231240 2231205
2231491 2231205
2125693 2231205
3486866 2961821
15161753 15161759
4223052 4066226
3926218 3600038
575689 1291428
3447559 3821543
2908016 3445839
1328084 2199953
4484909 4443721
4425039 4362362
4620833 4610709
4362121 4424764
3922551 4131580
4271412 4362101
4362229 4271461
14990841 14990818
14990839 14990818
4424744 4468919
4629986 4620750
4688865 4684577
3918244 3918262
3586595 3918262
3918266 3918262
4469008 4503302
4424819 4469000
3450108 3449388
3450280 3449388
2910117 3449388
14990816 14990833
14990818 14990841
14990839 14990841
3450884 3823851
4269707 4360728
4207616 4321089
30515343 30515344
4393230 4315840
3586606 3918284
4360663 4269649
15055982 15055973
3586558 3918221
4378132 4436977
3586596 3461343
3450832 2910298
1722533 2559361
4663087 4669059
413976 1052780
15106245 15106255
15106270 15106276
15106276 15106270
1209722 2085864
14990818 14990839
14990841 14990839
4076118 3834540
3929990 4137042
2170041 2910526
3971394 4163286
4163281 4293223
4021284 4196092
4163282 4293238
3218506 3671221
3671223 3671221
3099607 3583879
3758948 3344457
4531645 4552300
4531630 4552286
4293224 4377268
4770496 4769864
4129082 4129045
3918289 4129045
30518659 30518651
3916687 3583869
4360728 4269707
4360727 4269705
4630050 4620832
3640878 3954304
1311767 2184167
2184165 2184167
3834566 3461371
4269710 4269761
4338473 4230563
1555504 2415557
3461355 2921935
3834575 3834543
3461358 3586637
3586637 3461358
4595849 4606706
4230532 4076112
4129109 3918334
4293238 4163282
3918245 3586610
4076135 3834573
4076136 3834573
4269781 4129089
3586621 3102888
3461387 3102888
3918284 3586606
2415532 2415535
2415534 2415535
1555501 2415535
1209722 2085865
4332732 4222999
15106255 15106245
15055973 15055982
4238152 4087155
3449471 3823921
3583869 3916687
4122712 4264998
3445761 3820200
3820198 4061439
3820214 4061471
3820214 4061471
4766932 4767463
4128063 4269158
3344557 3759960
4569368 4583842
3834525 4076097
4620769 4610647
4620771 4610647
2559361 1722533
4064606 3826573
4620798 4630024
4364702 4426989
4531834 4552455
4423674 4423711
772633 1555503
1555502 1555503
1311767 2184165
2184167 2184165
3461343 3586596
4423663 4408363
3918278 3586603
3102857 2415550
2921936 2415550
3827909 3452228
4545666 4563897
3125897 3602926
3125900 3602926
3602926 3125900
3827700 4069589
4164328 4294084
4364526 4426757
4026504 3760240
535404 1252195
4552455 4531834
2231385 2231380
1357467 2231380
1357450 2231380
2962102 2231380
4135312 3928324
1107769 450684
4692816 4696854
1291421 2168591
2910238 3450623
15142167 15142163
618549 207387
2908065 3447593
2839683 3399807
15058001 15058024
3844144 3471368
15058082 15058135
7819051 7819026
4062615 4219367
4605526 4615876
4076115 3834538
30518572 30518571
30518571 30518572
2168602 2168600
3586621 3461387
3102888 3461387
3586557 3918219
4076116 3918219
4230560 4338483
35598527 35598528
7819105 7819074
46142107 46142106
30518640 30518635
30518637 30518635
3372031 3774821
4315842 4199050
15255964 15255967
4767479 4766936
2593066 3228425
7818871 7818877
4362133 4271421
535314 1252024
2508124 1668741
4293263 4163288
3954304 3640878
4569374 4583854
7818949 7818979
4061439 3820198
7818887 7818908
4765587 4766221
4127939 3916676
3918244 3586595
3918262 3586595
3918266 3586595
4372530 4285324
4062434 3821410
4062433 3821410
4131575 4271445
3661182 3965371
207376 48397
207374 48397
4264972 4357590
4562230 4543600
4505116 4470980
4543600 4562230
4562212 4577676
4449482 4488862
4449483 4488869
15058112 15058064
7818876 7818882
7818979 7818949
3830013 4073080
3451834 3452236
4469120 4503435
4425137 4469361
4425031 4469200
4362362 4425039
4321153 4396363
4469318 4503621
4503490 4530247
4424978 4469122
4396363 4321153
13278707 13278707
14635915 14635903
3918225 3586559
4362186 4424829
4469000 4424819
4505268 4531796
4634341 4625240
3928219 3603163
2710134 1934718
3823960 4064590
30505324 30505332
2444092 3125958
3600038 3926218
1291428 575689
1291429 575689
4271461 4362229
30505331 30505339
4271421 4362133
3971396 3671222
4269150 4360290
4362183 4424821
2164560 2905546
1585778 2444098
4669388 4669407
4663624 4669407
4669408 4669407
2908079 3447616
30505320 30505327
2444087 3125921
2908050 3447526
2908050 3447529
2168537 2168526
4620758 4629991
15101488 15101483
3820286 4061529
4684587 4688874
4692886 4696943
4692881 4696943
4669409 4675068
30505340 30505353
4274239 4364701
4505324 4505298
4471199 4505298
2231380 1357450
1357448 1357450
30519494 30519495
2742147 3334806
2742147 3334806
4505298 4505324
4471199 4505324
3122674 3600041
30505320 30505326
4468993 4503267
4696854 4692816
30505332 30505324
30505339 30505331
30505353 30505340
3823851 3450884
4362127 4271419
4424821 4362183
4424829 4362186
4675067 4680075
4696943 4692886
4692881 4692886
4696943 4692881
4692886 4692881
4669407 4669388
4663624 4669388
4669408 4669388
4688874 4684587
4680075 4675067
4675068 4669409
4669407 4663624
4669388 4663624
4669408 4663624
4700626 4703761
30519495 30519494
4692871 4692872
4688864 4692872
4557979 4538153
4538153 4557979
4362101 4271412
4574131 4557976
4557976 4574131
4583182 4595280
4595280 4583182
4703762 4700657
4703768 4700657
2742172 3334880
2742172 3334880
3334858 3447602
4471337 4427123
2908032 3447461
4606836 4616965
35598528 35598527
618499 1357452
3828444 4070602
4129045 4129082
3918289 4129082
15255967 15255964
34451604 34451606
4129111 4269800
4269705 4360727
29347669 29347682
4269800 4129111
3834540 4076118
4269778 4129088
3830159 3830337
4076116 4230539
2415550 3102857
2921936 3102857
4065215 4065497
3824454 4065497
3918273 4129068
4332719 4404297
4129089 4269781
4274147 4364559
4396270 4321063
4404289 4332716
4269649 4360663
4224522 4333985
4264998 4122712
3586612 3918308
2168610 1291431
4196225 4313712
4269761 4269710
2911302 3453160
3453463 2911542
3102802 3586550
34451606 34451604
3586623 3918327
4076112 4230532
4196118 4021292
3452968 2911183
3603089 3928118
3820200 3445761
3450702 3826169
4443721 4484909
575689 1291429
3821602 3751865
2444264 3126242
4629991 4620758
535476 1252339
4426989 4364702
3447617 3821642
4530247 4503490
3450245 3450273
4219367 4062615
3825559 4067199
3125958 2444092
2909427 2909312
4579051 4592200
4592200 4579051
3824036 3825297
3965371 3661182
4543742 4519731
15142163 15142167
30514161 30514162
4135310 4274177
618482 1357400
3928386 4135446
4610770 4600153
1668741 2508124
3640875 3954303
4285324 4372530
4620769 4620771
4610647 4620771
2231380 2962102
4600153 4610770
2910258 2170069
2910614 2170069
4630042 4638456
4638455 4646669
4620832 4630050
4610709 4620833
4620836 4630055
4629984 4638433
4620750 4629986
4274570 4365081
3916685 4127977
2166864 2907106
4563897 4545666
4602359 4612674
4364797 4274300
4552305 4531645
4552301 4531645
4552300 4531645
4362105 4424743
14937219 14937240
3671222 3971396
7818923 7818895
4404328 4332739
4769145 4768570
15057960 15057950
3760240 4026504
4129045 3918289
4129082 3918289
4470980 4505116
3447507 3821438
4042957 3791787
2131874 1253174
4053623 3808164
4505601 4471576
4471576 4505601
4623280 4613578
2910205 2910438
2910052 2910438
4333985 4224522
4331888 4222372
2910186 3450482
3450269 2910217
3450623 2910238
3823753 3823735
3449379 3823735
14636000 14635997
3452273 3828585
3825856 3450431
3830337 3830159
1357451 2231386
1578695 2231386
4377269 4293224
4377268 4293224
535314 1252022
3654107 3792417
1970416 2742189
2085864 1209722
2085865 1209722
3927995 3602976
3125922 3602976
4426793 4471024
4606706 4595849
2905546 2164560
4531880 4552511
2168591 1291421
4021292 4196118
3126185 3603339
3603334 3928348
3450129 3451760
2910884 2911670
2910884 2170455
4590927 4577654
4602349 4590924
4294084 4164328
30522698 30522697
4196092 4021284
3447559 2908052
3573817 3909499
3821576 3447582
2908049 3447495
450684 1107769
3821642 3447617
3334880 2742172
30522845 30522844
30522844 30522845
4606837 4595968
2415532 1555501
2415534 1555501
2415535 1555501
4768570 4769145
4274196 4364651
4505370 4471237
4404252 4332686
4449420 4396272
4522326 4492861
3825321 3824019
4577676 4562212
4332686 4404252
4635288 4626369
4426757 4364526
4321089 4207616
4026503 4199301
3586610 3918245
3825238 3450276
3449512 3824014
1980254 2753760
3452174 3452175
4271486 4131596
14635997 14636000
3228419 3228420
3678465 3228420
2593066 3228420
15057950 15057960
4471292 4447535
29347867 29347870
29347868 29347872
4471100 4426879
1107902 1980268
4311026 4192545
3834543 3834575
207385 207383
4198628 4025537
4469056 4424880
4207622 4042954
4061529 3820286
4592201 4603379
4067199 3825559
3450244 3825568
3826169 3450702
3447602 3334858
3825322 3823769
3823198 3449098
2839557 3399675
4625240 4634341
4067525 4224452
3586603 3918278
4603379 4592201
4692872 4692871
4688864 4692871
3447526 2908050
3447529 2908050
618564 1357569
48403 207385
618549 207385
207383 207385
2168576 1291413
3821316 3447418
1291413 2168576
4703761 4700626
3928089 3603071
4062434 4062433
3821410 4062433
4328464 4328465
4313712 4196225
2908016 3445833
48397 207376
4129058 3918266
3918244 3918266
3918262 3918266
3586595 3918266
3928118 3603089
2199953 1328084
3334806 2742147
4469200 4425031
4766936 4767479
2415557 1555504
3447616 2908079
3449533 3449496
4491458 4452741
3447461 2908032
3583879 3099607
4042954 4207622
618497 1357448
1357451 1357448
1357450 1357448
1357446 1357448
4425159 4362440
3824607 3824557
4127977 3916685
4357590 4264972
4606688 4595833
4328465 4328464
3125899 2444086
4389695 4310988
2444098 1585778
3447495 2908049
3449098 3823198
3825646 3450274
3808164 4053623
4484915 4516445
3909499 3573817
15101483 15101488
4228583 4228584
4364651 4274196
4364613 4274176
30524028 30524029
30524029 30524028
2231205 2231240
2231491 2231240
1585794 2444229
7818895 7818923
4582934 4568265
4615876 4605526
14635878 14635902
14635903 14635915
15057971 15057964
4521586 4491800
3603121 3928147
3580804 3915041
4228584 4228583
14990849 14990832
3228419 2593066
3228425 2593066
3228420 2593066
1980268 1107902
618464 1357343
4332714 4404284
4552314 4531651
3827594 4069495
2910611 2911120
3450395 2910437
4402342 4334591
2910438 2910205
2910052 2910205
3450482 2910186
3823770 3450117
4669059 4663087
4684576 4680068
3654107 3962676
4025537 4198628
4396272 4449420
4519499 4543570
4424743 4362105
3824557 3824607
3450274 3825646
2910637 3451780
2910438 2910052
2910205 2910052
1357356 618485
618476 618485
2911183 3452968
3453160 2911302
2911073 3452771
3452771 2911073
32784463 32784464
1357451 790426
1578695 790426
618497 1357446
1357451 1357446
1357448 1357446
2911021 2170158
4600100 4588712
4436976 4378132
4436974 4378132
4436977 4378132
30525625 30525624
3603071 3928089
7819074 7819105
7819026 7819051
1357467 618501
207375 618501
3895096 3550376
3344457 3758948
2753761 1980254
2753760 1980254
3853112 3806532
30522697 30522698
1357488 2231491
2125720 2231491
2231205 2231491
2231240 2231491
618503 618476
1357356 618476
618485 618476
207374 618476
207375 618476
3600041 3122674
2911120 2910611
2910469 2910465
3453094 2911238
4766221 4765587
48397 207374
618476 207374
207375 207374
1357451 1578695
2231386 1578695
790426 1578695
3830243 3453377
4271445 4131575
4424764 4362121
4362099 4271411
4362185 4271449
4362174 4271446
4131580 3922551
1357400 618482
4127999 3916690
4218590 4061484
4061471 3820214
2753839 1980269
4669407 4669408
4669388 4669408
4663624 4669408
3451781 2911019
2444133 2444130
2444135 2444130
3126047 2444130
4692872 4688864
4692871 4688864
4688845 4684571
2907106 2166864
3344462 2753763
3344461 2753763
3928147 3603121
2909312 2909427
2962420 3487725
1357452 618499
2910437 3450395
3453377 3830243
2170437 2170093
2170041 2170093
3774821 3372031
4362256 4271473
4271473 4362256
4503435 4469120
4613235 4603062
4583365 4583364
3449394 2910102
2910283 2910102
2909851 2910102
2909860 2910102
3449397 2910102
3449393 2910102
2910465 2910469
3452628 3451781
3451778 3451781
2911019 3451781
4552286 4531630
4192545 4311026
4222996 4332720
4070602 3828444
3452636 3827888
2444133 3126047
2444135 3126047
2444130 3126047
4577659 4562195
618501 207375
618476 207375
207374 207375
4471222 4427027
3954303 3640875
3450431 3825856
1357569 618564
3586600 3918274
2910217 3450269
3830009 4073074
1252339 535476
3602976 3125922
4061484 4218590
2231205 2125693
3821438 3447507
4269158 4128063
4360290 4269150
3916676 4127939
3449394 3449393
2910283 3449393
2909851 3449393
2909860 3449393
3449397 3449393
2910102 3449393
3126207 2444228
4531969 4505423
4767463 4766932
3603375 3603366
4069589 3827700
4069495 3827594
4505423 4531969
3451780 2910637
3452629 3451825
3452624 3451825
3824628 3449817
2911542 3453463
4364739 4274245
2910008 3449890
2910365 3449890
3791787 4042957
3915041 3580804
14937240 14937219
3449395 3450222
3449521 3450222
2444228 3126207
4334591 4402342
3825568 3450244
3450273 3450245
3825273 4066834
3823935 3824030
3823785 3449521
3450222 3449521
4065798 3824570
2130378 1251859
535872 173505
3218506 3671223
3671221 3671223
4224452 4067525
7818908 7818887
3824001 3449506
15058135 15058082
4519146 4543310
7818877 7818871
7818882 7818876
4519731 4543742
4329193 4401616
4065215 3824454
4065497 3824454
2911605 2170420
3452629 3452624
3451825 3452624
2911670 2910884
2170455 2910884
2910258 2910614
2170069 2910614
4943035 4943126
4643044 4650725
4468919 4424744
4424880 4469056
2415550 2921936
3102857 2921936
4404284 4332714
3450280 2910117
3449388 2910117
4638456 4630042
3824014 3449512
4488869 4449483
3449394 3823787
3450779 3823787
3449474 3823934
4364755 4274255
4612674 4602359
4505298 4471199
4505324 4471199
4471024 4426793
4592265 4579114
4332740 4223001
4583842 4569368
4595978 4584007
4505236 4471097
4427123 4471337
2444229 1585794
4207601 4321067
