10904980 10905020
30750478 30750480
35478043 35478046
1545371 2405741
1765902 2582326
35423009 35423011
15718637 15718648
15718616 15718623
3578596 3913799
13268508 13268514
35420928 35420931
35476142 35476146
773102 1556899
28727804 28727809
30748615 30748623
35446870 35446875
35476301 35476304
8812339 8812343
11679353 11679363
35476351 35476356
30752524 30752527
15255900 15255903
35476204 35476206
35476359 35476364
35417909 35417911
4484076 4515646
3970175 4162679
30753672 30753680
35445667 35445669
28764597 28764621
30752868 30752871
35476321 35476330
30751662 30751667
30749454 30749457
13487033 13487037
30324064 30324079
1510141 2372840
15409921 15409925
35450345 35450348
30744457 30744460
5015634 5015638
35421258 35421262
30748677 30748679
35417382 35417385
35476207 35476211
35418602 35418604
35476147 35476151
35420789 35420792
35476251 35476254
35476200 35476203
30754062 30754066
1096563 1962427
35476255 1962427
34236368 34236375
30499607 30499614
35476313 35476317
15639100 15639111
35476365 35476368
15642079 15642096
35417072 35417076
35476334 35476337
4999292 4999307
13155748 13155753
30753405 30753407
35418605 35418608
29043237 29043240
11679365 11679377
35418439 35418442
35476089 35476091
35476296 35476300
35416887 35416890
35450760 35450763
35417484 35417486
14329929 14329942
11666775 11666782
35476136 35476138
35450757 35450759
30751806 30751814
35476347 35476350
35476257 35476259
32815880 32815884
36363115 36363118
14401553 14401561
3072419 3563014
29041447 29041451
3555705 3898725
13713722 13713729
15098793 15098810
15099 79745
15169066 15169072
29039884 29039893
35792079 35792082
35790284 35790288
15697287 15697293
30312635 30312641
279046 785958
30336858 30336864
35415963 35415964
36362028 36362030
36364621 36364623
15692307 15692316
35418013 35418016
15374596 15374607
3157632 3628599
35416262 35416264
35476590 35476591
3601756 3927339
29044027 29044031
35805988 35805992
30745693 30745695
34241826 34241829
30743794 30743796
30496079 30496086
35418094 35418098
36362288 36362291
2878492 3426961
15718655 15718668
15693245 15693250
30749613 30749617
92900 315815
32858474 32858480
4020189 4195215
29038801 29038804
34255070 34255072
536015 1253225
30744312 30744315
30760607 30760611
29043392 29043396
30500815 30500821
30747681 30747686
36368353 36368356
30243727 30243733
4425378 4469596
15762478 15762510
14694097 14694104
878446 1695315
2381511 3072479
592793 1327431
593582 1328461
3105135 3587933
29027454 29027459
35416958 35416960
34235933 34235935
2932543 3467272
5949461 5949513
13146902 13146937
35449281 35449284
30743528 30743531
30749288 30749290
35449243 35449245
35440123 35440127
32125927 32125940
1015795 1867361
15335332 15335348
13223140 13223158
35419379 35419381
35449266 35449268
30758435 30758444
33015598 33015603
15718708 15718718
3601746 3927316
11722590 11722598
13235874 13235883
15718700 15718707
3209163 3664638
28313643 28313651
2470260 3147648
30784751 30784756
4183356 4305846
927212 1734348
35417125 35417128
35449227 35449230
28270790 28270798
2442560 3124547
13157508 13157519
35420487 35420490
35449246 35449248
35449218 35449219
32781398 32781404
3664632 3967683
32817689 32817694
35449251 35449254
2878789 3427239
32772153 32772156
32775322 32775324
7201686 7201717
32828879 32828884
32823903 32823908
30754159 30754165
15726151 15726158
15718744 15718749
3079959 3569682
35476399 35476401
36319975 36319977
15719573 15719581
2033249 2795215
13703102 13703105
9664888 9664902
5021988 5022003
619653 1358786
30751294 30751298
30498272 30498275
36361596 36361599
46509328 46509330
13158166 13158177
1015933 1867564
13467725 13467747
1252592 2131285
30754875 30754879
13467721 13467731
30312986 30312989
15454086 15454088
35464255 35464256
35418247 35418250
15719591 15719598
5021980 5021994
15055619 15055623
15718737 15718743
15721786 15721793
30782314 30782318
29038608 29038613
30425673 30425680
29364326 29364335
30749728 30749730
15718766 15718773
32793807 32793815
402005 1015748
15058015 15058046
35477534 35477538
305105 835035
15718774 15718780
32816635 32816641
15628031 15628038
8643349 8643358
35440148 35440151
15718757 15718762
1867548 2666862
1015926 1867557
32799415 32799423
15607186 15607204
32816642 32816645
15718781 15718788
35440621 35440623
28632294 28632301
746379 1525763
35421153 35421156
30752182 30752184
29607978 29607989
35450903 35450907
35450908 35450912
29053573 29053578
15698194 15698200
36350795 36350796
15499288 15499298
35788551 35788554
35450913 35450916
796790 1588025
289613 807488
4104244 4253841
15697110 15697120
2582033 3220231
2817888 3385090
15691852 15691862
30779787 30779791
373027 975168
1061890 1923488
3972023 4163799
35418620 35418622
15087441 15087451
15697312 15697322
15718814 15718826
3618957 3941392
15692762 15692770
15718840 15718842
2465139 3143975
35450848 35450851
4126115 4267975
35450852 35450854
30752606 30752610
35421043 35421046
284275 794881
15692737 15692746
29053360 29053363
32824298 32824301
35450844 35450847
35477102 35477104
807493 1608998
4618668 4628005
35476586 35476589
29038774 29038777
14494813 14494822
30774396 30774401
35450858 35450861
512444 1207719
35800069 35800073
512264 1207568
34237738 34237742
35450891 35450894
30494108 30494114
29053545 29053547
35450869 35450873
29038870 29038874
7564039 7564060
35417583 35417585
169315 522830
13153720 13153732
29038379 29038384
6643087 6643125
1070513 1933477
15073894 15073905
51500125 51500127
30769741 30769744
35418088 35418093
336634 921988
1292261 2169573
35450874 35450879
35450931 35450936
733894 1505324
13510898 13510905
4046509 4210320
30752719 30752724
35419063 35419067
14225246 14225260
35417504 35417506
35450862 35450868
14490696 14490704
3128361 3605103
36350924 36350926
32780691 32780695
35416976 35416979
35450886 35450888
3619821 3942100
32848752 32848754
15693016 15693022
35820413 35820416
35417598 35417603
794877 1584607
30755314 30755327
35418373 35418375
35450925 35450930
15625642 15625666
6262546 6262558
35418462 35418466
13228110 13228156
32789786 32789788
2817894 3385112
746381 1525798
4994826 4994855
186941 576484
807494 1609004
29052303 29052308
30764457 30764462
2169564 2908987
15718901 15718907
30497217 30497222
9244539 9244553
15697658 15697667
35450921 35450924
316109 853399
15718689 15718696
29045381 29045386
15718850 15718863
964400 1804282
13228152 13228167
3822018 4062849
1398803 2273668
32846057 32846061
15718887 15718900
4265455 4357949
35421755 35421759
30751747 30751750
30752957 30752960
10888315 10888330
2169563 2908982
15718827 15718833
35450895 35450898
8885211 8885251
13345715 13345739
11901878 11901891
28602788 28602795
32825677 32825681
35466374 35466377
35465707 35465710
13473904 13473908
3232657 3681660
12267875 12267879
35464542 35464544
35465974 35465977
35466431 35466434
35466437 35466440
30747242 30747244
35464491 35464493
35464846 35464848
35464453 35464456
35465349 35465351
15615789 15615794
15602002 15602009
35465058 35465061
35464501 35464503
35464450 35464452
35466176 35466180
35440474 35440475
30743622 30743624
35466181 35466185
15601130 15601135
35465005 35465007
35465562 35465564
35464958 35464961
2710589 3305091
4551135 4568426
35464889 35464892
35465314 35465317
35465703 35465706
35465081 35465083
35465300 35465302
1517515 2376787
30750255 30750257
11716345 11716355
35464902 35464904
35466198 35466203
35465876 35465878
35465886 35465889
30751646 30751649
13235744 13235751
35465763 35465767
35465565 35465567
35466153 35466157
35465503 11439187
11439179 11439187
8879518 8879523
35465967 35465970
8740072 8740095
30804890 30804895
2912910 3454348
35466243 35466247
35464554 35464556
32827163 32827165
35466083 35466086
35464803 35464805
35464809 35464812
35464992 35464994
35465479 35465482
35464744 35464748
35464841 35464843
509449 1204202
30750379 30750382
13516305 13516310
35465530 35465532
13223280 13223288
35465191 35465194
12226189 12226194
910507 1720844
12609045 12609050
35465092 35465095
35465020 35465023
35464895 35464898
30226352 30226358
35465037 35465039
4530206 4551142
12244937 12244942
29050371 29050374
35464511 35464513
13462613 13462623
35465225 35465228
35466011 35466014
35465999 35466002
29044399 29044404
4920609 4920668
35466127 35466131
35464815 35464817
13458631 13458637
21496 119506
12771597 12771614
1252127 2130636
11623443 11623459
32755143 32755153
35464565 35464569
35464834 35464837
35465684 35465687
35465468 35465471
35465303 35465306
35445085 35445088
35466018 35466021
35464481 35464484
35464605 35464608
35464823 35464828
15721732 15721751
3690063 3984421
35465341 35465344
35464591 35464595
656664 1399055
35466161 35466166
35466414 35466418
11667373 11667379
35465322 35465325
35465318 35465321
35466277 35466280
252315 744931
512210 1207459
29043331 29043336
3980426 4168970
15370479 15370493
35466186 35466191
35464970 35464973
11665950 11665970
371661 971786
2656777 3274547
30744972 30744980
13426448 13426453
35466170 35466175
30747313 30747316
35465147 35465150
512834 1209091
15717267 15717273
35464867 35464871
15447455 15447460
15721724 15721731
13488873 13488878
35465943 35465945
35466348 35466351
15555095 15555105
35465205 35465209
35464830 35464833
15255041 15255048
3663666 3966701
35465383 35465385
21836098 21836105
35465698 35465700
35465008 35465010
35466291 35466293
35465598 35465600
35466342 35466345
35464946 35464948
32845650 32845660
35455665 35455667
35464557 35464559
35416763 35416765
35465307 35465310
11736578 11736585
15630034 15630041
4207383 4320907
35465345 35465348
15264504 15264509
32845678 32845681
15256594 15256599
35465195 35465198
4469141 4503464
12326173 12326177
35466337 35466340
35465248 35465251
34290349 34290352
35465747 35465750
35465952 35465955
35465909 35465911
35465900 35465904
35465024 35465028
35464496 35464498
35465159 35465161
35464655 35464658
35465978 35465981
35466003 35466007
35466369 35466371
35465751 35465753
35421243 35421245
512209 1207439
4126287 4268146
35465162 35465165
35466207 35466209
30338131 30338135
35466444 35466446
30786711 30786716
35465237 35465240
35466262 35466264
32844752 32844755
35466257 35466261
35465675 35465677
35465099 35465102
35464693 35464696
35465641 35465643
29043405 29043411
35464545 35464547
12226036 12226040
15732304 15732317
15721699 15721720
4396399 4449590
35464943 35464945
4530374 4551278
35465660 35465663
35465221 35465224
35466224 35466225
12226092 12226097
35465991 35465994
35465680 35465683
35466040 35466044
35465618 35465621
35465136 35465138
35465495 35465498
35416838 35416843
35465084 35465087
35466394 35466397
35465850 35465854
35466296 35466299
15732286 15732301
35465538 35465542
11993567 11993574
35466132 35466135
35466333 35466336
746376 1525731
35465644 35465647
35465412 35465415
1511650 2373656
35464584 35464587
15729473 15729479
35465724 35465727
35466300 35466302
15728613 15728619
15183038 15183054
773105 1556907
35466309 35466311
32809549 32809552
35466232 35466235
35465276 35465280
11913619 11913628
35464650 35464654
15722549 15722567
35465464 35465467
35464706 35464708
30744576 30744581
35465543 35465546
13471267 13471287
35465499 35465502
15728907 15728915
15732161 15732168
35465924 35465926
28727683 28727691
35465395 35465398
35465982 35465985
15734993 15735001
3207686 3663677
35464444 35464446
35465049 35465051
35463188 35463191
35466460 35466463
35465650 35465653
35464570 35464574
1481286 2348792
30745911 30745919
35466221 35466223
15735989 15735995
35464799 35464802
35465595 35465597
35465866 35465869
30758884 30758889
2122996 2870792
3304326 3729419
15263748 15263757
51730045 51730047
35421096 35421099
35418106 35418109
36359603 36359605
30753924 30753930
15719084 15719090
15719014 15719025
15719004 15719008
3046030 3546854
15718994 15719001
35417152 35417156
32873648 32873652
15719068 15719081
30787327 30787332
3046233 3546998
32800213 32800217
35418748 35418751
36437653 36437655
36396700 36396703
36276584 36276586
35417168 35417170
35418740 35418745
30745021 30745024
2198517 2935893
32845704 32845706
32778601 32778605
32799666 32799670
1537449 2396280
32812850 32812854
30234157 30234165
32839917 32839920
15730681 15730690
32778177 32778182
35477444 35477445
36398522 36398525
36293656 36293658
15719044 15719055
15718982 15718988
15706135 15706144
30752686 30752688
36437354 36437356
51815550 51815551
30496397 30496401
4223010 4332756
36414858 36414861
30503298 30503301
536011 1253165
3129234 3605643
589963 1322659
15065264 15065276
32778178 32778186
3398726 3792005
36437597 36437600
30748983 30749026
1537450 2396283
35476473 35476479
15718951 15718965
2084651 2838427
35827964 35827967
35477609 35477611
15719102 15719247
35445385 35445387
30425790 30425798
15719044 15719056
51692921 51692923
29349955 29349970
32778195 32778199
4423008 4467881
30787207 30787210
35802888 35802892
13474075 13474090
13474075 13474091
15231046 15231055
30243430 30243439
35418906 35418908
35439315 35439318
35420649 35420652
36275602 36275603
32839912 32839916
35416060 35416064
10190608 10190616
1581923 2440549
15719061 15719071
30746427 30746431
15315076 15315114
3601749 3927321
36358721 36358723
13130961 13130970
3195415 3652135
2442546 3124527
35419114 35419118
3195426 3652158
2838287 3398611
4081776 4234873
3938710 4143287
3615363 3938713
32773554 32773558
35415994 35415998
30744985 30744991
4478291 4511479
2835038 3396467
28473089 28473110
35446767 35446770
3470054 3843069
32800777 32800782
592341 1326770
11661496 11661513
4515632 4540544
15728894 15728905
32762940 32762943
35446732 35446734
2877789 3426398
32760301 32760304
401986 1015685
30746209 30746214
4540526 4559800
1867199 2666621
9665402 9665421
401986 1015686
12824209 12824226
35421413 35421415
30745993 30745999
13160809 13160828
5027200 5027208
11921419 11921424
35449470 35449472
35449307 35449309
13229868 13229879
35450551 35450554
35453859 35453862
35450456 35450458
13227837 13227842
34381656 34381659
35417947 35417949
35450687 35450689
35417321 35417324
35416826 35416827
30750496 30750502
30750851 30750854
30754325 30754338
35450571 35450574
35450716 35450718
35445695 35445701
35450682 35450685
35450298 35450301
35450440 35450443
11927852 11927856
30751878 30751883
35450150 35450152
35449300 35449303
35421479 35421485
275835 782444
30751709 30751718
15719558 15719566
35449822 35418070
35418068 35418070
35449675 35449677
30753319 30753321
35449413 35449415
35450668 35450673
35450263 35450266
13155107 13155113
35445567 35445570
35450269 35450272
2198502 2935850
2198502 2935851
12574065 12574072
13232624 13232634
35418997 35418998
35450017 35450020
30751078 30751085
8097779 8097797
11664559 11664563
30746830 30746835
35450810 35450812
2099244 2851084
30749187 30749191
267524 769166
35417979 35417982
35450735 35450737
13466853 13466858
35417912 35417915
35449557 35449560
11670949 11670954
82757 285578
13152991 13152998
35451250 35451253
35449334 35449336
30745568 30745572
35450813 35450816
35450820 35450823
13230310 13230315
35450709 35450711
35418347 35418349
35450187 35450189
35449373 35449374
35449809 35449811
35416949 35416954
3942992 4145937
11669597 11669604
12150163 12150172
35449880 35449882
35416018 35416020
35449321 35449323
35449314 35449316
11670222 11670231
35450129 35450131
11676583 11676592
35476487 35476490
35416775 35416777
33642945 33642947
35445542 35445545
1210661 2086403
35449346 35449349
755722 1538142
13458769 13458773
1161828 2033368
1161857 2033410
30753349 30753354
35449356 35449359
35445634 35445637
35416782 35416786
35450487 35450490
35450341 35450344
35418211 35418214
35445659 35445662
1535558 2393590
35417579 35417582
35450206 35450211
35449896 35449899
15719547 15719553
11671902 11671907
30749695 30749698
1327296 2199283
35416234 35416236
11461613 11461622
11671513 11671517
35449430 35449433
13217191 13217199
2129889 2877333
2877319 2877333
769800 1552491
35449490 35449492
35449669 35449671
11661328 11661335
13146570 13146576
35449984 35449987
13071383 13071390
35449744 35449747
35450450 35450454
2198118 2934456
33026182 33026186
35449449 35449452
35449549 35449554
35449493 35449496
35444799 35444801
30749471 30749474
13509672 13509676
35418662 35418665
905448 1716394
35476713 35476716
35450526 35450528
13226731 13226736
11667278 11667294
35449750 35449752
535714 1252606
35416881 35416884
30753976 30753987
35449603 35449606
11838618 11838630
13146962 13146970
35449563 35449565
35449631 35449634
976730 1819794
35416873 35416877
35417714 35417717
11671877 11671885
14586185 14586197
15768575 15768587
35449682 35449685
35449691 35449693
35450690 35450691
35449695 35449697
11881354 11881362
35450427 35450429
30472592 30472599
3068705 2376811
1517517 2376811
1517517 2376812
35449458 35449460
35449572 35449575
11670777 11670780
30754383 30754384
35449607 35449609
35449725 35449729
2482522 3156984
35421359 35421361
555634 1279108
35450800 35450805
30754951 30754953
30745028 30745036
29048293 29048297
1204634 2081029
11669040 11669045
1210746 2086458
35445849 35445852
35450656 35450660
35449730 35449733
35450529 35450532
35450701 35450705
35450459 35450460
35449705 35449707
35449990 35449993
2935699 3469926
35449310 35449313
13365429 13365434
11671088 11671092
13146199 13146203
11677964 11677976
35445853 35445856
35449875 35449877
564523 1282964
13464784 13464805
3047857 3548148
4002257 4184415
13215901 13215907
35450496 35450499
34242334 34242337
35444840 35444844
30763812 30763816
12636169 12636184
35476875 35476876
11671569 11671580
35416196 35416199
30748199 30748204
35449961 35449965
29052133 29052138
35449698 35449701
4289762 4375204
35449971 35449974
32773237 32773242
2376748 3068676
2131276 2878476
35418449 35418451
13155706 13155717
35450025 35450028
511112 1205980
35450566 35450570
11690856 11690867
29044759 29044769
35418666 35418669
35449998 35450000
35449935 35449937
35444802 35444805
35450694 35450698
4466907 4501735
2198421 2935563
35450319 35450321
35418271 35418274
13157496 13157507
35417941 35417943
35450083 35450086
35450500 35450503
35450212 35450214
28944352 28944361
13364989 13364998
35450290 35450293
35450267 35450268
35450119 35450121
3738559 4012655
11926889 11926900
35420608 35420611
35449796 35449799
11677529 11677535
35476657 35476659
35419038 35419040
3599258 3925677
4423262 4468008
35417129 35417132
29048766 29048771
35450381 35450383
32810514 32810517
2924984 3462899
2050964 2810795
15717928 15717933
35450176 35450180
30761539 30761545
722670 1483442
35449517 35449519
2628280 3254889
15719524 15719531
15719524 15719532
35449599 35449601
12007561 12007570
35449418 35449419
35450199 35450201
35450225 35450227
13760924 13760928
11713949 11713954
35417411 35417414
29043048 29043059
35449653 35449656
35445759 35445767
28728092 28728099
357505 954442
35450641 35450645
35450259 35450262
35417922 35417925
35449717 35449718
35450328 35450331
32819712 32819716
4906427 4906468
4906427 4906469
15647702 15647707
35450231 35450234
35418637 35418641
13475241 13475250
35449852 35449856
12320081 12320095
35418706 35418707
35418725 35418729
35449596 35449598
30751388 30751394
32799557 32799560
35449624 35449626
35450108 35450110
30754550 30754556
35449784 35449789
35450401 35450403
11749608 11749613
13518576 13518582
1281598 2159223
35449887 35449889
35450404 35450407
11676057 11676064
35449792 35449795
35449955 35449958
15264070 15264075
51751304 51751307
30751247 30751249
3905229 4120146
35450352 35450356
35453241 35453244
13227830 13227836
5134505 5134611
1326725 2198470
1326725 2198471
11670048 11670056
35802869 35802872
35450397 35450400
3469802 3842883
35449712 35449714
35450049 35450052
35450505 35450509
35454888 35454891
35450447 35450449
11675048 11675056
35449528 35449530
32873335 32873338
35450747 35450751
35450168 35450172
15618788 15618791
13483161 13483166
35450122 35450124
13152152 13152160
5136932 5136940
30752551 30752556
11661724 11661730
35449390 35449392
30747155 30747162
35449777 35449779
589974 1322708
30747135 30747143
13398083 13398089
13453262 13453272
236538 721380
13217895 13217902
35418653 35418656
30746880 30746884
11817660 11817667
701312 1459010
3086070 3573699
30781978 30781980
1281292 2158693
32813221 32813224
11827058 11827087
35418053 35418055
51815552 51815553
3254864 3697864
51815552 51815554
3254864 3697865
37151412 37151413
37151412 37151414
1734367 2568393
34440910 34440914
34440910 34440915
35450111 35450116
35417994 35417997
35450367 35450370
35435497 35435498
35449843 35449846
35450663 35450667
35419047 35419048
34240612 34240613
2628275 3254853
28530507 28530512
3901282 4117895
948524 1778268
35449591 35449593
35450575 35450580
35445604 35445607
30748244 30748248
35450251 35450253
30761868 30761873
35415975 35415977
35449872 35449874
35450539 35450542
35445655 35445658
30749209 30749216
30751657 30751661
35450807 35450809
35450031 35450033
15729699 15729705
35450075 35450077
13152704 13152710
35449757 35449758
35450724 35450726
35417604 35417606
35449737 35449740
35418549 35418553
35417513 35417515
30751877 30751881
35449629 35449630
35444837 35444839
51503168 51503170
35450743 35450746
36439838 36439840
35416783 35416790
35450021 35450024
35445651 35445654
35449708 35449711
35449426 35449429
35450764 35450768
35416996 35416999
35417092 35417094
35449524 35449527
35450060 35450062
35449408 35449410
35418778 35418780
13150913 13150918
34995140 34995143
35415960 35415962
35421012 35421015
35420693 35420696
13151899 13151907
30788305 30788307
13416024 13416030
35445673 35445675
35421270 35421272
51815555 51815556
51815555 51815557
30750941 30750945
35476620 35476622
35449508 35449510
35419043 35419044
11712272 11712282
35417926 35417929
11891355 11891365
32758918 32758921
35449818 35449820
30748207 30748210
35450220 35450224
35449722 35449724
35450244 35450246
35417389 35417392
12214540 12214545
35445722 35445728
35449304 35449306
35450190 35450192
35417352 35417354
35450307 35450311
2709573 3304272
35449473 35449476
28161274 28161277
35450533 35450538
35449909 35449912
13156914 13156922
35449883 35449886
35445644 35445647
35450420 35450424
35449511 35449516
35449942 35449945
13472831 13472839
32775012 32775016
11965178 11965205
35450461 35450463
35418164 35418167
35450078 35450082
35421406 35421409
32774113 32774119
312899 849204
11965195 11965224
35418730 35418733
35445778 35445779
35449931 35449934
11965191 11965217
35450434 35450436
11677795 11677830
35449754 35449756
35449403 35449405
35421373 35421374
35449568 35449571
32775804 32775809
35450374 35450377
35449903 35449905
35450274 35450277
35419045 35419046
35449946 35449949
35450202 35450205
754842 1535968
35476839 35476841
32793284 32793288
11891274 11891279
35419425 35419428
401994 1015716
35450228 35450230
35449662 35449665
35418734 35418737
30746000 30746003
35450607 35450609
35421118 35421120
30744830 30744834
12300147 12300159
35454098 35454100
35450484 35450486
51815558 51815559
35418305 35418307
35417365 35417368
35450156 35450160
10736969 10736985
35445553 35445556
35417312 35417314
35417418 35417420
35449317 35449320
35450468 35450471
35449384 35449386
35417729 35417731
35449581 35449585
35450384 35450388
11671563 11671568
35416315 35416318
10620186 10620201
28727751 28727754
51815560 51815561
35450464 35450465
4158018 4289774
36314917 36314919
12299813 12299816
11965194 11965222
35435868 35435870
11965189 11965210
30747591 1716375
905445 1716375
510114 1204666
4906426 4906458
4906426 4906459
513007 1210697
35451264 35451267
15139428 15139440
30319854 30319856
35451394 35451396
1283297 2160865
11762375 11762393
35450646 35450650
35450475 35450476
35449635 35449638
12938531 12938554
35450612 35450613
12045699 12045713
2924989 3462918
1562154 2421665
11788711 11788718
11661844 11661854
954322 1784960
11179152 11179162
35419035 35419037
2198418 2935534
30753707 30753711
35450125 35450128
35450140 35450143
35450036 35450038
1284202 2162857
2397147 3088750
954348 1785037
35450193 35450196
315839 853052
11928829 11928840
12333490 12333495
2393643 3086083
2417163 3103978
2160837 2901677
30744450 30744455
13156750 13156755
35450254 35450258
11734753 11734761
35418339 35418342
1282239 2159656
11965176 11965188
35450067 35450070
29880615 29880621
29340153 29340158
28729909 28729920
29339141 29339147
4527937 4549825
29334979 29334985
39623 162382
39623 162383
1252919 2131573
29335080 29335089
511145 1206059
29336771 29336777
11673047 11673071
15719364 15719373
15719364 15719374
15719383 15719391
29334900 29334908
28730082 28730087
15719430 15719434
989310 1835090
3258826 3700635
15736746 15736759
5021573 5021585
15719342 15719353
29335600 29335603
29340123 29340127
15719320 15719327
15719330 15719339
15000216 15000227
15729121 15729136
29335022 29335026
4181273 4304452
14970229 14970244
29336635 29336639
989302 1835033
15719413 15719421
15716506 15716518
3698457 3989455
29335388 29335392
7201762 7201789
15719435 15719446
29339652 29339656
2878829 3427308
29339972 15719311
15719301 15719311
35417315 35417318
29339166 29339170
29336835 29336859
29336752 29336757
15719375 15719382
15719402 15719410
4501357 4527935
29335139 29335147
989308 1835076
29337443 29337448
29041788 29041792
29337631 29337636
29336067 29336079
4181280 4304479
3269310 3708686
29340007 29340010
29340175 29340179
29340146 29340152
29339490 29339494
119076 380769
15732241 15732255
29336156 29336163
28729905 28729914
29335557 29335561
4120815 4263946
29336110 29336122
15719454 15719461
989303 1835063
15729121 15729137
512140 1207365
15719355 15719363
39625 162408
6524929 6524946
29335033 29335041
15730816 15730824
29337131 29337136
29336617 29336623
15736106 15736117
29339982 29339989
15305633 15305641
35418263 35418265
14659703 14659714
2960951 3486401
34254100 34254104
31902686 31902695
36429717 36429719
35417990 35417993
3035032 3540172
1592700 2449429
35440575 35440578
1288098 2165833
30722652 30722658
11150859 11150872
36357697 36357698
2878551 3427017
35477735 35477740
36358097 36358099
30747833 30747837
4972120 4972130
36358101 36358103
656827 1399151
15250028 15250033
1816611 2626653
3174949 3640107
3973153 4164536
11400851 11400869
4159334 4290696
2084954 2838765
7131366 7131382
4026521 4199327
1707541 2538010
51587242 51587244
3018989 3528591
1015694 1867225
3592906 3922090
35463027 35463030
35463023 35463026
30323576 30323584
1252647 2131305
6907839 6907850
11380585 11380591
35476660 35476663
8123686 8123698
36310092 36310093
28735745 28735754
15356838 15356846
15721563 15721575
30753915 30753918
2843584 3402462
15396485 15396489
35417051 35417056
35463009 35463012
36278613 36278615
35463019 35463022
2641591 3264279
32935131 32935136
30748057 30748068
2233081 2963878
1835593 2641610
51815562 51815563
15489608 15489626
35440680 35440686
7791099 7791109
35440110 35440114
755466 1537457
2086448 2840251
30742816 30742819
1707379 2537844
15721664 15721671
34239749 34239753
2796019 3370553
30745788 30745793
30330052 30330057
15372225 15372234
535182 1251840
30494922 30494926
122546 402026
25435952 25435957
3922082 4131312
3697476 3988907
35440673 35440675
35440614 35440617
3486412 3852554
15705891 15705897
43818770 43818772
14299111 14299117
35445893 35445896
3467954 3841580
3459447 3833522
35446072 35446075
4984571 4984593
32799401 32799404
116082 373945
35446101 35446105
29043225 29043231
31138294 31138302
236539 721416
11673212 11673246
35446152 35446153
30430699 30430705
14659697 14659702
3889091 4110662
35446076 35446079
30755887 30755895
30750632 30750639
29047410 29047415
25405130 25405140
30428458 30428473
3137914 3613357
2901666 3442702
35416685 35416689
15450638 15450648
3881931 4106602
14946111 14946126
30363449 30363464
989468 1835294
35446163 35446167
29052226 29052231
35446089 35446093
3694948 3987775
746377 1525745
29047441 29047447
35446080 35446087
30751896 30751900
35421498 35421505
30781925 30781932
14529157 14529169
30779675 30779684
14946109 14946119
30752964 30752969
380917 989472
29041979 29041985
15722196 15722200
15729193 15729200
15731370 15731376
15719296 15719300
535286 1251978
1283289 2160828
15288720 15288727
4198859 4315622
15341033 15341042
35442293 35442294
15358355 15358362
35442253 35442255
4920536 4920612
30748948 30748951
35445713 35445717
29047424 29047428
35442298 35442300
122545 401984
32820234 32820238
15378362 15378378
35440383 35440388
35442272 35442275
402082 1016027
2639431 3263013
30769954 30769958
35442323 35442327
954349 1785049
15378800 15378807
8439492 8439517
3888017 4110204
1486552 2354067
35442284 35442287
35442412 35442421
32800872 32800875
4931760 4931779
15291138 15291146
968305 1807561
35442433 35442436
11535931 11535946
15372143 15372153
3030347 3536340
35800841 35800844
51815564 51815565
35442269 35442271
30771983 30771991
1481377 2348989
15506138 15506155
30772029 30772034
15241183 15241195
15358861 15358868
36315474 36315476
35442290 35442292
15405009 15405018
122551 402047
10688063 10688096
15719478 15719490
15719497 15719508
10112541 10112552
401887 1015472
591628 1324880
743359 1517754
15304050 15304058
3399161 3792246
423245 1065067
11665960 11665986
35442317 35442322
511101 1205948
592340 1326722
11803137 11803179
1207489 2084025
402072 1015972
15350394 15350406
15115459 15115472
592439 1326904
3704484 3993800
2160631 2901512
30766134 30766137
3565723 3904073
2397150 3088791
976789 1819876
3120792 3599282
9876711 9876741
3909982 4123281
4608528 4618722
13220178 13220200
1415123 2288007
3545149 3891446
15338459 15338466
4444234 4485308
3306635 3731234
4272768 4363145
35442379 35442385
15316167 15316183
2195950 2932577
2148372 2890444
15442795 15442802
1584166 2442580
14373613 14373633
22549 122575
116087 373988
1357624 2231810
15279797 15279815
14885611 14885627
1326874 2198681
1538176 2397244
119250 381027
1415125 2288024
122537 401871
3270104 3709197
30321626 30321637
15347653 15347663
755449 1537409
402048 1015859
30770283 30770290
35463696 35463698
14968621 14968628
35807586 35807589
35419334 35419337
2837550 3398050
35442428 35442430
29050548 29050557
35476695 35476698
33585203 33585208
2350702 3047375
122562 402087
32810214 32810218
30771195 30771201
1835601 2641687
65674 253093
35417011 35417013
30759035 30759038
13234903 13234913
3792977 4043907
36434663 36434665
30768368 30768374
1324828 2196379
1283298 2160883
42247 174048
11680562 11680622
512214 1207500
253075 746325
1833448 2639468
35813245 35813248
15327426 15327441
1324819 2196352
2590164 3226051
1251697 2130277
35442376 35442378
15719513 15719523
15330398 15330406
1505266 2369136
923304 1732321
1584120 2442441
2085796 2839609
1481375 2348964
2084016 2837908
1713398 2543328
1283046 2160662
15358716 15358721
122556 402070
3599264 402070
35421110 35421114
30753244 30753247
51815566 51815567
11976668 11976681
30752854 30752857
35442461 35442464
30770893 30770902
35463790 35463794
2908847 3448014
3323447 3743555
30352839 30352850
30752004 30752007
3072417 3563006
115067 371484
2961878 3487029
4087540 4238429
173420 535224
3131486 3607930
32812939 32812943
15721881 15721886
35464123 35464125
15164708 15164724
15169329 15169334
30771503 30771510
32781511 32781516
15729519 15729525
35462625 35462630
29041350 29041357
9244521 9244538
5949488 5949533
35464432 35464435
402073 1015992
3685405 3981045
33022115 33022118
14449197 14449209
1250612 2128389
1908381 2686921
2131306 2878520
10578344 10578357
2878783 3427213
35437101 35437106
3207998 3664009
10657470 10657564
15499367 15499374
15372228 15372243
3125074 3601768
7563940 7564046
15610043 15610050
195275 590012
13235713 13235726
30357272 30357277
33022010 33022017
15722092 15722105
2961886 3487034
32796608 32796611
15602071 15602082
15721953 15721965
13644775 13644784
796823 1588054
13464613 13464622
30242466 30242473
35476731 35476732
33022040 33022045
4254450 4351091
2348741 3046049
4682305 4686861
30747537 30747540
30298111 30298116
30764158 30764161
34259209 34259216
32781567 32781572
8701816 8701821
2380851 3072031
32808994 32809000
3853184 4087332
2348739 3046006
32799406 32799408
33022093 33022097
30748451 30748455
3398491 3791649
3757479 4024174
15692284 15692291
35462589 35462592
15731332 15731341
13644720 13644755
36429075 36429077
15693251 15693261
252319 744967
33022197 33022201
15735603 15735610
28410028 28410033
12023072 12023081
1253276 2132019
30776912 30776915
15370756 15370780
15689060 15689076
35817314 35817318
30745553 30745557
13507775 13507786
1867420 2666830
15733808 15733816
15721915 15721922
92236 313582
4575605 4589148
782461 1568810
29038717 29038723
30373602 30373609
23304359 23304367
35477789 35477793
29044007 29044024
4216720 4327193
1855036 2656820
4358331 4421901
15722611 15722616
15141042 15141052
15349794 15349801
700897 1458793
4133197 4272779
29052338 29052343
1835604 2641702
33022273 33022278
92369 313861
32806929 15725602
15725597 15725602
30779011 30779017
35462238 35462242
9149711 9149731
15721948 15721952
2431463 3115140
15722056 15722066
30781519 30781523
1525543 2383842
374247 977205
374247 977206
35462581 35462585
32832329 32832334
30750533 30750535
11668256 11668264
1253278 2132029
15683309 15683321
30752190 30752198
29337286 29337293
15721971 15721977
35462469 35462473
15721887 15721894
33022378 33022383
36426200 36426204
21479 119486
15722118 15722128
35462298 35462302
78748 277111
773018 1556318
30294848 30294853
30784995 30784999
1695121 2528963
3605112 3929557
32844494 32844498
14706809 14706817
30379975 30379981
3157533 3628556
15729484 15729490
33021934 33021938
2267450 2986766
36377633 36377635
32786776 32786783
3917708 4128862
773017 1556301
2422232 3107931
29044141 29044150
15472796 15472805
3681860 3977995
29048382 29048385
15708628 15708636
1556661 2417172
15722081 15722091
4254449 4351083
2836886 3397604
11457416 11457427
1833073 2639239
35462496 35462498
4355066 4419914
15721927 15721932
33021948 33021951
35462550 35462553
3667714 3969477
32814361 32814366
35462327 35462331
4945238 4945263
29053515 29053517
15721861 15721867
1726024 2561926
721551 1481814
15722137 15722144
35787345 35787350
15724420 15724426
3487427 3853347
3644046 3956675
15721601 15721626
15721843 15721850
30498739 30498743
772960 1556067
15722181 15722190
2084481 2838223
35462268 35462272
698960 1455158
3594638 3922921
15722156 15722168
32758156 32758160
15731615 15731620
337813 927229
35452840 35452844
35462615 35462619
3125042 3601724
35462310 35462312
368883 968165
30750689 30750691
15501833 15501851
2443995 3125859
15735540 15735546
36426669 36426672
35462503 35462507
777013 1562181
35445616 35445619
35464360 35464364
33022559 33022565
30747470 30747475
33021977 33021982
35823549 35823552
983421 1826156
30785020 30785024
32820209 32820214
36426792 36426795
36366929 36366932
117067 376570
84584 290554
30753067 30753072
15719312 15719317
35441992 35441995
15722069 15722078
15721990 15722000
15722067 15722075
1503391 2367233
3791421 4042694
4767621 4768195
35446681 35446685
2084040 2837938
30760463 30760468
36320257 36320259
1552439 2412484
35417080 35417085
3103877 3587134
35449759 35449761
1207553 2084048
4000243 4183352
2837943 3398249
13254480 13254488
35831191 35831194
30748001 30748005
15706135 15706145
30373600 30373605
30744302 30744305
1835614 2641724
30752381 30752385
32851379 32851383
28822601 28822608
15719567 15719572
2641714 3264380
4104892 4254206
30502790 30502796
1667499 2506892
1585790 2444205
30785049 30785052
32794931 32794934
32778187 32778189
15164709 15164730
32778207 32778210
173432 535428
119296 381122
3088958 3576257
15733197 15733211
15707886 15707892
28466546 28466558
1810135 2621721
20142 113435
34238843 34238847
32836159 32836162
1354575 2228084
29345244 29345252
1552450 2412527
30745696 30745700
30744412 30744415
1354572 2228079
15175405 15175411
36296457 36296459
3325417 3744478
13146892 13146918
35417034 35417037
4081778 4234881
3843045 4081789
1552449 2412523
10022631 10022642
35418572 35418575
15707023 15707030
36371294 36371296
15255613 15255619
36371175 36371177
35476603 35476605
3501477 3858966
30784813 30784818
30757000 30757004
15719736 15719740
30748254 30748257
29038361 29038368
14878530 14878538
13391427 13391431
15719731 15719735
33588767 33588772
536002 1253022
30750473 30750477
119244 381013
513016 1210703
14746197 14746221
13559401 13559410
35822306 35822310
30750180 30750183
14329223 14329231
15682905 15682928
15682869 15682891
14358427 14358434
5640458 5640484
35464296 35464300
15730907 15730915
15735413 15735417
15061728 15061740
15735618 15735624
35450832 35450839
4322937 4397492
15722551 15722577
15682903 15682923
15688084 15688098
1197730 2075108
773023 1556372
4534598 4554749
15625631 15625648
15625623 15625640
35421088 35421090
15625633 15625655
15229807 15229820
7201704 7201750
30758195 30758199
9474369 9474389
35424521 35424524
2839089 3399247
30746678 30746680
1052604 1915243
31067423 31067428
30746037 30746042
29042047 29042054
36365839 36365842
4112172 4258836
173421 535238
15719768 15719774
29044876 29044879
36320284 36320289
28384068 28384071
2619001 3247883
15625621 15625629
32841817 32841823
30781375 30781379
1553268 2413616
30776278 30776282
32814802 32814806
277079 784104
30775428 30775434
30743239 30743243
15719663 15719669
30783352 30783358
29047710 29047714
35795342 35795347
3271437 3710375
2837944 3398262
15731652 15731657
32814673 32814676
15372244 15372249
3620446 3942535
36292815 36292818
36276510 36276513
4350536 4416445
29045114 29045122
15719633 15719640
32814658 32814663
30756906 30756909
30768014 30768019
29047883 29047885
35802103 35802106
15719619 15719629
30786852 30786855
773077 1556762
29048001 29048007
30773635 30773638
10844287 10844309
2421686 3107370
36274463 36274468
29045404 29045411
35789122 35789125
29047729 29047734
15819583 15819595
36435168 36435171
15719654 15719659
15730475 15730482
29597286 29597292
30747549 30747553
30767280 30767284
36275882 36275884
173436 535484
32804800 32804803
15719672 15719684
35420076 35420080
35419153 35419155
30783178 30783183
36312544 36312546
30765292 30765298
35833398 35833402
35818927 35818932
36371083 36371085
4181271 4304435
35440102 35440105
1556733 2417211
30808305 30808309
13377929 13377955
36328779 36328782
4362132 4424779
226731 701334
701315 1459025
15260083 15260090
15628108 15628115
15444249 15444259
30764036 30764039
6862246 6862303
959171 1794008
30743332 30743335
32775988 32775990
1398950 2273903
15256747 15256752
30449381 30449388
9700591 9700600
15257545 15257549
15444246 15444253
30752056 30752060
35446474 35446476
122554 402060
30749757 30749759
3370341 3773564
30773061 30773065
35418523 35418526
51815568 51815569
30772442 30772447
30773745 30773749
35446417 35446419
30751091 30751100
35446556 35446558
30751091 30751101
35419473 35419475
656588 1398955
963243 1802009
32844517 32844521
30745765 30745775
35421106 35421109
15359765 15359774
1776097 2592323
3370342 3773567
3574373 3909990
32858644 32858647
15719775 15719783
3047812 3548116
35416901 35416906
962029 1799723
4046496 4210297
2033445 2795470
30753625 30753628
3402452 3794380
6862221 6862263
32812573 32812577
32823835 32823840
32872775 32872778
35477171 35477173
1525558 2383874
14401645 14401653
122542 401964
122542 401965
1252902 2131528
35446625 35446630
30771127 30771136
4595485 4606424
4626153 4635126
35417095 35417101
12226823 12226842
1505194 2369091
35446455 35446457
536007 1253090
11529671 11529689
15723940 15723949
30783308 30783313
35419605 35419607
35446508 35446517
15256749 15256759
30496546 30496552
1799719 2613700
4551071 4568345
3910835 4123997
13405531 13405540
35446439 35446442
14761028 14761037
35432285 35432288
32796314 32796318
32823835 32823841
30298710 30298722
32796314 32796319
12229222 12229237
3307334 3731967
3773568 4032675
15685470 15685485
964401 1804290
39627 162432
11674848 11674860
35421005 35421008
1867198 2666616
15736536 15736541
4410929 4459487
4042491 4207415
772967 1556151
15732023 15732028
15880332 15880338
596754 1332328
11699812 11699822
968168 1807403
12224889 12224904
1810917 2622252
33022678 33022684
3601730 3927279
5028523 5028537
12551499 12551517
15720013 15720020
15772360 15772368
3651727 3961201
15841978 15842017
15841976 15842013
15720037 15720043
15862824 15862831
4568777 4583293
15720250 15720261
15720183 15720196
15795216 15795221
15720944 15720955
2267448 2986742
15842023 15842032
15720753 15720771
15718066 15718080
15707899 15707914
15793854 15793863
33023048 33023057
11626615 11626638
876417 1693517
30747820 30747828
15885300 15885308
11998964 11999007
11999011 11999036
15721000 15721009
15106154 15106173
15721130 15721142
32825403 32825409
15721067 15721077
15721051 15721063
15688435 15688451
4453698 4492108
30747321 30747329
15798793 15798799
2170089 2910762
15654242 15654253
30746856 30746864
2631237 3256387
15716141 15716155
14898955 14898977
15858016 15858021
968356 1807619
15795782 15795789
755450 1537423
15823918 15823926
15720090 15720103
4359859 4422998
15721010 15721023
15817567 15817575
15719866 15719877
15813556 15813567
2441867 3123792
4603351 4613554
1332329 2204150
3826088 4067753
3250392 3694370
15720569 15720575
15796352 15796360
15796409 15796414
29051110 29051115
4123773 4265967
15796453 15796460
2170294 2911390
2170375 2911536
3450929 3826531
3449931 3824891
120828 397818
69160 258139
15879917 15879929
15720923 15720932
2443292 3125294
15381136 15381154
15720358 15720367
596763 1332389
15808302 15808309
15735071 15735077
15248297 15248320
15719853 15719862
33023066 33023072
33023132 33023136
33023538 33023543
5025290 5025307
15844564 15844569
14900450 14900469
12227700 12227719
35423529 35423533
15799609 15799617
15720111 15720123
14729855 14729876
12225326 12225338
15721086 15721102
14245236 14245250
372385 973933
35423996 35424000
35424001 35424005
15720420 15720434
977161 1820725
12758310 12758329
15793208 15793220
15845499 15845504
15879683 15879687
3892687 4112285
15800127 15800133
35424115 35424119
29592246 29592255
352664 941925
15712891 15712910
8953459 8953482
30343464 30343475
15795385 15795392
35827331 35827339
34242406 34242410
13473314 13473332
35423762 35423766
15800334 15800342
15694809 15694836
3547426 3892696
15721540 15721554
15802283 15802291
258168 753283
13156181 13156191
3258845 3700674
15720197 15720215
35424120 35424125
15845587 15845593
2565283 3206002
922536 1731348
314291 850315
15720831 15720841
15720956 15720971
535355 535370
173429 535370
16127 82732
15720875 15720883
20277 115108
15817319 15817326
4161095 4291820
15865552 15865561
15709333 15709343
15378014 15378029
11921215 11921226
15720360 15720375
33023366 33023371
15690260 15690281
35464258 35464262
15719794 15719817
35423990 35423995
15706342 15706354
5013536 5013547
112938 369336
35807663 35807667
15889827 15889834
10630313 10630338
15694804 15694822
596755 1332344
173079 533949
15720576 15720587
15858602 15858607
15720023 15720036
15813972 15813980
12224795 12224809
15712966 15712977
15713468 15713482
13471060 13471072
35423781 35423783
15801403 15801415
3509066 3863923
34350323 34350328
35423347 35423351
15800730 15800740
15717581 15717594
2875726 3424888
3224020 3674849
15720305 15720315
15771954 15771961
596753 1332311
12069330 12069353
15713545 15713557
15847134 15847141
2169943 2909937
15847200 15847209
15720933 15720943
2170128 2910949
15720636 15720644
260625 756609
619719 1358887
15847125 15847133
15720056 15720065
2170245 2911225
15847278 15847283
4595343 4606325
15850405 15850411
15823961 15823968
15899496 15899501
15809746 15809752
15714397 15714413
15263043 15263052
15719939 15719951
15892546 15892555
198915 596811
596764 1332401
596761 1332374
15445942 15445961
15721108 15721115
15720645 15720651
35424069 35424075
1580500 2439408
2169937 2909845
4192135 4310778
15720172 15720182
15720736 15720751
15847445 15847452
11248887 11248908
755454 1537434
260203 755496
29039339 755496
14521322 14521335
14540497 14540517
15487532 15487542
35423610 35423613
15797472 15797479
15797306 15797314
173418 535133
15847634 15847639
15719795 15719827
2909902 3449592
15757969 15757976
15720239 15720249
15798346 15798354
15798103 15798110
3287300 3719407
15721037 15721050
368641 967716
15719966 15719984
13525766 13525776
11998988 11999025
1810920 2622297
33023137 33023141
35423865 35423868
284486 795170
3449612 3824186
15797308 15797321
15880017 15880025
1771447 2585720
3222689 3674086
1292497 2169935
15858547 15858552
975417 1818364
15018326 15018349
4072920 4228359
35463919 35463925
15531561 15531587
14336280 14336297
15719880 15719886
15719878 15719886
35423773 35423778
15795013 15795019
511066 1205899
14971551 14971582
15720316 15720326
1610349 2460320
29340919 29340928
15720677 15720687
115073 371576
11406090 11406144
746380 1525781
10533442 10533474
15790417 15790427
15794858 15794863
15720293 15720304
15712312 15712324
15720272 15720282
15763380 15763409
15720657 15720667
15768444 15768450
443881 1093396
15720044 15720055
35424082 35424086
122630 402349
14683746 14683773
15868550 15868556
10630297 10630312
4385516 4442213
15719784 15719791
35423855 35423858
2909512 3448832
32781033 32781039
15885477 15885490
15844498 15844505
15257899 15257907
11678229 11678249
2273681 2994426
2962057 3487279
15852456 15852463
1810918 2622274
853082 1667467
755429 1537276
941282 1772573
1810921 2622313
371610 971741
15842248 15842258
15770134 15770141
33023394 33023437
15708727 15708734
15897622 15897628
15768572 15768582
13158208 13158220
13452991 13453006
15731625 15731644
115072 371570
15720786 15720792
15720480 15720486
15682748 15682769
285386 796628
796606 1587945
15762476 15762502
30743167 30743173
15823695 15823704
15813691 15813700
15842266 15842274
15720137 15720153
755226 1537086
2529608 3188561
15683344 15683363
15720776 15720785
36303973 36303977
15720842 15720857
15799210 15799219
9885523 9885532
35423886 35423889
15720435 15720447
15813734 15813743
35476949 35476951
35464406 35464409
36375916 36375918
36431998 36432001
15254468 15254476
30750715 30750721
15721290 15721302
15727621 15727632
989482 1835323
1826120 2635278
378361 983346
378360 982850
4478972 4511997
273035 777808
2348743 3046051
15721208 15721216
32781015 32781020
15721237 15721242
30753002 30753005
1537202 2396141
35476651 35476653
35420877 35420897
10488686 10488739
4137656 4276324
1835307 2641359
4231754 4339030
30764759 30764764
15721338 15721347
1537204 2396149
1835313 2641376
4830144 4830250
31851157 31851178
15721361 15721368
35478302 35478305
2396072 3088267
4436036 4478978
35476877 35476880
35816302 35816307
32769485 32769490
14752086 14752108
29042776 29042780
35476601 35476602
30754385 30754388
35398918 35398920
2421610 3107329
35419670 35419673
115437 372542
35802235 35802238
3147628 3621162
30744058 30744061
15718908 15718919
36399127 36399128
30774981 30774983
30770369 30770373
35462586 35462588
11742428 11742439
35826656 35826659
35476866 35476869
30784844 30784847
35446188 35446190
283719 794608
12069823 12069844
29040088 29040157
30750293 30750295
35416008 35416012
35416341 35416345
3472407 3844602
35421300 35421302
35418192 35418195
35418903 35418905
30750600 30750603
35417163 35417165
35416812 35416814
35421416 35421418
32791292 32791297
35416983 35416985
35416026 35416030
32791293 32791300
35421365 35421369
35416005 35416007
2960949 3486397
35416037 35416040
29053310 29053313
35416027 35416031
35417046 35417048
35417522 35417524
131572 418236
13227865 13227871
3470174 3843241
30747191 30747194
30743682 30743685
35436053 35436055
4357936 4421727
29044811 29044814
35436128 35436130
35436140 35436142
1327208 2199092
32872096 32872099
35436108 35436110
35436122 35436124
35436030 35436037
35436115 35436117
35416973 35416975
30742872 30742878
34289472 34289475
35436137 35436139
30882665 30882669
11666246 11666267
34236627 34236629
285548 796817
30744759 30744764
14928471 14928493
35418168 35418171
15730513 15730525
30748277 30748285
30758666 30758669
15730511 15730521
35445083 35445084
35802002 35802005
32768748 32768752
35421542 35421544
35476887 35476890
2080180 2835057
35421177 35421179
35445608 35445610
35461744 35461747
30754493 30754500
15434636 15434643
32772401 32772405
29349 130903
30747047 30747050
35477241 35477243
35810157 35810161
12358907 12358911
35461716 35461719
30747944 30747947
32814127 32814136
35461733 35461740
287690 802085
1327205 2199085
30746157 30746162
14227955 14227960
35416932 35416934
35418399 35418401
2412518 3099976
30772309 30772311
35476664 35476665
30743601 30743603
35418188 35418190
35788331 35788337
5022527 5022535
30759480 30759483
35817229 35817232
2133409 2880103
1558593 2418798
32781637 32781641
36298150 36298153
28307963 28307970
29044249 29044253
30761138 30761142
22134327 22134336
502152 1191391
29038738 29038742
1704426 2535309
14983928 14983936
2133408 2880091
15721382 15721388
28589907 28589913
1556034 2416301
36331482 36331484
30301645 30301648
51815570 51815571
15717418 15717429
11998935 11998952
30803519 30803525
35808041 35808043
1015662 1867195
908545 1719221
1523416 2380873
78748 277112
83314 286760
4386500 4442821
35423123 35423126
4506997 4533282
35423130 35423134
721291 1481313
30776533 30776537
35423082 35423090
32780963 32780967
4396628 4449798
35423034 35423039
3783907 4038895
2901933 3442963
4621808 4630917
32794839 32794845
35423147 35423151
30498140 30498144
34499256 34499261
35423103 35423107
30426343 30426354
15721402 15721409
13159431 13159446
15722780 15722795
30744533 30744540
30758083 30758086
29609472 29609493
3025322 3533444
29050772 29050782
35423057 35423060
788131 1575171
35445741 35445744
35419975 35419977
536012 1253170
35423143 35423146
10278745 10278756
35423049 35423052
7806981 7806989
122538 401882
927214 1734359
30750391 30750395
35833261 35833265
15731741 15731751
4192133 4310769
13365778 13365791
30751759 30751762
30500323 30500329
30500325 30500333
3790617 4042315
32816710 32816717
15713084 15713094
35423155 35423159
30753893 30753898
2396392 3088479
3575895 3088479
29053110 29053115
15721410 15721414
5949425 5949452
5949434 5949487
2351028 3047829
13469844 13469853
15361232 15361239
5026020 5026049
35423026 35423027
1399262 2274145
2396393 3088487
3534364 3885268
2396393 3088488
5949430 5949468
1206198 2082833
3664631 3967679
30751343 30751346
35441978 35441980
1537559 2396401
28387999 28388004
15721471 15721478
15453167 15453178
4338642 4408488
30743598 30743600
35418037 35418041
33025107 33025113
33025154 33025161
35417141 35417146
92320 313768
33025279 33025283
35419102 35419105
35445546 35445548
1575579 2434909
33024749 33024754
2233362 2964056
30758985 30758989
4484206 4515740
15721440 15721448
15721522 15721527
11696552 11696562
4939189 4939233
1911918 2689424
15721505 15721514
773024 1556394
33024658 33024667
15183060 15183068
15727761 15727766
30785725 30785732
15721421 15721426
15729390 15729394
35424133 35424136
29049234 29049244
15689823 15689840
4482716 4514900
15718658 15718673
15721415 15721420
4179808 4303427
30783751 30783754
1556075 2416377
30749659 30749661
29043880 29043885
30751852 30751854
30748272 30748276
15684434 15684440
1253289 2132041
35833221 35833224
36359265 36359268
35418343 35418346
12985639 12985653
30494444 30494449
30782838 30782846
30746176 30746187
1556507 2416935
29047761 29047763
30770950 30770953
35077358 35077362
35415436 35415439
21967829 21967840
35418891 35418893
30748930 30748941
33026806 33026809
35421517 35421519
51583986 51583988
35421522 35421524
30772876 30772879
35416349 35416351
35420853 35420856
35421531 35421533
36385196 36385198
35421534 35421536
35415443 35415444
35418895 35418897
35421539 35421541
33026636 33026639
30614384 30614394
33026390 33026393
31184474 31184478
35421687 35421689
32783851 32783854
35421555 35421557
32812591 32812596
35421219 35421221
35810024 35810027
35417859 35417863
31882317 31882322
35421561 35421562
35421558 35421560
1210676 2086427
35421552 35421554
32778650 32778654
31179004 31179009
35421545 35421547
33026620 33026623
2131300 2878510
35421565 35421567
35421721 35421723
31180144 31180149
35416553 35416555
3232463 3681533
33026404 33026407
33026277 33026280
35416397 35416400
35416047 35416049
29050718 29050721
9665395 9665400
51815572 51815573
22252637 22252639
35416354 35416356
51742444 51742446
35416357 35416359
30752203 30752212
33026497 33026500
35421587 35421589
35421590 35421593
33026624 33026627
32812451 32812453
31181438 31181443
30242031 30242067
35810941 35810944
35421598 35421600
35421595 35421597
15726901 15726907
36271216 36271218
51627755 51627757
35421631 35421633
35416382 35416384
33026331 33026334
35421634 35421636
35421617 35421619
35421620 35421622
1326811 2198552
35421528 35421530
35415447 35415450
32793737 32793742
35416569 35416571
35442773 35442775
35421637 35421639
33026400 33026403
35416394 35416396
51651588 51651590
35416401 35416404
32778646 32778649
35417747 35417749
35476495 35476497
36330057 36330058
35416407 35416409
35416413 35416415
35416410 35416412
36401106 36401108
35421645 35421648
35416418 35416421
35421614 35421616
35416422 35416424
30772087 30772093
30746638 30746640
30303498 30303501
35807364 35807367
31179513 31179516
35416457 35416459
4042048 4207180
32854369 32854372
51518960 51518962
35416374 35416376
35416443 35416445
35416450 35416454
30303517 30303523
35421603 35421605
30303515 30303519
35416460 35416462
51667097 51667099
30405819 30405822
33026326 33026330
35416463 35416466
35416477 35416479
14958443 14958450
30494567 30494585
35416474 35416476
35416467 35416469
29043338 29043344
31179796 31179800
33026380 33026383
35790901 35790904
35421525 35421527
30758182 30758185
35416496 35416498
35421718 35421720
35416499 35416501
35416502 35416504
35416538 35416540
29047386 29047389
33026648 33026651
35416493 35416495
35416522 35416524
35416532 35416534
33026460 33026463
32788904 32788906
33026281 33026285
35416535 35416537
15262477 15262483
3900328 4116621
29346160 29346166
35416367 35416368
31184417 31184420
35416431 35416433
46509630 46509632
46509638 46509640
35416547 35416549
35416346 35416348
35416550 35416552
32783817 32783820
35421548 35421550
32872266 32872268
35416544 35416546
35421711 35421713
35416541 35416543
35416556 35416558
35819056 35819059
35417682 35417684
32796357 32796360
36297996 36297998
32814987 32814990
35416566 35416568
968614 1807818
11534338 11534344
35416576 35416578
32844230 32844235
8025231 8025243
13252660 13252667
2598305 3232474
9665396 9665412
14385563 14385572
3559258 3900324
32849397 32849401
36330548 36330550
32872824 32872826
35416586 35416589
35417700 35417701
35416606 35416608
35416603 35416605
35416598 35416600
35416579 35416581
30745798 30745804
35418225 35418228
35416609 35416611
32844229 32844232
33026414 33026417
35421652 35421654
35417704 35417707
36272806 36272809
35416822 35416825
33026836 33026839
35416519 35416521
29049400 29049414
35813331 35813334
32705540 32705545
35415451 35415453
51815574 51815575
33026262 33026266
33026442 33026445
3790306 4042054
35421672 35421674
35831859 35831862
35421675 35421677
35421678 35421680
1015798 1867389
36355374 36355376
33026452 33026455
4739483 4740743
51752255 51752257
35416379 35416381
35421690 35421692
35421693 35421696
2442543 3124520
35415454 35415457
15253298 15253302
35421707 35421708
35418880 35418883
35418963 35418965
13609575 13609578
35421699 35421701
28387382 28387385
30748467 30748472
30748466 30748469
15721555 15721560
15727748 15727753
51762961 51762963
13399444 13399449
35421739 35421741
35421726 35421728
3072012 3562630
15721578 15721583
32783901 32783905
30754824 30754828
15736769 15736773
3960873 4156286
13682110 13682115
36401669 36401672
35449000 35449004
30753920 30753922
32776013 32776019
15721561 15721570
23671876 23671882
35417722 35417725
32858356 32858358
5949432 5949482
35442515 35442519
29600676 29600684
2274137 2994686
32804994 32804998
13155496 13155505
30294377 30294384
35416268 35416271
28399839 28399845
32781629 32781635
32807531 32807534
13682277 13682287
35442506 35442509
51610726 51610728
32789979 32789983
35417986 35417988
30493640 30493644
36384161 36384163
30494090 30494093
29038505 29038510
30324071 30324088
12282639 12282642
30752294 30752297
30747151 30747154
35420389 35420391
32788940 32788943
32775325 32775329
35421439 35421441
2199058 2936483
35421763 35421765
3844603 4082964
14369772 14369784
3103905 3587150
29052271 29052280
2846367 3404909
592601 1327233
35420599 35420601
13570801 13570815
1069154 1932084
28661052 28661058
2842085 3401348
15721640 15721647
3472405 3844593
13570803 13570827
29039249 29039260
14369780 14369792
75664 270378
1092441 1957202
14502037 14502061
35418987 35418990
35421341 35421343
2935871 3470050
2936475 3470273
30749926 30749929
29050237 29050241
35420669 35420673
30771385 30771393
15721598 15721605
30751838 30751841
15721632 15721639
2421645 3107342
30743543 30743547
29045127 29045130
28774236 28774244
35420822 35420825
2160845 2901696
11631367 11631373
773049 1556600
3796367 4046467
30752653 30752657
35420571 35420576
30746093 30746099
1534358 2392715
2707656 3303059
30745237 30745244
32826749 32826753
2380852 3072033
30757574 30757579
30752459 30752462
30747662 30747668
32857840 32857847
2600936 3234649
29048741 29048745
1907868 2686447
115110 371669
1322216 2193254
30446376 30446380
15650351 15650356
1251798 2130343
15661054 15661065
4281379 4369968
15728129 15728153
589682 1322235
589682 1322236
1622729 1322236
11666235 11666259
2502963 3171776
15705608 15705617
29044287 29044294
29045235 29045241
30752115 30752118
35449047 35449052
35421092 35421094
5026025 5026064
10067355 10067363
2200668 2938912
2198437 2935690
15498782 15498789
35449133 35449138
4138020 4276568
11673208 11673232
34342971 34342974
35794292 35794299
4992340 4992381
2230225 2960970
15301518 15301529
15721691 15721698
30744849 30744851
25405424 25405427
29052322 29052326
33024348 33024352
35449017 35449018
35449180 35449184
29044581 29044590
33025596 33025600
30750692 30750694
13152019 13152024
30754222 30754225
35449069 35449072
30782589 30782592
1253102 1253120
536008 1253120
32791003 32791006
35449203 35449205
15721672 15721684
15721686 15721690
9632264 9632271
30751420 30751423
30747210 30747213
32799791 32799796
35449189 35449191
35464154 35464161
35449007 35449008
30749385 30749394
10495221 10495257
45171281 45171284
35449172 35449174
36364838 36364841
535332 1252069
28589908 28589918
30503833 30503841
30759609 30759612
32802188 32802193
14928481 14928504
30427332 30427339
173428 535354
284277 794916
35832585 35832589
15723988 15723998
15731424 15731429
11828911 11828916
1354576 2228086
13464512 13464525
29044847 29044856
13472599 13472613
4470673 4504866
35416202 35416204
32828584 32828586
15721802 15721809
30759561 30759563
30746532 30746535
30745805 30745810
32839261 32839264
3398720 3791989
35420903 35420905
32855588 32855591
30760222 30760228
173437 535499
30760223 30760230
15315072 15315093
30760225 30760236
2084011 2837901
32843102 32843108
32843102 32843109
32843102 32843110
1252363 2130859
30783742 30783745
30744768 30744772
35448943 35448947
15371597 15371606
32821349 32821350
30743963 30743966
3620470 3942581
15714567 15714573
30228915 30228919
12228817 12228831
32787604 32787607
3146274 3620474
35448965 35448967
173442 535562
29049422 29049428
35448908 35448911
30745057 30745061
35448914 35448916
762536 1545785
34379599 34379603
30783701 30783705
35832379 35832383
30745586 30745588
29043551 29043554
4311001 4389735
32822830 32822890
33024338 33024347
13455462 13455480
380943 989661
29043496 29043523
35421135 35421140
968105 1807266
32991360 32991362
29051967 29051970
36333517 36333520
284276 794905
35421265 35421267
32858451 32858455
32848578 32848581
119221 380971
15519075 15519081
35463935 35463937
44932433 44932435
29042638 29042646
51815576 51815577
36350283 36350285
32808791 32808794
3935800 4142081
35462446 35462449
14213747 14213756
29044436 29044445
3404888 3796371
35787271 35787274
15725771 15725779
36329818 36329819
15675979 15675989
13236106 13236122
15689685 15689696
15722979 15722984
1434305 2304647
2440538 3122315
84572 290493
512590 1207930
15715447 15715456
2125786 2873991
15687104 15687120
15723015 15723027
36268008 36268010
15084636 15084642
35419382 35419385
284610 795377
35787557 35787563
15722532 15722538
14460630 14460643
1988 21522
29042345 29042353
1537667 2396511
939811 1771046
375136 978202
35787811 35787815
30420454 30420460
15681765 15681778
511065 1205872
4281489 4370090
656649 1399044
15731779 15731784
15723001 15723012
4301411 4383600
15723045 15723052
15723029 15723039
29040890 29040895
8934776 8934809
32809535 32809538
30781541 30781544
15690528 15690540
15686855 15686865
115066 371469
15722801 15722809
35788401 35788404
15686866 15686874
1505402 2369281
15724376 15724386
15723083 15723099
35064981 35064988
1674 1799
244 1799
244 1800
117849 378442
7233807 7233816
32947024 32947028
3071264 3562401
15923 82155
35788637 35788640
15684351 15684359
535011 1251414
30769671 30769677
1645629 2488298
15726074 15726080
379968 986255
1450198 2320216
535979 1252979
36420569 36420570
15723110 15723117
15245573 15245584
15723137 15723144
161913 511062
35477961 35477965
15723118 15723127
15723131 15723136
15290019 15290038
15682975 15682983
1069154 1932085
15723164 15723171
1897981 2680233
1244098 2123001
394 3895
15688974 15688987
21333 119275
2335648 3036522
15728649 15728658
14351636 14351651
15730531 15730538
35421198 35421202
29042227 29042236
15679033 15679041
15724766 15725034
15723186 15723191
15684360 15684366
15686926 15686933
978430 1821968
32812886 32812888
967193 1806665
15723221 15723231
6660977 6660989
15684373 15684381
15723203 15723209
15682797 15682864
11109128 11109141
3247789 3692619
1244102 2123033
35790152 35790156
1244099 2123017
14353957 14353965
15725046 15725051
29363525 29363529
381810 990938
15687139 15687154
1297599 2176666
12277155 12277159
1050094 1912309
1584164 2442536
30303652 30303656
36374923 36374926
1835598 2641662
35450349 35450351
6462405 6462430
15694296 15694302
13455555 13455570
35478294 35478296
15604990 15604996
8082246 8082276
15650999 15651014
15725069 15725076
15723249 15723257
36319194 36319197
36313517 36313519
15725078 15725083
118650 380004
118650 380005
14214124 14214136
161918 511180
29050901 29050903
15725084 15725092
15733163 15733169
3178 39640
1634291 2479789
3124448 3601299
141158 444063
15735894 15735899
2838942 3399116
369834 969708
35478306 35478310
15723308 15723318
15723266 15723273
7883391 7883412
15723301 15723307
15723367 15723373
36408351 36408354
30766083 30766085
15724313 15724319
161906 510959
977041 1820267
1820251 2630402
15726088 15726117
14411392 14411407
15693223 15693233
13430974 13430997
15728705 15728712
35478245 35478248
51815578 51815579
13228104 13228126
140717 441052
29050332 29050336
15723181 15723185
36366720 36366722
15683408 15683415
15723382 15723388
11668966 11668978
1251891 2130441
14708932 14708950
10033484 10033510
1519807 2377922
35792682 35792686
15686945 15686957
2197543 2934092
35421000 35421002
14306961 14306978
36274530 36274531
15683241 15683256
35421489 35421493
113226 369748
35793187 35793191
1206691 2083259
29042309 29042323
10701552 10701569
30753936 30753940
15724339 15724350
4974851 4974860
30501652 30501655
30744341 30744343
15067690 15067709
35476645 35476648
15725100 15725109
379972 986290
15725119 15725129
15198248 15198258
15723788 15723797
51815580 51815581
1820726 2630827
12801275 12801283
4645991 4653278
13450630 13450639
7401475 7401554
15613865 15613877
30297227 30297236
20229 114824
30298347 30298350
590017 1322763
15698095 15698108
15726226 15726234
36311742 36311743
15120954 15120959
15723461 15723470
379966 986214
15735399 15735404
10693514 10693531
15725149 15725155
30748635 30748641
8300089 8300126
4430984 4474535
122631 402368
15723471 15723477
15723478 15723484
15718920 15718925
51815582 51815583
970943 1810279
35794789 35794792
30761671 30761677
14309435 14309450
15723400 15723405
1833003 2639190
35478315 35478318
15683416 15683429
14484949 14484958
35477440 35477443
30495283 30495287
15692297 15692306
35794973 35794977
36442446 36442450
15723491 15723496
161866 510461
15726025 15726032
15726122 15726135
1205810 2082480
23120163 23120173
36399610 36399613
15722856 15722863
15691524 15691536
15722674 15722681
15723518 15723524
35417930 35417932
15691537 15691548
2877412 3426113
14665349 14665363
32710554 32710558
15736183 15736189
30762045 30762048
8082241 8082261
2621764 3250026
15724593 15724597
15724500 15724505
1093356 1959187
15138588 15138614
15735521 15735527
2618523 3247708
173419 535170
15725474 15725478
32836347 32836355
30761859 30761864
14444205 14444211
35797158 35797161
35797149 35797155
36441599 36441600
15683430 15683441
30766339 30766346
2369218 3063502
15723568 15723575
15725168 15725173
92898 315790
1734377 2568408
4671681 4676976
1207889 2084329
510721 1205494
1000506 1849432
15722873 15722881
14897580 14897587
15684555 15684564
13345421 13345443
15718879 15718886
15698567 15698574
36286014 36286017
15124534 15124548
161892 510776
14884682 14884691
47781433 47781435
4565430 4580738
954363 1785064
161917 511168
13464146 13464161
15684400 15684405
32786976 32786982
1806850 2618544
15725980 15725986
2230226 2960975
15723602 15723611
357661 954845
161886 510714
15725178 15725185
34236463 34236471
15290871 15290883
13235969 13235984
15687215 15687221
118760 380113
978006 1821564
11472199 11472227
15735910 15735919
15722602 15722607
15722708 15722714
36268516 36268518
15722617 15722622
51514756 51514757
1088615 1950611
15723627 15723633
30775505 30775508
15726181 15726189
30754460 30754467
15722393 15722403
15723638 15723642
1358948 2233492
29584695 29584700
3119816 3598683
35414241 35414245
14660592 14660599
46507852 46507854
15692364 15692370
29042171 29042184
426740 1070534
2423292 3108855
14303253 14303262
30386294 30386297
81395 282706
36397236 36397239
15723666 15723673
370816 970889
36441871 36441874
35419248 35419251
15683010 15683024
35424407 35424415
15288763 15288779
14316240 14316251
535563 1252487
15723684 15723692
32791187 32791193
15725218 15725229
15729091 15729102
15723693 15723700
15723701 15723706
30755402 30755409
30747038 30747042
15722889 15722895
722669 1483399
15677610 15677620
30745545 30745549
15722812 15722833
1620291 2468924
15685508 15685517
35801489 35801493
2231115 2961688
29042217 29042223
15725237 15725244
36291653 36291654
3187659 3647329
14959399 14959412
15725783 15725793
36286393 36286394
2933849 3468330
14415967 14415975
36388984 36388986
30752539 30752541
30751998 30752003
13723628 13723644
885752 1701434
30785660 30785665
3697838 3989068
84496 290178
36353269 36353272
533611 1246630
48724 207871
14980489 14980496
1810237 2621778
1313811 2185824
4660895 4666891
35802393 35802399
161915 511110
10856263 10856293
15723756 15723760
3715562 4000349
32791274 32791286
35419059 35419062
409685 1046344
4310011 4388910
14280954 14280973
15723767 15723774
15723775 15723781
1407376 2281890
15684327 15684337
15735232 15735237
35476654 35476656
30743865 30743875
35811459 35811462
337697 927171
35803518 35803521
30746869 30746875
32844074 32844081
8049007 8049023
2619068 3247972
15724734 15724738
32840987 32840990
9854038 9854068
36436357 36436358
9875560 9875586
796630 1587979
29053581 29053585
15687275 15687296
15723816 15723825
15723830 15723839
46509806 46509808
977918 1821517
30788151 30788154
36440474 36440477
36383335 36383336
4590300 4601777
14295382 14295404
15683270 15683282
14335868 14335880
116393 374894
116715 375604
14325773 14325785
1634293 2479804
15719700 15719705
14637260 14637283
977030 1820173
15684423 15684433
36340844 36340848
36330194 36330197
30770244 30770250
15723860 15723872
2933941 3468405
15729535 15729543
9646044 9646070
15728237 15728243
809037 1611341
3761674 4027237
15723880 15723891
15698218 15698230
30759107 30759110
15725286 15725292
30780351 30780358
29042432 29042435
9383747 9383777
3111959 3593277
35805826 35805831
29050460 29050481
20227 113936
32858346 32858350
15683295 15683306
162318 511942
21271 118745
35478029 35478031
15723926 15723934
15688741 15688752
35421760 35421762
13109551 13109560
15726238 15726244
1611330 2461376
115253 371790
15723952 15723955
15696915 15696920
3424144 3806915
36382833 36382838
115068 371520
15723956 15723962
7201701 7201728
15078331 15078338
30751195 30751197
3245494 3691038
3577653 3912922
30752507 30752513
3909621 4122939
35807065 35807068
15731100 15731104
161897 510838
32806710 32806712
2710131 3304856
30783040 30783043
15726245 15726336
15725199 15725205
30771274 30771280
35807972 35807976
1244100 2123026
29044326 29044332
1635654 2480732
9080559 9080577
30752615 30752617
35417149 35417151
2652833 3271436
15725745 15725753
35476836 35476838
30334116 30334123
15723977 15723984
15735645 15735653
35476846 35476849
15688128 15688147
30498826 30498828
32775795 32775799
35808087 35808092
15725874 15725879
15721243 15721265
986306 1833085
3262920 3704545
14707498 14707509
10299412 10299447
30747764 30747766
772965 1556124
923290 1732210
36371172 36371174
380935 989580
989484 1835331
35420636 35420640
15727008 15727016
15688174 15688186
15483945 15483955
5028978 5029007
721521 1481714
35808957 35808961
3681858 3977985
15724003 15724010
15101153 15101158
42117 173278
2393887 3086344
30778873 30778876
15724011 15724016
34396471 34396477
14407993 14408005
826090 1634720
1364453 2241046
35450652 35450655
35478153 35478158
15724034 15724042
15724027 15724033
30750002 30750004
21283 118910
15726347 15726352
301333 826098
15724043 15724049
161900 510886
1576610 2435493
29050695 29050702
15225625 15225631
15724050 15724057
15724058 15724069
13447637 13447644
36431359 36431361
15731745 15731754
15733865 15733879
512887 1209180
15725192 15725198
15683479 15683487
161435 508117
35418931 35418934
32814690 32814692
1806896 2618566
51676429 51676431
15724082 15724090
14762193 14762201
1664640 2504602
2504589 3173301
15724091 15724099
12073383 12073392
2131394 2878658
15724116 15724121
2393888 3086368
15132535 15132549
2616238 3245511
14329933 14329951
35816622 35816627
216270 656780
15134017 15134023
755721 1538104
2630880 3256146
15139422 15139434
36396461 36396462
35421744 35421749
161916 511139
3948504 4149157
15725946 15725953
15725328 15725339
742764 1515582
2412508 3099970
15698722 15698729
35817341 35817344
1953 21457
29042864 29042875
1821959 2631822
15106150 15106168
15084638 15084649
989425 1835263
35424309 35424315
14884788 14884797
35817957 35817960
15725358 15725369
35818043 35818048
3927329 4134513
2639228 3262919
35476952 35476957
35477134 35477136
511205 1206196
14982984 14983018
15725564 15725575
379963 986170
113610 370770
30747532 30747536
1207468 2083996
35417274 35417277
113438 370070
30750481 30750484
30751288 30751291
9854516 9854527
15209149 15209171
2962056 3487266
35419220 35419223
28728717 28728720
15722969 15722974
35476753 35476755
20079 113224
14287931 14287939
29050436 29050441
35476900 35476906
511599 1206668
35819208 35819211
15729688 15729694
20226 113641
15245236 15245255
15725393 15725454
15134909 15134924
11158271 11158285
746378 1525757
2085214 2839021
315801 852950
32813163 32813166
39601 162302
15725922 15725927
30783255 30783258
15725455 15725464
15724167 15724176
3304897 3729953
11661499 11661518
2348740 3046029
35417224 35417227
8125833 8125883
15724199 15724205
30767787 30767793
2132454 2879400
986351 1833155
15724220 15724226
36293681 36293683
15724227 15724236
15724237 15724242
1244097 2122987
30748423 30748428
35418079 35418081
15444187 15444201
15724213 15724219
4397480 4450552
4410924 4459452
970879 1810223
15724247 15724252
15676 81301
29044728 29044732
734019 1505415
15719745 15719750
3404862 3796358
3700702 3990522
15724271 15724280
15722929 15722936
15727543 15727555
39624 162397
15721188 15721200
15699431 15699438
15726005 15726012
36379560 36379564
2656828 3274641
15164266 15164281
161928 511204
15724287 15724294
35821783 35821785
35821924 35821930
36373385 36373386
15722949 15722963
15051208 15051213
30771166 30771169
380407 988972
15722264 15722269
870636 1686460
15724253 15724259
15724324 15724329
207763 619370
245339 734012
2637357 3260749
743833 1521379
2380599 3071289
379973 986302
29051960 29051966
15731479 15731488
36318144 36318147
2479780 3154241
14275148 14275158
30751737 30751741
2445486 3127138
30746595 30746600
15735500 15735506
15728087 15728098
30749313 30749317
30787763 30787766
15722942 15722948
36347862 36347864
1046052 1908210
161907 511006
15684441 15684448
35544135 35544140
35478185 35478187
2398642 3090250
15722477 15722485
35823723 35823726
15724330 15724336
15684449 15684473
15726018 15726024
3247607 3692563
15067683 15067695
32795630 32795634
30751140 30751145
2638820 3262244
30746127 30746130
1502151 2366426
35824063 35824066
511224 1206297
35424541 35424544
15728641 15728648
15722768 15722773
592899 1327565
10471585 10471637
1205921 2082570
15725491 15725500
1515574 2376169
115078 371596
35419126 35419132
15722423 15722434
9420906 9420921
35824663 35824665
15724397 15724402
976358 1819317
15688491 15688501
36269975 36269978
35824963 35824966
15718595 15718602
35419386 35419390
1593873 2451009
15722774 15722779
14970423 14970430
34345540 34345542
2396070 3088258
15735743 15735750
15725855 15725863
15686616 15686626
30786325 30786326
2081460 2835721
378366 983384
35825802 35825805
12218543 12218567
4992340 4992382
35825817 35825820
15725528 15725535
15735657 15735663
32775000 32775004
35419106 35419109
4399135 4451446
1835264 2641301
9271615 9271644
207765 619385
36319686 36319687
15725829 15725838
2641302 3264020
15240956 15240971
30786506 30786509
35477174 35477178
15724450 15724456
13537048 13537064
15726382 15726390
14550759 14550763
3743895 4015911
15725536 15725543
35425497 35425499
35436417 35436421
15726393 15726401
5020883 5020898
36286680 36286683
36383859 36383862
1808283 2620187
923113 1731869
35827677 35827681
36367772 36367776
35476870 35476873
29045761 29045784
5610734 5610767
9626112 9626132
29346516 29346526
536080 1253394
32788886 32788890
13453161 13453204
15724478 15724483
772980 1556232
35476912 35476917
115071 371554
3893413 4113260
15683511 15683526
1638482 2482357
1252822 2131401
14255561 14255577
21303 119142
30753511 30753514
15683171 15683178
35463965 35463970
14274220 14274240
15730935 15730939
36339798 36339800
13235833 13235846
1324823 2196367
36294251 36294254
15736722 15736730
30763598 30763603
15725381 15725392
30391238 30391243
28769205 28769209
2435848 3118020
36342899 36342901
30783760 30783764
14595949 14595965
14678624 14678632
354132 948755
14972193 14972204
1552445 2412513
15735083 15735094
15709318 15709330
369083 968411
35476616 35476619
2199348 2936847
35478177 35478179
3620446 3942536
30768656 30768662
402001 1015739
36340892 36340895
15725576 15725583
14304658 14304668
15724549 15724556
15724539 15724546
923108 1731839
15110855 15110861
373366 976355
2200062 2937723
15684576 15684594
161902 510922
14484045 14484055
7201659 7201700
409544 1046246
202275 607688
15289751 15289758
36366677 36366678
47782259 47782261
15724586 15724592
15726160 15726164
35418775 35418777
15683537 15683547
30405978 30405982
36323306 36323308
29052227 29052236
35831011 35831014
36318600 36318602
32855626 32855631
30748778 30748789
32808351 32808356
9741188 9741201
15721810 15721824
18347 92920
1496138 2361106
15683025 15683033
15684504 15684518
379967 986225
1251407 2129919
30749131 30749147
3697841 3989088
2533818 3190232
977124 1820515
535243 1251909
15721775 15721785
2129884 2877307
15724625 15724631
35832193 35832197
8934735 8934755
2132112 2879181
12347103 12347112
32776032 32776038
35441544 35441547
15683548 15683557
4143653 4280457
35418826 35418828
6105 55417
3715564 4000359
32795682 32795685
15724640 15724650
15725628 15725633
15725634 15725642
2435849 3118029
290451 808703
28307515 28307524
13482563 13482570
3280552 3715572
11746700 11746723
36375826 36375828
8770041 8770062
32808803 32808808
15602883 15602897
967551 1806866
1538552 2397727
2566645 3206737
35450071 35450074
15724680 15724686
15722212 15722220
36408435 36408437
4638722 4646906
986256 1832970
891119 1704446
3808676 4053939
14303435 14303443
15724699 15724706
113988 371064
14296332 14296343
379970 986277
8789739 8789750
35478283 35478285
12218553 12218591
14989637 14989651
15722335 15722340
15683366 15683374
51756728 51756730
15722341 15722346
13235773 13235791
14295087 14295109
82084 283960
1724287 2560704
15678934 15678941
15724713 15724721
29047240 29047244
35476721 35476725
125666 409876
1521347 2379624
1396743 2271421
13510633 13510646
28730441 28730444
14579500 14579506
15725694 15725705
161914 511100
4027225 4199707
371435 971504
32849005 32849009
30396169 30396184
36400894 36400898
1097127 1963124
15730389 15730395
373343 976145
14488796 14488813
15725706 15725713
15692804 15692814
380782 989372
51815584 51815585
1537198 2396125
755351 1537224
30775234 30775243
35462252 35462254
35815940 35815943
34481109 34481112
25405314 25405321
45179561 45179563
14942139 14942142
30806976 30806982
7084837 7084861
28770011 28770015
2204051 2941966
782400 1568742
35811039 35811042
15709077 15709085
36442388 36442390
1584298 2442682
785870 1572460
6926839 6926848
35418519 35418521
30749361 30749363
30807835 30807838
35477666 35477668
30744199 30744213
2397722 3089709
30743162 30743166
35476699 35476701
35421047 35421050
8549828 8549831
15721658 15721663
35421141 35421144
32858748 32858750
1538552 2397728
35421016 35421018
13235767 13235772
15249288 15249294
32849234 32849238
29048150 29048151
35418253 35418254
